Timestamp,ACC_X,ACC_Y,ACC_Z,BVP,EDA,Condition
1571231894000,1.2411945292340956,0.0126020504434036,-2.8264749121735298,0.0006643165316408978,-0.8946803609082253,0
1571231894250,0.9364560732255135,0.1751805762004503,-2.372256156688729,0.0002414354223474945,-0.7739937533697998,0
1571231894500,0.8493879429373472,0.4027905122603157,-2.3023763481526056,0.05310157408402291,-0.6935370620514174,0
1571231894750,1.110592333801846,0.5978847431687717,-2.1276768268122974,0.1943438645880196,-0.6834791903561936,0
1571231895000,1.8942055063953425,0.7604632689258184,-1.813217688399743,0.7936509726786309,-0.6814673019049786,0
1571231895250,1.0235242035136798,-0.11746077016223377,0.003657333539460452,1.7643322709507088,-0.6995711568442109,0
1571231895500,-1.5885197051313085,-0.9303533989474674,0.1783568548797685,-4.543024050382261,-0.7076171400882195,0
1571231895750,-2.1979966171484726,-1.0279005144016955,0.4578760890242613,0.604792269268197,-0.7116393464297979,0
1571231896000,-2.02386035657214,-0.8653219886446487,0.4578760890242613,1.1957263313947988,-0.7116393464297979,0
1571231896250,-1.6755878354194749,-0.9303533989474674,0.6675155146326309,0.31875548694213884,-0.6995711568442109,0
1571231896500,-0.1083614902324818,-0.702743462887602,0.6325756103645693,0.028320741079429477,-0.7056052516370044,0
1571231896750,-0.804906532537812,-0.9303533989474674,0.10847704634364527,0.0260371830892451,-0.7076171400882195,0
1571231897000,-1.6755878354194749,-1.6131832071270635,0.3181164719520149,0.10401645964294869,-0.6995711568442109,0
1571231897250,-1.1967131188345603,-0.3775864113735085,0.4578760890242613,0.17802065376929424,-0.6975592683929958,0
1571231897500,2.024807701827592,-0.01991365470800574,-0.6252609432856484,-0.1174040891830773,-0.7035933631857892,0
1571231897750,1.2847285943781785,0.532853332865953,-1.6035782627913733,0.14884185722804943,-0.6895132851489871,0
1571231898000,1.8506714412512595,0.5653690380173624,-1.0794796987704494,0.8936200669155914,-0.6995711568442109,0
1571231898250,-0.7178384022496457,-0.80029057834183,0.6325756103645693,1.862017807197485,-0.7096274579785828,0
1571231898500,-1.762655965707641,-0.897837693796058,0.9120948445090622,0.08490223350288685,-0.7035933631857892,0
1571231898750,-0.50016807652923,-1.2880261556129702,0.2831765676839533,-1.2348251323799664,-0.7076171400882195,0
1571231899000,0.7187857475050978,-0.5076492319791459,-0.310801804873094,-0.9299278525794225,-0.7076171400882195,0
1571231899250,1.067058268657763,-0.2150078856164618,-1.3240590286468805,-1.7077753650137084,-0.7076171400882195,0
1571231899500,1.371796724666345,-0.1499764753136431,-2.022857114008113,-0.3553170012715461,-0.7056052516370044,0
1571231899750,1.0235242035136798,-0.01991365470800574,-1.9529773054719894,-0.3970976548697343,-0.7076171400882195,0
1571231900000,1.067058268657763,0.045117755594812944,-2.022857114008113,0.5012709737131718,-0.7076171400882195,0
1571231900250,0.9799901383695966,0.07763346074622228,-2.1276768268122974,0.8427051813566656,-0.7096274579785828,0
1571231900500,1.067058268657763,0.07763346074622228,-2.267436443884544,0.7452733737754655,-0.7116393464297979,0
1571231900750,1.1541263989459292,0.07763346074622228,-1.7433378798636199,-0.6801742694307384,-0.7116393464297979,0
1571231901000,1.1976604640900124,0.07763346074622228,-1.813217688399743,-0.35793886414916515,-0.7176734412225914,0
1571231901250,0.6317176172169315,-0.18249218046505244,-1.4288787414510653,0.09716578567239555,-0.7116393464297979,0
1571231901500,1.5459329852426775,-0.01991365470800574,-1.8481575926678047,0.015465155356910013,-0.713651234881013,0
1571231901750,0.6317176172169315,0.11014916589763163,-1.8830974969358663,0.47809708892389324,-0.7317535192593935,0
1571231902000,1.5023989200985943,0.37027480710890637,-2.4770758694929134,-0.34965039440701445,-0.7297416308081784,0
1571231902250,0.41404729149651587,0.8905260895314557,-2.1276768268122974,0.2726614460291579,-0.7196853296738065,0
1571231902500,0.8058538777932641,0.8905260895314557,-2.1626167310803592,-1.941290313565526,-0.7035933631857892,0
1571231902750,1.067058268657763,0.9880732049856839,-2.0577970182761742,1.2016466669249064,-0.7035933631857892,0
1571231903000,1.1976604640900124,0.9880732049856839,-1.2541792201107573,1.145065174501449,-0.6995711568442109,0
1571231903250,2.024807701827592,0.5978847431687717,-0.06622247499666276,0.5811109271477664,-0.713651234881013,0
1571231903500,0.6317176172169315,-0.05242935985941508,1.0867943658493702,-0.6442293751407991,-0.7035933631857892,0
1571231903750,-1.5014515748431423,-0.11746077016223377,1.0518544615813086,0.24982586612731414,-0.7156615527713763,0
1571231904000,-1.2402471839786433,-0.24752359076787114,0.9470347487771238,1.4571514331599806,-0.7156615527713763,0
1571231904250,-1.9803262914280568,-0.897837693796058,0.9470347487771238,0.32230768826020345,-0.7176734412225914,0
1571231904500,-1.6320537702753917,-0.5076492319791459,0.9470347487771238,-1.0650806551095942,-0.7176734412225914,0
1571231904750,-1.5014515748431423,-0.4426178216763272,1.016914557313247,-2.0629109205983087,-0.7156615527713763,0
1571231905000,-1.3273153142668097,-0.6051963474333739,0.7723352274368158,0.054201064968185754,-0.7176734412225914,0
1571231905250,-1.7191219005635578,-0.702743462887602,0.8771549402410006,-1.1558309411639585,-0.7156615527713763,0
1571231905500,-1.3273153142668097,-0.80029057834183,0.7373953231687541,0.1201705180179567,-0.723707536015385,0
1571231905750,-1.457917509699059,-0.9628691040988767,0.7024554189006925,0.6550305450522533,-0.713651234881013,0
1571231906000,-1.109644988546394,-0.8328062834932394,0.6325756103645693,2.039204991991421,-0.7076171400882195,0
1571231906250,-0.15189555537656493,-0.2150078856164618,-1.2192393158426957,-1.3356399888355135,-0.7357772961618237,0
1571231906500,1.4588648549545111,-0.31255500107068984,-1.2192393158426957,0.010644310710965216,-0.7216972181250216,0
1571231906750,1.1976604640900124,0.6629161534715904,-1.2192393158426957,-0.43583356448101,-0.7257194244666,0
1571231907000,1.371796724666345,0.6954318586229997,-1.3240590286468805,0.09784239544726499,-0.7277313129178151,0
1571231907250,1.371796724666345,0.7279475637744091,-1.1842994115746341,0.3983417117111574,-0.7257194244666,0
1571231907500,1.371796724666345,0.6954318586229997,-1.0794796987704494,-0.026061769575702193,-0.7277313129178151,0
1571231907750,1.371796724666345,0.532853332865953,-0.7999604646259565,2.005628231913525,-0.7257194244666,0
1571231908000,1.4588648549545111,0.7604632689258184,-0.6951407518217716,-0.6301897223122582,-0.7257194244666,0
1571231908250,1.763603310963093,0.7604632689258184,-1.3939388371830037,-0.5607526441662812,-0.7257194244666,0
1571231908500,1.2411945292340956,0.7604632689258184,-0.9047801774301413,-0.20857725634673505,-0.7257194244666,0
1571231908750,1.415330789810428,0.5978847431687717,-1.0794796987704494,-0.09964308259275437,-0.723707536015385,0
1571231909000,1.415330789810428,0.6629161534715904,-0.9746599859662645,-0.21872640296977675,-0.7257194244666,0
1571231909250,1.415330789810428,0.7279475637744091,-1.114419603038511,-0.5884936449359286,-0.723707536015385,0
1571231909500,1.371796724666345,0.7279475637744091,-1.0794796987704494,1.4459027956527761,-0.7216972181250216,0
1571231909750,1.4588648549545111,0.6629161534715904,-1.1493595073065725,0.6454734319822223,-0.723707536015385,0
1571231910000,1.371796724666345,0.7279475637744091,-1.4987585499871885,-2.6185766982098406,-0.7216972181250216,0
1571231910250,1.1976604640900124,0.630400448320181,-1.3240590286468805,-0.385510712475095,-0.7176734412225914,0
1571231910500,1.8071373761071763,0.37027480710890637,-1.638518167059435,-0.8263219808025386,-0.7216972181250216,0
1571231910750,0.2399110309201833,1.118136025591321,0.5626958018284461,0.32230768826020345,-0.7196853296738065,0
1571231911000,0.022240705199767605,0.7929789740772277,-0.8698402731620797,-0.5184645332369411,-0.7196853296738065,0
1571231911250,0.022240705199767605,1.0856203204399117,-2.7565951036374066,1.4072514622633592,-0.7015814747345742,0
1571231911500,1.067058268657763,0.9880732049856839,-2.022857114008113,0.17759777266000087,-0.6814673019049786,0
1571231911750,0.7187857475050978,1.1506517307427304,-1.7433378798636199,1.8685301762806035,-0.6995711568442109,0
1571231912000,0.9799901383695966,1.18316743589414,-1.8481575926678047,-2.17818831099169,-0.7719818649185848,0
1571231912250,1.4588648549545111,1.2481988461969586,-1.6035782627913733,-1.7212229842892388,-0.7860619429553869,0
1571231912500,1.8942055063953425,1.2481988461969586,-0.6951407518217716,1.0916975785086216,-0.6854910788074088,0
1571231912750,-0.3260318159528975,0.7604632689258184,0.9470347487771238,3.1458848550122576,-0.7056052516370044,0
1571231913000,0.3269791612083496,0.045117755594812944,1.0518544615813086,-0.26659654454179,-0.6915251736002023,0
1571231913250,-1.4143834445549759,0.6629161534715904,1.4361934085299863,-0.46416659880366806,-0.6673872238681765,0
1571231913500,0.6752516823610146,0.43530621741172504,0.8771549402410006,1.093389102945795,-0.6995711568442109,0
1571231913750,0.41404729149651587,0.27272769165467836,0.7024554189006925,-0.8380780756408952,-0.6975592683929958,0
1571231914000,0.5881835520728484,0.3052433968060877,0.5277558975603845,-1.9153254134549107,-0.6995711568442109,0
1571231914250,1.110592333801846,0.532853332865953,-0.4156215176772788,-1.2382927574761722,-0.7015814747345742,0
1571231914500,1.1541263989459292,0.5978847431687717,-0.06622247499666276,-0.39726680731345165,-0.7096274579785828,0
1571231914750,1.1541263989459292,0.6629161534715904,-0.2059820920689092,0.734278464933837,-0.7076171400882195,0
1571231915000,1.3282626595222617,0.630400448320181,-0.310801804873094,-0.4260227227454031,-0.7116393464297979,0
1571231915250,1.2847285943781785,0.6629161534715904,-0.4156215176772788,-0.24587537018641323,-0.7418113909546172,0
1571231915500,1.1541263989459292,0.5978847431687717,-0.24092199633697078,1.1690848215093144,-0.7196853296738065,0
1571231915750,1.1541263989459292,0.43530621741172504,0.10847704634364527,0.2552387443262697,-0.7116393464297979,0
1571231916000,1.1541263989459292,0.532853332865953,-0.06622247499666276,0.2866165226358402,-0.7156615527713763,0
1571231916250,1.2411945292340956,0.6629161534715904,-0.24092199633697078,-0.8659036526324011,-0.7076171400882195,0
1571231916500,1.1541263989459292,0.6629161534715904,-0.24092199633697078,0.8393221324823184,-0.7216972181250216,0
1571231916750,1.1541263989459292,0.630400448320181,-0.2059820920689092,0.060628857829445486,-0.7076171400882195,0
1571231917000,1.3282626595222617,0.532853332865953,-0.48550132621340203,0.3586754636594361,-0.7096274579785828,0
1571231917250,1.2847285943781785,0.5653690380173624,-0.45056142194534043,-0.42585357030168575,-0.7096274579785828,0
1571231917500,1.2847285943781785,0.532853332865953,-0.2758619006050324,-1.0033400131527572,-0.7116393464297979,0
1571231917750,1.1976604640900124,0.5653690380173624,-0.2758619006050324,0.5139574069919738,-0.7257194244666,0
1571231918000,1.2411945292340956,0.5978847431687717,-0.2758619006050324,-0.407500530158352,-0.7096274579785828,0
1571231918250,1.2847285943781785,0.630400448320181,-0.2059820920689092,0.9543457942101241,-0.7076171400882195,0
1571231918500,1.110592333801846,0.5978847431687717,-0.13610228353278597,-0.4386245798023465,-0.7076171400882195,0
1571231918750,1.2411945292340956,0.5978847431687717,-0.2059820920689092,0.7668403103494291,-0.7096274579785828,0
1571231919000,2.1989439624039244,0.3052433968060877,-0.06622247499666276,-0.06361361208095641,-0.7076171400882195,0
1571231919250,-0.9790427931141445,-1.8082774380355195,0.6325756103645693,-1.0565384567018674,-0.7337654077106086,0
1571231919500,0.9799901383695966,0.37027480710890637,0.4229361847561997,0.20948300830072347,-0.7377876140521871,0
1571231919750,0.3705132263524327,-0.5076492319791459,0.8072751317048774,-1.0721004815238646,-0.6593412406241679,0
1571231920000,-0.06482742508839867,-0.702743462887602,0.842215035972939,0.3117356605278684,-0.6854910788074088,0
1571231920250,-1.3273153142668097,-1.3530575659157889,0.3181164719520149,-0.3279143053893335,-0.7035933631857892,0
1571231920500,-2.1979966171484726,-1.6131832071270635,-0.3457417091411556,0.8851624447297233,-0.7015814747345742,0
1571231920750,-1.2402471839786433,-1.8407931431869289,-1.0445397945023878,-1.9649716556859564,-0.6875013966977721,0
1571231921000,-0.50016807652923,-1.5481517968242449,-0.310801804873094,-0.648542762455592,-0.7096274579785828,0
1571231921250,-0.7178384022496457,-0.5076492319791459,-0.7650205603578949,1.934076748221081,-0.7076171400882195,0
1571231921500,-0.06482742508839867,-1.8407931431869289,0.3530563762200765,0.7248059280856648,-0.7035933631857892,0
1571231921750,-0.6307702719614795,-1.7432460277327009,-0.310801804873094,0.6343939469187352,-0.6975592683929958,0
1571231922000,-0.6307702719614795,-1.6782146174298822,-0.3806816134092172,-1.3195705066823642,-0.6955473799417807,0
1571231922250,-0.7178384022496457,-1.7432460277327009,-1.0445397945023878,-2.589905358999748,-0.6935370620514174,0
1571231922500,-1.2837812491227265,-2.1334344895496127,-1.6035782627913733,0.12245407600814107,-0.6975592683929958,0
1571231922750,-0.9790427931141445,-1.8082774380355195,-1.3939388371830037,0.45872913411825533,-0.7056052516370044,0
1571231923000,-1.0661109234023107,-1.6782146174298822,-2.092736922544236,0.6706771460961092,-0.6995711568442109,0
1571231923250,-0.9355087279700615,-1.7432460277327009,-1.638518167059435,-0.3960827402074301,-0.6935370620514174,0
1571231923500,-1.1531790536904771,-1.5481517968242449,-1.9180374012039278,2.9621007249133444,-0.723707536015385,0
1571231923750,-1.3273153142668097,-1.0604162195531048,-2.40719606095679,0.4769975980397304,-0.6915251736002023,0
1571231924000,-1.4143834445549759,-1.3855732710671982,-2.2324965396164824,-2.464309669539607,-0.6935370620514174,0
1571231924250,-1.1967131188345603,-1.2880261556129702,-2.267436443884544,-0.5310663902938845,-0.6915251736002023,0
1571231924500,-0.4130999462410638,-1.7432460277327009,-1.7083979755955583,1.9953945090686245,-0.6975592683929958,0
1571231924750,-0.4130999462410638,-1.7432460277327009,-2.0577970182761742,0.09741951433797158,-0.6915251736002023,0
1571231925000,-0.9355087279700615,-2.035887374095385,-1.7083979755955583,-0.6961591753620291,-0.6935370620514174,0
1571231925250,-1.109644988546394,-1.7107303225812915,-1.6734580713274967,-0.8057699588908792,-0.6975592683929958,0
1571231925500,-0.5872362068173963,-1.6782146174298822,-1.6035782627913733,-0.6081153284071426,-0.6955473799417807,0
1571231925750,-2.2850647474366386,-0.9303533989474674,-2.5469556780290366,0.5770512684985497,-0.7056052516370044,0
1571231926000,-0.06482742508839867,-0.80029057834183,-1.4987585499871885,1.2821632301343704,-0.6895132851489871,0
1571231926250,1.9812736366835089,-1.1254476298559235,-1.4987585499871885,-0.08425021021447447,-0.6875013966977721,0
1571231926500,0.7187857475050978,-0.80029057834183,-0.5204412304814636,0.20178657211158355,-0.6915251736002023,0
1571231926750,0.5011154217846822,-1.0604162195531048,-1.1493595073065725,-0.23437300401363265,-0.6955473799417807,0
1571231927000,0.28344509606426643,-1.3530575659157889,-1.2541792201107573,-2.235192684524441,-0.6955473799417807,0
1571231927250,0.2399110309201833,-1.4180889762186075,-1.289119124378819,1.5857918666070339,-0.6935370620514174,0
1571231927500,0.7623198126491809,-1.0929319247045142,-0.9397200816982029,0.1896075961639335,-0.6955473799417807,0
1571231927750,0.6317176172169315,-0.5401649371305552,-0.4156215176772788,-0.34880463218842767,-0.6935370620514174,0
1571231928000,-0.28249775080881434,-0.7677748731904207,1.0867943658493702,-0.6287519265406606,-0.7035933631857892,0
1571231928250,1.067058268657763,0.8580103843800464,-0.8698402731620797,-0.4126596796917315,-0.6975592683929958,0
1571231928500,0.3269791612083496,-1.0929319247045142,-0.9746599859662645,0.7245521994200887,-0.6935370620514174,0
1571231928750,3.853238437879084,-0.2150078856164618,-2.686715295101283,-0.4339728876001191,-0.6834791903561936,0
1571231929000,0.41404729149651587,0.8254946792286371,-1.0095998902343262,0.6255134436235736,-0.7015814747345742,0
1571231929250,1.371796724666345,0.8905260895314557,-0.24092199633697078,1.1304334881198974,-0.6975592683929958,0
1571231929500,1.067058268657763,0.8254946792286371,-0.06622247499666276,-0.8183718159478227,-0.6955473799417807,0
1571231929750,1.1976604640900124,1.18316743589414,-0.24092199633697078,-0.3071085548120981,-0.7035933631857892,0
1571231930000,1.1541263989459292,0.9880732049856839,-0.17104218780084757,-0.09981223503647173,-0.7116393464297979,0
1571231930250,-0.28249775080881434,0.8580103843800464,1.0867943658493702,0.05453936985562048,-0.7056052516370044,0
1571231930500,-2.2415306822925554,0.6954318586229997,0.8771549402410006,1.615731849145007,-0.7076171400882195,0
1571231930750,-3.6781548320472988,0.8580103843800464,-0.2059820920689092,0.16922472669599148,-0.7096274579785828,0
1571231931000,-1.9367922262839736,1.9960600646793734,-0.7650205603578949,-0.5899314407075261,-0.6774450955634002,0
1571231931250,-4.4617680046407955,1.0856203204399117,-3.0710542420499607,-3.064208811183229,-0.7156615527713763,0
1571231931500,-5.2889152423783745,0.630400448320181,-3.210813859122207,-0.6498114057834721,-0.6895132851489871,0
1571231931750,-4.069961418344047,2.1586385904364205,-1.289119124378819,2.609756184650081,-0.7257194244666,0
1571231932000,-1.2837812491227265,2.2561857058906485,-0.9746599859662645,-0.3975205359790277,-0.7397995025034021,0
1571231932250,0.6752516823610146,2.223670000739239,-0.5204412304814636,-1.9003554221859245,-0.7297416308081784,0
1571231932500,-2.6333372685893037,1.1506517307427304,-0.7999604646259565,2.188059142462699,-0.7156615527713763,0
1571231932750,-2.7639394640215533,1.2481988461969586,1.2614938871896781,2.5925872116127686,-0.7035933631857892,0
1571231933000,-4.548836134928962,1.8985129492251454,-1.0445397945023878,-2.0099662057147745,-0.6975592683929958,0
1571231933250,-3.852291092623631,0.7929789740772277,-1.53369845425525,-1.4657182180541644,-0.6975592683929958,0
1571231933500,0.8929220080814304,3.1341097449787005,-2.8264749121735298,1.3620877597908236,-0.7056052516370044,0
1571231933750,-1.1531790536904771,2.9390155140702445,-2.512015773760975,-0.46568897079712435,-0.6895132851489871,0
1571231934000,-0.15189555537656493,1.865997244073736,-2.1975566353484206,0.07339986733010627,-0.6995711568442109,0
1571231934250,-0.7178384022496457,2.0285757698307827,-1.7083979755955583,0.17404557134193627,-0.6955473799417807,0
1571231934500,1.5023989200985943,0.33775910195749703,-0.17104218780084757,-1.2215466655481533,-0.723707536015385,0
1571231934750,-1.762655965707641,2.093607180133602,-0.48550132621340203,-1.9159174470079217,-0.7015814747345742,0
1571231935000,0.15284290063201703,0.7929789740772277,0.21329675914783008,2.3331919391721954,-0.6915251736002023,0
1571231935250,1.3282626595222617,0.8905260895314557,0.6675155146326309,2.9218424433086123,-0.7015814747345742,0
1571231935500,1.1976604640900124,0.6954318586229997,-0.17104218780084757,-1.7480336466184405,-0.6955473799417807,0
1571231935750,1.8071373761071763,1.2156831410455493,-0.5204412304814636,-1.0929062321011003,-0.6955473799417807,0
1571231936000,0.45758135664059896,0.20769628135185966,-1.0445397945023878,1.4969022574335606,-0.6955473799417807,0
1571231936250,0.5881835520728484,-0.24752359076787114,-1.8481575926678047,-0.017773299833551488,-0.6975592683929958,0
1571231936500,1.763603310963093,-1.3855732710671982,-0.7300806560898333,-2.157382560414455,-0.6995711568442109,0
1571231936750,0.5011154217846822,-1.9708559637925664,-0.48550132621340203,1.4370222923576148,-0.7035933631857892,0
1571231937000,-0.4130999462410638,-1.8082774380355195,-1.0445397945023878,0.30970583120326,-0.6935370620514174,0
1571231937250,0.6752516823610146,-1.4506046813700169,-0.5204412304814636,0.09369816057618964,-0.6955473799417807,0
1571231937500,0.3269791612083496,-1.1579633350073328,-1.289119124378819,0.5754443202832347,-0.6915251736002023,0
1571231937750,0.9799901383695966,-0.7677748731904207,-0.24092199633697078,0.10147917298718825,-0.6955473799417807,0
1571231938000,0.8493879429373472,-0.8328062834932394,-1.3589989329149421,-2.898185687674639,-0.6975592683929958,0
1571231938250,-1.3273153142668097,-2.0684030792467945,0.5626958018284461,0.6386227580116692,-0.7015814747345742,0
1571231938500,-1.6320537702753917,-0.995384809250286,1.0518544615813086,2.9004446591783664,-0.713651234881013,0
1571231938750,-0.021293359944315533,-0.31255500107068984,0.842215035972939,0.7983872411027169,-0.6834791903561936,0
1571231939000,0.15284290063201703,-0.2150078856164618,0.4578760890242613,-0.20764691790628956,-0.6814673019049786,0
1571231939250,-0.021293359944315533,-0.3775864113735085,0.5626958018284461,-0.947519706726028,-0.6814673019049786,0
1571231939500,0.19637696577610014,-0.5401649371305552,0.8072751317048774,-0.2153433540954295,-0.6854910788074088,0
1571231939750,-0.15189555537656493,-0.6051963474333739,0.49281599329232295,2.4789167694347016,-0.6834791903561936,0
1571231940000,-0.50016807652923,-0.7352591680390114,0.4229361847561997,-0.05287243190490397,-0.6814673019049786,0
1571231940250,-0.50016807652923,-0.9628691040988767,-0.17104218780084757,0.9874150969568682,-0.67342131866097,0
1571231940500,-1.0225768582582277,-1.1579633350073328,-0.7300806560898333,0.17979675442832654,-0.6814673019049786,0
1571231940750,0.022240705199767605,-0.702743462887602,0.3879962804881381,-0.6396622591604303,-0.6875013966977721,0
1571231941000,2.3730802229802572,-1.3530575659157889,1.016914557313247,0.5454197615234031,-0.6774450955634002,0
1571231941250,0.06577477034385075,-0.9303533989474674,0.07353714207558366,-0.522185886998723,-0.6875013966977721,0
1571231941500,0.022240705199767605,0.240211986503269,0.5277558975603845,-0.8036555533444122,-0.6935370620514174,0
1571231941750,0.8058538777932641,1.67090301316528,-0.7650205603578949,1.201984971812341,-0.6955473799417807,0
1571231942000,2.111875832115758,-0.9628691040988767,1.0518544615813086,1.3848387634708086,-0.6975592683929958,0
1571231942250,-5.680721828675123,-3.173937054394712,1.7506525469425407,-2.213202866841184,-0.7015814747345742,0
1571231942500,-1.5014515748431423,-0.1499764753136431,0.003657333539460452,0.44358999040555147,-0.6875013966977721,0
1571231942750,-0.8919746628259783,-0.2150078856164618,1.4361934085299863,-0.9570768197960589,-0.6915251736002023,0
1571231943000,-1.457917509699059,-0.8328062834932394,0.7723352274368158,-0.8237001179249195,-0.6593412406241679,0
1571231943250,-0.28249775080881434,-2.686201477123572,-1.289119124378819,-0.8140584286330299,-0.663365017526598,0
1571231943500,-0.6307702719614795,-2.165950194701022,-0.7999604646259565,1.911833201872248,-0.661353129075383,0
1571231943750,1.415330789810428,-1.2880261556129702,-2.4770758694929134,1.347625225852989,-0.6794569840146153,0
1571231944000,1.067058268657763,-0.18249218046505244,-0.3806816134092172,-0.010753473419280993,-0.6794569840146153,0
1571231944250,0.9364560732255135,-0.41010211652491785,-0.06622247499666276,0.16372727227517725,-0.723707536015385,0
1571231944500,0.9364560732255135,-0.5401649371305552,-0.13610228353278597,-0.6167421030367279,-0.5064722706705598,0
1571231944750,1.5459329852426775,-0.24752359076787114,-0.5204412304814636,-0.15825440434082005,-0.6191128949649767,0
1571231945000,1.1541263989459292,-0.897837693796058,-0.4156215176772788,1.6074433794028562,-0.6553190342825894,0
1571231945250,2.329546157836174,-1.8407931431869289,-1.3589989329149421,-0.8750378845931387,-0.6231366718674068,0
1571231945500,0.022240705199767605,-2.7837485925778,0.842215035972939,-0.35937665992076273,-0.6854910788074088,0
1571231945750,0.7623198126491809,-0.18249218046505244,-0.6252609432856484,-0.06809615183946649,-0.6794569840146153,0
1571231946000,0.15284290063201703,-0.01991365470800574,-0.13610228353278597,0.2312190973184044,-0.7096274579785828,0
1571231946250,1.9377395715394257,1.1506517307427304,-0.7999604646259565,-0.147682376608485,-0.6794569840146153,0
1571231946500,0.9364560732255135,0.5003376277145437,-1.987917209740051,-2.8280719997537926,-0.7538795805402042,0
1571231946750,0.6752516823610146,-2.035887374095385,0.3530563762200765,0.7933972440130549,-0.6915251736002023,0
1571231947000,-1.2837812491227265,-0.8328062834932394,0.4578760890242613,-0.45773880594240834,-0.7297416308081784,0
1571231947250,-0.6743043371055626,-1.3205418607643795,0.24823666341589168,0.3824413820017254,-0.7538795805402042,0
1571231947500,1.6330011155308437,-0.3450707062220992,-0.7300806560898333,1.5611801860461578,-0.6231366718674068,0
1571231947750,1.2411945292340956,1.18316743589414,-0.13610228353278597,-2.506259475581513,-0.7820397366138084,0
1571231948000,3.461431851582336,-1.7107303225812915,-0.8698402731620797,-1.0693094662025282,-0.7015814747345742,0
1571231948250,-2.5462691383011373,-1.4831203865214262,-0.66020084755371,3.422956557821295,-0.6895132851489871,0
1571231948500,-1.1531790536904771,0.240211986503269,1.4012535042619247,-0.6423686982599082,-0.6895132851489871,0
1571231948750,-0.5872362068173963,0.7604632689258184,0.6675155146326309,-1.1071150373733583,-0.6895132851489871,0
1571231949000,-0.4566340113851469,0.07763346074622228,0.842215035972939,-0.8157499530702036,-0.6854910788074088,0
1571231949250,0.10930883548793388,-0.2150078856164618,1.1566741743854934,-0.7263528865655781,-0.6854910788074088,0
1571231949500,-1.7191219005635578,0.33775910195749703,-0.3457417091411556,0.9247441165595859,-0.7176734412225914,0
1571231949750,1.1541263989459292,-2.5561386565179345,-0.24092199633697078,0.09488222768221118,-0.7619255637842128,0
1571231950000,-0.23896368566473122,-0.31255500107068984,-1.3240590286468805,0.18250319352780434,-0.7116393464297979,0
1571231950250,-0.804906532537812,-2.4260758359122967,-0.45056142194534043,0.0649422451442382,-0.6814673019049786,0
1571231950500,-3.5910867017591324,-1.3530575659157889,-3.0361143377818993,1.1529307631343064,-0.7076171400882195,0
1571231950750,2.329546157836174,-0.5076492319791459,-0.48550132621340203,-0.8516948473601428,-0.675433207112185,0
1571231951000,-0.06482742508839867,-0.31255500107068984,-1.1493595073065725,-1.6747060622669645,-0.6935370620514174,0
1571231951250,3.0260912001415043,-0.05242935985941508,-0.9397200816982029,1.1908209105269953,-0.6834791903561936,0
1571231951500,1.110592333801846,0.4678219225631344,-0.06622247499666276,-1.1383236632392115,-0.6774450955634002,0
1571231951750,1.7200692458190099,2.516311347101923,-3.1758739548541457,0.811327403047095,-0.6895132851489871,0
1571231952000,2.895489004709255,2.321217116193467,-2.3023763481526056,-1.3883309750534716,-0.7216972181250216,0
1571231952250,-3.1992801154623844,-3.206452759546121,0.1783568548797685,2.195501849986263,-0.713651234881013,0
1571231952500,1.8942055063953425,0.11014916589763163,-0.10116237926472436,2.3389431222585855,-0.7035933631857892,0
1571231952750,1.9377395715394257,-0.41010211652491785,0.1783568548797685,-1.5403144457335207,-0.6171010065137615,0
1571231953000,3.9403065681672502,2.516311347101923,-1.0095998902343262,-3.2598336123423572,-0.663365017526598,0
1571231953250,1.415330789810428,0.1751805762004503,-0.031282570728601154,1.595602708342641,-0.6854910788074088,0
1571231953500,0.3705132263524327,0.6954318586229997,0.3879962804881381,1.2852925503431414,-0.675433207112185,0
1571231953750,3.156693395573754,0.7604632689258184,-0.310801804873094,0.446381005726888,-0.6693991123193915,0
1571231954000,-1.7191219005635578,1.118136025591321,0.9470347487771238,-0.3041483870470442,-0.7176734412225914,0
1571231954250,-0.8484405976818952,0.9230417946828652,1.2964337914577397,-0.11469765008359953,-0.7116393464297979,0
1571231954500,0.3269791612083496,1.3132302564997773,0.8771549402410006,-0.20773149412814826,-0.7820397366138084,0
1571231954750,0.8058538777932641,0.045117755594812944,0.8771549402410006,0.7620194657034842,-0.6834791903561936,0
1571231955000,-0.804906532537812,-3.8242511574228986,0.4578760890242613,0.5080370714618662,-0.6895132851489871,0
1571231955250,0.8929220080814304,-0.08494506501082442,0.14341695061170687,-1.4084601158558376,-0.6593412406241679,0
1571231955500,0.7623198126491809,0.11014916589763163,-0.2758619006050324,-0.1581698281189614,-0.6653769059778132,0
1571231955750,1.415330789810428,-0.18249218046505244,1.016914557313247,-0.34914293707586236,-0.7096274579785828,0
1571231956000,-0.23896368566473122,-0.3450707062220992,0.5277558975603845,0.2263982526724596,-0.661353129075383,0
1571231956250,-2.110928486860306,-0.6051963474333739,0.1783568548797685,1.701238409444133,-0.5024500643289814,0
1571231956500,-1.5449856399872253,-2.003371668943976,0.49281599329232295,1.20782073112059,-0.5446902984393877,0
1571231956750,0.19637696577610014,-2.458591541063706,-0.6252609432856484,-1.216302939792915,-0.5688266776105617,0
1571231957000,1.2847285943781785,-2.0684030792467945,2.0301717810870334,-2.4369915498792536,-0.5929646273425875,0
1571231957250,0.2399110309201833,-2.361044425609478,-1.3240590286468805,0.3397303899630917,-0.6191128949649767,0
1571231957500,-0.804906532537812,-1.3855732710671982,0.21329675914783008,0.7545767581799204,-0.6412389562457873,0
1571231957750,-0.021293359944315533,-1.1904790401587422,-0.24092199633697078,0.376182741584183,-0.6392270677945723,0
1571231958000,-1.5014515748431423,-1.1904790401587422,0.14341695061170687,-2.293804006272507,-0.6352048614529938,0
1571231958250,-0.50016807652923,-1.2229947453101515,0.5277558975603845,-0.9946286623013132,-0.6412389562457873,0
1571231958500,-2.1979966171484726,-1.0279005144016955,0.14341695061170687,-0.7546859208882362,-0.6412389562457873,0
1571231958750,-3.112211985174218,-1.5806675019756542,1.645832834138356,1.8415503615076843,-0.651296827941011,0
1571231959000,-1.9803262914280568,-1.4506046813700169,0.3181164719520149,0.4541620181378866,-0.6492849394897959,0
1571231959250,-0.6307702719614795,-0.8328062834932394,0.2831765676839533,-0.37959037694498743,-0.6472730510385809,0
1571231959500,-0.7613724673937289,-2.165950194701022,-0.3806816134092172,0.2765519522346572,-0.6533071458313744,0
1571231959750,-0.8484405976818952,-1.7432460277327009,-0.48550132621340203,0.348103435927101,-0.6553190342825894,0
1571231960000,-0.7178384022496457,-1.2555104504615608,-0.48550132621340203,-0.2721785751844629,-0.6553190342825894,0
1571231960250,-1.2402471839786433,-1.5806675019756542,-0.5204412304814636,0.7231144036484912,-0.6573309227338046,0
1571231960500,-0.6307702719614795,-1.7432460277327009,-0.24092199633697078,0.685308832477661,-0.6593412406241679,0
1571231960750,-0.9355087279700615,-1.5156360916728355,-0.031282570728601154,0.08363359017500664,-0.6573309227338046,0
1571231961000,-1.1967131188345603,-1.5156360916728355,-0.17104218780084757,-0.5108526732696598,-0.6553190342825894,0
1571231961250,-0.8919746628259783,-1.3855732710671982,-0.2758619006050324,-0.4790520138507959,-0.6573309227338046,0
1571231961500,-0.50016807652923,-1.4180889762186075,-0.06622247499666276,0.06967851356832433,-0.6593412406241679,0
1571231961750,-0.9790427931141445,-1.7757617328841102,-0.031282570728601154,0.7477260842093673,-0.6593412406241679,0
1571231962000,-0.7178384022496457,-1.6131832071270635,-0.3806816134092172,0.12346899067044523,-0.661353129075383,0
1571231962250,-0.804906532537812,-1.6131832071270635,-0.4156215176772788,0.38091901000826917,-0.6593412406241679,0
1571231962500,-0.6743043371055626,-1.4831203865214262,-0.24092199633697078,-0.38288884959747593,-0.661353129075383,0
1571231962750,-0.6307702719614795,-1.3530575659157889,-0.3806816134092172,0.24162197260702212,-0.661353129075383,0
1571231963000,-0.5437021416733132,-1.7757617328841102,-0.3806816134092172,-0.34482954976106966,-0.661353129075383,0
1571231963250,-0.8484405976818952,-1.4506046813700169,-0.5903210390175868,0.25811433586946486,-0.661353129075383,0
1571231963500,-0.3260318159528975,-1.7432460277327009,-0.3457417091411556,-0.5868866967206137,-0.663365017526598,0
1571231963750,-2.9380757245978852,-1.9058245534897476,-0.7300806560898333,0.5357780722315134,-0.6593412406241679,0
1571231964000,1.371796724666345,-0.80029057834183,0.3879962804881381,0.45703760968108176,-0.6533071458313744,0
1571231964250,0.6317176172169315,-0.8328062834932394,-0.13610228353278597,-0.570901790789323,-0.6533071458313744,0
1571231964500,0.45758135664059896,-1.0279005144016955,-0.4156215176772788,-0.8242075752560716,-0.6533071458313744,0
1571231964750,-0.06482742508839867,-1.0929319247045142,-0.45056142194534043,0.19764233724050817,-0.6573309227338046,0
1571231965000,0.28344509606426643,-1.0604162195531048,-0.13610228353278597,0.40180933680736325,-0.6653769059778132,0
1571231965250,0.2399110309201833,-0.8328062834932394,0.14341695061170687,0.5833944851379508,-0.6673872238681765,0
1571231965500,0.2399110309201833,-0.7352591680390114,0.21329675914783008,0.10545425541454626,-0.6714110007706067,0
1571231965750,-0.4130999462410638,-0.9303533989474674,0.24823666341589168,-0.18472676178258712,-0.6714110007706067,0
1571231966000,0.10930883548793388,-0.5726806422819646,-0.310801804873094,0.2478806130245645,-0.6794569840146153,0
1571231966250,0.9364560732255135,-1.1904790401587422,-0.9397200816982029,-0.5664192510308129,-0.6875013966977721,0
1571231966500,0.8493879429373472,-1.0604162195531048,-1.289119124378819,0.19721945613121475,-0.6673872238681765,0
1571231966750,0.7187857475050978,-1.1254476298559235,-1.7433378798636199,-0.4653506659096896,-0.661353129075383,0
1571231967000,0.5446494869287652,-1.0279005144016955,-1.7433378798636199,0.07695206864817086,-0.6553190342825894,0
1571231967250,0.5881835520728484,-1.1254476298559235,-1.6734580713274967,0.12507593888576016,-0.6492849394897959,0
1571231967500,0.7623198126491809,-1.1254476298559235,-1.3240590286468805,-0.16400558742721033,-0.6533071458313744,0
1571231967750,0.7623198126491809,-1.0929319247045142,-1.0794796987704494,-0.788347257187991,-0.6553190342825894,0
1571231968000,0.8493879429373472,-0.897837693796058,-0.5903210390175868,-0.06031513942846786,-0.6553190342825894,0
1571231968250,0.06577477034385075,-1.1579633350073328,-0.06622247499666276,0.16888642180855676,-0.6573309227338046,0
1571231968500,0.10930883548793388,-0.8653219886446487,-0.66020084755371,0.18267234597152168,-0.661353129075383,0
1571231968750,0.8058538777932641,-1.4180889762186075,-0.4156215176772788,0.593374479317275,-0.661353129075383,0
1571231969000,0.7187857475050978,-1.1579633350073328,-0.5204412304814636,0.10198663031834035,-0.661353129075383,0
1571231969250,0.5011154217846822,-0.995384809250286,-0.24092199633697078,0.27951211999971104,-0.663365017526598,0
1571231969500,0.7623198126491809,-1.3855732710671982,-0.8349003688940181,-0.20079624393573645,-0.6593412406241679,0
1571231969750,0.28344509606426643,-1.2229947453101515,-0.4156215176772788,0.352078518354459,-0.6653769059778132,0
1571231970000,0.5446494869287652,-1.1579633350073328,-0.3457417091411556,-0.4669576141250045,-0.6653769059778132,0
1571231970250,-0.15189555537656493,-0.995384809250286,0.49281599329232295,-0.12205578138530473,-0.6653769059778132,0
1571231970500,-0.19542962052064808,-0.897837693796058,0.038597237807522056,-0.6177570176990321,-0.6653769059778132,0
1571231970750,0.022240705199767605,-0.5401649371305552,-0.310801804873094,0.0050622800682922926,-0.6673872238681765,0
1571231971000,1.2847285943781785,-0.8328062834932394,-0.7999604646259565,0.2665719580553329,-0.6653769059778132,0
1571231971250,1.110592333801846,-0.80029057834183,-1.114419603038511,0.3998640837046136,-0.6673872238681765,0
1571231971500,0.7623198126491809,-1.0279005144016955,-1.1842994115746341,0.24585078369995614,-0.6653769059778132,0
1571231971750,0.8493879429373472,-0.995384809250286,-1.0445397945023878,-0.1581698281189614,-0.663365017526598,0
1571231972000,1.0235242035136798,-1.2880261556129702,-1.2192393158426957,0.2676714489394958,-0.6673872238681765,0
1571231972250,-0.4130999462410638,-1.4180889762186075,-0.7300806560898333,-0.6502342868927654,-0.6673872238681765,0
1571231972500,-0.5437021416733132,-1.5481517968242449,-0.9047801774301413,0.5269821451582106,-0.6673872238681765,0
1571231972750,-0.15189555537656493,-1.5481517968242449,-0.9746599859662645,-0.7159500112769603,-0.6693991123193915,0
1571231973000,2.634284613844756,-1.1254476298559235,-0.8698402731620797,-0.09059342685387553,-0.6673872238681765,0
1571231973250,0.8929220080814304,-0.8328062834932394,-1.3589989329149421,0.15180202499310327,-0.6573309227338046,0
1571231973500,0.022240705199767605,-1.4506046813700169,-0.7650205603578949,0.3946203579493754,-0.6553190342825894,0
1571231973750,-0.5437021416733132,-1.3205418607643795,-0.5553811347495252,-0.523792835214038,-0.6553190342825894,0
1571231974000,0.022240705199767605,-1.5156360916728355,-0.6252609432856484,-1.1436519652163086,-0.6593412406241679,0
1571231974250,-0.8484405976818952,-1.5156360916728355,-0.031282570728601154,1.6176771022477565,-0.6593412406241679,0
1571231974500,-1.109644988546394,-1.7107303225812915,-0.6252609432856484,0.9750669685655008,-0.6593412406241679,0
1571231974750,-0.5872362068173963,-1.5481517968242449,-0.3457417091411556,-1.5232300489180675,-0.661353129075383,0
1571231975000,-0.9355087279700615,-1.7757617328841102,-0.13610228353278597,1.6849151986254076,-0.663365017526598,0
1571231975250,-0.9790427931141445,-1.7757617328841102,-0.7650205603578949,-0.08653376820465887,-0.6673872238681765,0
1571231975500,-0.3260318159528975,-2.035887374095385,0.07353714207558366,-0.5532253604208587,-0.663365017526598,0
1571231975750,-0.28249775080881434,-1.6456989122784729,-0.66020084755371,0.49086809842455403,-0.661353129075383,0
1571231976000,-0.5872362068173963,-1.6131832071270635,-0.3457417091411556,0.4747986162714047,-0.663365017526598,0
1571231976250,-2.372132877724805,-1.9708559637925664,-0.2059820920689092,-1.160736362031762,-0.6593412406241679,0
1571231976500,-0.19542962052064808,-1.4831203865214262,-1.463818645719127,-0.5622750161597376,-0.7076171400882195,0
1571231976750,-0.7178384022496457,0.43530621741172504,0.07353714207558366,-0.5266684267572331,-0.67342131866097,0
1571231977000,4.245045024175832,-3.369031285303168,1.645832834138356,0.31012871231255346,-0.6714110007706067,0
1571231977250,0.8929220080814304,0.0126020504434036,0.3530563762200765,-0.6759454583378044,-0.6673872238681765,0
1571231977500,0.9799901383695966,0.5978847431687717,0.24823666341589168,0.02113176222144162,-0.6553190342825894,0
1571231977750,1.415330789810428,0.8254946792286371,0.038597237807522056,2.1712284743128216,-0.663365017526598,0
1571231978000,0.3705132263524327,0.3052433968060877,0.6325756103645693,-1.2781281579716106,-0.651296827941011,0
1571231978250,0.022240705199767605,0.045117755594812944,0.7723352274368158,0.10325527364622056,-0.651296827941011,0
1571231978500,-0.19542962052064808,0.11014916589763163,1.0518544615813086,-0.697766123577344,-0.661353129075383,0
1571231978750,0.06577477034385075,0.37027480710890637,0.842215035972939,0.5704543231935726,-0.6653769059778132,0
1571231979000,0.5881835520728484,0.240211986503269,0.6325756103645693,1.916062012965182,-0.6693991123193915,0
1571231979250,0.5446494869287652,0.37027480710890637,0.5277558975603845,1.3306254052593944,-0.6673872238681765,0
1571231979500,0.8929220080814304,0.37027480710890637,0.3530563762200765,-0.5906926267042543,-0.6714110007706067,0
1571231979750,0.6752516823610146,0.240211986503269,0.49281599329232295,-1.3364011748322417,-0.6693991123193915,0
1571231980000,0.41404729149651587,0.27272769165467836,0.6675155146326309,-0.32114820764063906,-0.6714110007706067,0
1571231980250,0.2399110309201833,0.27272769165467836,0.7024554189006925,-0.5253997834293529,-0.6693991123193915,0
1571231980500,-0.06482742508839867,0.240211986503269,0.8771549402410006,0.41770966651679525,-0.6673872238681765,0
1571231980750,-0.1083614902324818,0.3052433968060877,0.9470347487771238,0.12710576821036848,-0.6693991123193915,0
1571231981000,-0.36956588109698063,0.3052433968060877,1.0867943658493702,0.44435117640227967,-0.6693991123193915,0
1571231981250,-0.50016807652923,0.27272769165467836,1.2614938871896781,-0.5193948716773865,-0.6774450955634002,0
1571231981500,-0.19542962052064808,0.1751805762004503,1.0867943658493702,0.07069342823062849,-0.675433207112185,0
1571231981750,-0.28249775080881434,0.27272769165467836,1.016914557313247,-0.760267951530909,-0.6714110007706067,0
1571231982000,-0.19542962052064808,0.27272769165467836,1.016914557313247,0.21481131027782036,-0.6673872238681765,0
1571231982250,-0.23896368566473122,0.27272769165467836,1.016914557313247,-0.9211319255061196,-0.6673872238681765,0
1571231982500,-0.23896368566473122,0.240211986503269,1.016914557313247,0.5520167068283802,-0.6693991123193915,0
1571231982750,-0.19542962052064808,0.27272769165467836,0.9819746530451854,0.9688929043698172,-0.6653769059778132,0
1571231983000,-0.19542962052064808,0.27272769165467836,1.016914557313247,0.580941774704049,-0.6673872238681765,0
1571231983250,-0.23896368566473122,0.27272769165467836,1.016914557313247,0.18334895574639115,-0.6693991123193915,0
1571231983500,-0.3260318159528975,0.27272769165467836,1.0518544615813086,0.0868474866056365,-0.6673872238681765,0
1571231983750,-0.23896368566473122,0.27272769165467836,1.016914557313247,-0.01557431806522579,-0.6653769059778132,0
1571231984000,-0.23896368566473122,0.27272769165467836,1.016914557313247,-0.10150375947364534,-0.6653769059778132,0
1571231984250,-0.28249775080881434,0.3052433968060877,0.9819746530451854,-0.027837870234734486,-0.6653769059778132,0
1571231984500,-0.4130999462410638,0.20769628135185966,1.0518544615813086,0.018087018234529118,-0.6653769059778132,0
1571231984750,-0.3260318159528975,0.20769628135185966,1.0518544615813086,-1.2293243228547484e-05,-0.6653769059778132,0
1571231985000,-0.19542962052064808,0.3052433968060877,0.9819746530451854,-0.10302613146710159,-0.6653769059778132,0
1571231985250,-0.23896368566473122,0.240211986503269,0.9819746530451854,0.12456848155460808,-0.6653769059778132,0
1571231985500,-0.15189555537656493,0.240211986503269,0.9819746530451854,0.22225401780138423,-0.6673872238681765,0
1571231985750,-0.19542962052064808,0.27272769165467836,0.9819746530451854,-0.11622002207705578,-0.6673872238681765,0
1571231986000,-0.15189555537656493,0.240211986503269,0.9819746530451854,-0.04881277325568729,-0.6653769059778132,0
1571231986250,-0.15189555537656493,0.27272769165467836,0.9470347487771238,-0.3988737555287666,-0.6673872238681765,0
1571231986500,-0.28249775080881434,0.20769628135185966,1.016914557313247,-0.10776239989118772,-0.6673872238681765,0
1571231986750,-0.23896368566473122,0.27272769165467836,1.016914557313247,-0.20925386612160451,-0.6673872238681765,0
1571231987000,-0.23896368566473122,0.240211986503269,1.016914557313247,-0.016504656505671275,-0.6673872238681765,0
1571231987250,-0.23896368566473122,0.240211986503269,0.9819746530451854,0.3424368290625694,-0.6693991123193915,0
1571231987500,-0.3260318159528975,0.240211986503269,1.0518544615813086,0.182334041084087,-0.6673872238681765,0
1571231987750,-0.36956588109698063,0.240211986503269,1.0518544615813086,-0.40132646596266836,-0.6673872238681765,0
1571231988000,-0.4130999462410638,0.240211986503269,1.0867943658493702,-0.6398314116041478,-0.6693991123193915,0
1571231988250,-0.36956588109698063,0.240211986503269,1.0518544615813086,-0.01997228160187718,-0.6653769059778132,0
1571231988500,-0.36956588109698063,0.20769628135185966,0.9819746530451854,-0.07266326781983523,-0.6673872238681765,0
1571231988750,-0.4130999462410638,0.240211986503269,1.0867943658493702,-0.017519571167975444,-0.6693991123193915,0
1571231989000,-0.36956588109698063,0.240211986503269,1.0518544615813086,-0.010584320975563631,-0.6673872238681765,0
1571231989250,-0.36956588109698063,0.240211986503269,1.0518544615813086,0.05682292784580485,-0.6673872238681765,0
1571231989500,-0.36956588109698063,0.240211986503269,1.0518544615813086,0.1786972635441637,-0.6693991123193915,0
1571231989750,0.15284290063201703,-0.3450707062220992,0.2831765676839533,-0.1934381126340312,-0.6673872238681765,0
1571231990000,0.7187857475050978,0.630400448320181,2.16993139815928,0.46786336607899287,-0.6714110007706067,0
1571231990250,0.2399110309201833,0.6629161534715904,1.7855924512106023,-0.668079869704947,-0.6714110007706067,0
1571231990500,2.677818678988839,0.1751805762004503,0.10847704634364527,0.5692702560875511,-0.6653769059778132,0
1571231990750,-3.5910867017591324,0.3052433968060877,0.9819746530451854,-0.2548404497034334,-0.6673872238681765,0
1571231991000,1.8071373761071763,0.7929789740772277,0.10847704634364527,-0.0036490707831518163,-0.6653769059778132,0
1571231991250,0.10930883548793388,0.9555574998342745,-2.512015773760975,-0.07799156979693213,-0.6653769059778132,0
1571231991500,-2.415666942868888,-0.2800392959192805,0.2831765676839533,-0.6778061352186954,-0.6492849394897959,0
1571231991750,0.6752516823610146,0.7929789740772277,0.5626958018284461,0.4243066118217724,-0.6553190342825894,0
1571231992000,-1.9367922262839736,0.7279475637744091,1.4012535042619247,0.3365164935324618,-0.6533071458313744,0
1571231992250,-0.6307702719614795,0.6954318586229997,0.3879962804881381,1.725850090005009,-0.6593412406241679,0
1571231992500,1.2411945292340956,0.7929789740772277,-0.5204412304814636,-2.4119569882090834,-0.6693991123193915,0
1571231992750,1.676535180674927,0.7279475637744091,-0.10116237926472436,-0.030290580668636224,-0.6714110007706067,0
1571231993000,0.5881835520728484,0.9555574998342745,0.3530563762200765,0.9495249495641793,-0.6653769059778132,0
1571231993250,0.7623198126491809,0.9880732049856839,0.2831765676839533,-1.158875685150871,-0.6673872238681765,0
1571231993500,1.8071373761071763,1.0531046152885024,-0.3806816134092172,-0.6422841220380494,-0.6653769059778132,0
1571231993750,1.2847285943781785,0.8905260895314557,-0.3806816134092172,0.04295242746098123,-0.6653769059778132,0
1571231994000,1.2411945292340956,0.8580103843800464,-0.4156215176772788,0.3083526116535212,-0.6673872238681765,0
1571231994250,1.763603310963093,0.9880732049856839,-1.0095998902343262,-0.8558390822312182,-0.6653769059778132,0
1571231994500,1.1541263989459292,0.8580103843800464,-0.6252609432856484,-0.03781786441405881,-0.6673872238681765,0
1571231994750,1.3282626595222617,0.8580103843800464,-0.66020084755371,0.5202160474095162,-0.6714110007706067,0
1571231995000,1.2411945292340956,0.8580103843800464,-0.5553811347495252,0.2035626727706158,-0.6714110007706067,0
1571231995250,1.2411945292340956,0.8905260895314557,-0.5903210390175868,-0.16975677051360064,-0.6714110007706067,0
1571231995500,1.3282626595222617,0.8580103843800464,-0.6252609432856484,0.18698573328631443,-0.6714110007706067,0
1571231995750,1.2411945292340956,0.8254946792286371,-0.66020084755371,0.23578621329877317,-0.6693991123193915,0
1571231996000,1.3282626595222617,0.8254946792286371,-0.6252609432856484,-0.6218166763482487,-0.6714110007706067,0
1571231996250,1.2847285943781785,0.7929789740772277,-0.5553811347495252,0.4506943930416807,-0.6714110007706067,0
1571231996500,1.2847285943781785,0.8254946792286371,-0.5553811347495252,-0.06970310005478142,-0.6714110007706067,0
1571231996750,1.2847285943781785,0.8254946792286371,-0.5204412304814636,-0.24528333663340246,-0.6714110007706067,0
1571231997000,1.1976604640900124,0.8580103843800464,-0.45056142194534043,0.1516328725493859,-0.6693991123193915,0
1571231997250,1.1976604640900124,0.7929789740772277,-0.45056142194534043,-0.38669477958111653,-0.6714110007706067,0
1571231997500,1.1541263989459292,0.7929789740772277,-0.17104218780084757,0.568509070090823,-0.6714110007706067,0
1571231997750,1.2847285943781785,0.7929789740772277,-0.2758619006050324,0.21997045981119986,-0.6714110007706067,0
1571231998000,1.2847285943781785,0.7929789740772277,-0.3457417091411556,-0.5210018198927014,-0.6693991123193915,0
1571231998250,1.2411945292340956,0.7929789740772277,-0.3806816134092172,0.2543929821076829,-0.6714110007706067,0
1571231998500,1.2847285943781785,0.7604632689258184,-0.4156215176772788,-0.24401469330552225,-0.6693991123193915,0
1571231998750,1.2411945292340956,0.7929789740772277,-0.3806816134092172,0.46507235075765635,-0.6693991123193915,0
1571231999000,1.2411945292340956,0.7604632689258184,-0.4156215176772788,-0.15867728545011348,-0.6714110007706067,0
1571231999250,1.1976604640900124,0.7929789740772277,-0.4156215176772788,0.22225401780138423,-0.6673872238681765,0
1571231999500,1.1976604640900124,0.8254946792286371,-0.3806816134092172,-0.06640462740229287,-0.6693991123193915,0
1571231999750,1.2411945292340956,0.7929789740772277,-0.48550132621340203,-0.11156832987482834,-0.6714110007706067,0
1571232000000,0.9799901383695966,0.7929789740772277,-0.031282570728601154,-0.01591262295266051,-0.6693991123193915,0
1571232000250,0.7623198126491809,0.8254946792286371,0.3181164719520149,-0.613274477940522,-0.6693991123193915,0
1571232000500,0.5881835520728484,0.7929789740772277,0.3879962804881381,0.2360399419643492,-0.6693991123193915,0
1571232000750,0.9364560732255135,0.8580103843800464,0.10847704634364527,-0.6529407259922433,-0.6693991123193915,0
1571232001000,1.0235242035136798,0.8254946792286371,0.14341695061170687,0.4910372508682713,-0.6693991123193915,0
1571232001250,1.0235242035136798,0.7929789740772277,0.14341695061170687,-0.14827441016149576,-0.6673872238681765,0
1571232001500,1.110592333801846,0.8254946792286371,0.003657333539460452,0.7461191359940523,-0.6673872238681765,0
1571232001750,0.9799901383695966,0.7929789740772277,0.038597237807522056,-0.32250142719037794,-0.6673872238681765,0
1571232002000,0.9364560732255135,0.7604632689258184,0.14341695061170687,-0.10234952169223215,-0.6673872238681765,0
1571232002250,0.8929220080814304,0.7604632689258184,0.1783568548797685,0.2224231702451016,-0.6653769059778132,0
1571232002500,1.0235242035136798,0.7929789740772277,0.003657333539460452,-0.51660385635605,-0.6673872238681765,0
1571232002750,1.067058268657763,0.8254946792286371,-0.13610228353278597,0.5429670510895014,-0.6693991123193915,0
1571232003000,1.067058268657763,0.8254946792286371,-0.06622247499666276,0.051325473424990616,-0.6673872238681765,0
1571232003250,1.110592333801846,0.7604632689258184,-0.06622247499666276,-0.8016257240198038,-0.6693991123193915,0
1571232003500,1.0235242035136798,0.8254946792286371,-0.10116237926472436,0.1406379637077574,-0.6693991123193915,0
1571232003750,1.067058268657763,0.8254946792286371,-0.13610228353278597,-0.23285063202017642,-0.6673872238681765,0
1571232004000,1.0235242035136798,0.8580103843800464,-0.031282570728601154,0.3983417117111574,-0.6714110007706067,0
1571232004250,0.9799901383695966,0.8254946792286371,0.10847704634364527,0.1835181081901085,-0.6714110007706067,0
1571232004500,1.2411945292340956,0.9230417946828652,-0.2059820920689092,-0.5445140095694145,-0.6693991123193915,0
1571232004750,1.110592333801846,0.8254946792286371,-0.13610228353278597,0.6850551038120849,-0.6693991123193915,0
1571232005000,1.1541263989459292,0.7929789740772277,0.038597237807522056,0.490614369758978,-0.6714110007706067,0
1571232005250,1.0235242035136798,0.8254946792286371,0.038597237807522056,-0.7518949055668996,-0.6693991123193915,0
1571232005500,1.0235242035136798,0.8254946792286371,0.038597237807522056,0.16491133938119876,-0.67342131866097,0
1571232005750,1.0235242035136798,0.8580103843800464,0.038597237807522056,0.44113727997164975,-0.6714110007706067,0
1571232006000,1.0235242035136798,0.8580103843800464,0.003657333539460452,-0.1445530563997138,-0.6693991123193915,0
1571232006250,0.9799901383695966,0.8580103843800464,0.038597237807522056,0.4534008321411585,-0.6714110007706067,0
1571232006500,1.067058268657763,0.8580103843800464,0.003657333539460452,0.23637824685178394,-0.6693991123193915,0
1571232006750,1.0235242035136798,0.8580103843800464,0.003657333539460452,-0.6041402459797846,-0.6693991123193915,0
1571232007000,1.0235242035136798,0.8905260895314557,0.003657333539460452,0.5622504296732806,-0.6693991123193915,0
1571232007250,0.9799901383695966,0.8905260895314557,0.003657333539460452,0.15662286963904806,-0.6673872238681765,0
1571232007500,1.0235242035136798,0.8905260895314557,0.003657333539460452,-0.6772986778875433,-0.6673872238681765,0
1571232007750,0.9799901383695966,0.8580103843800464,0.07353714207558366,0.45475405169089733,-0.6693991123193915,0
1571232008000,0.9799901383695966,0.8905260895314557,0.003657333539460452,-0.16104541966215655,-0.6673872238681765,0
1571232008250,1.067058268657763,0.8905260895314557,0.003657333539460452,-0.008131610541661892,-0.6673872238681765,0
1571232008500,0.9799901383695966,0.8905260895314557,0.003657333539460452,0.37753596113392196,-0.6693991123193915,0
1571232008750,1.1976604640900124,0.8905260895314557,0.038597237807522056,-0.2863028042348626,-0.6693991123193915,0
1571232009000,1.3282626595222617,0.8580103843800464,0.038597237807522056,0.3705161347196514,-0.6673872238681765,0
1571232009250,1.110592333801846,0.8905260895314557,0.038597237807522056,0.3914064615187456,-0.6673872238681765,0
1571232009500,1.067058268657763,0.9230417946828652,0.003657333539460452,-0.37663020917993356,-0.6673872238681765,0
1571232009750,0.5011154217846822,0.8905260895314557,0.038597237807522056,0.41009780654951394,-0.6693991123193915,0
1571232010000,0.8929220080814304,0.9230417946828652,0.003657333539460452,0.21904012137075438,-0.6714110007706067,0
1571232010250,1.0235242035136798,0.9230417946828652,-0.031282570728601154,-0.6127670206093699,-0.6693991123193915,0
1571232010500,0.9364560732255135,0.9555574998342745,0.038597237807522056,0.7650642096903968,-0.6714110007706067,0
1571232010750,-0.1083614902324818,0.8580103843800464,0.14341695061170687,0.26031331763779053,-0.6714110007706067,0
1571232011000,0.5446494869287652,0.9880732049856839,0.5277558975603845,-1.1569304320481213,-0.6714110007706067,0
1571232011250,0.6317176172169315,1.020588910137093,0.4229361847561997,0.790690804913577,-0.6714110007706067,0
1571232011500,0.5881835520728484,1.020588910137093,0.3530563762200765,0.28687025130141625,-0.6693991123193915,0
1571232011750,0.6317176172169315,0.9880732049856839,0.3530563762200765,-1.1041548696083046,-0.6693991123193915,0
1571232012000,0.7187857475050978,0.9880732049856839,0.3879962804881381,0.5221613005122658,-0.6714110007706067,0
1571232012250,0.6752516823610146,0.9880732049856839,0.3530563762200765,0.0111517680421173,-0.6673872238681765,0
1571232012500,0.5446494869287652,0.8905260895314557,0.4229361847561997,-0.776422009905917,-0.6693991123193915,0
1571232012750,0.9364560732255135,0.8254946792286371,0.07353714207558366,0.19916470923396443,-0.6714110007706067,0
1571232013000,0.8929220080814304,0.8254946792286371,0.24823666341589168,-0.42974407650718505,-0.6714110007706067,0
1571232013250,0.8058538777932641,0.8905260895314557,0.3181164719520149,0.808959268835052,-0.6714110007706067,0
1571232013500,0.45758135664059896,0.9555574998342745,0.4578760890242613,0.25210942411749854,-0.675433207112185,0
1571232013750,0.28344509606426643,1.0531046152885024,0.5626958018284461,-1.3652416664860518,-0.67342131866097,0
1571232014000,0.15284290063201703,0.9880732049856839,0.7024554189006925,0.7947504635627937,-0.67342131866097,0
1571232014250,0.19637696577610014,0.9880732049856839,0.6675155146326309,-0.01168381185972648,-0.6714110007706067,0
1571232014500,0.15284290063201703,1.0531046152885024,0.6675155146326309,-0.4092766308173843,-0.6693991123193915,0
1571232014750,0.10930883548793388,1.0856203204399117,0.7024554189006925,0.505415208584247,-0.6714110007706067,0
1571232015000,0.15284290063201703,0.9555574998342745,0.6675155146326309,0.01766413712523571,-0.67342131866097,0
1571232015250,0.6752516823610146,0.9230417946828652,0.003657333539460452,0.545166032857827,-0.6673872238681765,0
1571232015500,1.2847285943781785,0.630400448320181,-0.17104218780084757,0.06646461713769446,-0.6693991123193915,0
1571232015750,0.9364560732255135,0.630400448320181,0.10847704634364527,-0.8901770283058424,-0.6693991123193915,0
1571232016000,1.067058268657763,0.6954318586229997,0.038597237807522056,0.4449432099552904,-0.6673872238681765,0
1571232016250,1.110592333801846,0.7279475637744091,-0.06622247499666276,-0.4214556067650343,-0.6673872238681765,0
1571232016500,1.067058268657763,0.6954318586229997,0.07353714207558366,0.9303261472022588,-0.6693991123193915,0
1571232016750,1.067058268657763,0.7279475637744091,0.10847704634364527,0.07323071488638891,-0.6693991123193915,0
1571232017000,0.9799901383695966,0.7279475637744091,0.10847704634364527,0.1822494648622283,-0.6693991123193915,0
1571232017250,1.0235242035136798,0.7279475637744091,0.038597237807522056,-0.1803287982459357,-0.6673872238681765,0
1571232017500,1.110592333801846,0.6954318586229997,0.003657333539460452,-0.19301523152473782,-0.6673872238681765,0
1571232017750,1.110592333801846,0.7604632689258184,-0.06622247499666276,-0.02343990669808309,-0.6673872238681765,0
1571232018000,1.110592333801846,0.7279475637744091,-0.06622247499666276,-0.6198714232454992,-0.6693991123193915,0
1571232018250,1.1976604640900124,0.7279475637744091,-0.10116237926472436,0.24263688726932628,-0.6673872238681765,0
1571232018500,1.1976604640900124,0.7279475637744091,-0.13610228353278597,-0.839177566525058,-0.6653769059778132,0
1571232018750,1.1541263989459292,0.7279475637744091,-0.06622247499666276,0.40485408079427576,-0.6673872238681765,0
1571232019000,1.0235242035136798,0.7279475637744091,-0.031282570728601154,-0.40225680440311384,-0.6673872238681765,0
1571232019250,1.067058268657763,0.7604632689258184,0.003657333539460452,0.6644185056785669,-0.6673872238681765,0
1571232019500,1.110592333801846,0.7604632689258184,-0.031282570728601154,-0.23538791867593684,-0.6673872238681765,0
1571232019750,1.110592333801846,0.7604632689258184,-0.031282570728601154,0.44655015817060534,-0.6673872238681765,0
1571232020000,1.110592333801846,0.7279475637744091,-0.031282570728601154,-0.023101601810648367,-0.6653769059778132,0
1571232020250,1.0235242035136798,0.7604632689258184,-0.06622247499666276,-0.08450393888005053,-0.6653769059778132,0
1571232020500,1.067058268657763,0.7604632689258184,-0.031282570728601154,0.1406379637077574,-0.6653769059778132,0
1571232020750,0.8929220080814304,0.7604632689258184,-0.031282570728601154,-0.7398005058411082,-0.6653769059778132,0
1571232021000,1.2847285943781785,0.6954318586229997,-0.17104218780084757,0.3806652813426931,-0.6673872238681765,0
1571232021250,1.1976604640900124,0.7279475637744091,-0.24092199633697078,-0.280128740039179,-0.6653769059778132,0
1571232021500,1.110592333801846,0.7279475637744091,-0.2059820920689092,0.7123732234724388,-0.6653769059778132,0
1571232021750,0.9799901383695966,0.7604632689258184,0.038597237807522056,0.0369475157090149,-0.6653769059778132,0
1571232022000,1.0235242035136798,0.7604632689258184,0.07353714207558366,-1.1614975480284901,-0.6653769059778132,0
1571232022250,1.0235242035136798,0.7929789740772277,0.038597237807522056,0.5988719337380893,-0.663365017526598,0
1571232022500,0.9364560732255135,0.7929789740772277,0.07353714207558366,-0.11664290318634918,-0.6673872238681765,0
1571232022750,0.9799901383695966,0.7604632689258184,0.07353714207558366,0.49036064109340194,-0.6673872238681765,0
1571232023000,1.0235242035136798,0.7929789740772277,0.10847704634364527,0.17413014756379497,-0.6653769059778132,0
1571232023250,0.9364560732255135,0.7929789740772277,0.10847704634364527,-0.73007424032736,-0.6673872238681765,0
1571232023500,1.0235242035136798,0.7929789740772277,0.10847704634364527,0.7921286006851745,-0.6653769059778132,0
1571232023750,0.9799901383695966,0.7929789740772277,0.07353714207558366,0.20347809654875715,-0.663365017526598,0
1571232024000,1.067058268657763,0.7604632689258184,-0.10116237926472436,-1.071931329080147,-0.663365017526598,0
1571232024250,1.3282626595222617,0.7604632689258184,-0.5553811347495252,0.5665638169880732,-0.6653769059778132,0
1571232024500,1.1976604640900124,0.7604632689258184,-0.3806816134092172,-0.07689207891276927,-0.663365017526598,0
1571232024750,1.067058268657763,0.7279475637744091,-0.2059820920689092,-0.705970017097636,-0.6653769059778132,0
1571232025000,1.1541263989459292,0.7604632689258184,-0.17104218780084757,0.424391188043631,-0.6653769059778132,0
1571232025250,1.110592333801846,0.7279475637744091,-0.10116237926472436,-0.15072712059539747,-0.663365017526598,0
1571232025500,1.110592333801846,0.7279475637744091,-0.06622247499666276,0.07407647710497572,-0.663365017526598,0
1571232025750,1.110592333801846,0.7604632689258184,-0.10116237926472436,0.22614452400688356,-0.6653769059778132,0
1571232026000,1.067058268657763,0.7604632689258184,-0.2059820920689092,-0.7617903235243653,-0.661353129075383,0
1571232026250,1.067058268657763,0.7279475637744091,-0.031282570728601154,0.7730989507669714,-0.663365017526598,0
1571232026500,1.1541263989459292,0.6954318586229997,0.003657333539460452,0.21870181648331966,-0.6653769059778132,0
1571232026750,0.9364560732255135,0.7604632689258184,0.3181164719520149,-1.0969658907503168,-0.663365017526598,0
1571232027000,0.5881835520728484,0.7279475637744091,0.5626958018284461,0.5510017921660759,-0.663365017526598,0
1571232027250,0.10930883548793388,0.8580103843800464,0.5976357060965077,-0.1245084918192065,-0.6653769059778132,0
1571232027500,0.41404729149651587,0.7929789740772277,0.6325756103645693,-0.26786518786967023,-0.6774450955634002,0
1571232027750,0.3705132263524327,0.7929789740772277,0.6675155146326309,0.22529876178829675,-0.6774450955634002,0
1571232028000,0.3705132263524327,0.7604632689258184,0.5976357060965077,-0.738024405182076,-0.6774450955634002,0
1571232028250,0.3705132263524327,0.8254946792286371,0.5976357060965077,1.2449496925165509,-0.675433207112185,0
1571232028500,0.3705132263524327,0.7604632689258184,0.6675155146326309,-0.09735952460256998,-0.675433207112185,0
1571232028750,0.41404729149651587,0.7604632689258184,0.6675155146326309,-0.6937064649281273,-0.675433207112185,0
1571232029000,0.45758135664059896,0.6954318586229997,0.7723352274368158,0.3745757933688681,-0.6714110007706067,0
1571232029250,0.2399110309201833,0.7279475637744091,0.7024554189006925,-0.1874332008820649,-0.6673872238681765,0
1571232029500,0.41404729149651587,0.630400448320181,0.7373953231687541,0.3973267970488532,-0.6673872238681765,0
1571232029750,0.15284290063201703,0.7604632689258184,0.6675155146326309,0.07627545887330141,-0.6653769059778132,0
1571232030000,0.5881835520728484,0.6954318586229997,0.5626958018284461,-0.7752379427998954,-0.6673872238681765,0
1571232030250,0.5446494869287652,0.7604632689258184,0.24823666341589168,0.5234299438401461,-0.6673872238681765,0
1571232030500,0.7623198126491809,0.6954318586229997,0.3530563762200765,0.002271264746955831,-0.6653769059778132,0
1571232030750,0.7623198126491809,0.6954318586229997,0.3530563762200765,-1.2434519070095515,-0.6653769059778132,0
1571232031000,0.7187857475050978,0.6954318586229997,0.3181164719520149,0.49771877239510715,-0.6653769059778132,0
1571232031250,0.8929220080814304,0.6954318586229997,0.3530563762200765,-0.041116337066547354,-0.6653769059778132,0
1571232031500,0.8058538777932641,0.6954318586229997,0.3530563762200765,0.28247228776476485,-0.663365017526598,0
1571232031750,0.8058538777932641,0.6954318586229997,0.3181164719520149,0.4291274564677171,-0.6653769059778132,0
1571232032000,0.8493879429373472,0.7604632689258184,0.3181164719520149,-0.5488273968842073,-0.6653769059778132,0
1571232032250,0.8058538777932641,0.7279475637744091,0.3530563762200765,0.9197541194699237,-0.663365017526598,0
1571232032500,0.8058538777932641,0.7279475637744091,0.3181164719520149,0.46228133543631994,-0.6653769059778132,0
1571232032750,0.7623198126491809,0.7279475637744091,0.2831765676839533,-0.7936755591650879,-0.6653769059778132,0
1571232033000,0.7623198126491809,0.7279475637744091,0.3530563762200765,0.7933972440130549,-0.663365017526598,0
1571232033250,0.7623198126491809,0.7279475637744091,0.3530563762200765,0.35165563724516563,-0.663365017526598,0
1571232033500,0.8493879429373472,0.7279475637744091,0.3530563762200765,-1.1611592431410553,-0.663365017526598,0
1571232033750,0.7623198126491809,0.6954318586229997,0.3879962804881381,0.8180089245739309,-0.663365017526598,0
1571232034000,0.8058538777932641,0.6629161534715904,0.49281599329232295,0.2519402716737812,-0.663365017526598,0
1571232034250,0.7623198126491809,0.7279475637744091,0.3879962804881381,-1.4425443332648857,-0.663365017526598,0
1571232034500,0.8058538777932641,0.7929789740772277,0.2831765676839533,0.812680622596834,-0.663365017526598,0
1571232034750,0.9799901383695966,0.6954318586229997,0.2831765676839533,0.24162197260702212,-0.6653769059778132,0
1571232035000,0.5881835520728484,0.8580103843800464,0.2831765676839533,-1.2792276488557737,-0.663365017526598,0
1571232035250,0.7187857475050978,0.7929789740772277,0.5277558975603845,0.5416984077616211,-0.663365017526598,0
1571232035500,0.6752516823610146,0.7929789740772277,0.4578760890242613,0.09183748369529865,-0.6653769059778132,0
1571232035750,0.7623198126491809,0.7929789740772277,0.4229361847561997,-0.5057780999581389,-0.6653769059778132,0
1571232036000,0.6317176172169315,0.8254946792286371,0.4229361847561997,0.4512864265946915,-0.663365017526598,0
1571232036250,0.6752516823610146,0.8254946792286371,0.4229361847561997,-0.6114983772814897,-0.663365017526598,0
1571232036500,0.7187857475050978,0.7929789740772277,0.4229361847561997,0.7469648982126391,-0.6653769059778132,0
1571232036750,0.6317176172169315,0.7929789740772277,0.3879962804881381,0.12253865222999974,-0.661353129075383,0
1571232037000,0.6752516823610146,0.8254946792286371,0.3879962804881381,-1.0157727177659834,-0.663365017526598,0
1571232037250,0.3705132263524327,0.7929789740772277,0.4578760890242613,0.506768428133986,-0.663365017526598,0
1571232037500,0.7187857475050978,0.7279475637744091,0.3879962804881381,-0.3214865125280738,-0.661353129075383,0
1571232037750,0.7623198126491809,0.7929789740772277,0.1783568548797685,0.6214537849743571,-0.661353129075383,0
1571232038000,0.7623198126491809,0.8580103843800464,0.3530563762200765,0.0876932488242233,-0.663365017526598,0
1571232038250,0.7187857475050978,0.8905260895314557,0.3879962804881381,-0.941683947417779,-0.6593412406241679,0
1571232038500,0.6317176172169315,0.8254946792286371,0.4229361847561997,0.35486953367579555,-0.663365017526598,0
1571232038750,0.5446494869287652,0.8905260895314557,0.5277558975603845,-0.3245312565149863,-0.663365017526598,0
1571232039000,0.3269791612083496,0.8905260895314557,0.5277558975603845,1.196656669835244,-0.663365017526598,0
1571232039250,0.5011154217846822,0.8905260895314557,0.4229361847561997,0.19324437370385678,-0.661353129075383,0
1571232039500,0.6752516823610146,0.8254946792286371,0.4229361847561997,-1.330819144189569,-0.663365017526598,0
1571232039750,0.5446494869287652,0.7929789740772277,0.4578760890242613,0.4299732186863039,-0.661353129075383,0
1571232040000,0.5446494869287652,0.8254946792286371,0.5277558975603845,-0.4019184995156791,-0.661353129075383,0
1571232040250,0.6317176172169315,0.8580103843800464,0.49281599329232295,0.6004788819534043,-0.661353129075383,0
1571232040500,0.6317176172169315,0.8254946792286371,0.4578760890242613,0.20288606299574638,-0.6593412406241679,0
1571232040750,0.6317176172169315,0.8254946792286371,0.49281599329232295,-1.070408957086691,-0.663365017526598,0
1571232041000,0.5881835520728484,0.8254946792286371,0.4578760890242613,0.5486336579540331,-0.661353129075383,0
1571232041250,0.5446494869287652,0.7604632689258184,0.5277558975603845,-0.1755079535999909,-0.661353129075383,0
1571232041500,0.5446494869287652,0.7929789740772277,0.5277558975603845,0.5932899030954163,-0.661353129075383,0
1571232041750,0.5446494869287652,0.8254946792286371,0.5277558975603845,0.2729997509165926,-0.661353129075383,0
1571232042000,0.5446494869287652,0.7929789740772277,0.5976357060965077,-0.997842558731943,-0.6593412406241679,0
1571232042250,0.6317176172169315,0.7929789740772277,0.4578760890242613,0.6161254829972601,-0.661353129075383,0
1571232042500,0.6317176172169315,0.8254946792286371,0.4578760890242613,-0.055240566116947026,-0.661353129075383,0
1571232042750,0.6752516823610146,0.8254946792286371,0.4578760890242613,-0.20037336282644302,-0.661353129075383,0
1571232043000,0.7187857475050978,0.8254946792286371,0.4229361847561997,0.3558844483380997,-0.661353129075383,0
1571232043250,0.5011154217846822,0.7929789740772277,0.3530563762200765,-0.40217222818125514,-0.6593412406241679,0
1571232043500,0.7623198126491809,0.7929789740772277,0.3879962804881381,0.6118120956824674,-0.661353129075383,0
1571232043750,0.7187857475050978,0.7929789740772277,0.3879962804881381,0.2762136473472225,-0.6593412406241679,0
1571232044000,0.7187857475050978,0.7929789740772277,0.3879962804881381,-0.9141966753137079,-0.663365017526598,0
1571232044250,0.7623198126491809,0.8254946792286371,0.3879962804881381,0.7600742126007347,-0.6593412406241679,0
1571232044500,0.6752516823610146,0.7604632689258184,0.3879962804881381,0.1388618630487251,-0.661353129075383,0
1571232044750,0.7187857475050978,0.7929789740772277,0.3879962804881381,-1.1035628360552938,-0.661353129075383,0
1571232045000,0.7623198126491809,0.7929789740772277,0.4229361847561997,0.41610271830148027,-0.6593412406241679,0
1571232045250,0.7187857475050978,0.7929789740772277,0.3879962804881381,-0.23310436068575247,-0.6593412406241679,0
1571232045500,0.6317176172169315,0.8254946792286371,0.3879962804881381,0.4737837016091005,-0.661353129075383,0
1571232045750,0.6752516823610146,0.7604632689258184,0.4578760890242613,0.2504178996803249,-0.6573309227338046,0
1571232046000,0.5881835520728484,0.7604632689258184,0.49281599329232295,-0.7869094614163935,-0.6593412406241679,0
1571232046250,0.5446494869287652,0.8254946792286371,0.5277558975603845,0.7396913431327925,-0.661353129075383,0
1571232046500,0.15284290063201703,0.8905260895314557,0.5976357060965077,0.08845443482095144,-0.661353129075383,0
1571232046750,0.5011154217846822,0.9230417946828652,0.5277558975603845,-0.8262374045806798,-0.661353129075383,0
1571232047000,0.3705132263524327,0.9230417946828652,0.5626958018284461,0.456699304793647,-0.661353129075383,0
1571232047250,0.3705132263524327,0.9230417946828652,0.5976357060965077,-0.14802068149591968,-0.661353129075383,0
1571232047500,0.3269791612083496,0.9230417946828652,0.6325756103645693,0.46008235366799427,-0.6593412406241679,0
1571232047750,0.2399110309201833,0.9555574998342745,0.6325756103645693,0.26936297337666937,-0.661353129075383,0
1571232048000,0.3705132263524327,0.9230417946828652,0.5626958018284461,-1.0697323473118217,-0.6593412406241679,0
1571232048250,0.5011154217846822,0.8905260895314557,0.4229361847561997,0.542797898645784,-0.6573309227338046,0
1571232048500,0.41404729149651587,0.8254946792286371,0.4578760890242613,-0.1734781242753826,-0.661353129075383,0
1571232048750,0.5011154217846822,0.8254946792286371,0.5626958018284461,-0.38669477958111653,-0.6593412406241679,0
1571232049000,0.7623198126491809,0.7929789740772277,0.4578760890242613,0.364003765636533,-0.6573309227338046,0
1571232049250,0.6317176172169315,0.7604632689258184,0.4229361847561997,-0.4963901393318254,-0.6593412406241679,0
1571232049500,0.6752516823610146,0.7929789740772277,0.4229361847561997,0.8184318056832243,-0.661353129075383,0
1571232049750,0.6317176172169315,0.7929789740772277,0.3879962804881381,-0.14666746194618083,-0.6593412406241679,0
1571232050000,0.5881835520728484,0.7929789740772277,0.3879962804881381,-0.32300888452153004,-0.661353129075383,0
1571232050250,0.6752516823610146,0.7929789740772277,0.4229361847561997,0.09598171856637401,-0.6593412406241679,0
1571232050500,0.6752516823610146,0.7929789740772277,0.4229361847561997,-0.842645191621264,-0.6573309227338046,0
1571232050750,0.6317176172169315,0.8254946792286371,0.4229361847561997,0.8537846664201528,-0.6593412406241679,0
1571232051000,0.6752516823610146,0.8254946792286371,0.4229361847561997,0.18394098929940192,-0.6593412406241679,0
1571232051250,0.5881835520728484,0.7929789740772277,0.3879962804881381,-0.504171151742824,-0.6553190342825894,0
1571232051500,0.41404729149651587,0.7604632689258184,0.3879962804881381,0.2574377260945954,-0.6573309227338046,0
1571232051750,0.6752516823610146,0.8580103843800464,0.4578760890242613,-0.4855643829339143,-0.6593412406241679,0
1571232052000,0.6317176172169315,0.8254946792286371,0.4578760890242613,0.8144567232558663,-0.6593412406241679,0
1571232052250,0.6317176172169315,0.8254946792286371,0.4229361847561997,-0.280128740039179,-0.6573309227338046,0
1571232052500,0.5881835520728484,0.8254946792286371,0.4229361847561997,-0.16578168808624263,-0.6573309227338046,0
1571232052750,0.7187857475050978,0.7929789740772277,0.4229361847561997,-0.09127003662874497,-0.6553190342825894,0
1571232053000,0.5881835520728484,0.8254946792286371,0.4229361847561997,-0.379167495835694,-0.6573309227338046,0
1571232053250,0.6752516823610146,0.7929789740772277,0.3879962804881381,0.3080988829879451,-0.6593412406241679,0
1571232053500,0.8493879429373472,0.7604632689258184,0.3181164719520149,-0.7865711565289587,-0.6573309227338046,0
1571232053750,0.8058538777932641,0.7604632689258184,0.2831765676839533,0.5457580664108378,-0.6593412406241679,0
1571232054000,0.8493879429373472,0.7279475637744091,0.24823666341589168,-0.35506327260597004,-0.6593412406241679,0
1571232054250,0.6752516823610146,0.8254946792286371,0.2831765676839533,1.21103462755122,-0.6553190342825894,0
1571232054500,1.110592333801846,0.7929789740772277,0.038597237807522056,-0.06082259675961994,-0.6593412406241679,0
1571232054750,1.0235242035136798,0.7279475637744091,-0.10116237926472436,0.24086078661029398,-0.6593412406241679,0
1571232055000,1.1541263989459292,0.6954318586229997,-0.17104218780084757,-0.22303979028456944,-0.6573309227338046,0
1571232055250,1.1541263989459292,0.7279475637744091,-0.13610228353278597,-0.4688182910058955,-0.6573309227338046,0
1571232055500,1.1541263989459292,0.6629161534715904,-0.13610228353278597,0.05572343696164201,-0.6573309227338046,0
1571232055750,1.067058268657763,0.6954318586229997,0.003657333539460452,-0.7796359063365469,-0.6553190342825894,0
1571232056000,1.110592333801846,0.7279475637744091,-0.06622247499666276,0.2806961871057326,-0.6573309227338046,0
1571232056250,1.110592333801846,0.630400448320181,-0.10116237926472436,-0.5186336856806584,-0.6573309227338046,0
1571232056500,1.067058268657763,0.7279475637744091,-0.24092199633697078,0.756014553951518,-0.6553190342825894,0
1571232056750,1.2847285943781785,0.7279475637744091,-0.17104218780084757,-0.2402933395437403,-0.6553190342825894,0
1571232057000,1.2411945292340956,0.7279475637744091,-0.2758619006050324,0.7989792746557277,-0.6573309227338046,0
1571232057250,0.8929220080814304,0.6629161534715904,-0.06622247499666276,0.004470246515281528,-0.6573309227338046,0
1571232057500,1.110592333801846,0.6954318586229997,-0.13610228353278597,-0.22354724761572156,-0.6573309227338046,0
1571232057750,1.110592333801846,0.6954318586229997,-0.06622247499666276,0.34886462192382917,-0.6593412406241679,0
1571232058000,1.110592333801846,0.6629161534715904,-0.06622247499666276,-0.7513874482357475,-0.6553190342825894,0
1571232058250,1.067058268657763,0.6629161534715904,-0.06622247499666276,0.17429930000751231,-0.6573309227338046,0
1571232058500,1.067058268657763,0.6629161534715904,-0.06622247499666276,-0.6707017325825662,-0.6573309227338046,0
1571232058750,1.110592333801846,0.6954318586229997,-0.06622247499666276,0.4797040371392082,-0.6553190342825894,0
1571232059000,1.110592333801846,0.6629161534715904,-0.06622247499666276,-0.29315347820541576,-0.6573309227338046,0
1571232059250,1.110592333801846,0.6954318586229997,-0.10116237926472436,0.5886382108931889,-0.6573309227338046,0
1571232059500,1.110592333801846,0.6954318586229997,-0.10116237926472436,-0.25906926079636744,-0.6553190342825894,0
1571232059750,1.1541263989459292,0.6629161534715904,-0.10116237926472436,0.6786273109508251,-0.6573309227338046,0
1571232060000,1.0235242035136798,0.7929789740772277,-0.13610228353278597,-0.1344884859985308,-0.6573309227338046,0
1571232060250,1.110592333801846,0.7279475637744091,-0.06622247499666276,0.5300268891451232,-0.6553190342825894,0
1571232060500,1.110592333801846,0.6629161534715904,-0.06622247499666276,-0.11579714096776236,-0.6573309227338046,0
1571232060750,1.110592333801846,0.6629161534715904,-0.06622247499666276,0.12600627732620565,-0.6573309227338046,0
1571232061000,1.110592333801846,0.6629161534715904,-0.06622247499666276,-0.23462673267920872,-0.6553190342825894,0
1571232061250,1.110592333801846,0.630400448320181,-0.031282570728601154,-0.5034945419679545,-0.6553190342825894,0
1571232061500,1.0235242035136798,0.630400448320181,-0.06622247499666276,0.34480496327461246,-0.6573309227338046,0
1571232061750,1.067058268657763,0.6954318586229997,-0.06622247499666276,-0.8339338407698199,-0.6553190342825894,0
1571232062000,1.0235242035136798,0.6629161534715904,0.003657333539460452,0.6579061365954483,-0.6573309227338046,0
1571232062250,1.0235242035136798,0.630400448320181,0.14341695061170687,-0.19428387485261803,-0.6573309227338046,0
1571232062500,0.9799901383695966,0.6629161534715904,0.07353714207558366,0.7557608252859419,-0.6553190342825894,0
1571232062750,1.0235242035136798,0.6629161534715904,0.038597237807522056,0.11729492647476153,-0.6573309227338046,0
1571232063000,1.0235242035136798,0.6629161534715904,0.07353714207558366,-0.5887473736015046,-0.6573309227338046,0
1571232063250,1.067058268657763,0.6954318586229997,-0.031282570728601154,0.22140825558279745,-0.6573309227338046,0
1571232063500,1.415330789810428,0.6629161534715904,-0.3806816134092172,-0.5785982269784629,-0.6573309227338046,0
1571232063750,0.5446494869287652,0.7279475637744091,-0.2059820920689092,0.7535618435176162,-0.6593412406241679,0
1571232064000,-0.19542962052064808,0.6629161534715904,0.7723352274368158,-0.025300583578974065,-0.6573309227338046,0
1571232064250,0.19637696577610014,1.280714551348368,0.8771549402410006,-0.23995503465630558,-0.6573309227338046,0
1571232064500,0.5446494869287652,0.37027480710890637,0.842215035972939,-0.16315982520862354,-0.6573309227338046,0
1571232064750,0.8493879429373472,0.33775910195749703,0.6325756103645693,-0.5735236536669421,-0.651296827941011,0
1571232065000,1.1976604640900124,0.5653690380173624,0.10847704634364527,0.659597661032622,-0.6492849394897959,0
1571232065250,0.9799901383695966,0.532853332865953,0.14341695061170687,0.2626814518498336,-0.651296827941011,0
1571232065500,0.9799901383695966,0.5653690380173624,0.07353714207558366,-0.35548615371526343,-0.651296827941011,0
1571232065750,1.0235242035136798,0.532853332865953,0.21329675914783008,-0.25932298946194343,-0.6533071458313744,0
1571232066000,0.9799901383695966,0.5653690380173624,0.14341695061170687,-0.22481589094360174,-0.6533071458313744,0
1571232066250,0.9799901383695966,0.5653690380173624,0.1783568548797685,0.2711390740357017,-0.651296827941011,0
1571232066500,1.1541263989459292,0.0126020504434036,0.2831765676839533,-0.5889165260452219,-0.6533071458313744,0
1571232066750,1.3282626595222617,0.630400448320181,-0.17104218780084757,0.7873923322610884,-0.6533071458313744,0
1571232067000,1.1976604640900124,0.8905260895314557,-1.7083979755955583,0.030519722847755174,-0.651296827941011,0
1571232067250,1.110592333801846,0.8905260895314557,-0.17104218780084757,0.5477878957354462,-0.6533071458313744,0
1571232067500,1.371796724666345,0.6629161534715904,-0.45056142194534043,0.0745839344361278,-0.6553190342825894,0
1571232067750,1.1976604640900124,0.8905260895314557,-0.5903210390175868,0.2613282323000947,-0.6553190342825894,0
1571232068000,1.3282626595222617,0.8580103843800464,-0.5553811347495252,0.859535849506543,-0.6573309227338046,0
1571232068250,1.1541263989459292,0.8254946792286371,-0.310801804873094,0.1275286493196619,-0.6573309227338046,0
1571232068500,1.1541263989459292,0.5653690380173624,-0.310801804873094,-0.6737464765694786,-0.6553190342825894,0
1571232068750,1.2847285943781785,0.6954318586229997,-0.4156215176772788,-0.7312583074333816,-0.6553190342825894,0
1571232069000,1.2847285943781785,0.7279475637744091,-0.48550132621340203,0.06993224223390036,-0.6553190342825894,0
1571232069250,1.2847285943781785,0.7279475637744091,-0.48550132621340203,-0.8258145234713865,-0.6533071458313744,0
1571232069500,1.2847285943781785,0.7604632689258184,-0.5204412304814636,0.4314955906797602,-0.6553190342825894,0
1571232069750,1.3282626595222617,0.7604632689258184,-0.6252609432856484,-0.5353797776086772,-0.6573309227338046,0
1571232070000,1.2411945292340956,0.6954318586229997,-0.5204412304814636,0.48638555866604394,-0.6533071458313744,0
1571232070250,1.2847285943781785,0.7279475637744091,-0.5553811347495252,-0.37561529451762943,-0.6553190342825894,0
1571232070500,1.3282626595222617,0.7929789740772277,-0.5204412304814636,0.5740065245116373,-0.6553190342825894,0
1571232070750,1.2847285943781785,0.7604632689258184,-0.5553811347495252,-0.32732227183632273,-0.651296827941011,0
1571232071000,1.2847285943781785,0.7604632689258184,-0.5903210390175868,0.6182398885437271,-0.6533071458313744,0
1571232071250,1.371796724666345,0.7929789740772277,-0.66020084755371,-0.29061619154965534,-0.6553190342825894,0
1571232071500,1.415330789810428,0.7929789740772277,-0.6252609432856484,0.5576833136929118,-0.6533071458313744,0
1571232071750,1.3282626595222617,0.7604632689258184,-0.66020084755371,-0.16874185585129647,-0.6553190342825894,0
1571232072000,1.3282626595222617,0.7279475637744091,-0.66020084755371,0.44528151484272516,-0.6553190342825894,0
1571232072250,1.0235242035136798,0.6954318586229997,-0.6252609432856484,-0.028852784897038655,-0.6553190342825894,0
1571232072500,1.1976604640900124,0.7604632689258184,-0.310801804873094,-0.14083170263793185,-0.6573309227338046,0
1571232072750,1.1976604640900124,0.7604632689258184,-0.2758619006050324,0.012674140035573551,-0.6533071458313744,0
1571232073000,1.110592333801846,0.6954318586229997,-0.310801804873094,-0.9527634324812663,-0.6553190342825894,0
1571232073250,1.2847285943781785,0.7279475637744091,-0.3806816134092172,0.482664204904262,-0.6553190342825894,0
1571232073500,1.1976604640900124,0.7604632689258184,-0.310801804873094,-0.5671804370275411,-0.651296827941011,0
1571232073750,1.2411945292340956,0.7604632689258184,-0.45056142194534043,0.6021704063905778,-0.6533071458313744,0
1571232074000,1.067058268657763,0.7604632689258184,-0.48550132621340203,-0.1121603634278391,-0.6553190342825894,0
1571232074250,1.2847285943781785,0.7279475637744091,-0.4156215176772788,0.3695857962792059,-0.6533071458313744,0
1571232074500,1.2411945292340956,0.7279475637744091,-0.45056142194534043,0.019017356674974603,-0.6553190342825894,0
1571232074750,1.2847285943781785,0.7279475637744091,-0.48550132621340203,-0.9021868518097752,-0.6553190342825894,0
1571232075000,1.2847285943781785,0.7279475637744091,-0.48550132621340203,0.47361454916538315,-0.6533071458313744,0
1571232075250,1.3282626595222617,0.7604632689258184,-0.48550132621340203,-0.30888465547113036,-0.6553190342825894,0
1571232075500,1.2847285943781785,0.7279475637744091,-0.45056142194534043,0.7847704693834693,-0.6553190342825894,0
1571232075750,1.067058268657763,0.6954318586229997,-0.5553811347495252,-0.049489383030556736,-0.6533071458313744,0
1571232076000,1.2411945292340956,0.6954318586229997,-0.45056142194534043,-0.3197949880909002,-0.6533071458313744,0
1571232076250,1.2847285943781785,0.7279475637744091,-0.45056142194534043,0.20297063921760508,-0.6553190342825894,0
1571232076500,1.2847285943781785,0.7279475637744091,-0.45056142194534043,-0.6871940958450089,-0.6533071458313744,0
1571232076750,1.3282626595222617,0.6954318586229997,-0.5204412304814636,0.16812523581182862,-0.6553190342825894,0
1571232077000,1.2847285943781785,0.7279475637744091,-0.5204412304814636,-0.7587455795374528,-0.6573309227338046,0
1571232077250,1.2847285943781785,0.7604632689258184,-0.5204412304814636,0.6009017630626976,-0.6553190342825894,0
1571232077500,1.2847285943781785,0.7279475637744091,-0.5204412304814636,-0.3203870216439109,-0.6553190342825894,0
1571232077750,1.2411945292340956,0.6954318586229997,-0.3806816134092172,0.7683626823428853,-0.6573309227338046,0
1571232078000,1.2847285943781785,0.7279475637744091,-0.45056142194534043,-0.08746410664510434,-0.6553190342825894,0
1571232078250,1.1976604640900124,0.7279475637744091,-0.310801804873094,0.5329024806883182,-0.6553190342825894,0
1571232078500,1.1976604640900124,0.7279475637744091,-0.24092199633697078,0.09581256612265665,-0.6533071458313744,0
1571232078750,1.1976604640900124,0.7279475637744091,-0.2059820920689092,-0.7588301557593115,-0.6533071458313744,0
1571232079000,1.1541263989459292,0.7279475637744091,-0.2059820920689092,0.42413745937805497,-0.6553190342825894,0
1571232079250,1.1976604640900124,0.7279475637744091,-0.24092199633697078,-0.29002415799664455,-0.6533071458313744,0
1571232079500,1.1976604640900124,0.7279475637744091,-0.24092199633697078,0.12634458221364037,-0.6533071458313744,0
1571232079750,1.1976604640900124,0.7279475637744091,-0.310801804873094,0.13209576530003064,-0.6553190342825894,0
1571232080000,1.110592333801846,0.6954318586229997,-0.13610228353278597,-0.6107371912847617,-0.6533071458313744,0
1571232080250,1.1541263989459292,0.6954318586229997,-0.17104218780084757,0.6758362956294887,-0.6553190342825894,0
1571232080500,1.1976604640900124,0.6954318586229997,-0.2059820920689092,0.05766869006439167,-0.6533071458313744,0
1571232080750,1.1976604640900124,0.7279475637744091,-0.24092199633697078,-0.5533945128645762,-0.6533071458313744,0
1571232081000,1.2411945292340956,0.7604632689258184,-0.24092199633697078,0.26251229940611626,-0.6533071458313744,0
1571232081250,1.110592333801846,0.7279475637744091,-0.24092199633697078,-0.2429997786432181,-0.6533071458313744,0
1571232081500,1.1541263989459292,0.7279475637744091,-0.17104218780084757,0.6694930789900876,-0.651296827941011,0
1571232081750,1.1976604640900124,0.7279475637744091,-0.10116237926472436,0.2705470404826909,-0.651296827941011,0
1571232082000,1.110592333801846,0.7279475637744091,-0.17104218780084757,-0.854824167568914,-0.6533071458313744,0
1571232082250,1.3282626595222617,0.7929789740772277,-0.45056142194534043,0.5177633369756145,-0.651296827941011,0
1571232082500,1.2847285943781785,0.7604632689258184,-0.48550132621340203,0.05919106205784792,-0.6533071458313744,0
1571232082750,1.2847285943781785,0.7604632689258184,-0.48550132621340203,-0.28714856645344944,-0.6533071458313744,0
1571232083000,1.2847285943781785,0.7604632689258184,-0.5204412304814636,0.47259963450307896,-0.651296827941011,0
1571232083250,1.2847285943781785,0.7604632689258184,-0.5553811347495252,-0.6471049666839943,-0.6533071458313744,0
1571232083500,1.2411945292340956,0.7604632689258184,-0.5553811347495252,0.667547825887338,-0.6533071458313744,0
1571232083750,1.2847285943781785,0.7604632689258184,-0.5553811347495252,0.29608905948401243,-0.651296827941011,0
1571232084000,1.2847285943781785,0.7929789740772277,-0.5903210390175868,-0.9381317460997145,-0.6533071458313744,0
1571232084250,1.2847285943781785,0.7604632689258184,-0.6252609432856484,0.48054979935779496,-0.6553190342825894,0
1571232084500,1.2847285943781785,0.7604632689258184,-0.5903210390175868,-0.1371103488761499,-0.651296827941011,0
1571232084750,1.3282626595222617,0.7604632689258184,-0.6252609432856484,0.3294966671181913,-0.651296827941011,0
1571232085000,1.3282626595222617,0.7604632689258184,-0.6252609432856484,-0.01954940049258378,-0.6533071458313744,0
1571232085250,1.3282626595222617,0.7929789740772277,-0.5903210390175868,-0.8098296175400959,-0.6533071458313744,0
1571232085500,1.3282626595222617,0.7929789740772277,-0.5903210390175868,0.15298609209912478,-0.6553190342825894,0
1571232085750,1.3282626595222617,0.7604632689258184,-0.5903210390175868,-0.5246385974326248,-0.6533071458313744,0
1571232086000,1.2847285943781785,0.7604632689258184,-0.5903210390175868,0.5636036492230194,-0.651296827941011,0
1571232086250,1.3282626595222617,0.7604632689258184,-0.5903210390175868,-0.23547249489779554,-0.651296827941011,0
1571232086500,1.2847285943781785,0.7604632689258184,-0.5903210390175868,0.6861545946962477,-0.6533071458313744,0
1571232086750,1.3282626595222617,0.7604632689258184,-0.5903210390175868,-0.06293700230608697,-0.651296827941011,0
1571232087000,1.3282626595222617,0.7604632689258184,-0.5903210390175868,0.16195117161614495,-0.651296827941011,0
1571232087250,1.2847285943781785,0.7604632689258184,-0.5903210390175868,0.23003503021238286,-0.651296827941011,0
1571232087500,1.2847285943781785,0.7604632689258184,-0.6252609432856484,-0.9025251566972099,-0.651296827941011,0
1571232087750,1.2847285943781785,0.7604632689258184,-0.6252609432856484,0.7696313256707655,-0.651296827941011,0
1571232088000,1.3282626595222617,0.7604632689258184,-0.5903210390175868,0.29761143147746866,-0.6533071458313744,0
1571232088250,1.3282626595222617,0.7604632689258184,-0.6252609432856484,-1.1660646640088588,-0.651296827941011,0
1571232088500,1.2847285943781785,0.7604632689258184,-0.6252609432856484,0.6004788819534043,-0.651296827941011,0
1571232088750,1.3282626595222617,0.7604632689258184,-0.6252609432856484,0.22538333801015542,-0.6492849394897959,0
1571232089000,1.3282626595222617,0.7604632689258184,-0.6252609432856484,-1.1319804465998105,-0.651296827941011,0
1571232089250,1.3282626595222617,0.7604632689258184,-0.5903210390175868,0.5678324603159535,-0.651296827941011,0
1571232089500,1.3282626595222617,0.7929789740772277,-0.5903210390175868,-0.00923110142582474,-0.6492849394897959,0
1571232089750,1.3282626595222617,0.7604632689258184,-0.5903210390175868,-0.7759145525747648,-0.651296827941011,0
1571232090000,1.2847285943781785,0.7604632689258184,-0.5903210390175868,0.4540774419160279,-0.651296827941011,0
1571232090250,1.3282626595222617,0.7604632689258184,-0.5903210390175868,-0.09778240571186339,-0.6472730510385809,0
1571232090500,1.3282626595222617,0.7604632689258184,-0.5903210390175868,-0.4271222136295659,-0.6492849394897959,0
1571232090750,1.2847285943781785,0.7604632689258184,-0.5903210390175868,0.41957034339768623,-0.651296827941011,0
1571232091000,1.2847285943781785,0.7604632689258184,-0.5903210390175868,-0.12112544294485926,-0.6492849394897959,0
1571232091250,1.3282626595222617,0.7604632689258184,-0.5903210390175868,-0.5943294042441775,-0.6492849394897959,0
1571232091500,1.2847285943781785,0.7604632689258184,-0.5903210390175868,0.37660562269347647,-0.6492849394897959,0
1571232091750,1.2847285943781785,0.7604632689258184,-0.5903210390175868,-0.12713035469682557,-0.6472730510385809,0
1571232092000,1.3282626595222617,0.7929789740772277,-0.5903210390175868,-0.6995422242363764,-0.6492849394897959,0
1571232092250,1.3282626595222617,0.7929789740772277,-0.5903210390175868,0.4199932245069796,-0.6492849394897959,0
1571232092500,1.2847285943781785,0.7604632689258184,-0.5903210390175868,-0.15554796524134226,-0.6492849394897959,0
1571232092750,1.3282626595222617,0.7604632689258184,-0.5903210390175868,-0.7896159005158712,-0.6492849394897959,0
1571232093000,1.3282626595222617,0.7929789740772277,-0.6252609432856484,0.4248140691529244,-0.6472730510385809,0
1571232093250,1.3282626595222617,0.7604632689258184,-0.5903210390175868,-0.1751696487125562,-0.6472730510385809,0
1571232093500,1.3282626595222617,0.7604632689258184,-0.6252609432856484,-0.48903200803012015,-0.651296827941011,0
1571232093750,1.3282626595222617,0.7929789740772277,-0.5903210390175868,0.35427750012278475,-0.6472730510385809,0
1571232094000,1.3282626595222617,0.7929789740772277,-0.5903210390175868,-0.3636054710136968,-0.6492849394897959,0
1571232094250,1.2847285943781785,0.7929789740772277,-0.5903210390175868,0.40037154103576567,-0.6492849394897959,0
1571232094500,1.2847285943781785,0.7929789740772277,-0.5903210390175868,0.27037788803897356,-0.6492849394897959,0
1571232094750,1.3282626595222617,0.7604632689258184,-0.6252609432856484,-0.5885782211577872,-0.6492849394897959,0
1571232095000,1.2847285943781785,0.7604632689258184,-0.6252609432856484,0.9124805643900772,-0.6492849394897959,0
1571232095250,1.2847285943781785,0.7929789740772277,-0.5903210390175868,0.3005715992425225,-0.6472730510385809,0
1571232095500,1.2847285943781785,0.7604632689258184,-0.6252609432856484,-1.1310501081593651,-0.6492849394897959,0
1571232095750,1.3282626595222617,0.7929789740772277,-0.6252609432856484,0.8987792164489709,-0.6492849394897959,0
1571232096000,1.3282626595222617,0.7929789740772277,-0.5903210390175868,0.13742406727712755,-0.6472730510385809,0
1571232096250,1.3282626595222617,0.7929789740772277,-0.6252609432856484,-1.136378410136462,-0.651296827941011,0
1571232096500,1.3282626595222617,0.7929789740772277,-0.6252609432856484,0.5702851707498552,-0.6492849394897959,0
1571232096750,1.2847285943781785,0.7604632689258184,-0.6252609432856484,-0.25898468457450874,-0.6492849394897959,0
1571232097000,1.3282626595222617,0.7929789740772277,-0.6252609432856484,-0.14438390395599643,-0.6492849394897959,0
1571232097250,1.3282626595222617,0.7929789740772277,-0.5903210390175868,0.3404069997379611,-0.6472730510385809,0
1571232097500,1.3282626595222617,0.7929789740772277,-0.6252609432856484,-0.5257380883167876,-0.6472730510385809,0
1571232097750,1.2847285943781785,0.7604632689258184,-0.5903210390175868,0.9699923952539801,-0.6492849394897959,0
1571232098000,1.2847285943781785,0.7929789740772277,-0.6252609432856484,0.2747758515756249,-0.6472730510385809,0
1571232098250,1.3282626595222617,0.7929789740772277,-0.6252609432856484,-1.2300888639558802,-0.6452611625873658,0
1571232098500,1.3282626595222617,0.8254946792286371,-0.66020084755371,0.6381153006805171,-0.6472730510385809,0
1571232098750,1.2847285943781785,0.7929789740772277,-0.66020084755371,-0.10717036633817695,-0.6472730510385809,0
1571232099000,1.3282626595222617,0.7929789740772277,-0.66020084755371,0.7868002987080778,-0.6492849394897959,0
1571232099250,1.3282626595222617,0.7929789740772277,-0.66020084755371,0.18546336129285818,-0.6472730510385809,0
1571232099500,1.3282626595222617,0.7929789740772277,-0.66020084755371,-0.860913655542739,-0.6472730510385809,0
1571232099750,1.3282626595222617,0.7929789740772277,-0.66020084755371,0.2390846859512617,-0.6452611625873658,0
1571232100000,1.3282626595222617,0.7929789740772277,-0.66020084755371,-0.8713165308313566,-0.6492849394897959,0
1571232100250,1.3282626595222617,0.7929789740772277,-0.66020084755371,0.8137801134809969,-0.6452611625873658,0
1571232100500,1.3282626595222617,0.7929789740772277,-0.66020084755371,-0.232427750910883,-0.6472730510385809,0
1571232100750,1.3282626595222617,0.7929789740772277,-0.66020084755371,0.8123423177093992,-0.6452611625873658,0
1571232101000,1.3282626595222617,0.7929789740772277,-0.66020084755371,-0.0667429322897276,-0.6472730510385809,0
1571232101250,1.3282626595222617,0.7929789740772277,-0.66020084755371,0.10054883454674278,-0.6472730510385809,0
1571232101500,1.3282626595222617,0.7929789740772277,-0.66020084755371,0.03119633262262462,-0.6452611625873658,0
1571232101750,1.3282626595222617,0.7604632689258184,-0.66020084755371,-0.7863174278633827,-0.6472730510385809,0
1571232102000,1.3282626595222617,0.7929789740772277,-0.66020084755371,0.25709942120716067,-0.6472730510385809,0
1571232102250,1.3282626595222617,0.7929789740772277,-0.66020084755371,-0.8326651974419397,-0.6472730510385809,0
1571232102500,1.3282626595222617,0.7929789740772277,-0.6252609432856484,0.8413519618069268,-0.6452611625873658,0
1571232102750,1.3282626595222617,0.7929789740772277,-0.6252609432856484,-0.2312436838048615,-0.6472730510385809,0
1571232103000,1.3282626595222617,0.7929789740772277,-0.6252609432856484,0.5624195821169979,-0.6452611625873658,0
1571232103250,1.2847285943781785,0.8254946792286371,-0.6951407518217716,0.05352445519331631,-0.6452611625873658,0
1571232103500,1.2847285943781785,0.7604632689258184,-0.48550132621340203,-1.13713959613319,-0.6472730510385809,0
1571232103750,1.2847285943781785,0.7929789740772277,-0.48550132621340203,0.45365456080673455,-0.6432508446970024,0
1571232104000,1.0235242035136798,0.9230417946828652,-0.2758619006050324,-0.34017785755884217,-0.6472730510385809,0
1571232104250,0.8929220080814304,0.9230417946828652,0.003657333539460452,0.9075751435222738,-0.6472730510385809,0
1571232104500,0.8058538777932641,0.9230417946828652,0.14341695061170687,-0.10387189368568839,-0.6472730510385809,0
1571232104750,1.067058268657763,0.9230417946828652,-0.06622247499666276,-0.4550323668429306,-0.6472730510385809,0
1571232105000,0.9799901383695966,0.9230417946828652,-0.10116237926472436,0.10173290165276429,-0.6452611625873658,0
1571232105250,1.067058268657763,0.9555574998342745,-0.2059820920689092,-0.9502261458255058,-0.6452611625873658,0
1571232105500,1.110592333801846,0.9230417946828652,-0.2059820920689092,0.7736909843199823,-0.6452611625873658,0
1571232105750,1.1541263989459292,0.9230417946828652,-0.24092199633697078,-0.22583080560590593,-0.6432508446970024,0
1571232106000,1.2411945292340956,0.8905260895314557,-0.310801804873094,0.7653179383559728,-0.6472730510385809,0
1571232106250,1.1541263989459292,0.8580103843800464,-0.310801804873094,0.026375487976679823,-0.6452611625873658,0
1571232106500,1.1976604640900124,0.8905260895314557,-0.3457417091411556,-0.4426842384515632,-0.6432508446970024,0
1571232106750,1.1541263989459292,0.8580103843800464,-0.3457417091411556,0.18935386749835745,-0.6452611625873658,0
1571232107000,1.2411945292340956,0.8905260895314557,-0.4156215176772788,-0.8615902653176085,-0.6452611625873658,0
1571232107250,1.2411945292340956,0.8254946792286371,-0.3806816134092172,0.43775423109730255,-0.6452611625873658,0
1571232107500,1.1976604640900124,0.8254946792286371,-0.3457417091411556,-0.22007962251951566,-0.6472730510385809,0
1571232107750,1.1976604640900124,0.8580103843800464,-0.3457417091411556,0.9593357912997862,-0.6452611625873658,0
1571232108000,1.2411945292340956,0.8580103843800464,-0.3457417091411556,-0.21889555541349412,-0.6452611625873658,0
1571232108250,1.2411945292340956,0.8254946792286371,-0.4156215176772788,-0.04348447127859041,-0.6452611625873658,0
1571232108500,1.1976604640900124,0.8254946792286371,-0.310801804873094,0.17311523290149078,-0.6432508446970024,0
1571232108750,1.2411945292340956,0.8254946792286371,-0.310801804873094,-1.024061187508134,-0.6432508446970024,0
1571232109000,1.1976604640900124,0.8254946792286371,-0.2758619006050324,0.5399223071025888,-0.6452611625873658,0
1571232109250,1.1976604640900124,0.7929789740772277,-0.310801804873094,-0.2902778866622206,-0.6412389562457873,0
1571232109500,1.1976604640900124,0.7929789740772277,-0.310801804873094,0.8444812820156979,-0.6432508446970024,0
1571232109750,1.1541263989459292,0.7929789740772277,-0.3806816134092172,0.018594475565681202,-0.6452611625873658,0
1571232110000,1.2411945292340956,0.7929789740772277,-0.3806816134092172,-0.45224135152159406,-0.6432508446970024,0
1571232110250,1.2847285943781785,0.7604632689258184,-0.3806816134092172,0.09682748078496081,-0.6432508446970024,0
1571232110500,1.371796724666345,0.7604632689258184,-0.24092199633697078,-0.8604907744334456,-0.6452611625873658,0
1571232110750,1.1976604640900124,0.7929789740772277,-0.4156215176772788,0.7153333912374925,-0.6432508446970024,0
1571232111000,1.2411945292340956,0.7929789740772277,-0.45056142194534043,-0.20240319215105138,-0.6432508446970024,0
1571232111250,1.3282626595222617,0.7279475637744091,-0.45056142194534043,0.5073604616869967,-0.6432508446970024,0
1571232111500,1.2847285943781785,0.8254946792286371,-0.4156215176772788,0.0649422451442382,-0.6432508446970024,0
1571232111750,1.1976604640900124,0.7604632689258184,-0.2758619006050324,-1.0737074297391795,-0.6452611625873658,0
1571232112000,0.3705132263524327,1.020588910137093,0.2831765676839533,0.4376696548754439,-0.6412389562457873,0
1571232112250,0.9364560732255135,0.630400448320181,0.10847704634364527,-0.27107908430030014,-0.6452611625873658,0
1571232112500,0.8493879429373472,0.5653690380173624,0.1783568548797685,0.8505707699895229,-0.6472730510385809,0
1571232112750,0.8058538777932641,0.14266487104904096,0.5976357060965077,-0.25052706238864064,-0.651296827941011,0
1571232113000,0.9799901383695966,-0.4426178216763272,1.9253520682828487,-0.7551933782193883,-0.6573309227338046,0
1571232113250,0.8058538777932641,0.37027480710890637,0.5277558975603845,0.4358089779945529,-0.6472730510385809,0
1571232113500,0.6317176172169315,0.27272769165467836,0.6675155146326309,-0.7397159296192497,-0.6452611625873658,0
1571232113750,-0.06482742508839867,0.1751805762004503,0.9120948445090622,0.6274586967263234,-0.6452611625873658,0
1571232114000,-0.23896368566473122,0.20769628135185966,0.9819746530451854,-0.17533880115627354,-0.6452611625873658,0
1571232114250,-0.021293359944315533,0.240211986503269,0.9470347487771238,0.343874624834167,-0.6432508446970024,0
1571232114500,-0.06482742508839867,0.1751805762004503,0.8072751317048774,1.1190156981689754,-0.6432508446970024,0
1571232114750,1.371796724666345,1.020588910137093,-0.2059820920689092,-1.0907918265546332,-0.6412389562457873,0
1571232115000,1.3282626595222617,0.7604632689258184,-0.310801804873094,0.36163563142448996,-0.6412389562457873,0
1571232115250,1.110592333801846,1.0856203204399117,-0.2758619006050324,-0.004494833001738622,-0.6452611625873658,0
1571232115500,0.6752516823610146,0.9555574998342745,0.3181164719520149,0.13336440862791085,-0.6432508446970024,0
1571232115750,1.5459329852426775,0.8254946792286371,-0.6951407518217716,0.5665638169880732,-0.6452611625873658,0
1571232116000,0.9364560732255135,0.630400448320181,0.07353714207558366,-0.38246596848818254,-0.6472730510385809,0
1571232116250,1.1976604640900124,0.6954318586229997,-0.2059820920689092,0.2686863636017999,-0.6452611625873658,0
1571232116500,1.3282626595222617,0.6954318586229997,-0.3806816134092172,-0.5577924764012275,-0.6452611625873658,0
1571232116750,1.110592333801846,0.7279475637744091,-0.24092199633697078,0.23578621329877317,-0.6452611625873658,0
1571232117000,1.110592333801846,0.7279475637744091,-0.2758619006050324,0.18123455019992413,-0.6432508446970024,0
1571232117250,1.1976604640900124,0.7604632689258184,-0.3457417091411556,0.15738405563577618,-0.6432508446970024,0
1571232117500,1.1976604640900124,0.7279475637744091,-0.3457417091411556,-0.5156735179156046,-0.6432508446970024,0
1571232117750,1.2847285943781785,0.6954318586229997,-0.5204412304814636,-0.005256018998466749,-0.6432508446970024,0
1571232118000,1.0235242035136798,0.5978847431687717,0.14341695061170687,-0.013713641184334815,-0.6452611625873658,0
1571232118250,1.067058268657763,0.7279475637744091,-0.17104218780084757,-0.0889864786385606,-0.6432508446970024,0
1571232118500,1.415330789810428,0.6629161534715904,-0.2758619006050324,0.16169744295056887,-0.6432508446970024,0
1571232118750,0.9799901383695966,0.6954318586229997,0.07353714207558366,-0.6787364736591408,-0.6452611625873658,0
1571232119000,0.9799901383695966,0.7279475637744091,0.038597237807522056,0.08321070906571323,-0.6412389562457873,0
1571232119250,0.9799901383695966,0.7279475637744091,0.038597237807522056,-1.0909609789983503,-0.6432508446970024,0
1571232119500,1.2411945292340956,0.6954318586229997,-0.24092199633697078,0.3601978356528924,-0.6432508446970024,0
1571232119750,1.1976604640900124,0.6954318586229997,-0.24092199633697078,-0.9062465104589918,-0.6432508446970024,0
1571232120000,1.1976604640900124,0.6954318586229997,-0.2758619006050324,0.41948576717582753,-0.6452611625873658,0
1571232120250,1.3282626595222617,0.6629161534715904,-0.3457417091411556,-0.7265220390092955,-0.6412389562457873,0
1571232120500,1.1976604640900124,0.6954318586229997,-0.310801804873094,0.6930898448886595,-0.6412389562457873,0
1571232120750,1.2411945292340956,0.6954318586229997,-0.310801804873094,-0.558976543507249,-0.6432508446970024,0
1571232121000,1.2411945292340956,0.6954318586229997,-0.310801804873094,0.7003633999685062,-0.6432508446970024,0
1571232121250,1.1976604640900124,0.6954318586229997,-0.3457417091411556,-0.41790340544696974,-0.6452611625873658,0
1571232121500,1.2411945292340956,0.6629161534715904,-0.2758619006050324,0.8310336627401678,-0.6412389562457873,0
1571232121750,1.1541263989459292,0.6954318586229997,-0.24092199633697078,-0.1837964233421416,-0.6412389562457873,0
1571232122000,1.2411945292340956,0.6954318586229997,-0.310801804873094,0.601832101503143,-0.6432508446970024,0
1571232122250,1.2847285943781785,0.6954318586229997,-0.3457417091411556,-0.12797611691541239,-0.6432508446970024,0
1571232122500,1.1541263989459292,0.5653690380173624,-0.3457417091411556,-0.2630443432237254,-0.6432508446970024,0
1571232122750,1.2847285943781785,0.5653690380173624,-0.3457417091411556,0.09657375211938478,-0.6452611625873658,0
1571232123000,1.2411945292340956,0.5653690380173624,-0.2758619006050324,-0.7193330601513075,-0.6412389562457873,0
1571232123250,1.2411945292340956,0.5653690380173624,-0.24092199633697078,0.24703485080597767,-0.6432508446970024,0
1571232123500,1.2411945292340956,0.5978847431687717,-0.24092199633697078,-0.59289160847258,-0.6452611625873658,0
1571232123750,1.3282626595222617,0.630400448320181,-0.3457417091411556,0.531126380029286,-0.6432508446970024,0
1571232124000,1.2411945292340956,0.5978847431687717,-0.3457417091411556,-0.020226010267453225,-0.6452611625873658,0
1571232124250,1.110592333801846,0.6629161534715904,-0.3457417091411556,0.8218994307794302,-0.6412389562457873,0
1571232124500,1.3282626595222617,0.7279475637744091,-0.7300806560898333,-0.4102915454796885,-0.6432508446970024,0
1571232124750,1.3282626595222617,0.6629161534715904,-0.4156215176772788,-0.17373185294095864,-0.6432508446970024,0
1571232125000,1.2847285943781785,0.6954318586229997,-0.48550132621340203,-0.26778061164781153,-0.6452611625873658,0
1571232125250,1.3282626595222617,0.7279475637744091,-0.45056142194534043,-0.06894191405805329,-0.6412389562457873,0
1571232125500,1.2847285943781785,0.6954318586229997,-0.4156215176772788,-0.14835898638335443,-0.6432508446970024,0
1571232125750,1.2847285943781785,0.6954318586229997,-0.45056142194534043,-0.36056072702678427,-0.6432508446970024,0
1571232126000,1.2411945292340956,0.6629161534715904,-0.4156215176772788,0.15188660121496192,-0.6412389562457873,0
1571232126250,1.2847285943781785,0.6629161534715904,-0.45056142194534043,-0.5918766938102759,-0.6452611625873658,0
1571232126500,1.2847285943781785,0.6954318586229997,-0.45056142194534043,0.22479130445714465,-0.6452611625873658,0
1571232126750,1.2847285943781785,0.6629161534715904,-0.48550132621340203,-0.8337646883261025,-0.6432508446970024,0
1571232127000,1.2411945292340956,0.7279475637744091,-0.3457417091411556,0.19840352323723628,-0.6452611625873658,0
1571232127250,1.2847285943781785,0.6954318586229997,-0.310801804873094,-0.7938447116088052,-0.6452611625873658,0
1571232127500,1.2411945292340956,0.630400448320181,-0.3457417091411556,0.4941665710770426,-0.6432508446970024,0
1571232127750,1.2411945292340956,0.6629161534715904,-0.3806816134092172,-0.5469667200033164,-0.6432508446970024,0
1571232128000,1.371796724666345,0.5978847431687717,-0.3806816134092172,0.7635418376969405,-0.6452611625873658,0
1571232128250,1.2847285943781785,0.7279475637744091,-0.4156215176772788,-0.3444912448736349,-0.6412389562457873,0
1571232128500,1.1976604640900124,0.6629161534715904,-0.2758619006050324,0.8541229713075875,-0.6412389562457873,0
1571232128750,1.2411945292340956,0.6954318586229997,-0.310801804873094,-0.15182661147956034,-0.6452611625873658,0
1571232129000,1.110592333801846,0.630400448320181,-0.13610228353278597,0.8570831390726414,-0.6432508446970024,0
1571232129250,1.067058268657763,0.5653690380173624,-0.10116237926472436,-0.08179749978057274,-0.6452611625873658,0
1571232129500,1.3282626595222617,0.630400448320181,-0.3806816134092172,0.29727312659003396,-0.6452611625873658,0
1571232129750,1.2847285943781785,0.7604632689258184,-0.48550132621340203,0.08743952015864727,-0.6432508446970024,0
1571232130000,1.2847285943781785,0.6954318586229997,-0.45056142194534043,-0.9602061400048301,-0.6432508446970024,0
1571232130250,1.2847285943781785,0.6629161534715904,-0.4156215176772788,0.415933565857763,-0.6432508446970024,0
1571232130500,1.2847285943781785,0.6629161534715904,-0.3806816134092172,0.21531876760897242,-0.6432508446970024,0
1571232130750,1.2411945292340956,0.6954318586229997,-0.3806816134092172,0.4870621684409134,-0.6432508446970024,0
1571232131000,1.2411945292340956,0.6629161534715904,-0.3457417091411556,0.1721848944610453,-0.6412389562457873,0
1571232131250,1.2411945292340956,0.6629161534715904,-0.3457417091411556,-0.7561237166598337,-0.6412389562457873,0
1571232131500,1.2411945292340956,0.6629161534715904,-0.3806816134092172,0.34556614927134066,-0.6432508446970024,0
1571232131750,1.2411945292340956,0.6629161534715904,-0.3457417091411556,-0.29315347820541576,-0.6412389562457873,0
1571232132000,1.2411945292340956,0.6629161534715904,-0.310801804873094,0.1604287996226887,-0.6432508446970024,0
1571232132250,1.2411945292340956,0.630400448320181,-0.310801804873094,-0.0968520672714179,-0.6432508446970024,0
1571232132500,1.2411945292340956,0.6629161534715904,-0.310801804873094,-0.6196176945799231,-0.6412389562457873,0
1571232132750,1.2411945292340956,0.6629161534715904,-0.310801804873094,0.16195117161614495,-0.6412389562457873,0
1571232133000,1.2411945292340956,0.6629161534715904,-0.3457417091411556,-0.6699405465858381,-0.6432508446970024,0
1571232133250,1.2411945292340956,0.6629161534715904,-0.310801804873094,0.48300250979169673,-0.6392270677945723,0
1571232133500,1.2411945292340956,0.6629161534715904,-0.310801804873094,-0.13059797979303148,-0.6432508446970024,0
1571232133750,1.3282626595222617,0.6954318586229997,-0.48550132621340203,0.6642493532348493,-0.6432508446970024,0
1571232134000,1.2411945292340956,0.6629161534715904,-0.310801804873094,-0.1532644072511579,-0.6392270677945723,0
1571232134250,1.3282626595222617,0.6954318586229997,-0.3457417091411556,-0.0426387090600036,-0.6412389562457873,0
1571232134500,1.2411945292340956,0.6954318586229997,-0.3457417091411556,0.1287972926475421,-0.6412389562457873,0
1571232134750,1.2411945292340956,0.6629161534715904,-0.3457417091411556,-0.8357099414288521,-0.6412389562457873,0
1571232135000,1.2411945292340956,0.6629161534715904,-0.2758619006050324,0.46084353966472236,-0.6412389562457873,0
1571232135250,1.2411945292340956,0.6954318586229997,-0.3457417091411556,-0.20553251235982256,-0.6432508446970024,0
1571232135500,1.2411945292340956,0.6954318586229997,-0.3457417091411556,0.6747368047453258,-0.6412389562457873,0
1571232135750,1.1976604640900124,0.6954318586229997,-0.3457417091411556,0.08921562081767956,-0.6432508446970024,0
1571232136000,1.2411945292340956,0.6629161534715904,-0.3806816134092172,-0.9552161429151679,-0.6432508446970024,0
1571232136250,1.2847285943781785,0.6629161534715904,-0.3457417091411556,0.3613819027589139,-0.6412389562457873,0
1571232136500,1.2411945292340956,0.6629161534715904,-0.3457417091411556,-0.20849268012487637,-0.6412389562457873,0
1571232136750,1.2847285943781785,0.6954318586229997,-0.3457417091411556,0.5756134727269522,-0.637216749904209,0
1571232137000,1.2847285943781785,0.6954318586229997,-0.3457417091411556,0.1152650971501532,-0.6412389562457873,0
1571232137250,1.2411945292340956,0.6629161534715904,-0.3457417091411556,-0.9772059605984249,-0.6412389562457873,0
1571232137500,1.2411945292340956,0.6629161534715904,-0.3457417091411556,0.2831488975396343,-0.6412389562457873,0
1571232137750,1.2411945292340956,0.6629161534715904,-0.3457417091411556,-0.28139738336705916,-0.6412389562457873,0
1571232138000,1.2411945292340956,0.6629161534715904,-0.3457417091411556,0.7303879587283377,-0.6412389562457873,0
1571232138250,1.2847285943781785,0.6954318586229997,-0.3806816134092172,-0.008216186763520572,-0.6392270677945723,0
1571232138500,1.2411945292340956,0.6629161534715904,-0.3457417091411556,-0.4064010392741892,-0.6412389562457873,0
1571232138750,1.1976604640900124,0.6629161534715904,-0.4156215176772788,0.19569708413775852,-0.6412389562457873,0
1571232139000,1.2411945292340956,0.6629161534715904,-0.3457417091411556,-0.6137819352716741,-0.6392270677945723,0
1571232139250,1.2411945292340956,0.630400448320181,-0.2758619006050324,0.762357770590919,-0.6392270677945723,0
1571232139500,1.0235242035136798,0.6629161534715904,-0.13610228353278597,0.007514990502194032,-0.637216749904209,0
1571232139750,0.7623198126491809,0.8580103843800464,0.10847704634364527,-0.3170039727695637,-0.6392270677945723,0
1571232140000,0.8058538777932641,0.6954318586229997,0.21329675914783008,0.15966761362596055,-0.6412389562457873,0
1571232140250,1.0235242035136798,0.6629161534715904,0.24823666341589168,-0.6662191928240561,-0.6412389562457873,0
1571232140500,0.9799901383695966,0.6954318586229997,0.21329675914783008,0.33271056354882117,-0.6412389562457873,0
1571232140750,0.9364560732255135,0.630400448320181,0.3181164719520149,-0.08306614310845296,-0.6412389562457873,0
1571232141000,0.9799901383695966,0.5978847431687717,0.2831765676839533,0.5338328191287638,-0.6392270677945723,0
1571232141250,1.0235242035136798,0.630400448320181,0.14341695061170687,0.11095170983536048,-0.6392270677945723,0
1571232141500,1.0235242035136798,0.7279475637744091,0.038597237807522056,-0.7929989493902184,-0.6392270677945723,0
1571232141750,1.1976604640900124,0.630400448320181,-0.24092199633697078,0.5627578870044326,-0.6392270677945723,0
1571232142000,1.1976604640900124,0.6954318586229997,-0.24092199633697078,-0.06513598407441266,-0.6392270677945723,0
1571232142250,1.1976604640900124,0.6954318586229997,-0.24092199633697078,0.3250141273596812,-0.637216749904209,0
1571232142500,1.1976604640900124,0.6954318586229997,-0.2758619006050324,0.2014482672241488,-0.637216749904209,0
1571232142750,1.1976604640900124,0.6629161534715904,-0.310801804873094,-0.4451369488854649,-0.6392270677945723,0
1571232143000,1.1976604640900124,0.6629161534715904,-0.2758619006050324,0.585424314462559,-0.6392270677945723,0
1571232143250,1.2847285943781785,0.6629161534715904,-0.310801804873094,-0.475838117420166,-0.637216749904209,0
1571232143500,1.2411945292340956,0.6629161534715904,-0.310801804873094,0.6767666340699342,-0.6392270677945723,0
1571232143750,1.2411945292340956,0.6954318586229997,-0.310801804873094,-0.07706123135648663,-0.6392270677945723,0
1571232144000,1.2411945292340956,0.6954318586229997,-0.310801804873094,0.34057615218167847,-0.6392270677945723,0
1571232144250,1.2411945292340956,0.6954318586229997,-0.310801804873094,0.12236949978628238,-0.637216749904209,0
1571232144500,1.2411945292340956,0.6954318586229997,-0.310801804873094,-0.7677106590544729,-0.6392270677945723,0
1571232144750,1.2411945292340956,0.6954318586229997,-0.3457417091411556,0.30750684943493434,-0.6392270677945723,0
1571232145000,1.2411945292340956,0.6954318586229997,-0.3457417091411556,-0.2153433540954295,-0.6352048614529938,0
1571232145250,1.2411945292340956,0.6954318586229997,-0.3457417091411556,0.4890919977655217,-0.6392270677945723,0
1571232145500,1.2411945292340956,0.6954318586229997,-0.3457417091411556,-0.038325321745210895,-0.637216749904209,0
1571232145750,1.2411945292340956,0.6954318586229997,-0.3806816134092172,-0.4693257483370476,-0.637216749904209,0
1571232146000,1.2411945292340956,0.6954318586229997,-0.3806816134092172,0.05411648874632708,-0.6392270677945723,0
1571232146250,1.2411945292340956,0.6954318586229997,-0.3457417091411556,-0.5040865755209654,-0.6392270677945723,0
1571232146500,1.2411945292340956,0.6954318586229997,-0.3457417091411556,0.4664255703073953,-0.637216749904209,0
1571232146750,1.2847285943781785,0.6954318586229997,-0.3457417091411556,-0.17322439560980654,-0.6392270677945723,0
1571232147000,1.2847285943781785,0.6954318586229997,-0.3806816134092172,0.09640459967566742,-0.6352048614529938,0
1571232147250,1.2847285943781785,0.6954318586229997,-0.3806816134092172,0.0286590459668642,-0.637216749904209,0
1571232147500,1.2847285943781785,0.6954318586229997,-0.3806816134092172,-0.806869449775042,-0.6392270677945723,0
1571232147750,1.2847285943781785,0.6954318586229997,-0.3806816134092172,0.42253051116274004,-0.6352048614529938,0
1571232148000,1.2411945292340956,0.6954318586229997,-0.45056142194534043,-0.10514053701356861,-0.637216749904209,0
1571232148250,1.110592333801846,0.6954318586229997,-0.48550132621340203,0.08735494393678858,-0.637216749904209,0
1571232148500,1.371796724666345,0.7604632689258184,-0.3806816134092172,0.13133457930330253,-0.6432508446970024,0
1571232148750,0.8058538777932641,0.7279475637744091,0.24823666341589168,-0.7109600141872982,-0.651296827941011,0
1571232149000,0.15284290063201703,0.9230417946828652,0.6675155146326309,0.5058380896935405,-0.637216749904209,0
1571232149250,-0.021293359944315533,0.9230417946828652,0.7373953231687541,-0.12949848890886864,-0.637216749904209,0
1571232149500,0.5011154217846822,0.8254946792286371,0.5976357060965077,0.5377233253342631,-0.637216749904209,0
1571232149750,0.9364560732255135,0.6954318586229997,-0.031282570728601154,0.12862814020382476,-0.6352048614529938,0
1571232150000,1.067058268657763,0.7279475637744091,0.003657333539460452,-1.096627585862882,-0.637216749904209,0
1571232150250,1.067058268657763,0.6954318586229997,-0.10116237926472436,0.24559705503438012,-0.637216749904209,0
1571232150500,1.2847285943781785,0.6629161534715904,-0.24092199633697078,-0.589170254710798,-0.637216749904209,0
1571232150750,1.3282626595222617,0.6954318586229997,-0.06622247499666276,0.8291729858592767,-0.637216749904209,0
1571232151000,1.1976604640900124,0.5653690380173624,-0.24092199633697078,-0.14835898638335443,-0.637216749904209,0
1571232151250,0.9799901383695966,0.5003376277145437,0.003657333539460452,0.6212000563087811,-0.6352048614529938,0
1571232151500,0.7623198126491809,0.5653690380173624,0.3181164719520149,0.5364546820063829,-0.637216749904209,0
1571232151750,0.9799901383695966,0.3052433968060877,0.3879962804881381,-0.7915611536186209,-0.637216749904209,0
1571232152000,-0.3260318159528975,1.1506517307427304,0.9819746530451854,0.5427133224239253,-0.6392270677945723,0
1571232152250,0.7623198126491809,1.280714551348368,1.2614938871896781,0.09564341367893929,-0.6352048614529938,0
1571232152500,-0.15189555537656493,-0.3450707062220992,0.9120948445090622,-0.14429932773413776,-0.637216749904209,0
1571232152750,0.15284290063201703,0.4678219225631344,1.2614938871896781,0.07602173020772537,-0.6352048614529938,0
1571232153000,0.3269791612083496,0.6629161534715904,0.9819746530451854,-0.49309166667933685,-0.6331929730017788,0
1571232153250,-0.06482742508839867,0.5653690380173624,0.9819746530451854,1.1304334881198974,-0.6331929730017788,0
1571232153500,-0.1083614902324818,0.5978847431687717,0.842215035972939,-0.9293358190264116,-0.6352048614529938,0
1571232153750,0.022240705199767605,0.532853332865953,0.8771549402410006,-0.8629434848673473,-0.6331929730017788,0
1571232154000,0.06577477034385075,0.5003376277145437,0.842215035972939,0.8586055110660976,-0.6352048614529938,0
1571232154250,0.10930883548793388,0.532853332865953,0.9120948445090622,0.033733619278385044,-0.6352048614529938,0
1571232154500,0.022240705199767605,0.532853332865953,0.9120948445090622,0.17201574201732794,-0.6352048614529938,0
1571232154750,0.06577477034385075,0.5003376277145437,0.9120948445090622,-0.3697795352093804,-0.6352048614529938,0
1571232155000,0.06577477034385075,0.5003376277145437,0.8771549402410006,-0.6262992161067588,-0.6331929730017788,0
1571232155250,0.10930883548793388,0.5653690380173624,0.8771549402410006,0.1415683021482029,-0.6311810845505637,0
1571232155500,0.022240705199767605,0.532853332865953,0.8771549402410006,-0.13863272086960615,-0.6331929730017788,0
1571232155750,0.06577477034385075,0.532853332865953,0.9120948445090622,0.5825487229193639,-0.6311810845505637,0
1571232156000,-0.06482742508839867,0.43530621741172504,0.842215035972939,-0.8071231784406181,-0.6311810845505637,0
1571232156250,-0.021293359944315533,0.5003376277145437,0.9819746530451854,0.2321494357588499,-0.6331929730017788,0
1571232156500,-0.1083614902324818,0.4678219225631344,0.9120948445090622,-0.13871729709146483,-0.6331929730017788,0
1571232156750,-0.021293359944315533,0.5003376277145437,0.9120948445090622,-0.049827687917991456,-0.6331929730017788,0
1571232157000,-0.021293359944315533,0.5003376277145437,0.9120948445090622,0.14731948523459318,-0.6331929730017788,0
1571232157250,-0.06482742508839867,0.5003376277145437,0.9470347487771238,-0.7420840638312927,-0.6311810845505637,0
1571232157500,-0.021293359944315533,0.5003376277145437,0.9120948445090622,0.5123504587766589,-0.6331929730017788,0
1571232157750,0.022240705199767605,0.5003376277145437,0.9120948445090622,-0.2899395817747859,-0.6291707666602003,0
1571232158000,-0.021293359944315533,0.5003376277145437,0.9470347487771238,0.9521468124417984,-0.6311810845505637,0
1571232158250,-0.021293359944315533,0.5003376277145437,0.9120948445090622,-0.12814526935912976,-0.6311810845505637,0
1571232158500,-0.06482742508839867,0.5003376277145437,0.9470347487771238,0.5121813063329415,-0.6311810845505637,0
1571232158750,-0.021293359944315533,0.5003376277145437,0.9120948445090622,0.052509540531012144,-0.6311810845505637,0
1571232159000,-0.021293359944315533,0.532853332865953,0.9120948445090622,-0.855585353565642,-0.6291707666602003,0
1571232159250,0.022240705199767605,0.532853332865953,0.9120948445090622,0.2607361987470839,-0.6311810845505637,0
1571232159500,-0.021293359944315533,0.5003376277145437,0.9120948445090622,-0.647189542905853,-0.6331929730017788,0
1571232159750,-0.021293359944315533,0.5003376277145437,0.8771549402410006,0.7528006575208881,-0.6291707666602003,0
1571232160000,0.022240705199767605,0.5003376277145437,0.8771549402410006,-0.09406105195008144,-0.6311810845505637,0
1571232160250,-0.021293359944315533,0.532853332865953,0.9120948445090622,0.9418285133750394,-0.6291707666602003,0
1571232160500,0.022240705199767605,0.5003376277145437,0.8771549402410006,0.014788545582040569,-0.6291707666602003,0
1571232160750,0.022240705199767605,0.5003376277145437,0.8771549402410006,-1.3878235177223195,-0.6311810845505637,0
1571232161000,0.022240705199767605,0.5003376277145437,0.9120948445090622,0.17768234888185952,-0.6291707666602003,0
1571232161250,-0.021293359944315533,0.5003376277145437,0.9120948445090622,0.0036244842966947207,-0.6291707666602003,0
1571232161500,-0.021293359944315533,0.5003376277145437,0.9120948445090622,1.2139102190944149,-0.6291707666602003,0
1571232161750,-0.021293359944315533,0.5003376277145437,0.9120948445090622,-0.21703487853260311,-0.6271588782089852,0
1571232162000,0.022240705199767605,0.532853332865953,0.9120948445090622,-1.5589212145424305,-0.6311810845505637,0
1571232162250,0.022240705199767605,0.532853332865953,0.9120948445090622,0.7973723264404128,-0.6291707666602003,0
1571232162500,0.022240705199767605,0.532853332865953,0.9120948445090622,0.12304610956115183,-0.6291707666602003,0
1571232162750,0.022240705199767605,0.532853332865953,0.9120948445090622,-0.5637973881531938,-0.6311810845505637,0
1571232163000,0.022240705199767605,0.532853332865953,0.8771549402410006,0.29532787348728434,-0.6291707666602003,0
1571232163250,-0.021293359944315533,0.5003376277145437,0.8771549402410006,-0.21086081433691944,-0.6291707666602003,0
1571232163500,-0.021293359944315533,0.5003376277145437,0.9120948445090622,-0.5019721699744983,-0.6291707666602003,0
1571232163750,-0.021293359944315533,0.5003376277145437,0.9120948445090622,0.24627366480924956,-0.6271588782089852,0
1571232164000,0.022240705199767605,0.5003376277145437,0.8771549402410006,-0.22227860428784132,-0.6291707666602003,0
1571232164250,0.022240705199767605,0.5003376277145437,0.8771549402410006,0.03728582059644962,-0.6291707666602003,0
1571232164500,0.022240705199767605,0.5003376277145437,0.9120948445090622,0.2210699506953627,-0.6271588782089852,0
1571232164750,0.022240705199767605,0.532853332865953,0.9120948445090622,-0.3520185286190575,-0.6291707666602003,0
1571232165000,0.022240705199767605,0.532853332865953,0.8771549402410006,0.5762900825018216,-0.6291707666602003,0
1571232165250,0.022240705199767605,0.532853332865953,0.8771549402410006,0.22132367936093875,-0.6271588782089852,0
1571232165500,0.022240705199767605,0.532853332865953,0.9120948445090622,-0.42991322895090234,-0.6291707666602003,0
1571232165750,-0.021293359944315533,0.532853332865953,0.9120948445090622,0.679980530500564,-0.6271588782089852,0
1571232166000,0.022240705199767605,0.532853332865953,0.9120948445090622,0.1700704889145783,-0.6291707666602003,0
1571232166250,0.022240705199767605,0.532853332865953,0.9120948445090622,-0.4942757337853584,-0.6291707666602003,0
1571232166500,0.06577477034385075,0.532853332865953,0.9120948445090622,0.8506553462113816,-0.6271588782089852,0
1571232166750,-0.021293359944315533,0.5003376277145437,0.9120948445090622,0.15526965008930918,-0.6291707666602003,0
1571232167000,-0.021293359944315533,0.532853332865953,0.9120948445090622,-0.6618212292874047,-0.6271588782089852,0
1571232167250,0.022240705199767605,0.5003376277145437,0.8771549402410006,0.8811873623023654,-0.6271588782089852,0
1571232167500,0.022240705199767605,0.532853332865953,0.8771549402410006,0.10900645673261083,-0.6291707666602003,0
1571232167750,0.022240705199767605,0.532853332865953,0.9120948445090622,-1.155154331389089,-0.6271588782089852,0
1571232168000,0.022240705199767605,0.5003376277145437,0.8771549402410006,0.6343093706968765,-0.6271588782089852,0
1571232168250,0.022240705199767605,0.532853332865953,0.8771549402410006,-0.08754868286696303,-0.6291707666602003,0
1571232168500,0.022240705199767605,0.532853332865953,0.9120948445090622,-0.43363458271268435,-0.6271588782089852,0
1571232168750,-0.021293359944315533,0.532853332865953,0.9120948445090622,0.21557249627454847,-0.6271588782089852,0
1571232169000,0.022240705199767605,0.532853332865953,0.9120948445090622,-0.4403161042395201,-0.6251469897577702,0
1571232169250,0.022240705199767605,0.532853332865953,0.9120948445090622,0.8744212645536709,-0.6251469897577702,0
1571232169500,0.022240705199767605,0.532853332865953,0.9120948445090622,0.10207120654019902,-0.6271588782089852,0
1571232169750,0.022240705199767605,0.532853332865953,0.9120948445090622,-1.3013866189827479,-0.6251469897577702,0
1571232170000,0.022240705199767605,0.532853332865953,0.9120948445090622,0.7109354277008412,-0.6271588782089852,0
1571232170250,0.022240705199767605,0.532853332865953,0.8771549402410006,-0.057185819219696676,-0.6271588782089852,0
1571232170500,0.022240705199767605,0.532853332865953,0.8771549402410006,-0.07824529846250816,-0.6271588782089852,0
1571232170750,0.022240705199767605,0.5653690380173624,0.9120948445090622,0.2517711192300638,-0.6271588782089852,0
1571232171000,0.022240705199767605,0.532853332865953,0.9120948445090622,-0.6893085013914759,-0.6271588782089852,0
1571232171250,-0.06482742508839867,0.5003376277145437,0.9120948445090622,0.961788501733688,-0.6251469897577702,0
1571232171500,-0.021293359944315533,0.532853332865953,0.9120948445090622,-0.011345506972291756,-0.6271588782089852,0
1571232171750,-0.06482742508839867,0.5653690380173624,0.9120948445090622,-0.22498504338731912,-0.6251469897577702,0
1571232172000,0.06577477034385075,0.532853332865953,0.8771549402410006,-0.17855269758690342,-0.6291707666602003,0
1571232172250,-0.021293359944315533,0.532853332865953,0.8771549402410006,-1.2924215394657277,-0.6271588782089852,0
1571232172500,0.022240705199767605,0.5653690380173624,0.8771549402410006,0.8107353694940843,-0.6231366718674068,0
1571232172750,0.022240705199767605,0.5653690380173624,0.9120948445090622,-0.07384733492585677,-0.6271588782089852,0
1571232173000,-0.021293359944315533,0.532853332865953,0.9120948445090622,0.9030080275419049,-0.6251469897577702,0
1571232173250,-0.021293359944315533,0.532853332865953,0.9120948445090622,0.0007488927534995785,-0.6251469897577702,0
1571232173500,0.022240705199767605,0.5653690380173624,0.9120948445090622,-0.6306971796434103,-0.6251469897577702,0
1571232173750,0.022240705199767605,0.532853332865953,0.9120948445090622,0.45686845723736436,-0.6251469897577702,0
1571232174000,-0.021293359944315533,0.532853332865953,0.9120948445090622,-0.6740847814569134,-0.6251469897577702,0
1571232174250,-0.021293359944315533,0.532853332865953,0.9120948445090622,1.130771793007332,-0.6251469897577702,0
1571232174500,0.022240705199767605,0.532853332865953,0.9120948445090622,0.06917105623717223,-0.6271588782089852,0
1571232174750,-0.021293359944315533,0.5653690380173624,0.9120948445090622,-0.06834988050504252,-0.6271588782089852,0
1571232175000,-0.021293359944315533,0.5653690380173624,0.8771549402410006,0.13133457930330253,-0.6231366718674068,0
1571232175250,0.022240705199767605,0.532853332865953,0.9120948445090622,-1.1933827836692128,-0.6251469897577702,0
1571232175500,0.022240705199767605,0.532853332865953,0.9120948445090622,0.6046231168244796,-0.6251469897577702,0
1571232175750,0.022240705199767605,0.5653690380173624,0.9120948445090622,-0.3547249677185353,-0.6251469897577702,0
1571232176000,0.022240705199767605,0.5653690380173624,0.9120948445090622,1.0403598118404025,-0.6291707666602003,0
1571232176250,0.022240705199767605,0.5653690380173624,0.9120948445090622,-0.095498847721679,-0.6271588782089852,0
1571232176500,0.022240705199767605,0.5653690380173624,0.9120948445090622,-0.08644919198280018,-0.6271588782089852,0
1571232176750,0.022240705199767605,0.5653690380173624,0.9120948445090622,0.3547849574539368,-0.6271588782089852,0
1571232177000,0.022240705199767605,0.5653690380173624,0.9120948445090622,-0.661736653065546,-0.6251469897577702,0
1571232177250,-0.021293359944315533,0.5653690380173624,0.9120948445090622,1.1023541824628151,-0.6251469897577702,0
1571232177500,-0.021293359944315533,0.5653690380173624,0.9120948445090622,0.3901378181908653,-0.6251469897577702,0
1571232177750,0.022240705199767605,0.5653690380173624,0.9120948445090622,-0.8940675345113419,-0.6231366718674068,0
1571232178000,0.022240705199767605,0.5653690380173624,0.8771549402410006,1.097110456707577,-0.6271588782089852,0
1571232178250,-0.021293359944315533,0.532853332865953,0.9120948445090622,0.45238591747885426,-0.6251469897577702,0
1571232178500,-0.19542962052064808,0.5003376277145437,0.9819746530451854,-0.7880089523005562,-0.6231366718674068,0
1571232178750,-0.021293359944315533,0.3052433968060877,0.9120948445090622,0.9462264769116907,-0.6271588782089852,0
1571232179000,-0.021293359944315533,0.37027480710890637,0.9120948445090622,0.3784662995743674,-0.6231366718674068,0
1571232179250,0.022240705199767605,0.4027905122603157,0.9120948445090622,-0.5792748367533324,-0.6271588782089852,0
1571232179500,-0.15189555537656493,0.37027480710890637,0.9120948445090622,0.9500324068953314,-0.6251469897577702,0
1571232179750,-0.1083614902324818,0.37027480710890637,0.9470347487771238,0.051917506978001376,-0.6251469897577702,0
1571232180000,0.022240705199767605,0.37027480710890637,0.9120948445090622,-1.2141039580245894,-0.6271588782089852,0
1571232180250,0.06577477034385075,0.4027905122603157,0.8771549402410006,0.8390684038167423,-0.6251469897577702,0
1571232180500,0.10930883548793388,0.37027480710890637,0.9120948445090622,0.04811157699436075,-0.6231366718674068,0
1571232180750,0.28344509606426643,0.4678219225631344,0.842215035972939,-0.4613755834823316,-0.6251469897577702,0
1571232181000,0.15284290063201703,0.43530621741172504,0.842215035972939,0.08786240126794068,-0.6251469897577702,0
1571232181250,-0.06482742508839867,0.43530621741172504,0.9470347487771238,-0.9583454631239391,-0.6251469897577702,0
1571232181500,0.19637696577610014,0.37027480710890637,0.9120948445090622,0.510743510561344,-0.6271588782089852,0
1571232181750,-0.15189555537656493,0.5653690380173624,0.9470347487771238,-0.5532253604208587,-0.6251469897577702,0
1571232182000,-0.19542962052064808,0.43530621741172504,0.9819746530451854,1.0061910182094953,-0.6251469897577702,0
1571232182250,-0.28249775080881434,0.4678219225631344,0.9819746530451854,-0.0496585354742741,-0.6251469897577702,0
1571232182500,0.19637696577610014,0.630400448320181,0.7723352274368158,0.9335400436328887,-0.6231366718674068,0
1571232182750,0.3269791612083496,0.532853332865953,0.7373953231687541,-0.12603086381266274,-0.6251469897577702,0
1571232183000,0.3705132263524327,0.532853332865953,0.7373953231687541,-0.12848357424656448,-0.6251469897577702,0
1571232183250,-0.19542962052064808,0.4678219225631344,0.9470347487771238,0.025106844648799614,-0.6251469897577702,0
1571232183500,-0.021293359944315533,0.5003376277145437,0.9120948445090622,-1.0691403137588107,-0.6251469897577702,0
1571232183750,0.022240705199767605,0.532853332865953,0.9120948445090622,0.7348704984868478,-0.6251469897577702,0
1571232184000,0.022240705199767605,0.532853332865953,0.9120948445090622,-0.4902160751361417,-0.6251469897577702,0
1571232184250,0.022240705199767605,0.532853332865953,0.9120948445090622,0.6798959542787054,-0.6271588782089852,0
1571232184500,0.022240705199767605,0.5003376277145437,0.9120948445090622,-0.26558162987948586,-0.6251469897577702,0
1571232184750,-0.021293359944315533,0.5003376277145437,0.9470347487771238,0.19552793169404115,-0.6251469897577702,0
1571232185000,-0.021293359944315533,0.532853332865953,0.9120948445090622,0.26208941829682286,-0.6251469897577702,0
1571232185250,-0.06482742508839867,0.532853332865953,0.9470347487771238,-1.0376779592273815,-0.6231366718674068,0
1571232185500,-0.021293359944315533,0.5003376277145437,0.9470347487771238,0.6864928995836824,-0.6251469897577702,0
1571232185750,-0.06482742508839867,0.5003376277145437,0.9120948445090622,-0.24621367507384798,-0.6231366718674068,0
1571232186000,-0.021293359944315533,0.5003376277145437,0.9120948445090622,0.6746522285234672,-0.6231366718674068,0
1571232186250,-0.021293359944315533,0.532853332865953,0.9120948445090622,-0.04103176084468867,-0.6211247834161917,0
1571232186500,-0.021293359944315533,0.532853332865953,0.9120948445090622,-0.9200324346219568,-0.6231366718674068,0
1571232186750,-0.06482742508839867,0.5653690380173624,0.9120948445090622,0.2840792359800798,-0.6251469897577702,0
1571232187000,-0.06482742508839867,0.532853332865953,0.9120948445090622,-0.5488273968842073,-0.6231366718674068,0
1571232187250,0.5011154217846822,0.630400448320181,0.7373953231687541,1.0138874543986354,-0.6231366718674068,0
1571232187500,0.10930883548793388,0.5978847431687717,0.9120948445090622,0.08329528528757191,-0.6211247834161917,0
1571232187750,-0.021293359944315533,0.5653690380173624,0.9120948445090622,-0.5737773823325182,-0.6211247834161917,0
1571232188000,0.022240705199767605,0.5653690380173624,0.9470347487771238,0.4197394958414035,-0.6231366718674068,0
1571232188250,-0.021293359944315533,0.5653690380173624,0.9120948445090622,-0.23225859846716565,-0.6231366718674068,0
1571232188500,-0.06482742508839867,0.5653690380173624,0.9120948445090622,0.6566374932675682,-0.6211247834161917,0
1571232188750,-0.021293359944315533,0.5653690380173624,0.9120948445090622,-0.43185848205365207,-0.6231366718674068,0
1571232189000,-0.06482742508839867,0.5653690380173624,0.9120948445090622,0.0008334689753582592,-0.6211247834161917,0
1571232189250,-0.06482742508839867,0.532853332865953,0.9120948445090622,-0.18371184712028296,-0.6211247834161917,0
1571232189500,-0.06482742508839867,0.532853332865953,0.9470347487771238,-1.0035091655964747,-0.6231366718674068,0
1571232189750,-0.06482742508839867,0.532853332865953,0.9120948445090622,0.013942783363453762,-0.6211247834161917,0
1571232190000,-0.1083614902324818,0.532853332865953,0.9120948445090622,-0.7780289581212319,-0.6211247834161917,0
1571232190250,-0.06482742508839867,0.5978847431687717,0.9120948445090622,0.9228834396786949,-0.6211247834161917,0
1571232190500,-0.021293359944315533,0.5653690380173624,0.9120948445090622,-0.2014728537106059,-0.6211247834161917,0
1571232190750,-0.06482742508839867,0.5653690380173624,0.9120948445090622,0.9825096760890648,-0.6231366718674068,0
1571232191000,-0.06482742508839867,0.5653690380173624,0.9120948445090622,-0.04559887682505743,-0.6231366718674068,0
1571232191250,-0.021293359944315533,0.5653690380173624,0.9470347487771238,0.14292152169794178,-0.6191128949649767,0
1571232191500,-0.021293359944315533,0.532853332865953,0.9120948445090622,0.18698573328631443,-0.6211247834161917,0
1571232191750,-0.021293359944315533,0.5653690380173624,0.9120948445090622,-1.051633035834064,-0.6211247834161917,0
1571232192000,-0.06482742508839867,0.5003376277145437,1.016914557313247,-0.09439935683751617,-0.6211247834161917,0
1571232192250,-0.021293359944315533,0.630400448320181,0.8771549402410006,-0.80636199244389,-0.6211247834161917,0
1571232192500,-0.1083614902324818,0.5978847431687717,0.9120948445090622,0.5963346470823289,-0.6211247834161917,0
1571232192750,-0.06482742508839867,0.630400448320181,0.9120948445090622,-0.46247507436649443,-0.6211247834161917,0
1571232193000,-0.1083614902324818,0.532853332865953,0.9120948445090622,1.1547914400151973,-0.6231366718674068,0
1571232193250,-0.28249775080881434,0.4678219225631344,1.016914557313247,0.7450196451098895,-0.6211247834161917,0
1571232193500,0.5881835520728484,0.5003376277145437,0.7373953231687541,-1.46664855649461,-0.6211247834161917,0
1571232193750,0.41404729149651587,0.5653690380173624,0.7024554189006925,0.30945210253768396,-0.6231366718674068,0
1571232194000,0.3269791612083496,0.5653690380173624,0.6675155146326309,-0.4224705214273385,-0.6231366718674068,0
1571232194250,0.5881835520728484,0.630400448320181,0.5277558975603845,-0.21821894563862465,-0.6231366718674068,0
1571232194500,0.5881835520728484,0.5653690380173624,0.5626958018284461,0.1446130461351154,-0.6191128949649767,0
1571232194750,0.5881835520728484,0.5653690380173624,0.5626958018284461,-0.7129898435119065,-0.6231366718674068,0
1571232195000,0.3705132263524327,0.5653690380173624,0.6675155146326309,0.7563528588389526,-0.6231366718674068,0
1571232195250,0.41404729149651587,0.5653690380173624,0.7024554189006925,-0.03680294975175464,-0.6231366718674068,0
1571232195500,0.41404729149651587,0.5653690380173624,0.7024554189006925,-0.7376861002946412,-0.6251469897577702,0
1571232195750,0.41404729149651587,0.5653690380173624,0.7024554189006925,0.3167256576175305,-0.6231366718674068,0
1571232196000,0.3705132263524327,0.5653690380173624,0.7024554189006925,-0.54865824444049,-0.6211247834161917,0
1571232196250,0.3705132263524327,0.5653690380173624,0.7024554189006925,0.6880998477989974,-0.6231366718674068,0
1571232196500,0.3705132263524327,0.5653690380173624,0.6675155146326309,-0.3119293994580429,-0.6231366718674068,0
1571232196750,0.41404729149651587,0.5003376277145437,0.7723352274368158,0.8766202463219965,-0.6231366718674068,0
1571232197000,0.3705132263524327,0.5003376277145437,0.7373953231687541,-0.26194485233956255,-0.6231366718674068,0
1571232197250,0.3705132263524327,0.5653690380173624,0.7024554189006925,0.4056998430128626,-0.6211247834161917,0
1571232197500,0.3705132263524327,0.5653690380173624,0.7024554189006925,0.027982436191994753,-0.6231366718674068,0
1571232197750,0.3705132263524327,0.5653690380173624,0.7024554189006925,-0.7277061061153169,-0.6231366718674068,0
1571232198000,0.3705132263524327,0.5653690380173624,0.7024554189006925,0.35554614345066493,-0.6231366718674068,0
1571232198250,0.3269791612083496,0.5653690380173624,0.7024554189006925,-0.6737464765694786,-0.6231366718674068,0
1571232198500,0.3705132263524327,0.5653690380173624,0.7024554189006925,0.9601815535183731,-0.6231366718674068,0
1571232198750,0.3705132263524327,0.5653690380173624,0.7373953231687541,-0.057270395441555356,-0.6231366718674068,0
1571232199000,0.3705132263524327,0.5653690380173624,0.7024554189006925,0.4331871151169338,-0.6231366718674068,0
1571232199250,0.3705132263524327,0.5653690380173624,0.7373953231687541,0.14004593015474665,-0.6211247834161917,0
1571232199500,0.3269791612083496,0.5978847431687717,0.7024554189006925,-0.9907381560958138,-0.6231366718674068,0
1571232199750,0.3269791612083496,0.5653690380173624,0.7024554189006925,0.6731298565300109,-0.6231366718674068,0
1571232200000,0.28344509606426643,0.5653690380173624,0.7373953231687541,-0.10277240280152555,-0.6211247834161917,0
1571232200250,0.3705132263524327,0.5653690380173624,0.7024554189006925,0.04016141213964477,-0.6211247834161917,0
1571232200500,0.8493879429373472,0.532853332865953,1.1217342701174318,0.11518052092829452,-0.6231366718674068,0
1571232200750,-1.2837812491227265,0.7929789740772277,0.7723352274368158,-0.6667266501552082,-0.6211247834161917,0
1571232201000,-0.15189555537656493,0.7279475637744091,0.8771549402410006,0.7648950572466794,-0.6130788001721831,0
1571232201250,-0.1083614902324818,0.7279475637744091,0.9470347487771238,0.18326437952453245,-0.611066911720968,0
1571232201500,-0.19542962052064808,0.7279475637744091,0.9470347487771238,-0.5056935237362803,-0.6191128949649767,0
1571232201750,-0.1083614902324818,0.7279475637744091,0.9120948445090622,0.7853625029364801,-0.6211247834161917,0
1571232202000,-0.4566340113851469,0.43530621741172504,1.0867943658493702,0.05217123564357742,-0.6211247834161917,0
1571232202250,1.110592333801846,0.8905260895314557,-0.2059820920689092,-0.01430567473734558,-0.6191128949649767,0
1571232202500,0.9364560732255135,0.7279475637744091,-0.17104218780084757,-0.41350544191031835,-0.6231366718674068,0
1571232202750,0.8493879429373472,0.8254946792286371,0.4578760890242613,-1.2289047968498585,-0.6211247834161917,0
1571232203000,0.3269791612083496,0.8905260895314557,0.5626958018284461,-0.2520494343820969,-0.6251469897577702,0
1571232203250,0.3705132263524327,0.9230417946828652,0.6675155146326309,-0.6295976887592474,-0.6231366718674068,0
1571232203500,0.19637696577610014,0.8254946792286371,0.7373953231687541,1.1971641271663962,-0.6231366718674068,0
1571232203750,0.022240705199767605,0.8905260895314557,0.7024554189006925,0.2691092447110933,-0.6251469897577702,0
1571232204000,0.3269791612083496,0.9230417946828652,0.6675155146326309,0.20736860275425645,-0.6231366718674068,0
1571232204250,0.3269791612083496,0.9555574998342745,0.6675155146326309,-0.1337273000018027,-0.6251469897577702,0
1571232204500,0.41404729149651587,0.9230417946828652,0.5626958018284461,-0.9498878409380711,-0.6251469897577702,0
1571232204750,0.41404729149651587,0.9230417946828652,0.5626958018284461,0.517340455866321,-0.6231366718674068,0
1571232205000,0.45758135664059896,0.9230417946828652,0.5976357060965077,-0.5674341656931171,-0.6251469897577702,0
1571232205250,0.45758135664059896,0.8905260895314557,0.5976357060965077,1.1464183940511878,-0.6231366718674068,0
1571232205500,0.45758135664059896,0.8254946792286371,0.5976357060965077,0.13480220439950844,-0.6211247834161917,0
1571232205750,0.3705132263524327,0.8580103843800464,0.5976357060965077,0.3848940924356271,-0.6251469897577702,0
1571232206000,0.41404729149651587,0.8580103843800464,0.5976357060965077,0.2145575816122443,-0.6231366718674068,0
1571232206250,0.41404729149651587,0.8580103843800464,0.5626958018284461,-0.9860864638935865,-0.6251469897577702,0
1571232206500,0.41404729149651587,0.8580103843800464,0.5976357060965077,0.5480416244010222,-0.6231366718674068,0
1571232206750,0.3705132263524327,0.8580103843800464,0.6325756103645693,-0.1734781242753826,-0.6251469897577702,0
1571232207000,0.41404729149651587,0.8580103843800464,0.5976357060965077,0.8029543570830857,-0.6251469897577702,0
1571232207250,0.41404729149651587,0.8580103843800464,0.6325756103645693,0.043798189679568035,-0.6231366718674068,0
1571232207500,0.3705132263524327,0.8254946792286371,0.5976357060965077,-0.5305589329627324,-0.6271588782089852,0
1571232207750,0.5446494869287652,0.7929789740772277,0.6675155146326309,0.27908923889041765,-0.6251469897577702,0
1571232208000,0.3705132263524327,0.8905260895314557,0.5626958018284461,-0.6873632482887262,-0.6231366718674068,0
1571232208250,0.5011154217846822,0.8580103843800464,0.5626958018284461,0.5833944851379508,-0.6231366718674068,0
1571232208500,0.5881835520728484,0.8905260895314557,0.4578760890242613,-0.19775149994882393,-0.6231366718674068,0
1571232208750,0.5446494869287652,0.8905260895314557,0.3181164719520149,0.5760363538362455,-0.6231366718674068,0
1571232209000,0.6752516823610146,0.8580103843800464,0.5277558975603845,0.12871271642568344,-0.6251469897577702,0
1571232209250,0.41404729149651587,0.8905260895314557,0.6325756103645693,-0.9202861632875329,-0.6211247834161917,0
1571232209500,0.41404729149651587,0.8580103843800464,0.5626958018284461,0.608767351695555,-0.6251469897577702,0
1571232209750,0.41404729149651587,0.8905260895314557,0.5976357060965077,0.11687204536546814,-0.6251469897577702,0
1571232210000,0.3705132263524327,0.8905260895314557,0.5976357060965077,-0.48125099561912155,-0.6231366718674068,0
1571232210250,0.5011154217846822,0.8905260895314557,0.5626958018284461,0.050902592315697215,-0.6251469897577702,0
1571232210500,0.5881835520728484,0.8254946792286371,0.5626958018284461,-0.65378648821083,-0.6231366718674068,0
1571232210750,0.5446494869287652,0.8580103843800464,0.5626958018284461,0.6031007448310234,-0.6231366718674068,0
1571232211000,0.45758135664059896,0.8580103843800464,0.5277558975603845,0.0111517680421173,-0.6231366718674068,0
1571232211250,0.5011154217846822,0.8580103843800464,0.5277558975603845,-0.9946286623013132,-0.6211247834161917,0
1571232211500,0.5446494869287652,0.8254946792286371,0.5277558975603845,0.37922748557109554,-0.6211247834161917,0
1571232211750,0.5011154217846822,0.8580103843800464,0.49281599329232295,-0.29822805151693665,-0.6231366718674068,0
1571232212000,0.5881835520728484,0.7929789740772277,0.49281599329232295,0.668901045437077,-0.6231366718674068,0
1571232212250,0.5446494869287652,0.7929789740772277,0.49281599329232295,0.11467306359714244,-0.6231366718674068,0
1571232212500,0.6317176172169315,0.7604632689258184,0.49281599329232295,-0.9796586710323266,-0.6231366718674068,0
1571232212750,0.6752516823610146,0.6954318586229997,0.5277558975603845,0.6611200330260782,-0.6231366718674068,0
1571232213000,0.6752516823610146,0.6954318586229997,0.49281599329232295,-0.06691208473344495,-0.6231366718674068,0
1571232213250,0.6752516823610146,0.6954318586229997,0.49281599329232295,0.3102132885344121,-0.6191128949649767,0
1571232213500,0.5881835520728484,0.7604632689258184,0.4578760890242613,0.025275997092516975,-0.6231366718674068,0
1571232213750,0.6317176172169315,0.6629161534715904,0.4578760890242613,-0.9552161429151679,-0.6231366718674068,0
1571232214000,0.5011154217846822,0.7279475637744091,0.49281599329232295,0.6910600155640512,-0.6211247834161917,0
1571232214250,0.5881835520728484,0.7604632689258184,0.5626958018284461,-0.09583715260911374,-0.6211247834161917,0
1571232214500,0.45758135664059896,0.7279475637744091,0.5626958018284461,0.7171094918965248,-0.6191128949649767,0
1571232214750,0.5446494869287652,0.6954318586229997,0.5626958018284461,0.11644916425617473,-0.6251469897577702,0
1571232215000,0.6317176172169315,0.6629161534715904,0.5626958018284461,-0.7698250646009399,-0.6211247834161917,0
1571232215250,0.5881835520728484,0.6629161534715904,0.5277558975603845,0.1095984902856216,-0.6191128949649767,0
1571232215500,0.5881835520728484,0.6629161534715904,0.5277558975603845,-0.6208017616859446,-0.6211247834161917,0
1571232215750,0.6317176172169315,0.6954318586229997,0.49281599329232295,0.9702461239195561,-0.6191128949649767,0
1571232216000,0.6317176172169315,0.6954318586229997,0.49281599329232295,-0.10886189077535055,-0.6211247834161917,0
1571232216250,0.6317176172169315,0.6629161534715904,0.4578760890242613,0.6217920898617917,-0.6191128949649767,0
1571232216500,0.6752516823610146,0.6629161534715904,0.49281599329232295,-0.047544129927807086,-0.6171010065137615,0
1571232216750,0.6317176172169315,0.6954318586229997,0.49281599329232295,-0.945151572513985,-0.6211247834161917,0
1571232217000,0.5881835520728484,0.7279475637744091,0.49281599329232295,0.2653033147274527,-0.6211247834161917,0
1571232217250,0.6752516823610146,0.6954318586229997,0.49281599329232295,-0.48835539825525076,-0.6191128949649767,0
1571232217500,0.6317176172169315,0.6954318586229997,0.5277558975603845,0.7471340506563565,-0.6211247834161917,0
1571232217750,0.5881835520728484,0.6629161534715904,0.49281599329232295,0.07069342823062849,-0.6211247834161917,0
1571232218000,0.6317176172169315,0.6954318586229997,0.5277558975603845,-0.8713165308313566,-0.6211247834161917,0
1571232218250,0.6317176172169315,0.7279475637744091,0.49281599329232295,0.3693320676136299,-0.6211247834161917,0
1571232218500,0.6317176172169315,0.7279475637744091,0.49281599329232295,-0.30583991148421785,-0.6191128949649767,0
1571232218750,0.7623198126491809,0.6629161534715904,0.5277558975603845,0.767939801233592,-0.6191128949649767,0
1571232219000,0.6752516823610146,0.6629161534715904,0.49281599329232295,0.27595991868164643,-0.6191128949649767,0
1571232219250,0.6317176172169315,0.6954318586229997,0.49281599329232295,-0.6241848105602917,-0.6171010065137615,0
1571232219500,0.5446494869287652,0.7279475637744091,0.49281599329232295,0.8304416291871569,-0.6191128949649767,0
1571232219750,0.5011154217846822,0.7279475637744091,0.4578760890242613,-0.10835443344419848,-0.6171010065137615,0
1571232220000,0.6317176172169315,0.6954318586229997,0.49281599329232295,-0.9401615754243228,-0.6191128949649767,0
1571232220250,0.5881835520728484,0.7279475637744091,0.5277558975603845,0.2675022964957784,-0.6191128949649767,0
1571232220500,0.6317176172169315,0.7279475637744091,0.49281599329232295,-0.3556553061589808,-0.6191128949649767,0
1571232220750,0.7187857475050978,0.7604632689258184,0.4229361847561997,0.7427360871197051,-0.6191128949649767,0
1571232221000,0.8058538777932641,0.6954318586229997,0.4229361847561997,0.1813191264217828,-0.6191128949649767,0
1571232221250,0.8929220080814304,0.6954318586229997,0.3879962804881381,-0.7633126955178215,-0.6191128949649767,0
1571232221500,0.7623198126491809,0.7279475637744091,0.3530563762200765,0.772422340992102,-0.6191128949649767,0
1571232221750,0.7187857475050978,0.7279475637744091,0.4229361847561997,0.22403011846041654,-0.6191128949649767,0
1571232222000,0.5881835520728484,0.7929789740772277,0.4578760890242613,-1.1382390870173529,-0.6231366718674068,0
1571232222250,0.19637696577610014,0.7929789740772277,0.6675155146326309,0.5857626193499939,-0.6231366718674068,0
1571232222500,0.3705132263524327,0.8254946792286371,0.6675155146326309,-0.12011052828255508,-0.6191128949649767,0
1571232222750,0.3269791612083496,0.8580103843800464,0.5976357060965077,0.2818802542117541,-0.6231366718674068,0
1571232223000,0.3269791612083496,0.8254946792286371,0.6675155146326309,0.16744862603695918,-0.6191128949649767,0
1571232223250,0.3705132263524327,0.8254946792286371,0.6675155146326309,-1.2456508887778774,-0.6211247834161917,0
1571232223500,0.19637696577610014,0.8580103843800464,0.6325756103645693,0.6578215603735897,-0.6211247834161917,0
1571232223750,0.2399110309201833,0.8580103843800464,0.6325756103645693,-0.13279696156135717,-0.6191128949649767,0
1571232224000,0.41404729149651587,0.8580103843800464,0.5277558975603845,0.41365000786757855,-0.6211247834161917,0
1571232224250,0.5446494869287652,0.7929789740772277,0.5626958018284461,0.2010253861148554,-0.6211247834161917,0
1571232224500,0.6317176172169315,0.6629161534715904,0.4229361847561997,-1.1507563678524375,-0.6211247834161917,0
1571232224750,0.8493879429373472,0.5978847431687717,0.14341695061170687,0.7584672643854197,-0.6191128949649767,0
1571232225000,1.067058268657763,0.6629161534715904,0.003657333539460452,-0.01709669005868204,-0.6191128949649767,0
1571232225250,1.067058268657763,0.630400448320181,0.003657333539460452,0.5889765157806237,-0.6171010065137615,0
1571232225500,0.7623198126491809,0.6954318586229997,0.21329675914783008,0.10680747496428514,-0.6211247834161917,0
1571232225750,1.1976604640900124,0.7279475637744091,0.5277558975603845,-1.1644577157935438,-0.6191128949649767,0
1571232226000,0.6317176172169315,0.7604632689258184,0.24823666341589168,0.8150487568088771,-0.6211247834161917,0
1571232226250,0.7623198126491809,0.6629161534715904,0.21329675914783008,-0.2836809413572435,-0.6191128949649767,0
1571232226500,0.7623198126491809,0.8580103843800464,0.3181164719520149,0.5911754975489493,-0.6171010065137615,0
1571232226750,0.6752516823610146,0.8905260895314557,0.3181164719520149,0.3522476707981764,-0.6171010065137615,0
1571232227000,0.8058538777932641,0.8580103843800464,0.3879962804881381,-1.1415375596698416,-0.6150906886233982,0
1571232227250,0.8493879429373472,0.7929789740772277,0.3530563762200765,0.9144258174928269,-0.6150906886233982,0
1571232227500,0.5446494869287652,0.9880732049856839,0.038597237807522056,-0.14988135837681069,-0.6171010065137615,0
1571232227750,0.9799901383695966,0.6954318586229997,0.24823666341589168,-0.18574167644489128,-0.6171010065137615,0
1571232228000,0.8058538777932641,0.6629161534715904,0.21329675914783008,-0.015151436955932388,-0.6191128949649767,0
1571232228250,0.9799901383695966,0.630400448320181,0.24823666341589168,-0.9459127585107131,-0.6171010065137615,0
1571232228500,0.9364560732255135,0.5978847431687717,0.2831765676839533,0.8728988925602146,-0.6171010065137615,0
1571232228750,0.8493879429373472,0.630400448320181,0.21329675914783008,0.08431019994987608,-0.6191128949649767,0
1571232229000,0.8929220080814304,0.630400448320181,0.24823666341589168,-1.202601591851809,-0.6150906886233982,0
1571232229250,0.8929220080814304,0.630400448320181,0.21329675914783008,0.3805807051208344,-0.6171010065137615,0
1571232229500,0.8929220080814304,0.5978847431687717,0.24823666341589168,-0.2351341900103608,-0.6171010065137615,0
1571232229750,0.8929220080814304,0.630400448320181,0.21329675914783008,0.4631270976549067,-0.6171010065137615,0
1571232230000,0.9364560732255135,0.630400448320181,0.21329675914783008,0.28391008353636243,-0.6171010065137615,0
1571232230250,1.1541263989459292,0.6629161534715904,0.10847704634364527,-0.8647195855263796,-0.6130788001721831,0
1571232230500,1.0235242035136798,0.630400448320181,0.10847704634364527,0.858520934844239,-0.6191128949649767,0
1571232230750,0.9364560732255135,0.6629161534715904,0.1783568548797685,0.031703789953776707,-0.6171010065137615,0
1571232231000,0.8929220080814304,0.6954318586229997,0.1783568548797685,-0.5986427915589703,-0.6150906886233982,0
1571232231250,0.9799901383695966,0.6954318586229997,0.21329675914783008,0.5783199118264298,-0.6171010065137615,0
1571232231500,0.9364560732255135,0.6629161534715904,0.21329675914783008,-0.20976132345275658,-0.6171010065137615,0
1571232231750,1.067058268657763,0.5978847431687717,0.21329675914783008,0.33930750885379823,-0.6171010065137615,0
1571232232000,0.10930883548793388,0.6629161534715904,0.07353714207558366,0.12000136557423932,-0.6171010065137615,0
1571232232250,0.8929220080814304,0.630400448320181,0.24823666341589168,-0.9222314163902825,-0.6130788001721831,0
1571232232500,0.9799901383695966,0.6629161534715904,0.2831765676839533,0.9930817038213999,-0.6150906886233982,0
1571232232750,0.8058538777932641,0.6629161534715904,0.24823666341589168,0.33846174663521145,-0.6171010065137615,0
1571232233000,0.8929220080814304,0.6629161534715904,0.2831765676839533,-1.1870395670298117,-0.6150906886233982,0
1571232233250,0.8929220080814304,0.7279475637744091,0.2831765676839533,0.3760135891404657,-0.6171010065137615,0
1571232233500,0.8929220080814304,0.630400448320181,0.3181164719520149,-0.26778061164781153,-0.6150906886233982,0
1571232233750,0.8929220080814304,0.5978847431687717,0.24823666341589168,0.7982180886589996,-0.6171010065137615,0
1571232234000,0.9364560732255135,0.630400448320181,0.24823666341589168,0.13184203663445462,-0.6171010065137615,0
1571232234250,0.8929220080814304,0.630400448320181,0.24823666341589168,-1.1656417828995655,-0.6150906886233982,0
1571232234500,0.8929220080814304,0.630400448320181,0.21329675914783008,1.0037383077755935,-0.611066911720968,0
1571232234750,0.8929220080814304,0.630400448320181,0.24823666341589168,0.01834074690010516,-0.6171010065137615,0
1571232235000,0.8929220080814304,0.630400448320181,0.24823666341589168,-0.44589813488219304,-0.6150906886233982,0
1571232235250,0.8929220080814304,0.630400448320181,0.2831765676839533,0.3009944803518159,-0.6150906886233982,0
1571232235500,0.9799901383695966,0.630400448320181,0.24823666341589168,-0.5537328177520108,-0.6130788001721831,0
1571232235750,0.8058538777932641,0.5978847431687717,0.24823666341589168,0.9286346227650852,-0.6130788001721831,0
1571232236000,0.8493879429373472,0.5978847431687717,0.24823666341589168,0.08219579440340907,-0.6150906886233982,0
1571232236250,0.9364560732255135,0.5978847431687717,0.24823666341589168,-0.981688500356935,-0.611066911720968,0
1571232236500,0.8929220080814304,0.5978847431687717,0.24823666341589168,0.4418984659683779,-0.6150906886233982,0
1571232236750,0.8929220080814304,0.5978847431687717,0.21329675914783008,-0.5160118228030394,-0.6150906886233982,0
1571232237000,0.8929220080814304,0.5978847431687717,0.24823666341589168,0.8757744841034097,-0.6150906886233982,0
1571232237250,0.8929220080814304,0.5978847431687717,0.21329675914783008,0.1397922014891706,-0.6130788001721831,0
1571232237500,0.9364560732255135,0.630400448320181,0.21329675914783008,-1.239138519694759,-0.6130788001721831,0
1571232237750,0.9364560732255135,0.5978847431687717,0.21329675914783008,0.5389919686621433,-0.6130788001721831,0
1571232238000,0.9364560732255135,0.5978847431687717,0.21329675914783008,-0.3641975045667075,-0.6130788001721831,0
1571232238250,0.8929220080814304,0.5978847431687717,0.21329675914783008,0.9300724185366828,-0.6130788001721831,0
1571232238500,0.9799901383695966,0.5978847431687717,0.21329675914783008,0.04828072943807811,-0.6130788001721831,0
1571232238750,0.9799901383695966,0.5978847431687717,0.21329675914783008,-0.9361864929969648,-0.6130788001721831,0
1571232239000,0.7623198126491809,0.5653690380173624,0.24823666341589168,0.42498322159664176,-0.6130788001721831,0
1571232239250,0.9799901383695966,0.5653690380173624,0.21329675914783008,-0.46585812324084164,-0.6150906886233982,0
1571232239500,0.9799901383695966,0.5978847431687717,0.1783568548797685,1.0063601706532126,-0.611066911720968,0
1571232239750,0.8929220080814304,0.5978847431687717,0.14341695061170687,0.22622910022874226,-0.6130788001721831,0
1571232240000,1.0235242035136798,0.532853332865953,0.1783568548797685,-1.3777589473211365,-0.6130788001721831,0
1571232240250,0.9799901383695966,0.5978847431687717,0.14341695061170687,0.73986049557651,-0.6130788001721831,0
1571232240500,1.067058268657763,0.5978847431687717,0.10847704634364527,-0.1546176268008968,-0.6150906886233982,0
1571232240750,0.9799901383695966,0.5978847431687717,0.10847704634364527,0.6557917310489814,-0.611066911720968,0
1571232241000,0.9799901383695966,0.5978847431687717,0.14341695061170687,0.1414837259263442,-0.6130788001721831,0
1571232241250,1.0235242035136798,0.5978847431687717,0.14341695061170687,-1.409136725630707,-0.6130788001721831,0
1571232241500,0.9799901383695966,0.5978847431687717,0.1783568548797685,0.7597359077132999,-0.6130788001721831,0
1571232241750,0.9799901383695966,0.5978847431687717,0.1783568548797685,-0.1882789631006517,-0.6130788001721831,0
1571232242000,0.9799901383695966,0.5978847431687717,0.14341695061170687,0.38430205888261637,-0.6130788001721831,0
1571232242250,0.9799901383695966,0.5978847431687717,0.1783568548797685,0.1923140352634113,-0.6130788001721831,0
1571232242500,0.9799901383695966,0.5978847431687717,0.1783568548797685,-1.029135760819655,-0.6130788001721831,0
1571232242750,0.9799901383695966,0.5978847431687717,0.1783568548797685,0.7872231798173711,-0.6130788001721831,0
1571232243000,0.8493879429373472,0.5978847431687717,0.14341695061170687,-0.2790292491550161,-0.6130788001721831,0
1571232243250,0.9799901383695966,0.5978847431687717,0.1783568548797685,0.3872622266476702,-0.611066911720968,0
1571232243500,0.9364560732255135,0.5978847431687717,0.14341695061170687,0.1589910038510911,-0.6130788001721831,0
1571232243750,0.9364560732255135,0.5978847431687717,0.1783568548797685,-1.189576853685572,-0.6130788001721831,0
1571232244000,0.8929220080814304,0.5978847431687717,0.21329675914783008,0.8661327948115202,-0.6130788001721831,0
1571232244250,0.9799901383695966,0.5978847431687717,0.1783568548797685,-0.14709034305547422,-0.6130788001721831,0
1571232244500,0.9364560732255135,0.5978847431687717,0.14341695061170687,-0.22963673558954656,-0.611066911720968,0
1571232244750,1.0235242035136798,0.5978847431687717,0.14341695061170687,0.3381234417477767,-0.6130788001721831,0
1571232245000,0.9799901383695966,0.5978847431687717,0.14341695061170687,-0.6610600432906766,-0.6130788001721831,0
1571232245250,0.9799901383695966,0.630400448320181,0.14341695061170687,1.0814638556637213,-0.611066911720968,0
1571232245500,0.9799901383695966,0.630400448320181,0.14341695061170687,0.01250498759185619,-0.6130788001721831,0
1571232245750,0.9799901383695966,0.5978847431687717,0.14341695061170687,-0.6250305727788786,-0.6130788001721831,0
1571232246000,0.9799901383695966,0.5978847431687717,0.14341695061170687,0.15831439407622167,-0.6130788001721831,0
1571232246250,0.9799901383695966,0.5978847431687717,0.14341695061170687,-0.9194404010689461,-0.6130788001721831,0
1571232246500,0.9799901383695966,0.5978847431687717,0.1783568548797685,0.855307038413609,-0.611066911720968,0
1571232246750,0.9799901383695966,0.5978847431687717,0.1783568548797685,-0.2613528187865518,-0.6130788001721831,0
1571232247000,0.9799901383695966,0.5978847431687717,0.14341695061170687,0.8946349815778956,-0.6130788001721831,0
1571232247250,0.9799901383695966,0.5978847431687717,0.14341695061170687,-0.09008596952272345,-0.6090565938306047,0
1571232247500,0.9799901383695966,0.5978847431687717,0.14341695061170687,-0.5451906193442841,-0.6130788001721831,0
1571232247750,0.9799901383695966,0.5978847431687717,0.14341695061170687,0.29160651972550233,-0.611066911720968,0
1571232248000,0.9799901383695966,0.5978847431687717,0.14341695061170687,-0.7334572892017072,-0.6130788001721831,0
1571232248250,0.9799901383695966,0.630400448320181,0.14341695061170687,1.0170167746074066,-0.6130788001721831,0
1571232248500,0.9799901383695966,0.5978847431687717,0.14341695061170687,0.0750068155454212,-0.611066911720968,0
1571232248750,0.9799901383695966,0.5978847431687717,0.14341695061170687,-0.846366545383046,-0.611066911720968,0
1571232249000,0.9799901383695966,0.630400448320181,0.14341695061170687,0.2193784262581891,-0.611066911720968,0
1571232249250,0.9799901383695966,0.630400448320181,0.14341695061170687,-0.5744539921073876,-0.6090565938306047,0
1571232249500,0.9799901383695966,0.5978847431687717,0.14341695061170687,0.9968876338050405,-0.611066911720968,0
1571232249750,0.9799901383695966,0.5978847431687717,0.1783568548797685,0.08794697748979935,-0.611066911720968,0
1571232250000,0.9799901383695966,0.5978847431687717,0.1783568548797685,-1.1441594225474607,-0.611066911720968,0
1571232250250,0.9799901383695966,0.630400448320181,0.1783568548797685,0.5268129927144933,-0.611066911720968,0
1571232250500,0.9799901383695966,0.5978847431687717,0.1783568548797685,-0.3198795643127588,-0.6090565938306047,0
1571232250750,0.9364560732255135,0.630400448320181,0.14341695061170687,0.4813109853545231,-0.611066911720968,0
1571232251000,0.9799901383695966,0.5978847431687717,0.1783568548797685,0.20897555096957138,-0.6090565938306047,0
1571232251250,0.8929220080814304,0.5978847431687717,0.1783568548797685,-0.7918148822841969,-0.611066911720968,0
1571232251500,0.9799901383695966,0.630400448320181,0.14341695061170687,0.8921822711439938,-0.611066911720968,0
1571232251750,0.9799901383695966,0.5978847431687717,0.14341695061170687,-0.030798037999788308,-0.6090565938306047,0
1571232252000,0.9799901383695966,0.5978847431687717,0.14341695061170687,-0.49901200220944447,-0.6090565938306047,0
1571232252250,0.9799901383695966,0.630400448320181,0.14341695061170687,0.27985042488714573,-0.611066911720968,0
1571232252500,0.9799901383695966,0.630400448320181,0.14341695061170687,-0.5796977178626258,-0.6090565938306047,0
1571232252750,0.9799901383695966,0.5978847431687717,0.14341695061170687,0.9810718803174672,-0.611066911720968,0
1571232253000,0.9799901383695966,0.630400448320181,0.14341695061170687,0.2000950476744099,-0.6090565938306047,0
1571232253250,0.9799901383695966,0.5978847431687717,0.14341695061170687,-1.3380926992694153,-0.6130788001721831,0
1571232253500,0.9799901383695966,0.630400448320181,0.14341695061170687,0.7127115283598734,-0.611066911720968,0
1571232253750,0.9799901383695966,0.630400448320181,0.14341695061170687,-0.15047339192982145,-0.6090565938306047,0
1571232254000,0.9799901383695966,0.5978847431687717,0.14341695061170687,0.1989109805683884,-0.611066911720968,0
1571232254250,0.9799901383695966,0.5978847431687717,0.1783568548797685,0.18157285508735885,-0.6090565938306047,0
1571232254500,0.9364560732255135,0.5978847431687717,0.1783568548797685,-0.9303507336887158,-0.611066911720968,0
1571232254750,0.9799901383695966,0.630400448320181,0.14341695061170687,0.8727297401164973,-0.611066911720968,0
1571232255000,0.9799901383695966,0.5978847431687717,0.14341695061170687,-0.0867874968702349,-0.6070447053793896,0
1571232255250,0.9799901383695966,0.630400448320181,0.14341695061170687,0.018763628009398563,-0.6090565938306047,0
1571232255500,0.9799901383695966,0.630400448320181,0.14341695061170687,0.19637369391262796,-0.611066911720968,0
1571232255750,0.9799901383695966,0.630400448320181,0.14341695061170687,-0.6912537544942257,-0.611066911720968,0
1571232256000,0.9799901383695966,0.5978847431687717,0.14341695061170687,1.0180316892697108,-0.611066911720968,0
1571232256250,0.9799901383695966,0.630400448320181,0.14341695061170687,0.24720400324969502,-0.611066911720968,0
1571232256500,1.0235242035136798,0.630400448320181,0.14341695061170687,-1.3391076139317195,-0.6130788001721831,0
1571232256750,1.0235242035136798,0.630400448320181,0.14341695061170687,0.5252060444991784,-0.611066911720968,0
1571232257000,0.9799901383695966,0.630400448320181,0.14341695061170687,-0.24849723306403235,-0.6090565938306047,0
1571232257250,0.9799901383695966,0.630400448320181,0.14341695061170687,0.6765129054043582,-0.6090565938306047,0
1571232257500,0.9799901383695966,0.5978847431687717,0.14341695061170687,0.13928474415801853,-0.6070447053793896,0
1571232257750,0.9799901383695966,0.630400448320181,0.1783568548797685,-1.2490339376522246,-0.6090565938306047,0
1571232258000,0.9799901383695966,0.5978847431687717,0.1783568548797685,0.7358008369272933,-0.611066911720968,0
1571232258250,0.9799901383695966,0.5978847431687717,0.14341695061170687,-0.12543883025965197,-0.6070447053793896,0
1571232258500,0.9799901383695966,0.630400448320181,0.14341695061170687,0.3697549487229233,-0.611066911720968,0
1571232258750,0.9799901383695966,0.630400448320181,0.14341695061170687,0.13615542394924732,-0.6090565938306047,0
1571232259000,0.9799901383695966,0.5978847431687717,0.14341695061170687,-1.0682099753183654,-0.611066911720968,0
1571232259250,0.9799901383695966,0.630400448320181,0.14341695061170687,0.6662791825594578,-0.6090565938306047,0
1571232259500,0.9799901383695966,0.630400448320181,0.14341695061170687,-0.2149204729861361,-0.6070447053793896,0
1571232259750,0.9799901383695966,0.5978847431687717,0.14341695061170687,0.521315538293679,-0.6090565938306047,0
1571232260000,0.9799901383695966,0.630400448320181,0.14341695061170687,0.12338441444858654,-0.6090565938306047,0
1571232260250,0.9799901383695966,0.5978847431687717,0.14341695061170687,-1.2177407355645127,-0.6090565938306047,0
1571232260500,0.9799901383695966,0.630400448320181,0.14341695061170687,0.6879306953552801,-0.6090565938306047,0
1571232260750,0.9799901383695966,0.630400448320181,0.14341695061170687,-0.23005961669883995,-0.6090565938306047,0
1571232261000,0.9799901383695966,0.630400448320181,0.14341695061170687,0.5087982574585943,-0.611066911720968,0
1571232261250,0.9799901383695966,0.630400448320181,0.14341695061170687,0.19544335547218247,-0.611066911720968,0
1571232261500,0.9799901383695966,0.5978847431687717,0.14341695061170687,-1.0211855959649387,-0.6090565938306047,0
1571232261750,0.9799901383695966,0.630400448320181,0.14341695061170687,0.87704312743129,-0.6090565938306047,0
1571232262000,0.9799901383695966,0.630400448320181,0.14341695061170687,-0.0645439505214019,-0.6070447053793896,0
1571232262250,0.9799901383695966,0.630400448320181,0.14341695061170687,-0.11190663476226306,-0.6070447053793896,0
1571232262500,0.9799901383695966,0.5978847431687717,0.14341695061170687,0.16694116870580708,-0.6090565938306047,0
1571232262750,0.9364560732255135,0.5978847431687717,0.14341695061170687,-0.9018485469223404,-0.6070447053793896,0
1571232263000,0.9799901383695966,0.5978847431687717,0.14341695061170687,0.9233063207879884,-0.6090565938306047,0
1571232263250,1.0235242035136798,0.5653690380173624,0.10847704634364527,-0.032997019768114005,-0.6070447053793896,0
1571232263500,1.067058268657763,0.5653690380173624,0.07353714207558366,-0.2456216415208372,-0.6070447053793896,0
1571232263750,1.0235242035136798,0.5003376277145437,0.10847704634364527,0.2767211046783746,-0.6090565938306047,0
1571232264000,0.8929220080814304,0.630400448320181,0.21329675914783008,-0.6098914290661748,-0.6070447053793896,0
1571232264250,0.9364560732255135,0.4678219225631344,0.21329675914783008,0.7869694511517951,-0.6070447053793896,0
1571232264500,1.0235242035136798,0.5978847431687717,0.1783568548797685,0.045574290338600325,-0.6070447053793896,0
1571232264750,0.9799901383695966,0.630400448320181,0.1783568548797685,-1.029051184597796,-0.6070447053793896,0
1571232265000,0.8929220080814304,0.5978847431687717,0.24823666341589168,0.33059615800235415,-0.6090565938306047,0
1571232265250,0.9799901383695966,0.5653690380173624,0.1783568548797685,-0.23800978155355593,-0.6050328169281746,0
1571232265500,0.9364560732255135,0.5978847431687717,0.1783568548797685,0.877296856096866,-0.6070447053793896,0
1571232265750,0.9799901383695966,0.5653690380173624,0.1783568548797685,-0.2648204438827577,-0.6070447053793896,0
1571232266000,0.8929220080814304,0.5003376277145437,0.21329675914783008,0.7742830178729929,-0.6070447053793896,0
1571232266250,0.9364560732255135,0.630400448320181,0.21329675914783008,-0.3113373659050321,-0.6050328169281746,0
1571232266500,0.8929220080814304,0.5653690380173624,0.21329675914783008,-0.08670292064837623,-0.6050328169281746,0
1571232266750,0.8929220080814304,0.5653690380173624,0.24823666341589168,-0.07748411246578003,-0.6090565938306047,0
1571232267000,0.8929220080814304,0.5653690380173624,0.24823666341589168,-0.5546631561924563,-0.6050328169281746,0
1571232267250,0.9364560732255135,0.5653690380173624,0.21329675914783008,0.05606174184907673,-0.6070447053793896,0
1571232267500,0.8929220080814304,0.5978847431687717,0.21329675914783008,-0.958091734458363,-0.6070447053793896,0
1571232267750,0.9364560732255135,0.5978847431687717,0.21329675914783008,0.4458735483957359,-0.6050328169281746,0
1571232268000,0.9799901383695966,0.5653690380173624,0.24823666341589168,-0.9929371378641395,-0.6070447053793896,0
1571232268250,0.9364560732255135,0.532853332865953,0.49281599329232295,0.6527469870620688,-0.6050328169281746,0
1571232268500,0.7187857475050978,0.630400448320181,0.49281599329232295,-0.5950905902409056,-0.6050328169281746,0
1571232268750,0.3705132263524327,0.4027905122603157,0.6675155146326309,0.9136646314960988,-0.6050328169281746,0
1571232269000,0.28344509606426643,0.5003376277145437,0.842215035972939,-0.403271719065418,-0.6050328169281746,0
1571232269250,0.3705132263524327,0.5653690380173624,0.6675155146326309,1.116478411513215,-0.6050328169281746,0
1571232269500,0.5446494869287652,0.532853332865953,0.6325756103645693,0.48224132379496853,-0.6050328169281746,0
1571232269750,0.41404729149651587,0.5003376277145437,0.6325756103645693,0.8837246489581257,-0.6070447053793896,0
1571232270000,0.41404729149651587,0.5653690380173624,0.6325756103645693,-1.0302352517038178,-0.6070447053793896,0
1571232270250,0.45758135664059896,0.5653690380173624,0.6325756103645693,0.348103435927101,-0.6030209284769594,0
1571232270500,0.41404729149651587,0.532853332865953,0.6325756103645693,-0.42492323186124026,-0.6070447053793896,0
1571232270750,0.45758135664059896,0.532853332865953,0.6675155146326309,0.48672386355347863,-0.6070447053793896,0
1571232271000,0.45758135664059896,0.5653690380173624,0.6675155146326309,-0.23894011999400142,-0.6050328169281746,0
1571232271250,0.45758135664059896,0.532853332865953,0.6675155146326309,0.4073067912281775,-0.6070447053793896,0
1571232271500,0.45758135664059896,0.532853332865953,0.6675155146326309,-0.26211400478327995,-0.6050328169281746,0
1571232271750,0.41404729149651587,0.532853332865953,0.7024554189006925,-0.09169291773803838,-0.6070447053793896,0
1571232272000,0.41404729149651587,0.5653690380173624,0.7024554189006925,-0.0063555098826295975,-0.6070447053793896,0
1571232272250,0.28344509606426643,0.5003376277145437,0.7024554189006925,-1.0230462728458298,-0.6090565938306047,0
1571232272500,0.28344509606426643,0.5003376277145437,0.7024554189006925,0.26445755250886593,-0.6050328169281746,0
1571232272750,0.5446494869287652,0.5003376277145437,0.6325756103645693,-0.7451288078182052,-0.6070447053793896,0
1571232273000,0.5446494869287652,0.5978847431687717,0.6325756103645693,1.0763047061303417,-0.6070447053793896,0
1571232273250,0.7187857475050978,0.630400448320181,0.4229361847561997,-0.169925922957318,-0.6050328169281746,0
1571232273500,0.6317176172169315,0.532853332865953,0.5626958018284461,0.5850014333532657,-0.6090565938306047,0
1571232273750,0.7187857475050978,0.5653690380173624,0.5277558975603845,0.07137003800549793,-0.6070447053793896,0
1571232274000,0.5881835520728484,0.630400448320181,0.49281599329232295,-1.0693940424243868,-0.6070447053793896,0
1571232274250,0.5446494869287652,0.5978847431687717,0.4578760890242613,1.0002706826793877,-0.6070447053793896,0
1571232274500,0.5881835520728484,0.5653690380173624,0.5976357060965077,-0.23378097046062188,-0.6030209284769594,0
1571232274750,0.5446494869287652,0.630400448320181,0.49281599329232295,0.7733526794325475,-0.6070447053793896,0
1571232275000,0.7187857475050978,0.630400448320181,0.3879962804881381,-0.2667656969855074,-0.6050328169281746,0
1571232275250,0.6752516823610146,0.532853332865953,0.49281599329232295,-0.590777202926113,-0.6070447053793896,0
1571232275500,0.7187857475050978,0.5653690380173624,0.49281599329232295,-0.04196209928513416,-0.6050328169281746,0
1571232275750,0.5881835520728484,0.5653690380173624,0.5277558975603845,-1.151179248961731,-0.6050328169281746,0
1571232276000,0.6317176172169315,0.630400448320181,0.5277558975603845,0.6919057777826381,-0.6050328169281746,0
1571232276250,0.6317176172169315,0.630400448320181,0.4578760890242613,-0.5422304515792302,-0.6030209284769594,0
1571232276500,0.6317176172169315,0.5653690380173624,0.5277558975603845,0.9831017096420755,-0.6050328169281746,0
1571232276750,0.5881835520728484,0.5653690380173624,0.5277558975603845,-0.23665656200381704,-0.6070447053793896,0
1571232277000,0.5881835520728484,0.532853332865953,0.5626958018284461,0.8317102725150372,-0.6030209284769594,0
1571232277250,0.5881835520728484,0.5653690380173624,0.5277558975603845,-0.3481280224135582,-0.6050328169281746,0
1571232277500,0.6317176172169315,0.5653690380173624,0.5626958018284461,0.7352088033742825,-0.6030209284769594,0
1571232277750,0.5446494869287652,0.532853332865953,0.5626958018284461,-0.2768302673866904,-0.6070447053793896,0
1571232278000,0.6317176172169315,0.5653690380173624,0.5277558975603845,0.513111644773387,-0.6070447053793896,0
1571232278250,0.45758135664059896,0.5653690380173624,0.5976357060965077,-0.27987501137360293,-0.6070447053793896,0
1571232278500,0.5446494869287652,0.5653690380173624,0.5976357060965077,0.15636914097347202,-0.6070447053793896,0
1571232278750,0.5881835520728484,0.5653690380173624,0.6325756103645693,-0.015066860734073708,-0.6050328169281746,0
1571232279000,0.5446494869287652,0.5653690380173624,0.5976357060965077,-0.2872331426753081,-0.6070447053793896,0
1571232279250,0.5446494869287652,0.5653690380173624,0.5976357060965077,0.3842174826607577,-0.6070447053793896,0
1571232279500,0.5446494869287652,0.5653690380173624,0.5976357060965077,-1.0096832297921583,-0.6050328169281746,0
1571232279750,0.5446494869287652,0.5653690380173624,0.5976357060965077,0.3245912462503878,-0.6070447053793896,0
1571232280000,0.5011154217846822,0.5653690380173624,0.5976357060965077,-0.5421458753573717,-0.6050328169281746,0
1571232280250,0.5011154217846822,0.5653690380173624,0.5976357060965077,0.8965802346806453,-0.6070447053793896,0
1571232280500,0.45758135664059896,0.5653690380173624,0.6325756103645693,-0.13837899220403013,-0.6050328169281746,0
1571232280750,0.5011154217846822,0.5653690380173624,0.6325756103645693,-0.16315982520862354,-0.6050328169281746,0
1571232281000,0.5011154217846822,0.5653690380173624,0.5976357060965077,0.17362269023264285,-0.6050328169281746,0
1571232281250,0.5011154217846822,0.5653690380173624,0.5976357060965077,-0.6829652847520749,-0.6050328169281746,0
1571232281500,0.5011154217846822,0.5653690380173624,0.5976357060965077,1.0316484609889582,-0.6050328169281746,0
1571232281750,0.41404729149651587,0.5653690380173624,0.5976357060965077,0.28712397996699224,-0.6050328169281746,0
1571232282000,0.5011154217846822,0.5653690380173624,0.5976357060965077,-1.3930672434775577,-0.6050328169281746,0
1571232282250,0.5011154217846822,0.532853332865953,0.6325756103645693,0.5597977192393788,-0.6030209284769594,0
1571232282500,0.45758135664059896,0.5003376277145437,0.7024554189006925,-0.1585081330063961,-0.6030209284769594,0
1571232282750,0.5011154217846822,0.5653690380173624,0.5976357060965077,-0.6072695661885557,-0.6050328169281746,0
1571232283000,0.5011154217846822,0.532853332865953,0.6325756103645693,0.3779588422432153,-0.6030209284769594,0
1571232283250,0.7187857475050978,0.5978847431687717,0.5277558975603845,-0.6973432424680506,-0.6050328169281746,0
1571232283500,0.022240705199767605,0.6954318586229997,0.842215035972939,0.6966420462067242,-0.6050328169281746,0
1571232283750,0.28344509606426643,0.5978847431687717,0.8072751317048774,0.5196240138565055,-0.6030209284769594,0
1571232284000,0.15284290063201703,0.630400448320181,0.842215035972939,-1.4209773966909225,-0.6030209284769594,0
1571232284250,0.15284290063201703,0.5978847431687717,0.8072751317048774,0.8756053316596925,-0.6030209284769594,0
1571232284500,0.10930883548793388,0.5653690380173624,0.8771549402410006,0.8755207554378337,-0.6030209284769594,0
1571232284750,0.10930883548793388,0.5653690380173624,0.8771549402410006,0.38125731489570386,-0.6050328169281746,0
1571232285000,0.06577477034385075,0.5653690380173624,0.842215035972939,-0.8077997882154876,-0.6030209284769594,0
1571232285250,0.10930883548793388,0.5653690380173624,0.842215035972939,-1.4216540064657917,-0.6030209284769594,0
1571232285500,0.10930883548793388,0.5978847431687717,0.842215035972939,1.0007781400105398,-0.6010106105865962,0
1571232285750,0.10930883548793388,0.5653690380173624,0.842215035972939,0.45475405169089733,-0.6030209284769594,0
1571232286000,0.06577477034385075,0.5653690380173624,0.8771549402410006,-1.370739120906866,-0.6050328169281746,0
1571232286250,0.10930883548793388,0.5653690380173624,0.842215035972939,0.7908599573572944,-0.6010106105865962,0
1571232286500,0.15284290063201703,0.5653690380173624,0.8771549402410006,-0.028683632453321294,-0.6030209284769594,0
1571232286750,0.10930883548793388,0.5653690380173624,0.8771549402410006,-0.34821259863541687,-0.6010106105865962,0
1571232287000,0.10930883548793388,0.5978847431687717,0.842215035972939,0.394197476840082,-0.6030209284769594,0
1571232287250,0.15284290063201703,0.5978847431687717,0.842215035972939,-0.4398932231302267,-0.6010106105865962,0
1571232287500,0.06577477034385075,0.532853332865953,0.8771549402410006,0.7955962257813805,-0.6010106105865962,0
1571232287750,0.022240705199767605,0.5653690380173624,0.8771549402410006,0.2636117902902791,-0.6030209284769594,0
1571232288000,0.10930883548793388,0.5978847431687717,0.842215035972939,-0.9590220728988086,-0.6030209284769594,0
1571232288250,0.06577477034385075,0.5653690380173624,0.842215035972939,1.2167012344157515,-0.6010106105865962,0
1571232288500,0.06577477034385075,0.5978847431687717,0.842215035972939,0.31131277941857494,-0.6030209284769594,0
1571232288750,0.10930883548793388,0.5653690380173624,0.842215035972939,-1.5064839569900483,-0.6030209284769594,0
1571232289000,0.10930883548793388,0.5653690380173624,0.8771549402410006,0.7325869404966635,-0.6030209284769594,0
1571232289250,0.10930883548793388,0.532853332865953,0.8771549402410006,-0.10700121389445959,-0.6030209284769594,0
1571232289500,0.10930883548793388,0.5653690380173624,0.842215035972939,-0.07477767336630226,-0.6010106105865962,0
1571232289750,0.10930883548793388,0.5653690380173624,0.842215035972939,0.34099903329097186,-0.6030209284769594,0
1571232290000,0.15284290063201703,0.532853332865953,0.842215035972939,-0.6021949928770348,-0.6010106105865962,0
1571232290250,0.15284290063201703,0.5653690380173624,0.842215035972939,0.8913365089254071,-0.6010106105865962,0
1571232290500,0.15284290063201703,0.5653690380173624,0.842215035972939,0.1857170899584342,-0.6050328169281746,0
1571232290750,0.10930883548793388,0.532853332865953,0.842215035972939,-1.223999375982055,-0.6030209284769594,0
1571232291000,0.10930883548793388,0.5653690380173624,0.842215035972939,1.0654789497324306,-0.6030209284769594,0
1571232291250,0.15284290063201703,0.532853332865953,0.842215035972939,0.2202241884767759,-0.6010106105865962,0
1571232291500,0.10930883548793388,0.532853332865953,0.842215035972939,-1.134264004589995,-0.6030209284769594,0
1571232291750,0.10930883548793388,0.532853332865953,0.8072751317048774,0.5612355150109763,-0.6030209284769594,0
1571232292000,0.19637696577610014,0.532853332865953,0.8072751317048774,-0.27184027029702823,-0.6030209284769594,0
1571232292250,0.10930883548793388,0.5003376277145437,0.8771549402410006,0.20178657211158355,-0.6010106105865962,0
1571232292500,0.19637696577610014,0.532853332865953,0.8072751317048774,0.34573530171505795,-0.6010106105865962,0
1571232292750,0.10930883548793388,0.532853332865953,0.842215035972939,-0.6098068528443161,-0.6030209284769594,0
1571232293000,0.19637696577610014,0.5653690380173624,0.8072751317048774,0.9418285133750394,-0.6030209284769594,0
1571232293250,0.2399110309201833,0.5653690380173624,0.8072751317048774,0.2035626727706158,-0.6010106105865962,0
1571232293500,0.15284290063201703,0.532853332865953,0.842215035972939,-1.272715279772655,-0.6010106105865962,0
1571232293750,0.15284290063201703,0.5653690380173624,0.842215035972939,0.967370532376361,-0.6010106105865962,0
1571232294000,0.19637696577610014,0.5653690380173624,0.842215035972939,0.19155284926668317,-0.6010106105865962,0
1571232294250,0.15284290063201703,0.532853332865953,0.842215035972939,-1.2166412446803498,-0.6030209284769594,0
1571232294500,0.15284290063201703,0.532853332865953,0.8072751317048774,0.5572604325836185,-0.6030209284769594,0
1571232294750,0.15284290063201703,0.532853332865953,0.8072751317048774,-0.2194030127446462,-0.6030209284769594,0
1571232295000,0.15284290063201703,0.5653690380173624,0.8072751317048774,-0.020141434045594545,-0.6010106105865962,0
1571232295250,0.15284290063201703,0.532853332865953,0.8072751317048774,0.3973267970488532,-0.6010106105865962,0
1571232295500,0.10930883548793388,0.532853332865953,0.842215035972939,-0.5049323377395522,-0.6030209284769594,0
1571232295750,0.022240705199767605,0.5653690380173624,0.842215035972939,0.7840092833867413,-0.6010106105865962,0
1571232296000,0.2399110309201833,0.5653690380173624,0.8072751317048774,0.24111451527587002,-0.6010106105865962,0
1571232296250,0.10930883548793388,0.532853332865953,0.842215035972939,-1.0187328855310371,-0.598998722135381,0
1571232296500,0.19637696577610014,0.5653690380173624,0.8072751317048774,1.0629416630766702,-0.6010106105865962,0
1571232296750,0.15284290063201703,0.5653690380173624,0.8072751317048774,0.27604449490350513,-0.6030209284769594,0
1571232297000,0.19637696577610014,0.5653690380173624,0.842215035972939,-1.5121505638545802,-0.6030209284769594,0
1571232297250,0.15284290063201703,0.5653690380173624,0.842215035972939,0.6498713955188737,-0.6010106105865962,0
1571232297500,0.15284290063201703,0.5653690380173624,0.842215035972939,-0.15005051082052803,-0.6030209284769594,0
1571232297750,0.19637696577610014,0.5653690380173624,0.8072751317048774,0.0037936367404120823,-0.6010106105865962,0
1571232298000,0.28344509606426643,0.5653690380173624,0.7723352274368158,0.2806961871057326,-0.6010106105865962,0
1571232298250,0.10930883548793388,0.5653690380173624,0.8072751317048774,-0.6820349463116294,-0.6010106105865962,0
1571232298500,0.06577477034385075,0.532853332865953,0.842215035972939,0.9397141078285723,-0.6010106105865962,0
1571232298750,0.15284290063201703,0.4678219225631344,1.016914557313247,0.2768056809002332,-0.598998722135381,0
1571232299000,-0.5872362068173963,0.9230417946828652,0.9819746530451854,-1.5123197162982973,-0.598998722135381,0
1571232299250,-0.23896368566473122,0.6629161534715904,1.016914557313247,0.6214537849743571,-0.598998722135381,0
1571232299500,-0.15189555537656493,0.5653690380173624,1.016914557313247,-0.005932628773336194,-0.598998722135381,0
1571232299750,-0.3260318159528975,0.7604632689258184,0.8771549402410006,0.3844712113263338,-0.6010106105865962,0
1571232300000,-0.19542962052064808,0.5653690380173624,1.016914557313247,1.2743822177233717,-0.598998722135381,0
1571232300250,-0.1083614902324818,0.5978847431687717,0.9819746530451854,-1.306884073403562,-0.6010106105865962,0
1571232300500,-0.19542962052064808,0.5653690380173624,1.016914557313247,0.2656416196148874,-0.6010106105865962,0
1571232300750,-0.23896368566473122,0.5978847431687717,0.9819746530451854,0.3720385067131076,-0.598998722135381,0
1571232301000,-0.23896368566473122,0.6954318586229997,0.9470347487771238,-1.0028325558216051,-0.6010106105865962,0
1571232301250,-0.50016807652923,0.5978847431687717,1.0518544615813086,0.08963850192697297,-0.5969868336841659,0
1571232301500,-0.6743043371055626,0.5653690380173624,1.0867943658493702,-0.3701178400968152,-0.598998722135381,0
1571232301750,-0.36956588109698063,0.5653690380173624,1.0867943658493702,0.3643420705239677,-0.598998722135381,0
1571232302000,-0.3260318159528975,0.6629161534715904,1.016914557313247,0.6966420462067242,-0.598998722135381,0
1571232302250,-0.28249775080881434,0.7279475637744091,0.9470347487771238,-0.11994137583883772,-0.598998722135381,0
1571232302500,-0.19542962052064808,0.5653690380173624,1.016914557313247,0.6042848119370449,-0.598998722135381,0
1571232302750,-0.36956588109698063,0.5978847431687717,1.0518544615813086,-0.1161354458551971,-0.598998722135381,0
1571232303000,-0.28249775080881434,0.5978847431687717,0.9470347487771238,-1.2013329485239288,-0.6010106105865962,0
1571232303250,-0.19542962052064808,0.630400448320181,0.9819746530451854,0.7390147333579231,-0.5969868336841659,0
1571232303500,-0.23896368566473122,0.5978847431687717,0.9819746530451854,-1.0427525325389024,-0.598998722135381,0
1571232303750,-0.19542962052064808,0.5978847431687717,0.9819746530451854,0.5817875369226357,-0.5969868336841659,0
1571232304000,-0.15189555537656493,0.5978847431687717,0.9470347487771238,0.1944284408098783,-0.598998722135381,0
1571232304250,-0.19542962052064808,0.5978847431687717,0.9819746530451854,-1.3630426847177262,-0.598998722135381,0
1571232304500,-0.19542962052064808,0.630400448320181,0.9819746530451854,1.030633546326654,-0.5969868336841659,0
1571232304750,-0.23896368566473122,0.630400448320181,0.9819746530451854,0.09310612702317887,-0.6010106105865962,0
1571232305000,-0.15189555537656493,0.630400448320181,0.9819746530451854,0.03035057040403781,-0.5969868336841659,0
1571232305250,-0.15189555537656493,0.5978847431687717,0.9819746530451854,0.33592445997945103,-0.598998722135381,0
1571232305500,-0.19542962052064808,0.5978847431687717,0.9819746530451854,-0.7902925102907407,-0.598998722135381,0
1571232305750,-0.28249775080881434,0.630400448320181,0.9819746530451854,1.1735673612678243,-0.598998722135381,0
1571232306000,-0.15189555537656493,0.630400448320181,0.9819746530451854,0.10266324009320979,-0.598998722135381,0
1571232306250,-0.19542962052064808,0.5978847431687717,0.9819746530451854,-0.7788747203398187,-0.5969868336841659,0
1571232306500,-0.28249775080881434,0.5978847431687717,0.9819746530451854,0.27705940956580927,-0.6010106105865962,0
1571232306750,-0.19542962052064808,0.630400448320181,0.9819746530451854,-0.6349259907363443,-0.598998722135381,0
1571232307000,-0.1083614902324818,0.5978847431687717,0.9819746530451854,1.1659555013005432,-0.5969868336841659,0
1571232307250,-0.28249775080881434,0.5978847431687717,0.9819746530451854,0.15239405854611401,-0.5969868336841659,0
1571232307500,-0.23896368566473122,0.5978847431687717,0.9819746530451854,-1.288108152150935,-0.5969868336841659,0
1571232307750,-0.06482742508839867,0.630400448320181,0.9470347487771238,0.5383999351091325,-0.598998722135381,0
1571232308000,-0.23896368566473122,0.5978847431687717,1.016914557313247,-0.37417749874603184,-0.598998722135381,0
1571232308250,-0.19542962052064808,0.630400448320181,0.9819746530451854,0.8474414497807518,-0.5969868336841659,0
1571232308500,-0.15189555537656493,0.5978847431687717,0.9819746530451854,0.03229582350678747,-0.598998722135381,0
1571232308750,-0.15189555537656493,0.5978847431687717,0.9819746530451854,-1.3444359159088164,-0.598998722135381,0
1571232309000,-0.15189555537656493,0.5978847431687717,0.9819746530451854,0.6223841234148025,-0.5969868336841659,0
1571232309250,-0.23896368566473122,0.5978847431687717,0.9819746530451854,-0.2912082251026661,-0.598998722135381,0
1571232309500,-0.23896368566473122,0.5978847431687717,0.9819746530451854,0.826974004090951,-0.5969868336841659,0
1571232309750,-0.1083614902324818,0.630400448320181,0.9470347487771238,0.18444844663055399,-0.6010106105865962,0
1571232310000,-0.28249775080881434,0.5003376277145437,1.1217342701174318,-1.3665948860357906,-0.5969868336841659,0
1571232310250,0.022240705199767605,0.8254946792286371,0.8072751317048774,0.7956808020032392,-0.5969868336841659,0
1571232310500,0.022240705199767605,0.8580103843800464,0.8072751317048774,-0.1515728828139843,-0.598998722135381,0
1571232310750,0.10930883548793388,0.7279475637744091,0.8771549402410006,0.17015506513643694,-0.598998722135381,0
1571232311000,-0.06482742508839867,0.7604632689258184,0.8771549402410006,0.053186150305881585,-0.598998722135381,0
1571232311250,-0.06482742508839867,0.7604632689258184,0.842215035972939,-1.1061001227110543,-0.598998722135381,0
1571232311500,-0.021293359944315533,0.7604632689258184,0.8771549402410006,1.056598446437269,-0.5969868336841659,0
1571232311750,-0.021293359944315533,0.7604632689258184,0.9120948445090622,0.10325527364622056,-0.598998722135381,0
1571232312000,-0.19542962052064808,0.7929789740772277,0.9120948445090622,-0.4633208365850813,-0.598998722135381,0
1571232312250,-0.1083614902324818,0.7929789740772277,0.8771549402410006,0.3048004103354566,-0.598998722135381,0
1571232312500,-0.19542962052064808,0.7929789740772277,0.8771549402410006,-0.6268912496597696,-0.598998722135381,0
1571232312750,-0.06482742508839867,0.7929789740772277,0.8771549402410006,1.1051451977841518,-0.5949765157938026,0
1571232313000,-0.021293359944315533,0.8580103843800464,0.7723352274368158,0.09648917589752609,-0.5969868336841659,0
1571232313250,-0.15189555537656493,0.7929789740772277,0.8771549402410006,-0.885017878772463,-0.598998722135381,0
1571232313500,-0.06482742508839867,0.7929789740772277,0.9120948445090622,0.30640735855077145,-0.598998722135381,0
1571232313750,-0.021293359944315533,0.7604632689258184,0.9120948445090622,-0.44885830264724685,-0.598998722135381,0
1571232314000,-0.1083614902324818,0.7604632689258184,0.8771549402410006,0.986146453628988,-0.5969868336841659,0
1571232314250,-0.1083614902324818,0.7604632689258184,0.9120948445090622,0.11467306359714244,-0.598998722135381,0
1571232314500,-0.06482742508839867,0.7604632689258184,0.8771549402410006,-1.2466658034401814,-0.5969868336841659,0
1571232314750,0.022240705199767605,0.7604632689258184,0.8771549402410006,0.5289273982609604,-0.5969868336841659,0
1571232315000,-0.15189555537656493,0.7929789740772277,0.8771549402410006,-0.35354090061251375,-0.5969868336841659,0
1571232315250,-0.1083614902324818,0.7604632689258184,0.9120948445090622,0.8274814614221032,-0.5949765157938026,0
1571232315500,0.022240705199767605,0.7279475637744091,0.8771549402410006,-0.03485769664900498,-0.5969868336841659,0
1571232315750,-0.06482742508839867,0.7279475637744091,0.9120948445090622,-1.0267676266076118,-0.5969868336841659,0
1571232316000,-0.15189555537656493,0.7279475637744091,0.9120948445090622,0.652154953509058,-0.5949765157938026,0
1571232316250,-0.1083614902324818,0.7279475637744091,0.9120948445090622,-0.2259153818277646,-0.598998722135381,0
1571232316500,-0.021293359944315533,0.6954318586229997,0.9120948445090622,0.5411063742086103,-0.5949765157938026,0
1571232316750,0.06577477034385075,0.6954318586229997,0.9120948445090622,-0.344744973539211,-0.5969868336841659,0
1571232317000,-0.06482742508839867,0.6954318586229997,0.9120948445090622,-0.5716629767860512,-0.5969868336841659,0
1571232317250,-0.15189555537656493,0.7279475637744091,0.9470347487771238,0.1414837259263442,-0.5929646273425875,0
1571232317500,0.022240705199767605,0.6954318586229997,0.9120948445090622,-0.9965739154040628,-0.5969868336841659,0
1571232317750,-0.06482742508839867,0.6954318586229997,0.9120948445090622,0.7450196451098895,-0.5949765157938026,0
1571232318000,-0.15189555537656493,0.7279475637744091,0.8771549402410006,-0.4283908569574461,-0.5949765157938026,0
1571232318250,-0.021293359944315533,0.7279475637744091,0.9120948445090622,1.1613883853201745,-0.5929646273425875,0
1571232318500,-0.021293359944315533,0.7279475637744091,0.8771549402410006,-0.1388864495351822,-0.5929646273425875,0
1571232318750,-0.1083614902324818,0.7279475637744091,0.9120948445090622,0.617732431212575,-0.5949765157938026,0
1571232319000,-0.06482742508839867,0.7279475637744091,0.9120948445090622,-0.17017965162289403,-0.5969868336841659,0
1571232319250,0.022240705199767605,0.6954318586229997,0.9470347487771238,-0.5800360227500605,-0.5929646273425875,0
1571232319500,-0.06482742508839867,0.6954318586229997,0.9120948445090622,0.13835440571757304,-0.5949765157938026,0
1571232319750,-0.15189555537656493,0.7279475637744091,0.9120948445090622,-0.9925142567548462,-0.5929646273425875,0
1571232320000,0.022240705199767605,0.6954318586229997,0.9120948445090622,0.6991793328624846,-0.5949765157938026,0
1571232320250,-0.06482742508839867,0.6629161534715904,0.9120948445090622,-0.31463583855752064,-0.5969868336841659,0
1571232320500,0.10930883548793388,0.6629161534715904,0.9120948445090622,1.1243440001460723,-0.5949765157938026,0
1571232320750,0.06577477034385075,0.6629161534715904,0.842215035972939,-0.15757779456595064,-0.5949765157938026,0
1571232321000,0.10930883548793388,0.630400448320181,0.8771549402410006,-0.14100085508164922,-0.5929646273425875,0
1571232321250,0.10930883548793388,0.6629161534715904,0.842215035972939,0.014619393138323207,-0.5929646273425875,0
1571232321500,-0.021293359944315533,0.6954318586229997,0.8072751317048774,-1.102209616505555,-0.5949765157938026,0
1571232321750,0.06577477034385075,0.6954318586229997,0.842215035972939,0.6269512393951713,-0.5949765157938026,0
1571232322000,0.06577477034385075,0.7279475637744091,0.8072751317048774,-0.4267839087421312,-0.5949765157938026,0
1571232322250,0.022240705199767605,0.6954318586229997,0.842215035972939,0.8333172207303521,-0.5949765157938026,0
1571232322500,0.022240705199767605,0.6954318586229997,0.842215035972939,-0.15072712059539747,-0.5949765157938026,0
1571232322750,0.022240705199767605,0.6954318586229997,0.8771549402410006,0.4720076009500682,-0.5949765157938026,0
1571232323000,-0.021293359944315533,0.6629161534715904,0.9120948445090622,0.04760411966320866,-0.5929646273425875,0
1571232323250,-0.021293359944315533,0.6954318586229997,0.8771549402410006,-0.8098296175400959,-0.5949765157938026,0
1571232323500,0.10930883548793388,0.6629161534715904,0.842215035972939,0.264965009840018,-0.5969868336841659,0
1571232323750,-0.021293359944315533,0.6629161534715904,0.8771549402410006,-0.7219549230289266,-0.5949765157938026,0
1571232324000,0.022240705199767605,0.6629161534715904,0.8771549402410006,1.0445040467114777,-0.5949765157938026,0
1571232324250,-0.021293359944315533,0.6629161534715904,0.8771549402410006,-0.0247085500259633,-0.5929646273425875,0
1571232324500,0.06577477034385075,0.6629161534715904,0.8771549402410006,-0.06809615183946649,-0.5949765157938026,0
1571232324750,0.10930883548793388,0.6629161534715904,0.842215035972939,0.14241406436678972,-0.5949765157938026,0
1571232325000,0.06577477034385075,0.6629161534715904,0.8771549402410006,-0.9134354893169797,-0.5949765157938026,0
1571232325250,0.10930883548793388,0.6954318586229997,0.842215035972939,1.0543994646689434,-0.5949765157938026,0
1571232325500,0.06577477034385075,0.6954318586229997,0.842215035972939,0.035340567493699966,-0.5949765157938026,0
1571232325750,0.022240705199767605,0.7279475637744091,0.842215035972939,-0.6263837923286175,-0.5969868336841659,0
1571232326000,0.06577477034385075,0.6954318586229997,0.8771549402410006,0.2981188888086208,-0.5949765157938026,0
1571232326250,0.06577477034385075,0.6954318586229997,0.8771549402410006,-0.4908926849110111,-0.5929646273425875,0
1571232326500,0.022240705199767605,0.6954318586229997,0.842215035972939,1.0186237228227215,-0.5929646273425875,0
1571232326750,0.10930883548793388,0.7604632689258184,0.8072751317048774,0.14875728100619076,-0.5929646273425875,0
1571232327000,0.10930883548793388,0.7279475637744091,0.842215035972939,-1.2631581667026244,-0.5949765157938026,0
1571232327250,0.022240705199767605,0.7604632689258184,0.842215035972939,0.5677478840940948,-0.5949765157938026,0
1571232327500,0.10930883548793388,0.7604632689258184,0.842215035972939,-0.296790255745339,-0.5929646273425875,0
1571232327750,0.022240705199767605,0.7604632689258184,0.842215035972939,0.558951957020792,-0.5949765157938026,0
1571232328000,0.10930883548793388,0.7604632689258184,0.842215035972939,0.08363359017500664,-0.5929646273425875,0
1571232328250,0.15284290063201703,0.7279475637744091,0.842215035972939,-1.1206472328707475,-0.5929646273425875,0
1571232328500,0.022240705199767605,0.6954318586229997,0.8771549402410006,0.546772981073142,-0.5949765157938026,0
1571232328750,0.10930883548793388,0.7279475637744091,0.842215035972939,-0.2802133162610376,-0.5929646273425875,0
1571232329000,0.15284290063201703,0.7604632689258184,0.8072751317048774,0.804984186407694,-0.5949765157938026,0
1571232329250,-0.15189555537656493,0.8905260895314557,0.7373953231687541,0.044390223232578796,-0.5909527388913725,0
1571232329500,-0.021293359944315533,0.7604632689258184,0.842215035972939,-1.2587602031659728,-0.5929646273425875,0
1571232329750,0.06577477034385075,0.630400448320181,0.8771549402410006,0.39808798304558135,-0.5949765157938026,0
1571232330000,0.10930883548793388,0.6954318586229997,0.8771549402410006,-0.35506327260597004,-0.5929646273425875,0
1571232330250,-0.23896368566473122,0.7929789740772277,0.842215035972939,0.8803416000837786,-0.5929646273425875,0
1571232330500,-0.06482742508839867,0.8254946792286371,0.9470347487771238,-0.09414562817194012,-0.5929646273425875,0
1571232330750,-0.28249775080881434,0.8905260895314557,0.8771549402410006,-0.6876169769543022,-0.5949765157938026,0
1571232331000,0.06577477034385075,0.8254946792286371,0.8072751317048774,0.1989109805683884,-0.5949765157938026,0
1571232331250,0.15284290063201703,0.630400448320181,0.9120948445090622,-0.7320194934301096,-0.5929646273425875,0
1571232331500,0.10930883548793388,0.7279475637744091,0.8072751317048774,0.9776888314431199,-0.5969868336841659,0
1571232331750,0.19637696577610014,0.6954318586229997,0.8072751317048774,-0.11605086963333842,-0.5949765157938026,0
1571232332000,0.2399110309201833,0.6954318586229997,0.7723352274368158,0.8013474088677708,-0.5909527388913725,0
1571232332250,0.19637696577610014,0.6954318586229997,0.7723352274368158,-0.20257234459476875,-0.5949765157938026,0
1571232332500,0.15284290063201703,0.6954318586229997,0.7373953231687541,0.004216517849705486,-0.5949765157938026,0
1571232332750,0.15284290063201703,0.6954318586229997,0.8072751317048774,-0.05143463613330639,-0.5949765157938026,0
1571232333000,0.10930883548793388,0.6954318586229997,0.8072751317048774,-0.6366175151735178,-0.5949765157938026,0
1571232333250,0.10930883548793388,0.6629161534715904,0.842215035972939,0.2176869018210155,-0.5949765157938026,0
1571232333500,0.15284290063201703,0.7279475637744091,0.8072751317048774,-0.9407536089773336,-0.5949765157938026,0
1571232333750,0.10930883548793388,0.7604632689258184,0.7723352274368158,0.5593748381300854,-0.5949765157938026,0
1571232334000,0.10930883548793388,0.7279475637744091,0.8072751317048774,-0.5483199395530552,-0.5929646273425875,0
1571232334250,0.10930883548793388,0.7279475637744091,0.8072751317048774,0.9426742755936262,-0.5949765157938026,0
1571232334500,0.15284290063201703,0.7279475637744091,0.8072751317048774,-0.16823439852014438,-0.5929646273425875,0
1571232334750,0.10930883548793388,0.7279475637744091,0.8072751317048774,0.6814183262721616,-0.5949765157938026,0
1571232335000,0.15284290063201703,0.7279475637744091,0.8072751317048774,0.004554822737140209,-0.5949765157938026,0
1571232335250,0.10930883548793388,0.6954318586229997,0.842215035972939,-0.8684409392881616,-0.5929646273425875,0
1571232335500,0.15284290063201703,0.7279475637744091,0.8072751317048774,0.2560845065448565,-0.5949765157938026,0
1571232335750,0.10930883548793388,0.7279475637744091,0.8072751317048774,-0.46788795256545,-0.5949765157938026,0
1571232336000,0.10930883548793388,0.7279475637744091,0.8072751317048774,0.9642412121675898,-0.5949765157938026,0
1571232336250,0.10930883548793388,0.7279475637744091,0.8072751317048774,-0.0400168461823845,-0.5929646273425875,0
1571232336500,0.15284290063201703,0.7279475637744091,0.8072751317048774,-0.6046477033109365,-0.5949765157938026,0
1571232336750,0.10930883548793388,0.7604632689258184,0.8072751317048774,0.11602628314688133,-0.5929646273425875,0
1571232337000,0.06577477034385075,0.7279475637744091,0.8072751317048774,-0.6140356639372502,-0.5929646273425875,0
1571232337250,0.06577477034385075,0.7604632689258184,0.8072751317048774,0.8610582214999993,-0.5909527388913725,0
1571232337500,0.06577477034385075,0.7279475637744091,0.842215035972939,-0.1930998077465965,-0.5909527388913725,0
1571232337750,0.10930883548793388,0.7279475637744091,0.842215035972939,-0.20121912504502984,-0.5929646273425875,0
1571232338000,0.06577477034385075,0.7604632689258184,0.842215035972939,0.01741040845965967,-0.5909527388913725,0
1571232338250,0.15284290063201703,0.7604632689258184,0.8072751317048774,-1.108045375813804,-0.5949765157938026,0
1571232338500,0.15284290063201703,0.7604632689258184,0.8072751317048774,0.5740911007334958,-0.5909527388913725,0
1571232338750,0.10930883548793388,0.7279475637744091,0.8072751317048774,-0.3924459626675068,-0.5949765157938026,0
1571232339000,0.06577477034385075,0.7279475637744091,0.842215035972939,1.0104198293024294,-0.5949765157938026,0
1571232339250,0.15284290063201703,0.7279475637744091,0.8072751317048774,-0.08044428023083386,-0.5909527388913725,0
1571232339500,0.15284290063201703,0.7279475637744091,0.842215035972939,-0.34271514421460264,-0.5949765157938026,0
1571232339750,0.022240705199767605,0.7604632689258184,0.842215035972939,0.2193784262581891,-0.5929646273425875,0
1571232340000,0.022240705199767605,0.7604632689258184,0.842215035972939,-0.912843455763969,-0.5909527388913725,0
1571232340250,0.10930883548793388,0.7604632689258184,0.842215035972939,1.05397658355965,-0.5929646273425875,0
1571232340500,0.06577477034385075,0.7604632689258184,0.8072751317048774,-0.02741498912544108,-0.5929646273425875,0
1571232340750,0.06577477034385075,0.7604632689258184,0.842215035972939,0.0759371539858667,-0.5909527388913725,0
1571232341000,0.10930883548793388,0.7604632689258184,0.842215035972939,0.1703242175801543,-0.5929646273425875,0
1571232341250,0.06577477034385075,0.7604632689258184,0.8072751317048774,-1.0575533713641716,-0.5909527388913725,0
1571232341500,0.06577477034385075,0.7604632689258184,0.842215035972939,0.9330325863017366,-0.5929646273425875,0
1571232341750,0.06577477034385075,0.7279475637744091,0.842215035972939,-0.12467764426292384,-0.5929646273425875,0
1571232342000,0.10930883548793388,0.7279475637744091,0.842215035972939,0.6224686996366612,-0.5949765157938026,0
1571232342250,0.10930883548793388,0.7279475637744091,0.842215035972939,0.15484676898001576,-0.5949765157938026,0
1571232342500,0.15284290063201703,0.7279475637744091,0.8072751317048774,-1.2687401973452972,-0.5909527388913725,0
1571232342750,0.10930883548793388,0.7279475637744091,0.842215035972939,0.7771586094161882,-0.5929646273425875,0
1571232343000,0.10930883548793388,0.7279475637744091,0.842215035972939,-0.13017509868373808,-0.5909527388913725,0
1571232343250,0.10930883548793388,0.7604632689258184,0.8072751317048774,0.26208941829682286,-0.5909527388913725,0
1571232343500,0.10930883548793388,0.7604632689258184,0.8072751317048774,0.18986132482950957,-0.5929646273425875,0
1571232343750,0.10930883548793388,0.7604632689258184,0.8072751317048774,-0.9625742742168731,-0.5949765157938026,0
1571232344000,0.10930883548793388,0.7279475637744091,0.842215035972939,0.8566602579633479,-0.5929646273425875,0
1571232344250,0.10930883548793388,0.7279475637744091,0.8072751317048774,-0.04466853838461194,-0.5949765157938026,0
1571232344500,0.19637696577610014,0.630400448320181,0.8771549402410006,-0.3263919333958773,-0.5909527388913725,0
1571232344750,0.15284290063201703,0.6954318586229997,0.842215035972939,0.29473583993427355,-0.5929646273425875,0
1571232345000,0.06577477034385075,0.7604632689258184,0.8072751317048774,-0.5396085887016112,-0.5929646273425875,0
1571232345250,0.10930883548793388,0.7604632689258184,0.8072751317048774,0.9560373186472977,-0.5909527388913725,0
1571232345500,0.022240705199767605,0.7279475637744091,0.9120948445090622,0.0702705471213351,-0.5929646273425875,0
1571232345750,0.15284290063201703,0.7279475637744091,0.8771549402410006,-1.106692156264065,-0.5929646273425875,0
1571232346000,0.28344509606426643,0.7279475637744091,0.6675155146326309,0.44299795685254073,-0.5929646273425875,0
1571232346250,-0.19542962052064808,0.5653690380173624,1.0867943658493702,-0.2912082251026661,-0.5949765157938026,0
1571232346500,-0.1083614902324818,0.630400448320181,1.016914557313247,0.8427051813566656,-0.5929646273425875,0
1571232346750,-0.15189555537656493,0.5978847431687717,1.016914557313247,-0.007370424544933765,-0.5929646273425875,0
1571232347000,-0.1083614902324818,0.630400448320181,0.9120948445090622,-1.165218901790272,-0.5929646273425875,0
1571232347250,-0.28249775080881434,0.5653690380173624,0.9819746530451854,0.6849705275902261,-0.5929646273425875,0
1571232347500,-0.23896368566473122,0.5653690380173624,1.016914557313247,0.07872816930720317,-0.5929646273425875,0
1571232347750,-0.19542962052064808,0.6954318586229997,0.8771549402410006,0.4081525534467643,-0.5929646273425875,0
1571232348000,-0.4566340113851469,0.5653690380173624,1.0867943658493702,-0.31328261900778176,-0.5909527388913725,0
1571232348250,-0.28249775080881434,0.5978847431687717,1.016914557313247,-1.0368321970087948,-0.5929646273425875,0
1571232348500,-0.3260318159528975,0.5978847431687717,1.016914557313247,0.4674404849696994,-0.5889408504401573,0
1571232348750,-0.36956588109698063,0.630400448320181,1.016914557313247,-0.2411391017623271,-0.5929646273425875,0
1571232349000,-0.36956588109698063,0.630400448320181,1.0518544615813086,1.2675315437528185,-0.5929646273425875,0
1571232349250,-0.28249775080881434,0.5978847431687717,1.016914557313247,-0.46526608968783095,-0.5909527388913725,0
1571232349500,-0.23896368566473122,0.5978847431687717,1.0518544615813086,-1.0633891306724206,-0.5929646273425875,0
1571232349750,-0.3260318159528975,0.5978847431687717,1.0518544615813086,0.10401645964294869,-0.5909527388913725,0
1571232350000,-0.28249775080881434,0.5978847431687717,1.016914557313247,-0.9789820612574572,-0.5909527388913725,0
1571232350250,-0.3260318159528975,0.5978847431687717,1.016914557313247,1.1170704450662257,-0.5909527388913725,0
1571232350500,-0.28249775080881434,0.5978847431687717,1.016914557313247,0.010221429601671812,-0.5909527388913725,0
1571232350750,-0.28249775080881434,0.630400448320181,1.016914557313247,-0.05346446545791473,-0.5929646273425875,0
1571232351000,-0.23896368566473122,0.5978847431687717,1.016914557313247,0.4641420123172109,-0.5909527388913725,0
1571232351250,-0.28249775080881434,0.5653690380173624,1.016914557313247,-0.8041630106755643,-0.5889408504401573,0
1571232351500,-0.36956588109698063,0.630400448320181,1.016914557313247,1.1211301037154422,-0.5909527388913725,0
1571232351750,-0.28249775080881434,0.630400448320181,1.016914557313247,0.09885731010956915,-0.5929646273425875,0
1571232352000,-0.23896368566473122,0.5978847431687717,1.016914557313247,-1.0003798453877035,-0.5909527388913725,0
1571232352250,-0.28249775080881434,0.630400448320181,0.9819746530451854,0.4305652522393147,-0.5909527388913725,0
1571232352500,-0.3260318159528975,0.630400448320181,0.9819746530451854,-0.4502115221969858,-0.5949765157938026,0
1571232352750,-0.23896368566473122,0.630400448320181,1.016914557313247,1.0749514865806027,-0.5909527388913725,0
1571232353000,-0.23896368566473122,0.5978847431687717,1.016914557313247,0.04532056167302429,-0.5929646273425875,0
1571232353250,-0.3260318159528975,0.5978847431687717,1.016914557313247,-1.317540677357756,-0.5889408504401573,0
1571232353500,-0.28249775080881434,0.630400448320181,1.016914557313247,0.4454506672864425,-0.5889408504401573,0
1571232353750,-0.23896368566473122,0.5978847431687717,1.016914557313247,-0.5839265289555599,-0.5909527388913725,0
1571232354000,-0.19542962052064808,0.6629161534715904,0.9470347487771238,1.0675087790570388,-0.5889408504401573,0
1571232354250,-0.19542962052064808,0.5978847431687717,0.9819746530451854,0.21295063339692938,-0.5909527388913725,0
1571232354500,0.022240705199767605,0.5653690380173624,0.9120948445090622,-1.4695241480378052,-0.586930532549794,0
1571232354750,0.10930883548793388,0.5978847431687717,0.8072751317048774,0.7894221615856969,-0.5949765157938026,0
1571232355000,0.2399110309201833,0.532853332865953,0.842215035972939,-0.258646379687074,-0.5909527388913725,0
1571232355250,0.19637696577610014,0.532853332865953,0.8072751317048774,0.5479570481791635,-0.5909527388913725,0
1571232355500,0.2399110309201833,0.532853332865953,0.8072751317048774,0.1375932197208449,-0.5909527388913725,0
1571232355750,0.2399110309201833,0.5003376277145437,0.842215035972939,-1.3094213600593225,-0.5889408504401573,0
1571232356000,0.15284290063201703,0.532853332865953,0.842215035972939,0.8072677443978785,-0.5889408504401573,0
1571232356250,0.15284290063201703,0.532853332865953,0.842215035972939,-0.08129004244942066,-0.5909527388913725,0
1571232356500,0.19637696577610014,0.5653690380173624,0.8072751317048774,0.5777278782734191,-0.5889408504401573,0
1571232356750,0.19637696577610014,0.532853332865953,0.8072751317048774,0.2464428172529669,-0.5909527388913725,0
1571232357000,0.15284290063201703,0.5003376277145437,0.842215035972939,-1.079204884159994,-0.5889408504401573,0
1571232357250,0.15284290063201703,0.532853332865953,0.842215035972939,1.0933045267239365,-0.5889408504401573,0
1571232357500,0.15284290063201703,0.532853332865953,0.842215035972939,0.03897734503362324,-0.5909527388913725,0
1571232357750,0.19637696577610014,0.532853332865953,0.8072751317048774,-0.9278980232548142,-0.5889408504401573,0
1571232358000,0.15284290063201703,0.532853332865953,0.8072751317048774,0.46448031720464567,-0.5909527388913725,0
1571232358250,0.15284290063201703,0.532853332865953,0.842215035972939,-0.397435959757169,-0.5889408504401573,0
1571232358500,0.15284290063201703,0.532853332865953,0.842215035972939,0.7458654073284763,-0.5889408504401573,0
1571232358750,0.15284290063201703,0.532853332865953,0.842215035972939,0.120085941796098,-0.5909527388913725,0
1571232359000,0.15284290063201703,0.532853332865953,0.842215035972939,-1.0967967383065993,-0.5889408504401573,0
1571232359250,0.15284290063201703,0.532853332865953,0.842215035972939,1.079095721451678,-0.5889408504401573,0
1571232359500,0.15284290063201703,0.532853332865953,0.842215035972939,0.10942933784190423,-0.5889408504401573,0
1571232359750,0.15284290063201703,0.532853332865953,0.842215035972939,-1.2115666713688291,-0.586930532549794,0
1571232360000,0.15284290063201703,0.532853332865953,0.842215035972939,0.5695239847531272,-0.5889408504401573,0
1571232360250,0.15284290063201703,0.532853332865953,0.842215035972939,-0.32554617117729046,-0.5889408504401573,0
1571232360500,0.19637696577610014,0.532853332865953,0.842215035972939,0.2272440148910464,-0.5889408504401573,0
1571232360750,0.10930883548793388,0.532853332865953,0.842215035972939,0.2746912753537662,-0.5889408504401573,0
1571232361000,0.15284290063201703,0.532853332865953,0.842215035972939,-0.6491347960086026,-0.5889408504401573,0
1571232361250,0.10930883548793388,0.532853332865953,0.842215035972939,1.0598969190897576,-0.5889408504401573,0
1571232361500,0.15284290063201703,0.532853332865953,0.842215035972939,0.20212487699901824,-0.5889408504401573,0
1571232361750,0.10930883548793388,0.532853332865953,0.842215035972939,-1.4106590976241633,-0.586930532549794,0
1571232362000,0.15284290063201703,0.532853332865953,0.842215035972939,0.7575369259449741,-0.5889408504401573,0
1571232362250,0.10930883548793388,0.532853332865953,0.842215035972939,-0.14125458374722527,-0.586930532549794,0
1571232362500,0.10930883548793388,0.532853332865953,0.842215035972939,-0.10175748813922138,-0.586930532549794,0
1571232362750,0.06577477034385075,0.5653690380173624,0.842215035972939,0.32103904493232327,-0.5889408504401573,0
1571232363000,0.10930883548793388,0.5653690380173624,0.8771549402410006,-0.6032944837611977,-0.586930532549794,0
1571232363250,0.10930883548793388,0.5653690380173624,0.8771549402410006,1.0954189322704035,-0.5889408504401573,0
1571232363500,0.15284290063201703,0.532853332865953,0.8771549402410006,0.22233859402324294,-0.5889408504401573,0
1571232363750,0.06577477034385075,0.5653690380173624,0.8771549402410006,-1.3480726934487397,-0.586930532549794,0
1571232364000,-0.021293359944315533,0.5653690380173624,0.8771549402410006,0.9412364798220285,-0.5889408504401573,0
1571232364250,-0.06482742508839867,0.5978847431687717,0.9120948445090622,-0.06877276161433593,-0.586930532549794,0
1571232364500,0.06577477034385075,0.5653690380173624,0.8771549402410006,-0.15394101702602736,-0.586930532549794,0
1571232364750,-0.021293359944315533,0.5653690380173624,0.9120948445090622,0.12516051510761886,-0.586930532549794,0
1571232365000,-0.021293359944315533,0.5653690380173624,0.9120948445090622,-0.8538938291284686,-0.586930532549794,0
1571232365250,-0.021293359944315533,0.5978847431687717,0.9120948445090622,1.1205380701624317,-0.586930532549794,0
1571232365500,0.022240705199767605,0.5653690380173624,0.8771549402410006,0.052678692974729505,-0.5849186440985789,0
1571232365750,-0.021293359944315533,0.5653690380173624,0.9120948445090622,-0.7024178157795714,-0.5889408504401573,0
1571232366000,-0.021293359944315533,0.5653690380173624,0.9120948445090622,0.2795966962215697,-0.586930532549794,0
1571232366250,-0.021293359944315533,0.5653690380173624,0.9120948445090622,-0.6251151490007373,-0.586930532549794,0
1571232366500,-0.021293359944315533,0.5978847431687717,0.9120948445090622,1.1180853597285298,-0.586930532549794,0
1571232366750,0.022240705199767605,0.5653690380173624,0.9120948445090622,0.15137914388380985,-0.5849186440985789,0
1571232367000,-0.06482742508839867,0.5653690380173624,0.9120948445090622,-1.4036392712098928,-0.5849186440985789,0
1571232367250,-0.021293359944315533,0.5978847431687717,0.9120948445090622,0.5596285667956615,-0.586930532549794,0
1571232367500,0.022240705199767605,0.5978847431687717,0.9120948445090622,-0.31852634476302,-0.5849186440985789,0
1571232367750,-0.021293359944315533,0.5653690380173624,0.9120948445090622,0.6400605537832668,-0.586930532549794,0
1571232368000,0.022240705199767605,0.5653690380173624,0.9120948445090622,0.22479130445714465,-0.586930532549794,0
1571232368250,-0.021293359944315533,0.5653690380173624,0.9120948445090622,-1.1498260294119922,-0.5849186440985789,0
1571232368500,-0.021293359944315533,0.5653690380173624,0.9120948445090622,1.0538074311159324,-0.5889408504401573,0
1571232368750,-0.021293359944315533,0.5653690380173624,0.9120948445090622,-0.008216186763520572,-0.5849186440985789,0
1571232369000,-0.021293359944315533,0.5978847431687717,0.9120948445090622,-0.7912228487311861,-0.586930532549794,0
1571232369250,-0.021293359944315533,0.5978847431687717,0.8771549402410006,0.2521940003393572,-0.586930532549794,0
1571232369500,0.022240705199767605,0.5653690380173624,0.9120948445090622,-0.3799286818324221,-0.5849186440985789,0
1571232369750,-0.021293359944315533,0.5653690380173624,0.9120948445090622,1.1191848506126927,-0.586930532549794,0
1571232370000,-0.021293359944315533,0.5653690380173624,0.8771549402410006,0.10663832252056778,-0.5849186440985789,0
1571232370250,-0.021293359944315533,0.5978847431687717,0.9120948445090622,-1.2390539434729004,-0.5849186440985789,0
1571232370500,0.022240705199767605,0.5978847431687717,0.9120948445090622,0.5679170365378121,-0.5849186440985789,0
1571232370750,0.022240705199767605,0.5978847431687717,0.9120948445090622,-0.34068531488999426,-0.5829067556473638,0
1571232371000,0.022240705199767605,0.5653690380173624,0.9120948445090622,0.9174705614797394,-0.5849186440985789,0
1571232371250,-0.021293359944315533,0.5978847431687717,0.9120948445090622,0.2044930112110613,-0.586930532549794,0
1571232371500,-0.021293359944315533,0.5978847431687717,0.9120948445090622,-1.2648496911397977,-0.5849186440985789,0
1571232371750,0.022240705199767605,0.5978847431687717,0.9120948445090622,0.49814165350440054,-0.5849186440985789,0
1571232372000,-0.021293359944315533,0.5653690380173624,0.9120948445090622,-0.46602727568455904,-0.5849186440985789,0
1571232372250,-0.06482742508839867,0.5978847431687717,0.9120948445090622,1.05524522688753,-0.5849186440985789,0
1571232372500,-0.06482742508839867,0.5978847431687717,0.9120948445090622,-0.08915563108227796,-0.5849186440985789,0
1571232372750,-0.021293359944315533,0.5978847431687717,0.9120948445090622,-0.49613641066624936,-0.5849186440985789,0
1571232373000,-0.021293359944315533,0.5653690380173624,0.9120948445090622,0.22758231977848112,-0.586930532549794,0
1571232373250,-0.06482742508839867,0.5653690380173624,0.9120948445090622,-0.7348950849733048,-0.5849186440985789,0
1571232373500,-0.06482742508839867,0.5978847431687717,0.9120948445090622,0.981917642536054,-0.5849186440985789,0
1571232373750,-0.021293359944315533,0.5978847431687717,0.9120948445090622,-0.0035644945612931358,-0.586930532549794,0
1571232374000,0.022240705199767605,0.5978847431687717,0.9120948445090622,-0.4637437176943746,-0.586930532549794,0
1571232374250,0.022240705199767605,0.5653690380173624,0.9470347487771238,0.32577531335640936,-0.5849186440985789,0
1571232374500,-0.06482742508839867,0.5653690380173624,0.9120948445090622,-0.6407617500445932,-0.5849186440985789,0
1571232374750,-0.06482742508839867,0.5978847431687717,0.9120948445090622,1.1733136326022484,-0.5849186440985789,0
1571232375000,-0.021293359944315533,0.5978847431687717,0.9120948445090622,0.17539879089167515,-0.586930532549794,0
1571232375250,-0.021293359944315533,0.5978847431687717,0.9470347487771238,-1.4990412494664846,-0.586930532549794,0
1571232375500,0.022240705199767605,0.5978847431687717,0.9120948445090622,0.7091593270418088,-0.5849186440985789,0
1571232375750,-0.021293359944315533,0.5653690380173624,0.9120948445090622,-0.18768692954764093,-0.586930532549794,0
1571232376000,-0.06482742508839867,0.5978847431687717,0.9120948445090622,-0.09702121971513528,-0.5829067556473638,0
1571232376250,-0.021293359944315533,0.5978847431687717,0.9120948445090622,0.2141347005029509,-0.5849186440985789,0
1571232376500,-0.021293359944315533,0.5978847431687717,0.9120948445090622,-0.7344722038640115,-0.586930532549794,0
1571232376750,-0.021293359944315533,0.5653690380173624,0.9120948445090622,1.0807872458888517,-0.5849186440985789,0
1571232377000,-0.06482742508839867,0.5653690380173624,0.9120948445090622,0.06950936112460697,-0.5849186440985789,0
1571232377250,-0.06482742508839867,0.5978847431687717,0.9120948445090622,-1.0411455843235875,-0.5849186440985789,0
1571232377500,-0.021293359944315533,0.5978847431687717,0.9120948445090622,0.47665929315229566,-0.5849186440985789,0
1571232377750,0.022240705199767605,0.5653690380173624,0.9120948445090622,-0.43177390583179337,-0.586930532549794,0
1571232378000,-0.021293359944315533,0.5653690380173624,0.9120948445090622,0.770307935445635,-0.586930532549794,0
1571232378250,-0.021293359944315533,0.5978847431687717,0.9120948445090622,0.21185114251276652,-0.5829067556473638,0
1571232378500,0.022240705199767605,0.5978847431687717,0.9120948445090622,-1.1984573569807335,-0.586930532549794,0
1571232378750,-0.021293359944315533,0.5978847431687717,0.9120948445090622,1.080448941001417,-0.5829067556473638,0
1571232379000,-0.021293359944315533,0.5653690380173624,0.9120948445090622,0.05513140340863125,-0.586930532549794,0
1571232379250,-0.021293359944315533,0.5978847431687717,0.9120948445090622,-0.9757681648268274,-0.586930532549794,0
1571232379500,-0.021293359944315533,0.5978847431687717,0.9120948445090622,0.38142646733942126,-0.586930532549794,0
1571232379750,-0.021293359944315533,0.5978847431687717,0.9120948445090622,-0.4751615076452965,-0.5849186440985789,0
1571232380000,-0.021293359944315533,0.5653690380173624,0.9120948445090622,1.1154634968509107,-0.586930532549794,0
1571232380250,-0.1083614902324818,0.532853332865953,0.9470347487771238,0.24415925926278254,-0.5849186440985789,0
1571232380500,-0.1083614902324818,0.5653690380173624,0.9120948445090622,-1.501832264787821,-0.586930532549794,0
1571232380750,-0.021293359944315533,0.5653690380173624,0.9120948445090622,0.9986637344640727,-0.5849186440985789,0
1571232381000,-0.021293359944315533,0.5653690380173624,0.9120948445090622,0.04100717435823157,-0.5849186440985789,0
1571232381250,-0.06482742508839867,0.532853332865953,0.9120948445090622,-0.851102813807132,-0.5849186440985789,0
1571232381500,-0.1083614902324818,0.5978847431687717,0.9819746530451854,0.4591520152275488,-0.5849186440985789,0
1571232381750,-0.4130999462410638,0.6629161534715904,1.016914557313247,-0.4328733967159562,-0.5849186440985789,0
1571232382000,-0.23896368566473122,0.6629161534715904,0.9819746530451854,0.792297753128892,-0.586930532549794,0
1571232382250,-0.4130999462410638,0.630400448320181,1.016914557313247,0.20516962098593075,-0.5829067556473638,0
1571232382500,-0.3260318159528975,0.630400448320181,1.016914557313247,-1.2385464861417483,-0.5849186440985789,0
1571232382750,-0.28249775080881434,0.630400448320181,1.016914557313247,1.6691840213596931,-0.5849186440985789,0
1571232383000,-0.28249775080881434,0.630400448320181,1.016914557313247,0.13767779594270357,-0.5849186440985789,0
1571232383250,-0.3260318159528975,0.630400448320181,1.016914557313247,-1.464787879613719,-0.5849186440985789,0
1571232383500,-0.36956588109698063,0.630400448320181,1.016914557313247,-0.05414107523278418,-0.5849186440985789,0
1571232383750,-0.3260318159528975,0.630400448320181,1.016914557313247,-0.5396085887016112,-0.5849186440985789,0
1571232384000,-0.28249775080881434,0.630400448320181,1.016914557313247,1.1011701153567939,-0.5849186440985789,0
1571232384250,-0.28249775080881434,0.630400448320181,1.016914557313247,0.2848404219768079,-0.5808964377570005,0
1571232384500,-0.3260318159528975,0.5978847431687717,1.016914557313247,-1.331580330186297,-0.5829067556473638,0
1571232384750,-0.3260318159528975,0.630400448320181,1.016914557313247,0.8624114410497382,-0.5829067556473638,0
1571232385000,-0.28249775080881434,0.630400448320181,1.016914557313247,-0.10184206436108005,-0.5849186440985789,0
1571232385250,-0.23896368566473122,0.630400448320181,1.016914557313247,-0.033081595989972686,-0.5849186440985789,0
1571232385500,-0.28249775080881434,0.630400448320181,1.016914557313247,0.327466837793583,-0.5829067556473638,0
1571232385750,-0.3260318159528975,0.630400448320181,1.016914557313247,-0.7935064067213705,-0.5829067556473638,0
1571232386000,-0.28249775080881434,0.630400448320181,1.016914557313247,1.194542264288777,-0.5849186440985789,0
1571232386250,-0.28249775080881434,0.630400448320181,1.016914557313247,0.23646282307364258,-0.5808964377570005,0
1571232386500,-0.23896368566473122,0.630400448320181,1.016914557313247,-1.5361702108624455,-0.5849186440985789,0
1571232386750,-0.3260318159528975,0.630400448320181,1.016914557313247,0.6813337500503029,-0.5849186440985789,0
1571232387000,-0.28249775080881434,0.630400448320181,0.9819746530451854,-0.19572167062421558,-0.5829067556473638,0
1571232387250,-0.28249775080881434,0.630400448320181,1.016914557313247,0.0579224187299677,-0.5829067556473638,0
1571232387500,-0.28249775080881434,0.630400448320181,1.016914557313247,0.21311978584064675,-0.5829067556473638,0
1571232387750,-0.28249775080881434,0.630400448320181,1.016914557313247,-0.9004953273726015,-0.5829067556473638,0
1571232388000,-0.3260318159528975,0.630400448320181,1.016914557313247,1.1001552006944897,-0.5829067556473638,0
1571232388250,-0.28249775080881434,0.630400448320181,0.9819746530451854,0.12245407600814107,-0.5808964377570005,0
1571232388500,-0.28249775080881434,0.630400448320181,1.016914557313247,-1.0693094662025282,-0.5808964377570005,0
1571232388750,-0.28249775080881434,0.630400448320181,1.016914557313247,0.47902742736433873,-0.5829067556473638,0
1571232389000,-0.28249775080881434,0.630400448320181,1.016914557313247,-0.4163810334535135,-0.5808964377570005,0
1571232389250,-0.28249775080881434,0.630400448320181,1.016914557313247,0.8994558262238403,-0.5808964377570005,0
1571232389500,-0.23896368566473122,0.630400448320181,1.016914557313247,0.2229306275762537,-0.5829067556473638,0
1571232389750,-0.23896368566473122,0.630400448320181,1.016914557313247,-1.2572378311725165,-0.5829067556473638,0
1571232390000,-0.3260318159528975,0.630400448320181,1.016914557313247,1.0498323486885746,-0.5829067556473638,0
1571232390250,-0.28249775080881434,0.630400448320181,1.016914557313247,0.10198663031834035,-0.5788845493057854,0
1571232390500,-0.23896368566473122,0.630400448320181,1.016914557313247,-1.1309655319375065,-0.5849186440985789,0
1571232390750,-0.28249775080881434,0.5978847431687717,1.016914557313247,0.41948576717582753,-0.5829067556473638,0
1571232391000,-0.3260318159528975,0.630400448320181,1.016914557313247,-0.39591358776371277,-0.5829067556473638,0
1571232391250,-0.28249775080881434,0.630400448320181,1.016914557313247,0.8558144957447611,-0.5808964377570005,0
1571232391500,-0.28249775080881434,0.630400448320181,1.016914557313247,0.23891553350754435,-0.5788845493057854,0
1571232391750,-0.28249775080881434,0.630400448320181,1.016914557313247,-1.094513180316415,-0.5808964377570005,0
1571232392000,-0.28249775080881434,0.630400448320181,1.016914557313247,1.1232445092619092,-0.5808964377570005,0
1571232392250,-0.3260318159528975,0.630400448320181,1.016914557313247,0.04895733921294756,-0.5788845493057854,0
1571232392500,-0.23896368566473122,0.630400448320181,1.016914557313247,-0.8497495942573932,-0.5808964377570005,0
1571232392750,-0.19542962052064808,0.630400448320181,1.016914557313247,0.3657798662955653,-0.5829067556473638,0
1571232393000,-0.3260318159528975,0.630400448320181,0.9819746530451854,-0.4946986148946518,-0.5808964377570005,0
1571232393250,-0.28249775080881434,0.630400448320181,1.016914557313247,1.0042457651067456,-0.5829067556473638,0
1571232393500,-0.23896368566473122,0.630400448320181,1.016914557313247,0.0785590168634858,-0.5808964377570005,0
1571232393750,-0.3260318159528975,0.5978847431687717,1.016914557313247,-1.399072155229524,-0.5829067556473638,0
1571232394000,-0.3260318159528975,0.630400448320181,1.016914557313247,0.6447968222073529,-0.5808964377570005,0
1571232394250,-0.28249775080881434,0.630400448320181,1.016914557313247,-0.2711636605221588,-0.5788845493057854,0
1571232394500,-0.23896368566473122,0.630400448320181,1.016914557313247,0.4006252697013417,-0.5808964377570005,0
1571232394750,-0.28249775080881434,0.5978847431687717,1.016914557313247,0.2361245181862079,-0.5808964377570005,0
1571232395000,-0.3260318159528975,0.630400448320181,1.016914557313247,-0.9739074879459364,-0.5788845493057854,0
1571232395250,-0.28249775080881434,0.630400448320181,0.9819746530451854,1.1211301037154422,-0.5788845493057854,0
1571232395500,-0.23896368566473122,0.630400448320181,1.016914557313247,0.07999681263508338,-0.5788845493057854,0
1571232395750,-0.23896368566473122,0.5978847431687717,1.016914557313247,-1.0179716995343089,-0.5788845493057854,0
1571232396000,-0.28249775080881434,0.5978847431687717,1.016914557313247,0.3538546190134913,-0.5808964377570005,0
1571232396250,-0.28249775080881434,0.630400448320181,1.016914557313247,-0.5259918169823636,-0.5768726608545703,0
1571232396500,-0.23896368566473122,0.630400448320181,1.016914557313247,1.051608449347607,-0.5808964377570005,0
1571232396750,-0.28249775080881434,0.630400448320181,1.016914557313247,0.15822981785436296,-0.5808964377570005,0
1571232397000,-0.19542962052064808,0.5978847431687717,1.016914557313247,-1.4101516402930112,-0.5788845493057854,0
1571232397250,-0.3260318159528975,0.5978847431687717,1.016914557313247,0.6531698681713624,-0.5808964377570005,0
1571232397500,-0.3260318159528975,0.630400448320181,1.016914557313247,-0.2845267035758303,-0.5788845493057854,0
1571232397750,-0.23896368566473122,0.630400448320181,1.016914557313247,0.8612273739437167,-0.5808964377570005,0
1571232398000,-0.3260318159528975,0.5978847431687717,1.016914557313247,0.21269690473135333,-0.5788845493057854,0
1571232398250,-0.28249775080881434,0.630400448320181,1.016914557313247,-1.2446359741155733,-0.5788845493057854,0
1571232398500,-0.3260318159528975,0.630400448320181,1.016914557313247,0.9806489992081738,-0.5808964377570005,0
1571232398750,-0.3260318159528975,0.630400448320181,1.016914557313247,-0.0938073232845054,-0.5829067556473638,0
1571232399000,-0.28249775080881434,0.630400448320181,0.9819746530451854,0.18157285508735885,-0.5808964377570005,0
1571232399250,-0.28249775080881434,0.5978847431687717,1.016914557313247,0.10951391406376292,-0.5808964377570005,0
1571232399500,-0.28249775080881434,0.630400448320181,1.016914557313247,-1.205984640726156,-0.5808964377570005,0
1571232399750,-0.28249775080881434,0.630400448320181,1.016914557313247,0.9637337548364378,-0.5788845493057854,0
1571232400000,-0.23896368566473122,0.630400448320181,1.016914557313247,-0.14446848017785513,-0.5808964377570005,0
1571232400250,-0.23896368566473122,0.630400448320181,1.016914557313247,0.22682113378175298,-0.5768726608545703,0
1571232400500,-0.28249775080881434,0.5978847431687717,1.0518544615813086,0.23375638397416482,-0.5788845493057854,0
1571232400750,-0.28249775080881434,0.630400448320181,1.016914557313247,-1.0849560672463843,-0.5788845493057854,0
1571232401000,-0.23896368566473122,0.630400448320181,1.016914557313247,1.0876379198594048,-0.5788845493057854,0
1571232401250,-0.28249775080881434,0.5978847431687717,1.016914557313247,-0.0062709336607709165,-0.5788845493057854,0
1571232401500,-0.3260318159528975,0.630400448320181,1.016914557313247,-0.5453597717880014,-0.5808964377570005,0
1571232401750,-0.28249775080881434,0.630400448320181,1.016914557313247,0.24060705794471796,-0.5768726608545703,0
1571232402000,-0.28249775080881434,0.5978847431687717,1.016914557313247,-0.7569694788784205,-0.5788845493057854,0
1571232402250,-0.3260318159528975,0.5978847431687717,1.016914557313247,1.2063829353489925,-0.5788845493057854,0
1571232402500,-0.28249775080881434,0.630400448320181,1.016914557313247,0.10596171274569832,-0.5788845493057854,0
1571232402750,-0.3260318159528975,0.5978847431687717,1.016914557313247,-1.1250451964073986,-0.5808964377570005,0
1571232403000,-0.28249775080881434,0.630400448320181,1.016914557313247,0.47462946382768734,-0.5788845493057854,0
1571232403250,-0.28249775080881434,0.6629161534715904,1.016914557313247,-0.4558781290615173,-0.5788845493057854,0
1571232403500,-0.36956588109698063,0.6629161534715904,1.016914557313247,1.0474642144765316,-0.5788845493057854,0
1571232403750,-0.4566340113851469,0.6629161534715904,1.016914557313247,0.22885096310636135,-0.5788845493057854,0
1571232404000,-0.50016807652923,0.6629161534715904,1.0867943658493702,-1.3110283082746375,-0.5788845493057854,0
1571232404250,-0.4566340113851469,0.6954318586229997,1.0867943658493702,1.0034845791100175,-0.5808964377570005,0
1571232404500,-0.4566340113851469,0.6954318586229997,1.0867943658493702,0.007853295389628754,-0.5788845493057854,0
1571232404750,-0.50016807652923,0.7279475637744091,1.0518544615813086,-0.35354090061251375,-0.5788845493057854,0
1571232405000,-0.4566340113851469,0.6954318586229997,1.0518544615813086,0.41449577008616534,-0.5788845493057854,0
1571232405250,-0.4566340113851469,0.6954318586229997,1.0867943658493702,-0.6543785217638408,-0.5788845493057854,0
1571232405500,-0.50016807652923,0.6954318586229997,1.0518544615813086,1.0347777811977295,-0.5788845493057854,0
1571232405750,-0.50016807652923,0.6954318586229997,1.0518544615813086,0.025698878201810375,-0.5768726608545703,0
1571232406000,-0.50016807652923,0.7279475637744091,1.0518544615813086,-1.259521389162701,-0.5788845493057854,0
1571232406250,-0.4566340113851469,0.7279475637744091,1.016914557313247,0.4085754345560577,-0.5788845493057854,0
1571232406500,-0.50016807652923,0.7279475637744091,1.0518544615813086,-0.5493348542153594,-0.5768726608545703,0
1571232406750,-0.50016807652923,0.7279475637744091,1.0867943658493702,1.0550760744438128,-0.5788845493057854,0
1571232407000,-0.4566340113851469,0.7604632689258184,1.0518544615813086,-0.05507141367322966,-0.5768726608545703,0
1571232407250,-0.4566340113851469,0.7604632689258184,1.0518544615813086,-0.7523177866761931,-0.5768726608545703,0
1571232407500,-0.4130999462410638,0.7604632689258184,1.016914557313247,0.30530786766660867,-0.5788845493057854,0
1571232407750,-0.4566340113851469,0.7604632689258184,1.016914557313247,-0.8121131755302802,-0.5768726608545703,0
1571232408000,-0.4130999462410638,0.7604632689258184,1.0518544615813086,1.2272732621480866,-0.5768726608545703,0
1571232408250,-0.4566340113851469,0.7604632689258184,1.0518544615813086,0.15315524454284216,-0.5768726608545703,0
1571232408500,-0.4566340113851469,0.7604632689258184,1.0518544615813086,-1.187969905470257,-0.5748607724033552,0
1571232408750,-0.4566340113851469,0.7604632689258184,1.0518544615813086,0.5767975398329737,-0.5768726608545703,0
1571232409000,-0.4566340113851469,0.7604632689258184,1.0518544615813086,-0.3628442850169686,-0.5768726608545703,0
1571232409250,-0.4566340113851469,0.7604632689258184,1.0518544615813086,0.5948968513107313,-0.5768726608545703,0
1571232409500,-0.50016807652923,0.7604632689258184,1.016914557313247,0.30606905366333675,-0.5768726608545703,0
1571232409750,-0.4566340113851469,0.7604632689258184,1.0518544615813086,-0.7712628603725374,-0.5788845493057854,0
1571232410000,-0.50016807652923,0.7929789740772277,1.016914557313247,1.2020695480341999,-0.5768726608545703,0
1571232410250,-0.4566340113851469,0.7604632689258184,1.0518544615813086,0.2143038529466683,-0.5768726608545703,0
1571232410500,-0.4566340113851469,0.7604632689258184,1.016914557313247,-1.5723688338179609,-0.5748607724033552,0
1571232410750,-0.4566340113851469,0.7604632689258184,1.0518544615813086,0.9825096760890648,-0.5748607724033552,0
1571232411000,-0.4566340113851469,0.7604632689258184,1.016914557313247,0.002609569634390553,-0.5768726608545703,0
1571232411250,-0.4130999462410638,0.7604632689258184,1.016914557313247,-0.9198632821782394,-0.5748607724033552,0
1571232411500,-0.4566340113851469,0.7604632689258184,1.016914557313247,0.4160181420796216,-0.5768726608545703,0
1571232411750,-0.4566340113851469,0.7604632689258184,1.0518544615813086,-0.46898744344961285,-0.572850454512992,0
1571232412000,-0.4566340113851469,0.7604632689258184,1.0518544615813086,1.0700460657127993,-0.5748607724033552,0
1571232412250,-0.4566340113851469,0.7604632689258184,1.0518544615813086,0.17709031532884878,-0.5768726608545703,0
1571232412500,-0.4566340113851469,0.7604632689258184,1.0518544615813086,-1.4995487067976367,-0.5748607724033552,0
1571232412750,-0.50016807652923,0.7604632689258184,1.016914557313247,0.7813874205091221,-0.5748607724033552,0
1571232413000,-0.4566340113851469,0.7604632689258184,1.016914557313247,-0.25670112658432437,-0.5768726608545703,0
1571232413250,-0.50016807652923,0.7604632689258184,1.016914557313247,0.4753060736025567,-0.5768726608545703,0
1571232413500,-0.4130999462410638,0.7604632689258184,1.016914557313247,0.18816980039233594,-0.5768726608545703,0
1571232413750,-0.4566340113851469,0.7604632689258184,1.0518544615813086,-1.3429981201372188,-0.5748607724033552,0
1571232414000,-0.5437021416733132,0.7604632689258184,1.0518544615813086,1.0231908388030901,-0.5768726608545703,0
1571232414250,-0.4566340113851469,0.7604632689258184,1.016914557313247,-0.1536027121385926,-0.5748607724033552,0
1571232414500,-0.36956588109698063,0.7604632689258184,1.016914557313247,0.28729313241070964,-0.572850454512992,0
1571232414750,-0.50016807652923,0.7279475637744091,1.0518544615813086,0.25938297919734504,-0.5768726608545703,0
1571232415000,-0.50016807652923,0.7604632689258184,1.0518544615813086,-1.1664029688962936,-0.5768726608545703,0
1571232415250,-0.4130999462410638,0.7929789740772277,1.0518544615813086,1.088906563187285,-0.5768726608545703,0
1571232415500,-0.4130999462410638,0.7929789740772277,0.9819746530451854,-0.10852358588791583,-0.5768726608545703,0
1571232415750,-0.4130999462410638,0.7279475637744091,1.016914557313247,0.1091756091763282,-0.5768726608545703,0
1571232416000,-0.50016807652923,0.7279475637744091,1.0518544615813086,0.17506048600424046,-0.5768726608545703,0
1571232416250,-0.4130999462410638,0.6954318586229997,1.016914557313247,-1.2130890433622852,-0.5768726608545703,0
1571232416500,-0.3260318159528975,0.630400448320181,0.9819746530451854,1.2825861112436636,-0.5748607724033552,0
1571232416750,-0.19542962052064808,0.4678219225631344,1.0518544615813086,-0.24494503174596774,-0.5768726608545703,0
1571232417000,-0.15189555537656493,0.5653690380173624,0.8771549402410006,-0.10564799434472069,-0.5768726608545703,0
1571232417250,0.28344509606426643,0.532853332865953,0.7723352274368158,0.0724695288896608,-0.5768726608545703,0
1571232417500,0.2399110309201833,0.4027905122603157,0.8771549402410006,-1.4029626614350235,-0.5788845493057854,0
1571232417750,-0.021293359944315533,0.532853332865953,0.9120948445090622,0.7320794831655114,-0.5748607724033552,0
1571232418000,-0.1083614902324818,0.532853332865953,0.9470347487771238,-0.047544129927807086,-0.5768726608545703,0
1571232418250,-0.06482742508839867,0.5653690380173624,0.9470347487771238,-0.37612275184878147,-0.5748607724033552,0
1571232418500,-0.021293359944315533,0.5653690380173624,0.9470347487771238,0.6487719046347108,-0.5768726608545703,0
1571232418750,-0.1083614902324818,0.532853332865953,0.9819746530451854,-0.6778907114405541,-0.5748607724033552,0
1571232419000,-0.15189555537656493,0.532853332865953,0.9819746530451854,1.100831810469359,-0.5768726608545703,0
1571232419250,-0.1083614902324818,0.5653690380173624,0.9470347487771238,-0.02555431224455011,-0.5748607724033552,0
1571232419500,-0.1083614902324818,0.532853332865953,0.9819746530451854,0.7206616932145894,-0.5768726608545703,0
1571232419750,-0.19542962052064808,0.532853332865953,0.9819746530451854,0.10333984986807923,-0.572850454512992,0
1571232420000,-0.15189555537656493,0.532853332865953,0.9470347487771238,-1.2642576575867872,-0.572850454512992,0
1571232420250,-0.1083614902324818,0.5653690380173624,0.9470347487771238,0.46245048788003734,-0.5768726608545703,0
1571232420500,-0.06482742508839867,0.5653690380173624,0.9470347487771238,-0.500196069315466,-0.572850454512992,0
1571232420750,-0.15189555537656493,0.532853332865953,0.9819746530451854,1.1356772138751354,-0.5768726608545703,0
1571232421000,-0.15189555537656493,0.5653690380173624,0.9819746530451854,-0.03578803508945047,-0.5768726608545703,0
1571232421250,-0.1083614902324818,0.5653690380173624,0.9470347487771238,-0.2947604264207307,-0.5768726608545703,0
1571232421500,-0.1083614902324818,0.532853332865953,0.9819746530451854,0.10900645673261083,-0.5768726608545703,0
1571232421750,-0.15189555537656493,0.532853332865953,0.9470347487771238,-1.202009558298798,-0.5748607724033552,0
1571232422000,-0.15189555537656493,0.5653690380173624,0.9819746530451854,0.6009863392845564,-0.5768726608545703,0
1571232422250,-0.1083614902324818,0.5653690380173624,0.9470347487771238,-0.25932298946194343,-0.572850454512992,0
1571232422500,-0.06482742508839867,0.5653690380173624,0.9819746530451854,1.01422575928607,-0.5748607724033552,0
1571232422750,-0.15189555537656493,0.532853332865953,0.9819746530451854,-0.13279696156135717,-0.5768726608545703,0
1571232423000,-0.19542962052064808,0.5653690380173624,0.9470347487771238,0.19781148968422552,-0.5768726608545703,0
1571232423250,-0.1083614902324818,0.5653690380173624,0.9470347487771238,0.052932421640305545,-0.572850454512992,0
1571232423500,-0.15189555537656493,0.5653690380173624,0.9819746530451854,-1.0747223444014837,-0.5768726608545703,0
1571232423750,-0.15189555537656493,0.5003376277145437,0.9819746530451854,0.34700394504293824,-0.5768726608545703,0
1571232424000,-0.15189555537656493,0.5653690380173624,0.9470347487771238,-0.6380553109451154,-0.5768726608545703,0
1571232424250,-0.1083614902324818,0.5653690380173624,0.9470347487771238,1.0765584347959176,-0.5748607724033552,0
1571232424500,-0.1083614902324818,0.532853332865953,0.9470347487771238,0.18275692219338038,-0.5748607724033552,0
1571232424750,-0.15189555537656493,0.532853332865953,0.9470347487771238,-1.4225843449062374,-0.5748607724033552,0
1571232425000,-0.19542962052064808,0.5653690380173624,0.9470347487771238,0.3710235920508035,-0.5768726608545703,0
1571232425250,-0.1083614902324818,0.5653690380173624,0.9470347487771238,-0.33476497935988664,-0.572850454512992,0
1571232425500,-0.1083614902324818,0.5653690380173624,0.9470347487771238,0.671522908314696,-0.5748607724033552,0
1571232425750,-0.1083614902324818,0.532853332865953,0.9819746530451854,0.26826348249250653,-0.5748607724033552,0
1571232426000,-0.1083614902324818,0.5653690380173624,0.9470347487771238,-1.1227616384172145,-0.5748607724033552,0
1571232426250,-0.1083614902324818,0.5653690380173624,0.9470347487771238,1.002554240669572,-0.5768726608545703,0
1571232426500,-0.1083614902324818,0.5653690380173624,0.9470347487771238,0.04075344569265553,-0.572850454512992,0
1571232426750,-0.1083614902324818,0.5653690380173624,0.9819746530451854,-0.905908205571557,-0.5768726608545703,0
1571232427000,-0.15189555537656493,0.532853332865953,0.9819746530451854,0.4178788189605126,-0.5768726608545703,0
1571232427250,-0.15189555537656493,0.5653690380173624,0.9819746530451854,-0.43574898825915137,-0.5748607724033552,0
1571232427500,-0.15189555537656493,0.5653690380173624,0.9819746530451854,0.8551378859698917,-0.5748607724033552,0
1571232427750,-0.1083614902324818,0.532853332865953,0.9470347487771238,0.17091625113316508,-0.5748607724033552,0
1571232428000,-0.15189555537656493,0.532853332865953,0.9470347487771238,-1.337416089494546,-0.5748607724033552,0
1571232428250,-0.1083614902324818,0.5653690380173624,0.9470347487771238,0.7814719967309808,-0.5748607724033552,0
1571232428500,-0.15189555537656493,0.532853332865953,0.9819746530451854,-0.17466219138140412,-0.5748607724033552,0
1571232428750,-0.1083614902324818,0.5653690380173624,0.9470347487771238,0.3682325767294671,-0.5748607724033552,0
1571232429000,-0.1083614902324818,0.532853332865953,0.9819746530451854,0.2574377260945954,-0.5768726608545703,0
1571232429250,-0.06482742508839867,0.5653690380173624,0.9819746530451854,-0.9481963165008974,-0.572850454512992,0
1571232429500,-0.1083614902324818,0.5653690380173624,0.9819746530451854,1.116985868844367,-0.5748607724033552,0
1571232429750,-0.1083614902324818,0.532853332865953,0.9819746530451854,0.1550159214237331,-0.5768726608545703,0
1571232430000,-0.15189555537656493,0.5653690380173624,0.9470347487771238,-1.2261137815285221,-0.5748607724033552,0
1571232430250,-0.15189555537656493,0.5653690380173624,0.9470347487771238,0.5566683990306076,-0.572850454512992,0
1571232430500,-0.19542962052064808,0.532853332865953,0.9819746530451854,-0.31878007342859604,-0.572850454512992,0
1571232430750,-0.15189555537656493,0.5653690380173624,0.9470347487771238,0.5202160474095162,-0.5768726608545703,0
1571232431000,-0.19542962052064808,0.532853332865953,0.9819746530451854,0.22403011846041654,-0.572850454512992,0
1571232431250,-0.15189555537656493,0.5653690380173624,0.9470347487771238,-0.973738335502219,-0.5708385660617767,0
1571232431500,-0.19542962052064808,0.5653690380173624,0.9470347487771238,0.9628034163959922,-0.5768726608545703,0
1571232431750,-0.15189555537656493,0.5653690380173624,0.9470347487771238,0.0033707556311186795,-0.5748607724033552,0
1571232432000,-0.15189555537656493,0.5653690380173624,0.9470347487771238,-0.6569158084196013,-0.5748607724033552,0
1571232432250,-0.15189555537656493,0.5653690380173624,0.9819746530451854,0.4117893309866876,-0.5768726608545703,0
1571232432500,-0.1083614902324818,0.5653690380173624,0.9470347487771238,-0.49165387090773927,-0.5748607724033552,0
1571232432750,-0.15189555537656493,0.5653690380173624,0.9819746530451854,0.8920976949221352,-0.5748607724033552,0
1571232433000,-0.1083614902324818,0.5653690380173624,0.9819746530451854,0.25811433586946486,-0.5748607724033552,0
1571232433250,-0.1083614902324818,0.5653690380173624,0.9470347487771238,-1.1663183926744347,-0.5748607724033552,0
1571232433500,-0.15189555537656493,0.5653690380173624,0.9819746530451854,1.0728370810341357,-0.5748607724033552,0
1571232433750,-0.15189555537656493,0.5653690380173624,0.9819746530451854,0.1134889964911209,-0.572850454512992,0
1571232434000,-0.15189555537656493,0.5653690380173624,0.9819746530451854,-0.9564002100211895,-0.5748607724033552,0
1571232434250,-0.15189555537656493,0.532853332865953,0.9819746530451854,0.4183862762916647,-0.5748607724033552,0
1571232434500,-0.15189555537656493,0.5653690380173624,0.9819746530451854,-0.4461518635477691,-0.572850454512992,0
1571232434750,-0.15189555537656493,0.5653690380173624,0.9470347487771238,0.9255898787781727,-0.5748607724033552,0
1571232435000,-0.15189555537656493,0.5653690380173624,0.9470347487771238,0.2686863636017999,-0.5748607724033552,0
1571232435250,-0.15189555537656493,0.5653690380173624,0.9470347487771238,-1.3072223782909969,-0.572850454512992,0
1571232435500,-0.15189555537656493,0.5653690380173624,0.9470347487771238,1.069031151050495,-0.5748607724033552,0
1571232435750,-0.1083614902324818,0.5653690380173624,0.9819746530451854,0.17556794333539252,-0.572850454512992,0
1571232436000,-0.15189555537656493,0.5653690380173624,0.9819746530451854,-1.2313575072837601,-0.5748607724033552,0
1571232436250,-0.15189555537656493,0.5653690380173624,0.9819746530451854,0.5702005945279965,-0.5748607724033552,0
1571232436500,-0.15189555537656493,0.5653690380173624,0.9819746530451854,-0.29755144174206716,-0.572850454512992,0
1571232436750,-0.1083614902324818,0.5653690380173624,0.9819746530451854,0.320024130270019,-0.5748607724033552,0
1571232437000,-0.1083614902324818,0.5653690380173624,0.9819746530451854,0.27418381802261416,-0.5748607724033552,0
1571232437250,-0.1083614902324818,0.5653690380173624,0.9819746530451854,-0.84611281671747,-0.5748607724033552,0
1571232437500,-0.15189555537656493,0.5653690380173624,0.9819746530451854,1.022429652806362,-0.5748607724033552,0
1571232437750,-0.1083614902324818,0.5653690380173624,0.9819746530451854,0.15315524454284216,-0.5748607724033552,0
1571232438000,-0.15189555537656493,0.5653690380173624,0.9819746530451854,-1.352470656985391,-0.5748607724033552,0
1571232438250,-0.15189555537656493,0.5653690380173624,0.9819746530451854,0.6311800504881052,-0.5748607724033552,0
1571232438500,-0.15189555537656493,0.5653690380173624,0.9819746530451854,-0.27496959050579944,-0.5748607724033552,0
1571232438750,-0.19542962052064808,0.532853332865953,0.9470347487771238,0.1689709980304154,-0.5768726608545703,0
1571232439000,-0.15189555537656493,0.5653690380173624,0.9470347487771238,0.35334716168233926,-0.5748607724033552,0
1571232439250,-0.15189555537656493,0.5653690380173624,0.9470347487771238,-0.6458363233561141,-0.572850454512992,0
1571232439500,-0.15189555537656493,0.5653690380173624,0.9470347487771238,1.1088665515459337,-0.5748607724033552,0
1571232439750,-0.15189555537656493,0.5653690380173624,0.9819746530451854,0.3358398837575924,-0.572850454512992,0
1571232440000,-0.15189555537656493,0.5653690380173624,0.9470347487771238,-1.2179098880082302,-0.5768726608545703,0
1571232440250,-0.15189555537656493,0.5653690380173624,0.9819746530451854,0.971345614803719,-0.5708385660617767,0
1571232440500,-0.15189555537656493,0.5653690380173624,0.9819746530451854,0.05597716562721805,-0.5748607724033552,0
1571232440750,-0.15189555537656493,0.5653690380173624,0.9819746530451854,-0.8376551945316019,-0.5748607724033552,0
1571232441000,-0.15189555537656493,0.5653690380173624,0.9819746530451854,0.39935662637346153,-0.572850454512992,0
1571232441250,-0.15189555537656493,0.5653690380173624,0.9819746530451854,-0.5220167345550056,-0.572850454512992,0
1571232441500,-0.1083614902324818,0.5653690380173624,0.9819746530451854,1.0913592736211868,-0.5708385660617767,0
1571232441750,-0.19542962052064808,0.5653690380173624,0.9819746530451854,0.2675022964957784,-0.572850454512992,0
1571232442000,-0.15189555537656493,0.5653690380173624,0.9470347487771238,-1.525682759351969,-0.572850454512992,0
1571232442250,-0.15189555537656493,0.5653690380173624,0.9819746530451854,0.7507708281962797,-0.5708385660617767,0
1571232442500,-0.15189555537656493,0.5653690380173624,0.9819746530451854,-0.09473766172495088,-0.572850454512992,0
1571232442750,-0.15189555537656493,0.532853332865953,0.9819746530451854,-0.4645049036911028,-0.572850454512992,0
1571232443000,-0.15189555537656493,0.532853332865953,0.9819746530451854,0.4051078094598518,-0.572850454512992,0
1571232443250,-0.15189555537656493,0.5978847431687717,0.9120948445090622,-0.5351260489431011,-0.572850454512992,0
1571232443500,-0.15189555537656493,0.5653690380173624,0.9819746530451854,0.8291729858592767,-0.572850454512992,0
1571232443750,-0.1083614902324818,0.5653690380173624,0.9819746530451854,0.10773781340473063,-0.572850454512992,0
1571232444000,-0.06482742508839867,0.5978847431687717,0.9470347487771238,-1.171815847095249,-0.572850454512992,0
1571232444250,-0.1083614902324818,0.5653690380173624,0.9470347487771238,0.7698850543363416,-0.572850454512992,0
1571232444500,-0.1083614902324818,0.5653690380173624,0.9819746530451854,-0.3199641405346175,-0.5748607724033552,0
1571232444750,-0.1083614902324818,0.5653690380173624,0.9470347487771238,0.7854470791583389,-0.5708385660617767,0
1571232445000,-0.15189555537656493,0.5653690380173624,0.9470347487771238,0.1997567427869752,-0.572850454512992,0
1571232445250,-0.1083614902324818,0.5653690380173624,0.9470347487771238,-1.233556489052086,-0.572850454512992,0
1571232445500,-0.06482742508839867,0.532853332865953,0.9470347487771238,0.3470885212647969,-0.5748607724033552,0
1571232445750,-0.1083614902324818,0.5653690380173624,0.9470347487771238,-0.7757454001310475,-0.572850454512992,0
1571232446000,-0.15189555537656493,0.5653690380173624,0.9470347487771238,0.9065602288599696,-0.572850454512992,0
1571232446250,-0.15189555537656493,0.5653690380173624,0.9819746530451854,-0.18159744157381594,-0.5708385660617767,0
1571232446500,-0.15189555537656493,0.5653690380173624,0.9819746530451854,0.9926588227121065,-0.572850454512992,0
1571232446750,-0.1083614902324818,0.5978847431687717,0.9470347487771238,-0.038917355298221656,-0.572850454512992,0
1571232447000,-0.15189555537656493,0.5653690380173624,1.016914557313247,0.13700118616783413,-0.572850454512992,0
1571232447250,-0.1083614902324818,0.5653690380173624,0.9819746530451854,0.10875272806703479,-0.5708385660617767,0
1571232447500,-0.1083614902324818,0.5978847431687717,0.9819746530451854,-0.8359636700944282,-0.572850454512992,0
1571232447750,-0.15189555537656493,0.5653690380173624,0.9819746530451854,0.3097904074251187,-0.572850454512992,0
1571232448000,-0.15189555537656493,0.5653690380173624,0.9819746530451854,-1.081573018372037,-0.5708385660617767,0
1571232448250,-0.1083614902324818,0.5653690380173624,0.9819746530451854,1.0316484609889582,-0.572850454512992,0
1571232448500,-0.1083614902324818,0.5978847431687717,0.9819746530451854,0.08532511461218024,-0.5688266776105617,0
1571232448750,-0.15189555537656493,0.5978847431687717,0.9470347487771238,-1.4134501129454997,-0.572850454512992,0
1571232449000,-0.15189555537656493,0.5653690380173624,0.9470347487771238,0.6295731022727904,-0.5708385660617767,0
1571232449250,-0.15189555537656493,0.5653690380173624,0.9470347487771238,-0.2439301170836636,-0.5708385660617767,0
1571232449500,-0.15189555537656493,0.5653690380173624,0.9470347487771238,-0.22050250362880902,-0.5708385660617767,0
1571232449750,-0.15189555537656493,0.5978847431687717,0.9470347487771238,0.3175714198361173,-0.5708385660617767,0
1571232450000,-0.15189555537656493,0.5978847431687717,0.9470347487771238,-0.5864638156113202,-0.5708385660617767,0
1571232450250,-0.1083614902324818,0.5978847431687717,0.9819746530451854,0.9619576541774053,-0.5708385660617767,0
1571232450500,-0.1083614902324818,0.5978847431687717,0.9470347487771238,0.2571839974290194,-0.5708385660617767,0
1571232450750,-0.1083614902324818,0.5653690380173624,0.9470347487771238,-1.2101288755972315,-0.5708385660617767,0
1571232451000,-0.1083614902324818,0.5978847431687717,0.9470347487771238,1.0811255507762865,-0.572850454512992,0
1571232451250,-0.1083614902324818,0.5978847431687717,0.9819746530451854,0.2211545269172214,-0.5688266776105617,0
1571232451500,-0.1083614902324818,0.5978847431687717,0.9470347487771238,-1.6643031869783467,-0.5708385660617767,0
1571232451750,-0.1083614902324818,0.5653690380173624,0.9470347487771238,0.8504861937676643,-0.5708385660617767,0
1571232452000,-0.1083614902324818,0.5653690380173624,0.9470347487771238,0.07137003800549793,-0.5708385660617767,0
1571232452250,-0.15189555537656493,0.5653690380173624,0.9470347487771238,-1.320669997566527,-0.5708385660617767,0
1571232452500,-0.15189555537656493,0.5653690380173624,0.9470347487771238,0.581449232035201,-0.572850454512992,0
1571232452750,-0.15189555537656493,0.5653690380173624,0.9470347487771238,-0.28867093844690567,-0.5708385660617767,0
1571232453000,-0.15189555537656493,0.5653690380173624,0.9819746530451854,-0.12983679379630336,-0.5708385660617767,0
1571232453250,-0.15189555537656493,0.5653690380173624,0.9470347487771238,0.34894919814568787,-0.5688266776105617,0
1571232453500,-0.15189555537656493,0.5978847431687717,0.9470347487771238,-0.5879861876047765,-0.5708385660617767,0
1571232453750,-0.15189555537656493,0.5978847431687717,0.9470347487771238,1.1322095887789294,-0.572850454512992,0
1571232454000,-0.15189555537656493,0.5978847431687717,0.9470347487771238,0.307591425656793,-0.5688266776105617,0
1571232454250,-0.15189555537656493,0.630400448320181,0.9470347487771238,-0.9918376469799767,-0.5688266776105617,0
1571232454500,-0.23896368566473122,0.630400448320181,0.9819746530451854,1.2758200134949693,-0.5668163597201984,0
1571232454750,-0.19542962052064808,0.630400448320181,0.9470347487771238,0.28382550731450373,-0.5708385660617767,0
1571232455000,-0.23896368566473122,0.630400448320181,0.9819746530451854,-1.3976343594579266,-0.5708385660617767,0
1571232455250,-0.23896368566473122,0.630400448320181,0.9819746530451854,1.2052834444648297,-0.5688266776105617,0
1571232455500,-0.23896368566473122,0.630400448320181,0.9819746530451854,0.4393611793126175,-0.5688266776105617,0
1571232455750,-0.23896368566473122,0.5978847431687717,0.9819746530451854,-1.3179635584670493,-0.5688266776105617,0
1571232456000,-0.23896368566473122,0.5978847431687717,0.9819746530451854,0.7446813402224547,-0.5688266776105617,0
1571232456250,-0.23896368566473122,0.5978847431687717,0.9819746530451854,-0.2643975627734643,-0.5708385660617767,0
1571232456500,-0.23896368566473122,0.5978847431687717,0.9819746530451854,0.5625041583388567,-0.5688266776105617,0
1571232456750,-0.23896368566473122,0.5978847431687717,0.9819746530451854,0.014365664472747166,-0.5688266776105617,0
1571232457000,-0.19542962052064808,0.5978847431687717,0.9819746530451854,-1.2709391791136229,-0.5708385660617767,0
1571232457250,-0.23896368566473122,0.5978847431687717,0.9819746530451854,1.0442503180459017,-0.5668163597201984,0
1571232457500,-0.23896368566473122,0.630400448320181,0.9819746530451854,0.05809157117368507,-0.5708385660617767,0
1571232457750,-0.23896368566473122,0.5978847431687717,0.9819746530451854,-0.9066693915682853,-0.5708385660617767,0
1571232458000,-0.19542962052064808,0.5978847431687717,0.9819746530451854,0.5601360241268136,-0.5708385660617767,0
1571232458250,-0.19542962052064808,0.5978847431687717,0.9819746530451854,-0.4285600094011635,-0.5708385660617767,0
1571232458500,-0.19542962052064808,0.5978847431687717,0.9819746530451854,0.8017702899770642,-0.5668163597201984,0
1571232458750,-0.19542962052064808,0.5978847431687717,1.016914557313247,0.22715943866918772,-0.572850454512992,0
1571232459000,-0.19542962052064808,0.5978847431687717,0.9819746530451854,-1.194905155662669,-0.5708385660617767,0
1571232459250,-0.23896368566473122,0.5978847431687717,0.9819746530451854,0.8180935007957896,-0.5688266776105617,0
1571232459500,-0.23896368566473122,0.5978847431687717,0.9819746530451854,-0.2184726743042007,-0.5708385660617767,0
1571232459750,-0.19542962052064808,0.5978847431687717,0.9819746530451854,0.43969948420005217,-0.5708385660617767,0
1571232460000,-0.23896368566473122,0.5978847431687717,0.9819746530451854,0.2194630024800478,-0.5688266776105617,0
1571232460250,-0.23896368566473122,0.5978847431687717,0.9819746530451854,-1.1519404349584592,-0.5708385660617767,0
1571232460500,-0.19542962052064808,0.5978847431687717,0.9819746530451854,0.9326942814143019,-0.5688266776105617,0
1571232460750,-0.19542962052064808,0.5978847431687717,0.9819746530451854,-0.11182205854040439,-0.5708385660617767,0
1571232461000,-0.19542962052064808,0.5978847431687717,0.9819746530451854,0.09124545014228791,-0.5708385660617767,0
1571232461250,-0.19542962052064808,0.5978847431687717,0.9819746530451854,0.3098749836469774,-0.5688266776105617,0
1571232461500,-0.19542962052064808,0.5978847431687717,0.9819746530451854,-0.75443219222266,-0.5708385660617767,0
1571232461750,-0.19542962052064808,0.5978847431687717,0.9819746530451854,1.0238674485779597,-0.5688266776105617,0
1571232462000,-0.19542962052064808,0.630400448320181,0.9819746530451854,0.13835440571757304,-0.5708385660617767,0
1571232462250,-0.19542962052064808,0.5978847431687717,0.9819746530451854,-1.3956045301333182,-0.5708385660617767,0
1571232462500,-0.19542962052064808,0.5978847431687717,0.9819746530451854,0.7140647479096123,-0.5708385660617767,0
1571232462750,-0.19542962052064808,0.5978847431687717,0.9819746530451854,-0.07680750269091059,-0.5708385660617767,0
1571232463000,-0.19542962052064808,0.5978847431687717,0.9819746530451854,-0.4031871428435593,-0.5708385660617767,0
1571232463250,-0.23896368566473122,0.5978847431687717,0.9819746530451854,0.38802341264439827,-0.5708385660617767,0
1571232463500,-0.19542962052064808,0.5978847431687717,0.9819746530451854,-0.44192305245483504,-0.5708385660617767,0
1571232463750,-0.19542962052064808,0.5978847431687717,0.9819746530451854,0.65587630727084,-0.5688266776105617,0
1571232464000,-0.19542962052064808,0.5978847431687717,0.9819746530451854,0.27080076914826695,-0.5688266776105617,0
1571232464250,-0.19542962052064808,0.5978847431687717,0.9819746530451854,-0.7969740318175764,-0.5708385660617767,0
1571232464500,-0.19542962052064808,0.5978847431687717,0.9819746530451854,1.058712851983736,-0.5688266776105617,0
1571232464750,-0.19542962052064808,0.5978847431687717,0.9819746530451854,0.21202029495648386,-0.5708385660617767,0
1571232465000,-0.19542962052064808,0.5978847431687717,0.9819746530451854,-1.3949279203584486,-0.5688266776105617,0
1571232465250,-0.19542962052064808,0.5978847431687717,0.9819746530451854,0.7607508223756041,-0.572850454512992,0
1571232465500,-0.19542962052064808,0.630400448320181,0.9819746530451854,-0.095498847721679,-0.5708385660617767,0
1571232465750,-0.19542962052064808,0.630400448320181,0.9819746530451854,-0.5040865755209654,-0.572850454512992,0
1571232466000,-0.19542962052064808,0.630400448320181,0.9819746530451854,0.4741220064965352,-0.5708385660617767,0
1571232466250,-0.23896368566473122,0.5978847431687717,0.9819746530451854,-0.46907201967147155,-0.5708385660617767,0
1571232466500,-0.19542962052064808,0.5978847431687717,0.9819746530451854,0.7477260842093673,-0.5708385660617767,0
1571232466750,-0.19542962052064808,0.5978847431687717,0.9819746530451854,0.25904467430991035,-0.5708385660617767,0
1571232467000,-0.19542962052064808,0.5978847431687717,0.9819746530451854,-0.9920913756455527,-0.5688266776105617,0
1571232467250,-0.19542962052064808,0.5978847431687717,0.9819746530451854,1.095503508492262,-0.5688266776105617,0
1571232467500,-0.23896368566473122,0.5978847431687717,0.9819746530451854,0.25549247299184574,-0.5708385660617767,0
1571232467750,-0.23896368566473122,0.5978847431687717,0.9819746530451854,-1.4028780852131646,-0.5708385660617767,0
1571232468000,-0.19542962052064808,0.5978847431687717,0.9819746530451854,0.6112200621294567,-0.5708385660617767,0
1571232468250,-0.23896368566473122,0.5978847431687717,0.9819746530451854,-0.2613528187865518,-0.5688266776105617,0
1571232468500,-0.19542962052064808,0.5978847431687717,0.9819746530451854,0.14114542103890948,-0.5708385660617767,0
1571232468750,-0.19542962052064808,0.5978847431687717,0.9819746530451854,0.31410379473991146,-0.5708385660617767,0
1571232469000,-0.19542962052064808,0.5978847431687717,0.9819746530451854,-0.6241002343384332,-0.5688266776105617,0
1571232469250,-0.19542962052064808,0.5978847431687717,0.9819746530451854,1.0774041970145045,-0.5708385660617767,0
1571232469500,-0.19542962052064808,0.5978847431687717,0.9819746530451854,0.30268600478898955,-0.5668163597201984,0
1571232469750,-0.19542962052064808,0.5978847431687717,0.9819746530451854,-1.2535164774107346,-0.5708385660617767,0
1571232470000,-0.19542962052064808,0.5978847431687717,0.9819746530451854,1.070130641934658,-0.5708385660617767,0
1571232470250,-0.19542962052064808,0.5978847431687717,0.9819746530451854,0.26276602807169225,-0.5708385660617767,0
1571232470500,-0.15189555537656493,0.5978847431687717,0.9819746530451854,-1.4072760487498162,-0.5708385660617767,0
1571232470750,-0.19542962052064808,0.5978847431687717,0.9819746530451854,0.6500405479625911,-0.5688266776105617,0
1571232471000,-0.19542962052064808,0.5978847431687717,0.9819746530451854,-0.08019055156525781,-0.5708385660617767,0
1571232471250,-0.23896368566473122,0.5978847431687717,0.9819746530451854,-0.8235309654812022,-0.5708385660617767,0
1571232471500,-0.19542962052064808,0.5978847431687717,0.9819746530451854,0.47649014070857826,-0.5688266776105617,0
1571232471750,-0.23896368566473122,0.5978847431687717,0.9819746530451854,-0.3038946583814682,-0.5708385660617767,0
1571232472000,-0.19542962052064808,0.630400448320181,0.9470347487771238,-0.05481768500765362,-0.5688266776105617,0
1571232472250,-0.19542962052064808,0.5978847431687717,0.9819746530451854,0.5203851998532336,-0.5668163597201984,0
1571232472500,-0.19542962052064808,0.5978847431687717,0.9819746530451854,-0.2091692898997458,-0.5688266776105617,0
1571232472750,-0.19542962052064808,0.5978847431687717,0.9819746530451854,-0.985663582784293,-0.5668163597201984,0
1571232473000,-0.19542962052064808,0.5978847431687717,0.9819746530451854,0.5435590846425121,-0.5708385660617767,0
1571232473250,-0.19542962052064808,0.5978847431687717,0.9819746530451854,-0.15723948967851592,-0.5688266776105617,0
1571232473500,-0.19542962052064808,0.630400448320181,0.9819746530451854,-0.6153043072651303,-0.5708385660617767,0
1571232473750,-0.19542962052064808,0.5978847431687717,0.9819746530451854,0.4978879248388245,-0.5688266776105617,0
1571232474000,-0.19542962052064808,0.5978847431687717,0.9819746530451854,-0.35929208369890403,-0.5668163597201984,0
1571232474250,-0.19542962052064808,0.5978847431687717,1.016914557313247,0.3080988829879451,-0.5688266776105617,0
1571232474500,-0.19542962052064808,0.5978847431687717,0.9819746530451854,0.3029397334545656,-0.5668163597201984,0
1571232474750,-0.19542962052064808,0.5978847431687717,0.9819746530451854,-0.607946175963425,-0.5668163597201984,0
1571232475000,-0.23896368566473122,0.5978847431687717,0.9819746530451854,0.8494712791053601,-0.5668163597201984,0
1571232475250,-0.28249775080881434,0.5978847431687717,1.016914557313247,0.32180023092905136,-0.5648044712689833,0
1571232475500,-0.23896368566473122,0.5978847431687717,0.9819746530451854,-0.8776597474707577,-0.5668163597201984,0
1571232475750,-0.19542962052064808,0.5978847431687717,0.9819746530451854,1.1473487324916336,-0.5688266776105617,0
1571232476000,-0.19542962052064808,0.5978847431687717,0.9819746530451854,0.3481880121489598,-0.5648044712689833,0
1571232476250,-0.19542962052064808,0.5978847431687717,0.9819746530451854,-1.2690785022327318,-0.5688266776105617,0
1571232476500,-0.23896368566473122,0.5978847431687717,0.9819746530451854,1.1646868579726628,-0.5668163597201984,0
1571232476750,-0.23896368566473122,0.630400448320181,1.016914557313247,0.33507869776086424,-0.5668163597201984,0
1571232477000,-0.23896368566473122,0.630400448320181,0.9819746530451854,-1.5281354697858707,-0.5668163597201984,0
1571232477250,-0.23896368566473122,0.5978847431687717,1.016914557313247,0.8734909261132254,-0.5648044712689833,0
1571232477500,-0.23896368566473122,0.5978847431687717,0.9819746530451854,0.11069798116978445,-0.5668163597201984,0
1571232477750,-0.23896368566473122,0.5978847431687717,1.016914557313247,-1.3029935671980628,-0.5648044712689833,0
1571232478000,-0.23896368566473122,0.5978847431687717,0.9819746530451854,0.5855088906844178,-0.5668163597201984,0
1571232478250,-0.23896368566473122,0.5978847431687717,0.9819746530451854,-0.19572167062421558,-0.5668163597201984,0
1571232478500,-0.23896368566473122,0.5978847431687717,0.9819746530451854,-0.29543703619560013,-0.5668163597201984,0
1571232478750,-0.23896368566473122,0.5978847431687717,1.016914557313247,0.4912064033119887,-0.5688266776105617,0
1571232479000,-0.23896368566473122,0.5978847431687717,0.9819746530451854,-0.37358546519302105,-0.5668163597201984,0
1571232479250,-0.19542962052064808,0.5978847431687717,0.9819746530451854,0.3159644716208024,-0.5668163597201984,0
1571232479500,-0.19542962052064808,0.5978847431687717,0.9819746530451854,0.41026695899323135,-0.5668163597201984,0
1571232479750,-0.23896368566473122,0.5978847431687717,0.9819746530451854,-0.5270067316446678,-0.5668163597201984,0
1571232480000,-0.19542962052064808,0.5978847431687717,1.016914557313247,0.8114119792689538,-0.5668163597201984,0
1571232480250,-0.23896368566473122,0.5978847431687717,0.9819746530451854,0.2417065488288808,-0.5668163597201984,0
1571232480500,-0.19542962052064808,0.5978847431687717,0.9819746530451854,-0.9063310866808505,-0.5648044712689833,0
1571232480750,-0.19542962052064808,0.630400448320181,0.9819746530451854,1.1147023108541827,-0.5688266776105617,0
1571232481000,-0.19542962052064808,0.5978847431687717,1.016914557313247,0.2757907662379291,-0.5668163597201984,0
1571232481250,-0.23896368566473122,0.5978847431687717,0.9819746530451854,-1.5266976740142733,-0.5688266776105617,0
1571232481500,-0.23896368566473122,0.5978847431687717,0.9819746530451854,0.9428434280373436,-0.5688266776105617,0
1571232481750,-0.23896368566473122,0.5978847431687717,0.9819746530451854,0.006246347174313821,-0.5688266776105617,0
1571232482000,-0.23896368566473122,0.5978847431687717,0.9819746530451854,-0.8006953855793584,-0.5688266776105617,0
1571232482250,-0.23896368566473122,0.5978847431687717,0.9819746530451854,0.4844403055632943,-0.5668163597201984,0
1571232482500,-0.23896368566473122,0.5978847431687717,0.9819746530451854,-0.4304206862820545,-0.5668163597201984,0
1571232482750,-0.23896368566473122,0.5978847431687717,0.9819746530451854,0.7722531885483847,-0.5668163597201984,0
1571232483000,-0.23896368566473122,0.5978847431687717,0.9819746530451854,0.30530786766660867,-0.5648044712689833,0
1571232483250,-0.23896368566473122,0.5978847431687717,0.9819746530451854,-1.0150115317692552,-0.5648044712689833,0
1571232483500,-0.23896368566473122,0.5978847431687717,0.9819746530451854,1.1031153684595434,-0.5668163597201984,0
1571232483750,-0.19542962052064808,0.5978847431687717,0.9819746530451854,0.23003503021238286,-0.5648044712689833,0
1571232484000,-0.19542962052064808,0.630400448320181,0.9819746530451854,-1.5653490074036902,-0.5688266776105617,0
1571232484250,-0.19542962052064808,0.5978847431687717,0.9819746530451854,0.7833326736118719,-0.5668163597201984,0
1571232484500,-0.19542962052064808,0.5978847431687717,0.9819746530451854,0.006584652061748544,-0.5688266776105617,0
1571232484750,-0.19542962052064808,0.5978847431687717,1.016914557313247,-1.025668135723449,-0.5668163597201984,0
1571232485000,-0.23896368566473122,0.5978847431687717,0.9819746530451854,0.5603051765705309,-0.5648044712689833,0
1571232485250,-0.23896368566473122,0.5978847431687717,0.9819746530451854,-0.3160736343291182,-0.5648044712689833,0
1571232485500,-0.23896368566473122,0.5978847431687717,0.9819746530451854,0.35114817991401354,-0.5668163597201984,0
1571232485750,-0.19542962052064808,0.5978847431687717,0.9819746530451854,0.3203624351574538,-0.5648044712689833,0
1571232486000,-0.23896368566473122,0.5978847431687717,0.9819746530451854,-0.7058854408757774,-0.5648044712689833,0
1571232486250,-0.23896368566473122,0.5978847431687717,0.9819746530451854,1.0720758950374076,-0.5648044712689833,0
1571232486500,-0.23896368566473122,0.5978847431687717,0.9819746530451854,0.2495721374617381,-0.5648044712689833,0
1571232486750,-0.23896368566473122,0.630400448320181,0.9819746530451854,-1.435693659294333,-0.5668163597201984,0
1571232487000,-0.15189555537656493,0.5978847431687717,1.016914557313247,0.9116348021714903,-0.5627925828177682,0
1571232487250,-0.19542962052064808,0.5978847431687717,0.9819746530451854,0.09310612702317887,-0.5648044712689833,0
1571232487500,-0.15189555537656493,0.630400448320181,0.9819746530451854,-1.1533782307300566,-0.5668163597201984,0
1571232487750,-0.23896368566473122,0.5978847431687717,0.9470347487771238,0.5694394085312684,-0.5648044712689833,0
1571232488000,-0.23896368566473122,0.5978847431687717,0.9819746530451854,-0.3074468596995328,-0.5648044712689833,0
1571232488250,-0.28249775080881434,0.5978847431687717,1.016914557313247,0.15797608918878694,-0.5648044712689833,0
1571232488500,-0.23896368566473122,0.630400448320181,0.9819746530451854,0.5734990671804852,-0.5668163597201984,0
1571232488750,-0.19542962052064808,0.630400448320181,0.9819746530451854,-0.1300059462400207,-0.5648044712689833,0
1571232489000,-0.19542962052064808,0.5653690380173624,1.016914557313247,0.716010001012362,-0.5648044712689833,0
1571232489250,-0.28249775080881434,0.5978847431687717,1.016914557313247,-0.19470675596191145,-0.5648044712689833,0
1571232489500,-0.23896368566473122,0.5978847431687717,0.9819746530451854,-1.6878153766550597,-0.5648044712689833,0
1571232489750,-0.23896368566473122,0.5978847431687717,0.9819746530451854,0.66357274345998,-0.5648044712689833,0
1571232490000,-0.23896368566473122,0.5978847431687717,0.9819746530451854,-0.3577697117054478,-0.5648044712689833,0
1571232490250,-0.23896368566473122,0.5978847431687717,0.9819746530451854,0.7853625029364801,-0.5627925828177682,0
1571232490500,-0.23896368566473122,0.630400448320181,0.9819746530451854,0.30353176700757634,-0.5648044712689833,0
1571232490750,-0.19542962052064808,0.5978847431687717,1.016914557313247,-1.3804653864206144,-0.5627925828177682,0
1571232491000,-0.23896368566473122,0.5978847431687717,0.9819746530451854,0.9277042843246397,-0.5627925828177682,0
1571232491250,-0.23896368566473122,0.5978847431687717,0.9819746530451854,-0.10936934810650265,-0.5648044712689833,0
1571232491500,-0.23896368566473122,0.5978847431687717,1.016914557313247,-0.07401648736957413,-0.5627925828177682,0
1571232491750,-0.23896368566473122,0.5978847431687717,0.9819746530451854,0.39115273285316954,-0.5648044712689833,0
1571232492000,-0.23896368566473122,0.5978847431687717,0.9819746530451854,-0.6425378507036255,-0.5627925828177682,0
1571232492250,-0.23896368566473122,0.5978847431687717,1.016914557313247,1.1357617900969943,-0.5648044712689833,0
1571232492500,-0.23896368566473122,0.5978847431687717,0.9819746530451854,0.25904467430991035,-0.5648044712689833,0
1571232492750,-0.23896368566473122,0.5978847431687717,1.016914557313247,-1.511135649192276,-0.5668163597201984,0
1571232493000,-0.28249775080881434,0.5978847431687717,0.9819746530451854,0.8125114701531166,-0.5648044712689833,0
1571232493250,-0.23896368566473122,0.5978847431687717,0.9819746530451854,-0.04830531592453521,-0.5607806943665531,0
1571232493500,-0.23896368566473122,0.5978847431687717,0.9819746530451854,-0.5826578856276796,-0.5627925828177682,0
1571232493750,-0.23896368566473122,0.5978847431687717,0.9819746530451854,0.4877387782157829,-0.5648044712689833,0
1571232494000,-0.23896368566473122,0.5978847431687717,0.9819746530451854,-0.4417539000111177,-0.5627925828177682,0
1571232494250,-0.23896368566473122,0.5978847431687717,0.9819746530451854,0.5998868484003934,-0.5627925828177682,0
1571232494500,-0.19542962052064808,0.5978847431687717,0.9819746530451854,0.301501937682968,-0.5607806943665531,0
1571232494750,-0.19542962052064808,0.5978847431687717,0.9819746530451854,-0.7936755591650879,-0.5648044712689833,0
1571232495000,-0.23896368566473122,0.5978847431687717,1.016914557313247,1.1631644859792065,-0.5668163597201984,0
1571232495250,-0.23896368566473122,0.5978847431687717,0.9819746530451854,0.30970583120326,-0.5648044712689833,0
1571232495500,-0.23896368566473122,0.5978847431687717,1.016914557313247,-1.3499333703296306,-0.5648044712689833,0
1571232495750,-0.23896368566473122,0.5978847431687717,0.9819746530451854,1.0106735579680055,-0.5648044712689833,0
1571232496000,-0.23896368566473122,0.5978847431687717,1.016914557313247,0.14275236925422444,-0.5668163597201984,0
1571232496250,-0.23896368566473122,0.5978847431687717,0.9819746530451854,-1.5083446338709394,-0.5648044712689833,0
1571232496500,-0.23896368566473122,0.5978847431687717,0.9819746530451854,0.6995176377499193,-0.5627925828177682,0
1571232496750,-0.23896368566473122,0.5978847431687717,0.9819746530451854,-0.18125913668638122,-0.5648044712689833,0
1571232497000,-0.19542962052064808,0.5978847431687717,0.9819746530451854,-0.23817893399727327,-0.5607806943665531,0
1571232497250,-0.28249775080881434,0.5978847431687717,0.9819746530451854,0.45737591456851645,-0.5607806943665531,0
1571232497500,-0.23896368566473122,0.5978847431687717,1.016914557313247,-0.5368175733802747,-0.5648044712689833,0
1571232497750,-0.19542962052064808,0.5978847431687717,0.9819746530451854,0.8172477385772028,-0.5627925828177682,0
1571232498000,-0.23896368566473122,0.5978847431687717,0.9819746530451854,0.3799886715678237,-0.5648044712689833,0
1571232498250,-0.23896368566473122,0.5978847431687717,0.9819746530451854,-0.8352870603195588,-0.5627925828177682,0
1571232498500,-0.23896368566473122,0.5978847431687717,0.9819746530451854,1.1676470257377167,-0.5627925828177682,0
1571232498750,-0.23896368566473122,0.5978847431687717,0.9819746530451854,0.3106361696437055,-0.5627925828177682,0
1571232499000,-0.23896368566473122,0.5978847431687717,1.016914557313247,-1.50318548433756,-0.5607806943665531,0
1571232499250,-0.23896368566473122,0.5978847431687717,1.016914557313247,0.980056965655163,-0.5627925828177682,0
1571232499500,-0.23896368566473122,0.5978847431687717,1.016914557313247,0.20466216365477868,-0.5627925828177682,0
1571232499750,-0.23896368566473122,0.5978847431687717,1.016914557313247,-1.5299961466667618,-0.5607806943665531,0
1571232500000,-0.23896368566473122,0.5978847431687717,0.9819746530451854,0.697741537090887,-0.5627925828177682,0
1571232500250,-0.23896368566473122,0.5978847431687717,0.9819746530451854,-0.133642723779944,-0.5607806943665531,0
1571232500500,-0.23896368566473122,0.5978847431687717,0.9819746530451854,-0.4250078080830989,-0.5627925828177682,0
1571232500750,-0.23896368566473122,0.5978847431687717,0.9819746530451854,0.5324795995790249,-0.5627925828177682,0
1571232501000,-0.23896368566473122,0.5978847431687717,0.9819746530451854,-0.47837540407592644,-0.5627925828177682,0
1571232501250,-0.23896368566473122,0.5978847431687717,1.016914557313247,0.2865319464139815,-0.5607806943665531,0
1571232501500,-0.19542962052064808,0.5978847431687717,0.9819746530451854,0.38861544619740906,-0.5627925828177682,0
1571232501750,-0.19542962052064808,0.5978847431687717,0.9819746530451854,-0.564812302815498,-0.5627925828177682,0
1571232502000,-0.23896368566473122,0.5978847431687717,0.9819746530451854,0.931848519195715,-0.5627925828177682,0
1571232502250,-0.23896368566473122,0.5978847431687717,0.9819746530451854,0.33110361533350624,-0.5587703764761899,0
1571232502500,-0.23896368566473122,0.5978847431687717,0.9819746530451854,-0.9324651392351828,-0.5607806943665531,0
1571232502750,-0.23896368566473122,0.5978847431687717,1.016914557313247,1.1985173467161352,-0.5627925828177682,0
1571232503000,-0.23896368566473122,0.5978847431687717,0.9819746530451854,0.4065456052314494,-0.5627925828177682,0
1571232503250,-0.23896368566473122,0.5978847431687717,0.9819746530451854,-1.2618049471528854,-0.5627925828177682,0
1571232503500,-0.23896368566473122,0.5978847431687717,0.9819746530451854,1.1396522963024933,-0.5607806943665531,0
1571232503750,-0.23896368566473122,0.5978847431687717,0.9819746530451854,0.3667947809578695,-0.5648044712689833,0
1571232504000,-0.23896368566473122,0.5978847431687717,1.016914557313247,-1.610428133654367,-0.5627925828177682,0
1571232504250,-0.23896368566473122,0.5978847431687717,0.9819746530451854,0.8996249786675578,-0.5607806943665531,0
1571232504500,-0.28249775080881434,0.5978847431687717,0.9819746530451854,0.1948513219191717,-0.5627925828177682,0
1571232504750,-0.23896368566473122,0.630400448320181,0.9819746530451854,-1.3684555629166817,-0.5607806943665531,0
1571232505000,-0.15189555537656493,0.630400448320181,0.9819746530451854,0.542036712649056,-0.5627925828177682,0
1571232505250,-0.23896368566473122,0.5978847431687717,1.016914557313247,-0.25069621483235804,-0.5627925828177682,0
1571232505500,-0.19542962052064808,0.630400448320181,0.9470347487771238,-0.05109633124587167,-0.5607806943665531,0
1571232505750,-0.23896368566473122,0.630400448320181,0.9819746530451854,0.4081525534467643,-0.5607806943665531,0
1571232506000,-0.23896368566473122,0.630400448320181,0.9819746530451854,-0.5725933152264966,-0.5607806943665531,0
1571232506250,-0.23896368566473122,0.5978847431687717,1.016914557313247,1.0210764332566231,-0.5627925828177682,0
1571232506500,-0.28249775080881434,0.5978847431687717,1.016914557313247,0.33803886552591805,-0.5648044712689833,0
1571232506750,-0.28249775080881434,0.630400448320181,0.9819746530451854,-1.363888446936313,-0.5627925828177682,0
1571232507000,-0.3260318159528975,0.630400448320181,0.9819746530451854,1.0204843997036124,-0.5648044712689833,0
1571232507250,-0.23896368566473122,0.5978847431687717,1.016914557313247,0.15044880544336436,-0.5607806943665531,0
1571232507500,-0.28249775080881434,0.5978847431687717,1.016914557313247,-1.192790750116202,-0.5627925828177682,0
1571232507750,-0.28249775080881434,0.5978847431687717,1.016914557313247,0.3929288335122018,-0.5627925828177682,0
1571232508000,-0.28249775080881434,0.630400448320181,0.9819746530451854,-0.44293796711713923,-0.5607806943665531,0
1571232508250,-0.28249775080881434,0.630400448320181,0.9819746530451854,0.8844858349548539,-0.5607806943665531,0
1571232508500,-0.23896368566473122,0.5978847431687717,1.016914557313247,0.35461580501021944,-0.5627925828177682,0
1571232508750,-0.28249775080881434,0.630400448320181,0.9819746530451854,-1.3157645766987236,-0.5627925828177682,0
1571232509000,-0.28249775080881434,0.5978847431687717,0.9819746530451854,1.0191311801538736,-0.5627925828177682,0
1571232509250,-0.19542962052064808,0.630400448320181,0.9819746530451854,0.14994134811221227,-0.5627925828177682,0
1571232509500,-0.19542962052064808,0.5978847431687717,1.016914557313247,-1.3162720340298757,-0.5627925828177682,0
1571232509750,-0.28249775080881434,0.5978847431687717,1.016914557313247,0.6219612423055091,-0.5627925828177682,0
1571232510000,-0.23896368566473122,0.5978847431687717,1.016914557313247,-0.2956061886393175,-0.5607806943665531,0
1571232510250,-0.23896368566473122,0.5978847431687717,0.9819746530451854,0.4358089779945529,-0.5607806943665531,0
1571232510500,-0.23896368566473122,0.5978847431687717,1.016914557313247,0.18411014174311927,-0.5607806943665531,0
1571232510750,-0.23896368566473122,0.5978847431687717,0.9819746530451854,-1.0918913174387959,-0.5607806943665531,0
1571232511000,-0.23896368566473122,0.5978847431687717,0.9819746530451854,1.0805335172232757,-0.5607806943665531,0
1571232511250,-0.28249775080881434,0.5978847431687717,0.9819746530451854,0.018848204231257243,-0.5587703764761899,0
1571232511500,-0.28249775080881434,0.5978847431687717,1.016914557313247,-0.6179261701427494,-0.5627925828177682,0
1571232511750,-0.23896368566473122,0.630400448320181,0.9819746530451854,0.47894285114248003,-0.5607806943665531,0
1571232512000,-0.28249775080881434,0.5978847431687717,0.9819746530451854,-0.5841802576211359,-0.5627925828177682,0
1571232512250,-0.23896368566473122,0.5978847431687717,1.016914557313247,1.0637874252952568,-0.5607806943665531,0
1571232512500,-0.23896368566473122,0.5978847431687717,0.9819746530451854,0.16575710159978554,-0.5607806943665531,0
1571232512750,-0.23896368566473122,0.5978847431687717,1.016914557313247,-1.4992949781320606,-0.5607806943665531,0
1571232513000,-0.23896368566473122,0.5978847431687717,1.016914557313247,0.6046231168244796,-0.5607806943665531,0
1571232513250,-0.23896368566473122,0.630400448320181,1.016914557313247,-0.26727315431665943,-0.5587703764761899,0
1571232513500,-0.28249775080881434,0.5978847431687717,1.016914557313247,0.8216457021138541,-0.5607806943665531,0
1571232513750,-0.23896368566473122,0.5978847431687717,1.016914557313247,0.31334260874318326,-0.5607806943665531,0
1571232514000,-0.28249775080881434,0.5978847431687717,1.016914557313247,-1.0715084479708539,-0.5607806943665531,0
1571232514250,-0.23896368566473122,0.5978847431687717,1.016914557313247,1.2204225881775335,-0.5607806943665531,0
1571232514500,-0.28249775080881434,0.5978847431687717,0.9819746530451854,0.349964112807992,-0.5567584880249746,0
1571232514750,-0.23896368566473122,0.5978847431687717,1.016914557313247,-1.6317413415627544,-0.5627925828177682,0
1571232515000,-0.23896368566473122,0.5978847431687717,0.9819746530451854,0.9250824214470206,-0.5627925828177682,0
1571232515250,-0.23896368566473122,0.5978847431687717,0.9819746530451854,0.1306579695284331,-0.5607806943665531,0
1571232515500,-0.23896368566473122,0.5978847431687717,0.9819746530451854,-1.4430517905960378,-0.5607806943665531,0
1571232515750,-0.23896368566473122,0.5978847431687717,0.9819746530451854,0.5600514479049549,-0.5607806943665531,0
1571232516000,-0.23896368566473122,0.630400448320181,1.016914557313247,-0.2410545255404684,-0.5607806943665531,0
1571232516250,-0.23896368566473122,0.5978847431687717,0.9819746530451854,-0.03790244063591748,-0.5587703764761899,0
1571232516500,-0.23896368566473122,0.5978847431687717,0.9819746530451854,0.41847085251352334,-0.5607806943665531,0
1571232516750,-0.23896368566473122,0.5978847431687717,1.016914557313247,-0.5792748367533324,-0.5607806943665531,0
1571232517000,-0.23896368566473122,0.5978847431687717,1.016914557313247,0.8979334542303842,-0.5627925828177682,0
1571232517250,-0.23896368566473122,0.5978847431687717,1.016914557313247,0.3465810639336448,-0.5627925828177682,0
1571232517500,-0.23896368566473122,0.5978847431687717,1.016914557313247,-0.9492958073850603,-0.5607806943665531,0
1571232517750,-0.28249775080881434,0.5978847431687717,0.9819746530451854,1.1582590651114033,-0.5587703764761899,0
1571232518000,-0.28249775080881434,0.5978847431687717,1.016914557313247,0.2748604277974836,-0.5627925828177682,0
1571232518250,-0.28249775080881434,0.5978847431687717,1.016914557313247,-1.5274588600110013,-0.5587703764761899,0
1571232518500,-0.28249775080881434,0.5978847431687717,1.016914557313247,0.8544612761950223,-0.5607806943665531,0
1571232518750,-0.23896368566473122,0.5978847431687717,0.9819746530451854,0.03035057040403781,-0.5627925828177682,0
1571232519000,-0.23896368566473122,0.5978847431687717,0.9819746530451854,-1.011121025563756,-0.5587703764761899,0
1571232519250,-0.23896368566473122,0.5978847431687717,0.9819746530451854,0.5693548323094096,-0.5627925828177682,0
1571232519500,-0.23896368566473122,0.5978847431687717,0.9819746530451854,-0.3738391938585971,-0.5607806943665531,0
1571232519750,-0.28249775080881434,0.5978847431687717,0.9819746530451854,0.3390537801882222,-0.5627925828177682,0
1571232520000,-0.23896368566473122,0.5978847431687717,1.016914557313247,0.3925905286247671,-0.5607806943665531,0
1571232520250,-0.23896368566473122,0.5978847431687717,1.016914557313247,-0.721362889475916,-0.5587703764761899,0
1571232520500,-0.23896368566473122,0.5978847431687717,1.016914557313247,1.1739056661552592,-0.5627925828177682,0
1571232520750,-0.23896368566473122,0.630400448320181,0.9819746530451854,0.365864442517424,-0.5587703764761899,0
1571232521000,-0.23896368566473122,0.5978847431687717,1.016914557313247,-1.2794813775213498,-0.5607806943665531,0
1571232521250,-0.28249775080881434,0.5978847431687717,1.016914557313247,1.1723832941618029,-0.5607806943665531,0
1571232521500,-0.28249775080881434,0.5978847431687717,1.016914557313247,0.2904224526194808,-0.5587703764761899,0
1571232521750,-0.23896368566473122,0.5978847431687717,1.016914557313247,-1.681133855128224,-0.5607806943665531,0
1571232522000,-0.28249775080881434,0.5978847431687717,0.9819746530451854,0.7981335124371409,-0.5587703764761899,0
1571232522250,-0.23896368566473122,0.5978847431687717,0.9819746530451854,-0.033250748433690046,-0.5587703764761899,0
1571232522500,-0.28249775080881434,0.5978847431687717,1.016914557313247,-0.8578689115558266,-0.5607806943665531,0
1571232522750,-0.28249775080881434,0.5978847431687717,0.9819746530451854,0.5766283873892563,-0.5587703764761899,0
1571232523000,-0.23896368566473122,0.5978847431687717,0.9819746530451854,-0.3905007095647572,-0.5607806943665531,0
1571232523250,-0.23896368566473122,0.5978847431687717,0.9819746530451854,0.4036700136882542,-0.5587703764761899,0
1571232523500,-0.23896368566473122,0.5978847431687717,0.9819746530451854,0.3810035862301278,-0.5607806943665531,0
1571232523750,-0.23896368566473122,0.5978847431687717,1.016914557313247,-0.6985273095740722,-0.5607806943665531,0
1571232524000,-0.23896368566473122,0.5978847431687717,1.016914557313247,1.1163938352913563,-0.5587703764761899,0
1571232524250,-0.23896368566473122,0.5978847431687717,1.016914557313247,0.3399841186286677,-0.5587703764761899,0
1571232524500,-0.23896368566473122,0.5978847431687717,1.016914557313247,-1.295550859674499,-0.5607806943665531,0
1571232524750,-0.23896368566473122,0.5978847431687717,1.016914557313247,1.05076268712902,-0.5607806943665531,0
1571232525000,-0.28249775080881434,0.5978847431687717,1.016914557313247,0.24086078661029398,-0.5607806943665531,0
1571232525250,-0.28249775080881434,0.5978847431687717,1.016914557313247,-1.5414985128395424,-0.5587703764761899,0
1571232525500,-0.28249775080881434,0.5978847431687717,0.9819746530451854,0.7269203336321318,-0.5607806943665531,0
1571232525750,-0.28249775080881434,0.5978847431687717,0.9819746530451854,-0.13220492800834643,-0.5607806943665531,0
1571232526000,-0.28249775080881434,0.5978847431687717,0.9819746530451854,-0.5430762137978171,-0.5587703764761899,0
1571232526250,-0.23896368566473122,0.5978847431687717,0.9819746530451854,0.5136191021045391,-0.5607806943665531,0
1571232526500,-0.28249775080881434,0.5978847431687717,1.016914557313247,-0.4707635441086452,-0.5587703764761899,0
1571232526750,-0.23896368566473122,0.5978847431687717,1.016914557313247,0.7204925407708721,-0.5587703764761899,0
1571232527000,-0.23896368566473122,0.5978847431687717,1.016914557313247,0.383879177773323,-0.5607806943665531,0
1571232527250,-0.23896368566473122,0.5978847431687717,1.016914557313247,-0.8657345001886838,-0.5587703764761899,0
1571232527500,-0.23896368566473122,0.5978847431687717,0.9819746530451854,1.1333090796630922,-0.5607806943665531,0
1571232527750,-0.23896368566473122,0.5978847431687717,1.016914557313247,0.28374093109264503,-0.5587703764761899,0
1571232528000,-0.28249775080881434,0.5978847431687717,1.016914557313247,-1.6124579629789753,-0.5587703764761899,0
1571232528250,-0.28249775080881434,0.5978847431687717,1.016914557313247,0.8817793958553761,-0.5587703764761899,0
1571232528500,-0.28249775080881434,0.5978847431687717,1.016914557313247,0.013097021144866956,-0.5587703764761899,0
1571232528750,-0.23896368566473122,0.5978847431687717,1.016914557313247,-0.7751533665780368,-0.5587703764761899,0
1571232529000,-0.28249775080881434,0.5978847431687717,0.9819746530451854,0.49205216553057557,-0.5567584880249746,0
1571232529250,-0.23896368566473122,0.5978847431687717,0.9819746530451854,-0.4603606688200274,-0.5587703764761899,0
1571232529500,-0.28249775080881434,0.5978847431687717,0.9819746530451854,0.7687009872303201,-0.5567584880249746,0
1571232529750,-0.28249775080881434,0.5978847431687717,1.016914557313247,0.3667102047360108,-0.5567584880249746,0
1571232530000,-0.28249775080881434,0.5978847431687717,0.9819746530451854,-0.8757990705898667,-0.5567584880249746,0
1571232530250,-0.23896368566473122,0.5978847431687717,0.9819746530451854,1.164940586638239,-0.5547465995737596,0
1571232530500,-0.23896368566473122,0.5978847431687717,1.016914557313247,0.33338717332369067,-0.5607806943665531,0
1571232530750,-0.23896368566473122,0.5978847431687717,1.016914557313247,-1.602816273687086,-0.5587703764761899,0
1571232531000,-0.23896368566473122,0.5978847431687717,0.9819746530451854,0.9886837402847484,-0.5587703764761899,0
1571232531250,-0.23896368566473122,0.5978847431687717,0.9819746530451854,0.20170199588972484,-0.5587703764761899,0
1571232531500,-0.23896368566473122,0.5978847431687717,0.9819746530451854,-1.4963348103670069,-0.5567584880249746,0
1571232531750,-0.23896368566473122,0.5978847431687717,1.016914557313247,0.6846322227027916,-0.5587703764761899,0
1571232532000,-0.23896368566473122,0.5978847431687717,0.9819746530451854,-0.21745775964189654,-0.5567584880249746,0
1571232532250,-0.23896368566473122,0.5978847431687717,1.016914557313247,-0.2791984015987335,-0.5567584880249746,0
1571232532500,-0.28249775080881434,0.5978847431687717,1.016914557313247,0.470738957622188,-0.5587703764761899,0
1571232532750,-0.28249775080881434,0.5978847431687717,0.9819746530451854,-0.5128825025942682,-0.5567584880249746,0
1571232533000,-0.23896368566473122,0.5978847431687717,1.016914557313247,0.7367311753677388,-0.5587703764761899,0
1571232533250,-0.28249775080881434,0.5978847431687717,0.9819746530451854,0.343874624834167,-0.5587703764761899,0
1571232533500,-0.28249775080881434,0.5978847431687717,1.016914557313247,-0.9331417490100523,-0.5607806943665531,0
1571232533750,-0.23896368566473122,0.5978847431687717,0.9819746530451854,1.1558063546775015,-0.5587703764761899,0
1571232534000,-0.23896368566473122,0.5978847431687717,0.9819746530451854,0.3864164644290834,-0.5587703764761899,0
1571232534250,-0.23896368566473122,0.5978847431687717,1.016914557313247,-1.6166867740719093,-0.5567584880249746,0
1571232534500,-0.23896368566473122,0.5978847431687717,0.9819746530451854,0.9523159648855157,-0.5547465995737596,0
1571232534750,-0.23896368566473122,0.5978847431687717,0.9819746530451854,0.09369816057618964,-0.5587703764761899,0
1571232535000,-0.23896368566473122,0.5978847431687717,0.9819746530451854,-1.2194322600016863,-0.5587703764761899,0
1571232535250,-0.23896368566473122,0.5978847431687717,1.016914557313247,0.6230607331896719,-0.5547465995737596,0
1571232535500,-0.23896368566473122,0.5978847431687717,1.016914557313247,-0.35024242796002525,-0.5567584880249746,0
1571232535750,-0.23896368566473122,0.5978847431687717,0.9819746530451854,0.3479342834833837,-0.5587703764761899,0
1571232536000,-0.23896368566473122,0.5978847431687717,1.016914557313247,0.35969037832174033,-0.5607806943665531,0
1571232536250,-0.23896368566473122,0.5978847431687717,0.9819746530451854,-0.8239538465904955,-0.5587703764761899,0
1571232536500,-0.23896368566473122,0.5978847431687717,0.9819746530451854,1.1430353451768407,-0.5567584880249746,0
1571232536750,-0.23896368566473122,0.5978847431687717,0.9819746530451854,0.3727151164879771,-0.5587703764761899,0
1571232537000,-0.23896368566473122,0.5978847431687717,0.9819746530451854,-1.6145723685254423,-0.5567584880249746,0
1571232537250,-0.23896368566473122,0.5978847431687717,0.9819746530451854,0.971345614803719,-0.5587703764761899,0
1571232537500,-0.23896368566473122,0.5978847431687717,0.9819746530451854,0.18368726063382587,-0.5587703764761899,0
1571232537750,-0.23896368566473122,0.5978847431687717,0.9819746530451854,-1.4864393924095414,-0.5587703764761899,0
1571232538000,-0.19542962052064808,0.5978847431687717,0.9819746530451854,0.6919057777826381,-0.5587703764761899,0
1571232538250,-0.19542962052064808,0.5978847431687717,1.016914557313247,-0.16146830077144994,-0.5547465995737596,0
1571232538500,-0.19542962052064808,0.630400448320181,0.9819746530451854,-0.6103143101754681,-0.5567584880249746,0
1571232538750,-0.23896368566473122,0.5978847431687717,0.9819746530451854,0.5488873866196089,-0.5567584880249746,0
1571232539000,-0.19542962052064808,0.5978847431687717,0.9819746530451854,-0.4060627343867545,-0.5567584880249746,0
1571232539250,-0.19542962052064808,0.5978847431687717,1.016914557313247,0.1703242175801543,-0.5567584880249746,0
1571232539500,-0.19542962052064808,0.5978847431687717,0.9819746530451854,0.40257052280409145,-0.5567584880249746,0
1571232539750,-0.23896368566473122,0.5978847431687717,0.9819746530451854,-0.5957672000157751,-0.5567584880249746,0
1571232540000,-0.19542962052064808,0.5978847431687717,0.9819746530451854,0.8546304286387396,-0.5567584880249746,0
1571232540250,-0.19542962052064808,0.5978847431687717,0.9819746530451854,0.43454033466667263,-0.5567584880249746,0
1571232540500,-0.19542962052064808,0.5978847431687717,0.9819746530451854,-0.9203707395093915,-0.5567584880249746,0
1571232540750,-0.19542962052064808,0.5978847431687717,0.9819746530451854,1.1550451686807734,-0.5547465995737596,0
1571232541000,-0.23896368566473122,0.5978847431687717,0.9819746530451854,0.38074985756455176,-0.5587703764761899,0
1571232541250,-0.28249775080881434,0.5978847431687717,1.016914557313247,-1.5114739540797106,-0.5567584880249746,0
1571232541500,-0.19542962052064808,0.5978847431687717,0.9819746530451854,0.9899523836126287,-0.5567584880249746,0
1571232541750,-0.15189555537656493,0.5978847431687717,1.016914557313247,0.06984766601204169,-0.5587703764761899,0
1571232542000,-0.19542962052064808,0.5978847431687717,0.9819746530451854,-0.7189947552638729,-0.5587703764761899,0
1571232542250,-0.23896368566473122,0.5978847431687717,0.9819746530451854,0.36349630830538093,-0.5587703764761899,0
1571232542500,-0.19542962052064808,0.5978847431687717,0.9819746530451854,-0.6087073619601532,-0.5587703764761899,0
1571232542750,-0.19542962052064808,0.5978847431687717,1.016914557313247,1.0445040467114777,-0.5567584880249746,0
1571232543000,-0.19542962052064808,0.5978847431687717,1.016914557313247,0.11687204536546814,-0.5587703764761899,0
1571232543250,-0.23896368566473122,0.5978847431687717,0.9819746530451854,-1.1672487311148805,-0.5547465995737596,0
1571232543500,-0.23896368566473122,0.5978847431687717,0.9819746530451854,0.45830625300896194,-0.5567584880249746,0
1571232543750,-0.23896368566473122,0.5978847431687717,0.9819746530451854,-0.64160751226318,-0.5567584880249746,0
1571232544000,-0.23896368566473122,0.5978847431687717,0.9819746530451854,1.1616421139857505,-0.5567584880249746,0
1571232544250,-0.19542962052064808,0.5978847431687717,0.9819746530451854,0.13945389660173588,-0.5567584880249746,0
1571232544500,-0.23896368566473122,0.5978847431687717,0.9819746530451854,-0.993360018973433,-0.5567584880249746,0
1571232544750,-0.23896368566473122,0.5978847431687717,0.9819746530451854,0.5418675602053384,-0.5567584880249746,0
1571232545000,-0.23896368566473122,0.5978847431687717,0.9819746530451854,-0.44589813488219304,-0.5567584880249746,0
1571232545250,-0.23896368566473122,0.5978847431687717,0.9819746530451854,0.6976569608690283,-0.5547465995737596,0
1571232545500,-0.23896368566473122,0.5978847431687717,1.016914557313247,0.3493720792549812,-0.5567584880249746,0
1571232545750,-0.19542962052064808,0.5978847431687717,1.016914557313247,-1.067787094209072,-0.5567584880249746,0
1571232546000,-0.23896368566473122,0.5978847431687717,0.9819746530451854,1.1801643065728016,-0.5567584880249746,0
1571232546250,-0.1083614902324818,0.5003376277145437,1.016914557313247,0.35935207343430553,-0.5567584880249746,0
1571232546500,-0.1083614902324818,0.5653690380173624,0.9819746530451854,-1.6681091169619873,-0.5567584880249746,0
1571232546750,-0.19542962052064808,0.532853332865953,0.8771549402410006,0.8197850252329631,-0.5567584880249746,0
1571232547000,0.2399110309201833,0.630400448320181,0.9120948445090622,0.08304155662199587,-0.5547465995737596,0
1571232547250,0.45758135664059896,0.07763346074622228,0.8072751317048774,-1.1609055144754794,-0.5607806943665531,0
1571232547500,-0.8919746628259783,0.0126020504434036,1.191614078653555,0.1122203531632407,-0.5567584880249746,0
1571232547750,0.6752516823610146,0.630400448320181,0.7024554189006925,-0.7304125452147947,-0.5567584880249746,0
1571232548000,-0.5872362068173963,0.37027480710890637,1.3313736957258016,0.8303570529652982,-0.546700616329751,0
1571232548250,1.371796724666345,0.8905260895314557,0.6325756103645693,-0.18971675887224929,-0.5406665215369575,0
1571232548500,1.1976604640900124,0.5653690380173624,-0.031282570728601154,0.34844174081453577,-0.536644315195379,0
1571232548750,0.7187857475050978,0.1751805762004503,0.24823666341589168,1.6618258900579879,-0.5386562036465942,0
1571232549000,0.6317176172169315,0.33775910195749703,0.5626958018284461,-1.0872396252365684,-0.5426784099881725,0
1571232549250,0.2399110309201833,0.33775910195749703,0.9120948445090622,0.830949086518309,-0.546700616329751,0
1571232549500,0.28344509606426643,0.37027480710890637,0.7723352274368158,-1.3480726934487397,-0.5487125047809661,0
1571232549750,0.5011154217846822,0.4027905122603157,0.6325756103645693,0.13793152460827962,-0.5507243932321811,0
1571232550000,0.45758135664059896,0.37027480710890637,0.7024554189006925,-1.4878771881811388,-0.5547465995737596,0
1571232550250,0.28344509606426643,0.33775910195749703,0.7723352274368158,0.18326437952453245,-0.5507243932321811,0
1571232550500,0.19637696577610014,0.37027480710890637,0.8072751317048774,0.09538968501336324,-0.5527362816833963,0
1571232550750,0.2399110309201833,0.33775910195749703,0.8072751317048774,1.2923969529792707,-0.5507243932321811,0
1571232551000,0.28344509606426643,0.33775910195749703,0.8072751317048774,0.4310727095704668,-0.5527362816833963,0
1571232551250,0.15284290063201703,0.33775910195749703,0.842215035972939,0.5020321597098999,-0.5527362816833963,0
1571232551500,0.10930883548793388,0.3052433968060877,0.842215035972939,0.11052882872606709,-0.5527362816833963,0
1571232551750,0.19637696577610014,0.33775910195749703,0.8072751317048774,-0.7723623512567004,-0.5527362816833963,0
1571232552000,0.15284290063201703,0.33775910195749703,0.842215035972939,0.48985318376224984,-0.5487125047809661,0
1571232552250,0.15284290063201703,0.33775910195749703,0.842215035972939,-0.5785982269784629,-0.5507243932321811,0
1571232552500,0.19637696577610014,0.33775910195749703,0.842215035972939,1.1391448389713414,-0.5527362816833963,0
1571232552750,0.19637696577610014,0.33775910195749703,0.842215035972939,0.32196938337276876,-0.5527362816833963,0
1571232553000,0.19637696577610014,0.33775910195749703,0.842215035972939,-1.2573224073943754,-0.5527362816833963,0
1571232553250,0.15284290063201703,0.33775910195749703,0.842215035972939,0.8619885599404449,-0.5487125047809661,0
1571232553500,0.15284290063201703,0.33775910195749703,0.842215035972939,-0.08154377111499671,-0.5527362816833963,0
1571232553750,0.15284290063201703,0.33775910195749703,0.842215035972939,-0.3209790551969217,-0.5527362816833963,0
1571232554000,0.10930883548793388,0.33775910195749703,0.842215035972939,0.26784060138321314,-0.5507243932321811,0
1571232554250,0.15284290063201703,0.33775910195749703,0.842215035972939,-0.6734927479039026,-0.5527362816833963,0
1571232554500,0.06577477034385075,0.3052433968060877,0.8072751317048774,0.8676551668049765,-0.5487125047809661,0
1571232554750,0.15284290063201703,0.37027480710890637,0.842215035972939,0.08151918462853962,-0.5527362816833963,0
1571232555000,0.28344509606426643,0.37027480710890637,0.842215035972939,-1.4211465491346398,-0.5527362816833963,0
1571232555250,0.28344509606426643,0.37027480710890637,0.7723352274368158,0.7182089827806877,-0.5507243932321811,0
1571232555500,0.28344509606426643,0.4027905122603157,0.7723352274368158,-0.12865272669028183,-0.5547465995737596,0
1571232555750,0.2399110309201833,0.33775910195749703,0.7723352274368158,-0.6149660023776957,-0.5527362816833963,0
1571232556000,0.45758135664059896,0.37027480710890637,0.7373953231687541,0.505415208584247,-0.5547465995737596,0
1571232556250,0.41404729149651587,0.33775910195749703,0.7373953231687541,-0.5593148483946837,-0.5507243932321811,0
1571232556500,0.28344509606426643,0.33775910195749703,0.7723352274368158,0.7533926910738988,-0.5507243932321811,0
1571232556750,0.2399110309201833,0.37027480710890637,0.8072751317048774,0.2596367078629211,-0.5507243932321811,0
1571232557000,0.19637696577610014,0.33775910195749703,0.8072751317048774,-1.1951588843282448,-0.5527362816833963,0
1571232557250,0.10930883548793388,0.37027480710890637,0.842215035972939,0.3766901989153351,-0.5507243932321811,0
1571232557500,0.10930883548793388,0.33775910195749703,0.8771549402410006,-0.5978816055622421,-0.5507243932321811,0
1571232557750,0.10930883548793388,0.33775910195749703,0.842215035972939,1.114110277301172,-0.5507243932321811,0
1571232558000,0.10930883548793388,0.33775910195749703,0.8771549402410006,-0.20434844525380103,-0.5527362816833963,0
1571232558250,0.10930883548793388,0.33775910195749703,0.842215035972939,0.25997501275035584,-0.5527362816833963,0
1571232558500,0.10930883548793388,0.3052433968060877,0.8771549402410006,0.261243656078236,-0.5507243932321811,0
1571232558750,0.06577477034385075,0.33775910195749703,0.8771549402410006,-1.057722523807889,-0.5527362816833963,0
1571232559000,0.06577477034385075,0.3052433968060877,0.8771549402410006,0.5557380605901621,-0.5507243932321811,0
1571232559250,0.06577477034385075,0.3052433968060877,0.8771549402410006,-0.8057699588908792,-0.5507243932321811,0
1571232559500,0.10930883548793388,0.33775910195749703,0.8771549402410006,0.8539538188638701,-0.5507243932321811,0
1571232559750,0.06577477034385075,0.33775910195749703,0.8771549402410006,-0.3760381756269228,-0.5507243932321811,0
1571232560000,0.06577477034385075,0.3052433968060877,0.8771549402410006,1.0270813450085894,-0.5507243932321811,0
1571232560250,0.10930883548793388,0.3052433968060877,0.8771549402410006,-0.17728405425902322,-0.5487125047809661,0
1571232560500,0.06577477034385075,0.27272769165467836,0.8771549402410006,0.5875387200090261,-0.5507243932321811,0
1571232560750,0.06577477034385075,0.3052433968060877,0.8771549402410006,-0.11402104030873009,-0.5527362816833963,0
1571232561000,0.10930883548793388,0.33775910195749703,0.8771549402410006,-0.42585357030168575,-0.5507243932321811,0
1571232561250,0.10930883548793388,0.3052433968060877,0.8771549402410006,0.22622910022874226,-0.5507243932321811,0
1571232561500,0.10930883548793388,0.3052433968060877,0.8771549402410006,-1.1189557084335737,-0.5507243932321811,0
1571232561750,0.06577477034385075,0.33775910195749703,0.8771549402410006,0.8380534891544382,-0.5507243932321811,0
1571232562000,0.06577477034385075,0.3052433968060877,0.8771549402410006,-0.23877096755028404,-0.5507243932321811,0
1571232562250,0.06577477034385075,0.3052433968060877,0.8771549402410006,0.6449659746510703,-0.5487125047809661,0
1571232562500,0.06577477034385075,0.33775910195749703,0.8771549402410006,0.031619213731918026,-0.5507243932321811,0
1571232562750,0.022240705199767605,0.33775910195749703,0.8771549402410006,-1.2771978195311653,-0.5507243932321811,0
1571232563000,0.022240705199767605,0.33775910195749703,0.8771549402410006,0.49272877530544495,-0.5507243932321811,0
1571232563250,0.06577477034385075,0.33775910195749703,0.8771549402410006,-0.39295341999865896,-0.5487125047809661,0
1571232563500,0.10930883548793388,0.3052433968060877,0.8771549402410006,0.9744749350124902,-0.5487125047809661,0
1571232563750,0.06577477034385075,0.33775910195749703,0.8771549402410006,0.031619213731918026,-0.5507243932321811,0
1571232564000,0.06577477034385075,0.33775910195749703,0.8771549402410006,-1.1601443284787512,-0.5507243932321811,0
1571232564250,0.10930883548793388,0.33775910195749703,0.8771549402410006,0.5569221276961837,-0.5507243932321811,0
1571232564500,0.10930883548793388,0.3052433968060877,0.8771549402410006,-0.337048537350071,-0.5527362816833963,0
1571232564750,0.06577477034385075,0.33775910195749703,0.8771549402410006,0.44967947837937655,-0.5487125047809661,0
1571232565000,0.06577477034385075,0.33775910195749703,0.8771549402410006,0.3426059815062868,-0.5487125047809661,0
1571232565250,0.06577477034385075,0.3052433968060877,0.8771549402410006,-0.6497268295616134,-0.5507243932321811,0
1571232565500,0.10930883548793388,0.33775910195749703,0.8771549402410006,1.0085591524215385,-0.5487125047809661,0
1571232565750,0.06577477034385075,0.3052433968060877,0.8771549402410006,0.337785136860342,-0.5487125047809661,0
1571232566000,0.06577477034385075,0.3052433968060877,0.8771549402410006,-0.9404998803117576,-0.5487125047809661,0
1571232566250,0.06577477034385075,0.3052433968060877,0.8771549402410006,0.9590820626342101,-0.5487125047809661,0
1571232566500,0.06577477034385075,0.3052433968060877,0.8771549402410006,0.25024874723660756,-0.5507243932321811,0
1571232566750,0.06577477034385075,0.3052433968060877,0.8771549402410006,-1.3603362456182482,-0.5507243932321811,0
1571232567000,0.06577477034385075,0.33775910195749703,0.8771549402410006,0.7327560929403808,-0.5507243932321811,0
1571232567250,0.06577477034385075,0.3052433968060877,0.8771549402410006,0.007514990502194032,-0.5487125047809661,0
1571232567500,0.06577477034385075,0.3052433968060877,0.8771549402410006,-1.0395386361082726,-0.5487125047809661,0
1571232567750,0.10930883548793388,0.33775910195749703,0.8771549402410006,0.5464346761857073,-0.5507243932321811,0
1571232568000,0.10930883548793388,0.33775910195749703,0.8771549402410006,-0.22253233295341737,-0.5507243932321811,0
1571232568250,0.06577477034385075,0.33775910195749703,0.8771549402410006,-0.19724404261767184,-0.5487125047809661,0
1571232568500,0.10930883548793388,0.33775910195749703,0.8771549402410006,0.45255506992257166,-0.546700616329751,0
1571232568750,0.022240705199767605,0.33775910195749703,0.8771549402410006,-0.3568393732650023,-0.5507243932321811,0
1571232569000,0.10930883548793388,0.3052433968060877,0.8771549402410006,0.07999681263508338,-0.5487125047809661,0
1571232569250,0.06577477034385075,0.3052433968060877,0.8771549402410006,0.4389382982033241,-0.5507243932321811,0
1571232569500,0.10930883548793388,0.3052433968060877,0.842215035972939,-0.3862718984718232,-0.5507243932321811,0
1571232569750,0.06577477034385075,0.33775910195749703,0.8771549402410006,0.32535243224711596,-0.5507243932321811,0
1571232570000,0.10930883548793388,0.3052433968060877,0.8771549402410006,0.24136824394144607,-0.5507243932321811,0
1571232570250,0.06577477034385075,0.3052433968060877,0.8771549402410006,-0.6827961323083576,-0.5487125047809661,0
1571232570500,0.06577477034385075,0.33775910195749703,0.8771549402410006,0.9407290224908765,-0.5487125047809661,0
1571232570750,0.022240705199767605,0.3052433968060877,0.8771549402410006,0.27426839424447286,-0.5487125047809661,0
1571232571000,0.06577477034385075,0.3052433968060877,0.8771549402410006,-1.3463811690115661,-0.5487125047809661,0
1571232571250,0.10930883548793388,0.3052433968060877,0.8771549402410006,0.8322177298461891,-0.5487125047809661,0
1571232571500,0.10930883548793388,0.3052433968060877,0.8771549402410006,-0.049320230586839375,-0.5487125047809661,0
1571232571750,0.10930883548793388,0.33775910195749703,0.8771549402410006,-0.03553430642387443,-0.5487125047809661,0
1571232572000,0.10930883548793388,0.33775910195749703,0.8771549402410006,0.35114817991401354,-0.5507243932321811,0
1571232572250,0.10930883548793388,0.3052433968060877,0.8771549402410006,-0.8285209625708644,-0.546700616329751,0
1571232572500,0.06577477034385075,0.3052433968060877,0.8771549402410006,1.029872360329926,-0.5507243932321811,0
1571232572750,0.06577477034385075,0.3052433968060877,0.842215035972939,0.09023053547998372,-0.5487125047809661,0
1571232573000,0.19637696577610014,0.3052433968060877,0.842215035972939,-0.6957362942527356,-0.5487125047809661,0
1571232573250,0.10930883548793388,0.33775910195749703,0.8771549402410006,0.26648738183347426,-0.5487125047809661,0
1571232573500,0.10930883548793388,0.3052433968060877,0.842215035972939,-0.7994267422514781,-0.5487125047809661,0
1571232573750,0.10930883548793388,0.3052433968060877,0.842215035972939,0.9312564856427044,-0.5487125047809661,0
1571232574000,0.10930883548793388,0.33775910195749703,0.8771549402410006,-0.06302157852794565,-0.546700616329751,0
1571232574250,0.06577477034385075,0.3052433968060877,0.8771549402410006,0.42692847469939144,-0.546700616329751,0
1571232574500,0.10930883548793388,0.3052433968060877,0.8771549402410006,0.10367815475551395,-0.546700616329751,0
1571232574750,0.10930883548793388,0.33775910195749703,0.8771549402410006,-1.1536319593956328,-0.5507243932321811,0
1571232575000,0.10930883548793388,0.33775910195749703,0.8771549402410006,0.6571449505987202,-0.5487125047809661,0
1571232575250,0.15284290063201703,0.33775910195749703,0.8771549402410006,-0.24587537018641323,-0.5487125047809661,0
1571232575500,0.10930883548793388,0.33775910195749703,0.8771549402410006,0.4659181129762432,-0.5487125047809661,0
1571232575750,0.10930883548793388,0.33775910195749703,0.8771549402410006,0.3058153249977607,-0.5487125047809661,0
1571232576000,0.10930883548793388,0.3052433968060877,0.8771549402410006,-0.917833452853631,-0.5507243932321811,0
1571232576250,0.10930883548793388,0.33775910195749703,0.8771549402410006,0.9111273448403383,-0.5487125047809661,0
1571232576500,0.19637696577610014,0.27272769165467836,0.8072751317048774,0.13344898484976955,-0.5487125047809661,0
1571232576750,0.022240705199767605,0.37027480710890637,0.8771549402410006,-1.1625970389126528,-0.546700616329751,0
1571232577000,0.10930883548793388,0.3052433968060877,0.842215035972939,0.39022239441272405,-0.5487125047809661,0
1571232577250,0.10930883548793388,0.33775910195749703,0.842215035972939,-0.35362547683437245,-0.546700616329751,0
1571232577500,0.10930883548793388,0.3052433968060877,0.842215035972939,0.7355471082617172,-0.5507243932321811,0
1571232577750,0.10930883548793388,0.3052433968060877,0.842215035972939,0.23570163707691447,-0.546700616329751,0
1571232578000,0.15284290063201703,0.33775910195749703,0.842215035972939,-1.0683791277620827,-0.5487125047809661,0
1571232578250,0.15284290063201703,0.3052433968060877,0.842215035972939,0.8552224621917505,-0.5487125047809661,0
1571232578500,0.2399110309201833,0.1751805762004503,0.842215035972939,0.20474673987663733,-0.5487125047809661,0
1571232578750,0.06577477034385075,0.3052433968060877,0.8771549402410006,-0.8884009276468102,-0.5487125047809661,0
1571232579000,0.15284290063201703,0.3052433968060877,0.8771549402410006,0.36561071385184796,-0.5487125047809661,0
1571232579250,0.15284290063201703,0.240211986503269,0.842215035972939,-0.45080355574999653,-0.5487125047809661,0
1571232579500,0.10930883548793388,0.33775910195749703,0.8771549402410006,0.9237292018972817,-0.5487125047809661,0
1571232579750,0.19637696577610014,0.3052433968060877,0.842215035972939,0.0548776747430552,-0.5487125047809661,0
1571232580000,0.10930883548793388,0.3052433968060877,0.8771549402410006,-0.7331189843142726,-0.546700616329751,0
1571232580250,0.10930883548793388,0.33775910195749703,0.8771549402410006,0.06984766601204169,-0.5487125047809661,0
1571232580500,0.06577477034385075,0.3052433968060877,0.8771549402410006,-0.929504971470129,-0.546700616329751,0
1571232580750,0.06577477034385075,0.3052433968060877,0.8771549402410006,0.8844012587329951,-0.5507243932321811,0
1571232581000,0.10930883548793388,0.3052433968060877,0.8771549402410006,-0.29797432285136055,-0.5487125047809661,0
1571232581250,0.022240705199767605,0.3052433968060877,0.8771549402410006,0.985892724963412,-0.5446902984393877,0
1571232581500,0.06577477034385075,0.3052433968060877,0.8771549402410006,-0.056424633222968555,-0.5487125047809661,0
1571232581750,0.10930883548793388,0.3052433968060877,0.8771549402410006,0.02620633553296246,-0.5487125047809661,0
1571232582000,0.06577477034385075,0.33775910195749703,0.8771549402410006,0.15526965008930918,-0.5487125047809661,0
1571232582250,0.10930883548793388,0.3052433968060877,0.8771549402410006,-1.1658955115651415,-0.546700616329751,0
1571232582500,0.10930883548793388,0.3052433968060877,0.8771549402410006,0.7613428559286148,-0.546700616329751,0
1571232582750,0.06577477034385075,0.3052433968060877,0.8771549402410006,-0.1681498222982857,-0.5507243932321811,0
1571232583000,0.022240705199767605,0.3052433968060877,0.8771549402410006,0.23883095728568565,-0.5507243932321811,0
1571232583250,0.06577477034385075,0.3052433968060877,0.8771549402410006,0.11856356980264175,-0.546700616329751,0
1571232583500,0.06577477034385075,0.3052433968060877,0.9120948445090622,-1.110413510025847,-0.5487125047809661,0
1571232583750,0.06577477034385075,0.3052433968060877,0.8771549402410006,0.7771586094161882,-0.546700616329751,0
1571232584000,0.022240705199767605,0.3052433968060877,0.8771549402410006,-0.11080714387810021,-0.546700616329751,0
1571232584250,0.022240705199767605,0.3052433968060877,0.8771549402410006,0.5126041874422349,-0.5487125047809661,0
1571232584500,0.022240705199767605,0.3052433968060877,0.8771549402410006,0.14512050346626745,-0.546700616329751,0
1571232584750,0.022240705199767605,0.3052433968060877,0.8771549402410006,-1.2669640966862648,-0.546700616329751,0
1571232585000,0.06577477034385075,0.3052433968060877,0.8771549402410006,0.7913674146884464,-0.546700616329751,0
1571232585250,0.06577477034385075,0.3052433968060877,0.8771549402410006,-0.08754868286696303,-0.5446902984393877,0
1571232585500,0.06577477034385075,0.3052433968060877,0.8771549402410006,-0.4365947504777382,-0.546700616329751,0
1571232585750,0.06577477034385075,0.3052433968060877,0.8771549402410006,0.4399532128656282,-0.546700616329751,0
1571232586000,0.06577477034385075,0.3052433968060877,0.8771549402410006,-0.42559984163610964,-0.5487125047809661,0
1571232586250,0.06577477034385075,0.3052433968060877,0.8771549402410006,0.5621658534514219,-0.546700616329751,0
1571232586500,0.06577477034385075,0.3052433968060877,0.9120948445090622,0.22090079825164535,-0.546700616329751,0
1571232586750,0.06577477034385075,0.3052433968060877,0.8771549402410006,-0.8884855038686689,-0.546700616329751,0
1571232587000,0.06577477034385075,0.3052433968060877,0.9120948445090622,1.0538074311159324,-0.5446902984393877,0
1571232587250,0.15284290063201703,0.3052433968060877,0.8771549402410006,0.29744227903375137,-0.5446902984393877,0
1571232587500,0.022240705199767605,0.3052433968060877,0.8771549402410006,-1.4170023142635644,-0.546700616329751,0
1571232587750,0.06577477034385075,0.3052433968060877,0.8771549402410006,0.7067911928297658,-0.5446902984393877,0
1571232588000,0.10930883548793388,0.3052433968060877,0.8771549402410006,-0.06471310296511926,-0.5487125047809661,0
1571232588250,0.19637696577610014,0.27272769165467836,0.842215035972939,-0.6850796902985419,-0.546700616329751,0
1571232588500,-0.021293359944315533,0.33775910195749703,0.9120948445090622,0.44358999040555147,-0.5487125047809661,0
1571232588750,0.022240705199767605,0.3052433968060877,0.9120948445090622,-0.30397923460332693,-0.5487125047809661,0
1571232589000,0.10930883548793388,0.3052433968060877,0.9120948445090622,0.39808798304558135,-0.5487125047809661,0
1571232589250,0.10930883548793388,0.3052433968060877,0.8771549402410006,0.14292152169794178,-0.5487125047809661,0
1571232589500,0.06577477034385075,0.3052433968060877,0.9120948445090622,-0.9333109014537697,-0.5446902984393877,0
1571232589750,0.06577477034385075,0.3052433968060877,0.9120948445090622,0.8820331245209521,-0.546700616329751,0
1571232590000,0.022240705199767605,0.3052433968060877,0.9120948445090622,-0.13474221466410685,-0.546700616329751,0
1571232590250,-0.021293359944315533,0.3052433968060877,0.9120948445090622,0.17362269023264285,-0.5446902984393877,0
1571232590500,0.022240705199767605,0.3052433968060877,0.9120948445090622,0.1446130461351154,-0.546700616329751,0
1571232590750,0.06577477034385075,0.3052433968060877,0.9120948445090622,-1.0479962582941407,-0.5446902984393877,0
1571232591000,-0.06482742508839867,0.3052433968060877,0.9120948445090622,0.4832562384572728,-0.546700616329751,0
1571232591250,-0.021293359944315533,0.240211986503269,1.0518544615813086,-0.4996886119843139,-0.546700616329751,0
1571232591500,-0.4130999462410638,0.33775910195749703,1.2964337914577397,0.951977659998081,-0.5446902984393877,0
1571232591750,-1.0225768582582277,0.37027480710890637,1.1566741743854934,-0.12070256183556585,-0.5446902984393877,0
1571232592000,-1.109644988546394,0.33775910195749703,1.1566741743854934,0.4808881042452297,-0.5426784099881725,0
1571232592250,-0.50016807652923,0.3052433968060877,1.1566741743854934,0.43284881022949906,-0.5446902984393877,0
1571232592500,-0.8919746628259783,0.43530621741172504,1.0867943658493702,-0.32309346074338874,-0.5446902984393877,0
1571232592750,-0.50016807652923,0.4678219225631344,1.0867943658493702,0.8904061704849615,-0.5426784099881725,0
1571232593000,-0.36956588109698063,0.33775910195749703,1.1217342701174318,-0.20730861301885486,-0.5426784099881725,0
1571232593250,-0.5437021416733132,0.4027905122603157,1.0518544615813086,-1.5671251080627226,-0.5406665215369575,0
1571232593500,-0.36956588109698063,0.4678219225631344,1.0518544615813086,1.2282881768103908,-0.5406665215369575,0
1571232593750,-0.19542962052064808,0.33775910195749703,1.1217342701174318,1.6011001627634551,-0.5406665215369575,0
1571232594000,-0.3260318159528975,0.37027480710890637,1.016914557313247,-0.8169340201762251,-0.5406665215369575,0
1571232594250,-0.5437021416733132,0.6954318586229997,0.9120948445090622,0.374068336037716,-0.5426784099881725,0
1571232594500,-0.7613724673937289,0.1751805762004503,1.2265539829216165,-0.26279061455814934,-0.5386562036465942,0
1571232594750,-0.9790427931141445,0.3052433968060877,1.0867943658493702,-1.4480417876857001,-0.5386562036465942,0
1571232595000,-0.6307702719614795,0.4678219225631344,1.016914557313247,-0.0032261896738584126,-0.5386562036465942,0
1571232595250,-0.8919746628259783,0.33775910195749703,1.1217342701174318,-1.2847251032765876,-0.5386562036465942,0
1571232595500,-0.5437021416733132,0.27272769165467836,1.0867943658493702,-0.09558342394353771,-0.536644315195379,0
1571232595750,-0.4130999462410638,0.27272769165467836,1.0867943658493702,0.8581826299568042,-0.534632426744164,0
1571232596000,-0.5872362068173963,0.27272769165467836,1.0867943658493702,-1.0078225529112672,-0.5326205382929489,0
1571232596250,-0.5872362068173963,0.240211986503269,1.0867943658493702,1.1300951832324624,-0.534632426744164,0
1571232596500,-0.4130999462410638,0.27272769165467836,1.0867943658493702,0.7023086530712557,-0.5326205382929489,0
1571232596750,-0.4566340113851469,0.27272769165467836,1.0867943658493702,-0.8357099414288521,-0.534632426744164,0
1571232597000,-0.50016807652923,0.27272769165467836,1.0867943658493702,0.814287570812149,-0.534632426744164,0
1571232597250,-0.5437021416733132,0.240211986503269,1.1217342701174318,-0.8970277022763956,-0.5326205382929489,0
1571232597500,-0.4566340113851469,0.27272769165467836,1.0867943658493702,1.520076142222839,-0.534632426744164,0
1571232597750,-0.36956588109698063,0.3052433968060877,1.0867943658493702,0.09403646546362435,-0.534632426744164,0
1571232598000,-0.4130999462410638,0.27272769165467836,1.0518544615813086,-1.6408755735234921,-0.5326205382929489,0
1571232598250,-0.3260318159528975,0.33775910195749703,0.9819746530451854,0.8310336627401678,-0.5326205382929489,0
1571232598500,-0.28249775080881434,0.33775910195749703,1.0518544615813086,0.1935826785912915,-0.5326205382929489,0
1571232598750,-0.5872362068173963,0.3052433968060877,1.1217342701174318,-1.2932673016843146,-0.5326205382929489,0
1571232599000,-0.19542962052064808,0.3052433968060877,1.0518544615813086,0.5599668716830961,-0.5326205382929489,0
1571232599250,-0.4130999462410638,0.20769628135185966,1.0867943658493702,-0.08078258511826858,-0.5326205382929489,0
1571232599500,-0.5437021416733132,0.240211986503269,1.1566741743854934,-0.48818624581153336,-0.534632426744164,0
1571232599750,-0.28249775080881434,0.3052433968060877,1.016914557313247,0.5647031401071823,-0.5306102204025855,0
1571232600000,-0.50016807652923,0.33775910195749703,0.9470347487771238,-0.8430680727305574,-0.534632426744164,0
1571232600250,0.15284290063201703,0.37027480710890637,0.9819746530451854,0.6124041292354782,-0.536644315195379,0
1571232600500,-0.19542962052064808,0.33775910195749703,0.9819746530451854,0.3234071791443663,-0.536644315195379,0
1571232600750,-0.1083614902324818,0.3052433968060877,0.9819746530451854,-1.0162801750971353,-0.536644315195379,0
1571232601000,-0.06482742508839867,0.240211986503269,0.9819746530451854,1.0914438498430454,-0.536644315195379,0
1571232601250,0.10930883548793388,0.3052433968060877,0.842215035972939,-0.8384163805283299,-0.5406665215369575,0
1571232601500,0.28344509606426643,0.3052433968060877,0.8072751317048774,-1.1215775713111928,-0.5386562036465942,0
1571232601750,0.28344509606426643,0.3052433968060877,0.8072751317048774,1.6125179527143771,-0.5406665215369575,0
1571232602000,0.2399110309201833,0.3052433968060877,0.8072751317048774,0.11340442026926223,-0.5406665215369575,0
1571232602250,0.28344509606426643,0.3052433968060877,0.8072751317048774,-1.462081440514241,-0.5386562036465942,0
1571232602500,0.19637696577610014,0.3052433968060877,0.8072751317048774,1.5343695237169561,-0.5386562036465942,0
1571232602750,0.2399110309201833,0.27272769165467836,0.8072751317048774,0.3048004103354566,-0.5386562036465942,0
1571232603000,0.28344509606426643,0.27272769165467836,0.7723352274368158,0.33710852708547256,-0.5406665215369575,0
1571232603250,0.19637696577610014,0.27272769165467836,0.8072751317048774,0.4196549196195449,-0.5406665215369575,0
1571232603500,0.2399110309201833,0.27272769165467836,0.8072751317048774,-0.9091221020021869,-0.5386562036465942,0
1571232603750,0.19637696577610014,0.27272769165467836,0.842215035972939,0.9984100057984967,-0.5406665215369575,0
1571232604000,0.45758135664059896,0.37027480710890637,0.7024554189006925,0.005231432512009654,-0.5386562036465942,0
1571232604250,0.7187857475050978,0.37027480710890637,0.49281599329232295,0.27756686689696136,-0.5406665215369575,0
1571232604500,0.5446494869287652,0.37027480710890637,0.5277558975603845,0.43868456953774804,-0.5426784099881725,0
1571232604750,0.5011154217846822,0.33775910195749703,0.5976357060965077,-0.7937601353869466,-0.5426784099881725,0
1571232605000,0.6752516823610146,0.33775910195749703,0.5626958018284461,0.47953488469549077,-0.5446902984393877,0
1571232605250,0.6317176172169315,0.37027480710890637,0.5277558975603845,0.083802742618724,-0.5446902984393877,0
1571232605500,0.6752516823610146,0.4027905122603157,0.5277558975603845,-1.2024324394080916,-0.546700616329751,0
1571232605750,0.6317176172169315,0.37027480710890637,0.5277558975603845,0.6586673225921765,-0.546700616329751,0
1571232606000,0.6317176172169315,0.33775910195749703,0.5277558975603845,0.18334895574639115,-0.5446902984393877,0
1571232606250,0.5881835520728484,0.33775910195749703,0.49281599329232295,-0.2259153818277646,-0.546700616329751,0
1571232606500,0.7623198126491809,0.37027480710890637,0.4578760890242613,0.6276278491700407,-0.5446902984393877,0
1571232606750,0.6317176172169315,0.37027480710890637,0.49281599329232295,-0.21601996387029898,-0.5446902984393877,0
1571232607000,0.7623198126491809,0.37027480710890637,0.4578760890242613,0.5346785813473506,-0.5446902984393877,0
1571232607250,0.6752516823610146,0.37027480710890637,0.49281599329232295,-0.1883635393225104,-0.5446902984393877,0
1571232607500,0.7623198126491809,0.37027480710890637,0.4578760890242613,-1.218417345339382,-0.5446902984393877,0
1571232607750,0.6317176172169315,0.37027480710890637,0.49281599329232295,0.6244985289612696,-0.5446902984393877,0
1571232608000,0.6752516823610146,0.37027480710890637,0.49281599329232295,-0.14607542839317006,-0.5446902984393877,0
1571232608250,0.6752516823610146,0.37027480710890637,0.49281599329232295,0.1265983108792164,-0.5446902984393877,0
1571232608500,0.6752516823610146,0.37027480710890637,0.49281599329232295,0.37863545201808474,-0.5426784099881725,0
1571232608750,0.7187857475050978,0.37027480710890637,0.4578760890242613,-0.42390831719893607,-0.5426784099881725,0
1571232609000,0.6317176172169315,0.37027480710890637,0.49281599329232295,0.8032080857486618,-0.5426784099881725,0
1571232609250,0.7187857475050978,0.37027480710890637,0.49281599329232295,0.13835440571757304,-0.5446902984393877,0
1571232609500,0.6752516823610146,0.37027480710890637,0.49281599329232295,-1.113035372903466,-0.5426784099881725,0
1571232609750,0.6752516823610146,0.33775910195749703,0.49281599329232295,0.9069831099692629,-0.5426784099881725,0
1571232610000,0.7187857475050978,0.37027480710890637,0.4578760890242613,0.3285663286777458,-0.5446902984393877,0
1571232610250,0.6752516823610146,0.37027480710890637,0.49281599329232295,-1.112020458241162,-0.5426784099881725,0
1571232610500,0.7187857475050978,0.37027480710890637,0.4578760890242613,0.9454652909149626,-0.546700616329751,0
1571232610750,0.7187857475050978,0.37027480710890637,0.4578760890242613,0.34252140528442815,-0.5446902984393877,0
1571232611000,0.7187857475050978,0.37027480710890637,0.4578760890242613,-1.0583145573608996,-0.546700616329751,0
1571232611250,0.7187857475050978,0.37027480710890637,0.4578760890242613,0.8654561850366508,-0.5446902984393877,0
1571232611500,0.5446494869287652,0.33775910195749703,0.7723352274368158,0.3002332943550878,-0.5446902984393877,0
1571232611750,0.41404729149651587,0.3052433968060877,0.6675155146326309,-1.175283472191455,-0.5446902984393877,0
1571232612000,0.5011154217846822,0.3052433968060877,0.6325756103645693,0.7051842446144508,-0.5426784099881725,0
1571232612250,0.5011154217846822,0.3052433968060877,0.6675155146326309,0.13793152460827962,-0.5446902984393877,0
1571232612500,0.45758135664059896,0.3052433968060877,0.6675155146326309,-0.9304353099105745,-0.5426784099881725,0
1571232612750,0.5011154217846822,0.3052433968060877,0.6675155146326309,1.0477179431421075,-0.5446902984393877,0
1571232613000,0.3269791612083496,0.3052433968060877,0.7024554189006925,-0.2997504235103929,-0.5446902984393877,0
1571232613250,0.28344509606426643,0.240211986503269,0.7024554189006925,-0.9744995214989471,-0.5426784099881725,0
1571232613500,0.2399110309201833,0.27272769165467836,0.842215035972939,0.3461581828243514,-0.5446902984393877,0
1571232613750,0.10930883548793388,0.27272769165467836,0.842215035972939,-0.3120139756799015,-0.546700616329751,0
1571232614000,0.10930883548793388,0.27272769165467836,0.8771549402410006,0.045489714116741645,-0.5446902984393877,0
1571232614250,-0.15189555537656493,0.20769628135185966,0.9470347487771238,0.438430840872172,-0.5426784099881725,0
1571232614500,-0.5437021416733132,0.045117755594812944,1.0518544615813086,-0.2513728246072275,-0.5386562036465942,0
1571232614750,-0.23896368566473122,0.20769628135185966,1.0867943658493702,0.4370776213224331,-0.5426784099881725,0
1571232615000,-0.19542962052064808,0.240211986503269,0.9819746530451854,0.15171744877124457,-0.5406665215369575,0
1571232615250,-0.021293359944315533,0.27272769165467836,0.9470347487771238,-0.6311200607527037,-0.5406665215369575,0
1571232615500,-0.06482742508839867,0.240211986503269,0.9120948445090622,0.9742212063469141,-0.5426784099881725,0
1571232615750,0.06577477034385075,0.27272769165467836,0.8771549402410006,-0.12425476315363043,-0.5406665215369575,0
1571232616000,0.10930883548793388,0.27272769165467836,0.8771549402410006,-1.9654791130171085,-0.5446902984393877,0
1571232616250,0.28344509606426643,0.27272769165467836,0.8072751317048774,0.7708153927767871,-0.5426784099881725,0
1571232616500,0.06577477034385075,0.5003376277145437,1.0518544615813086,0.13522508550880186,-0.5446902984393877,0
1571232616750,-0.5437021416733132,0.11014916589763163,0.9470347487771238,-0.42585357030168575,-0.5426784099881725,0
1571232617000,-1.4143834445549759,0.240211986503269,1.191614078653555,0.7715765787735153,-0.5808964377570005,0
1571232617250,-1.5014515748431423,0.27272769165467836,1.191614078653555,-0.049066501921263335,-0.5446902984393877,0
1571232617500,-2.067394421716223,0.20769628135185966,1.191614078653555,0.15662286963904806,-0.5426784099881725,0
1571232617750,-1.8932581611398904,0.240211986503269,1.191614078653555,0.3828642631110188,-0.5426784099881725,0
1571232618000,-1.8061900308517242,0.27272769165467836,1.1566741743854934,-0.42720678985142463,-0.5406665215369575,0
1571232618250,-2.067394421716223,0.27272769165467836,1.1217342701174318,0.8257053607630708,-0.5406665215369575,0
1571232618500,-1.8061900308517242,0.27272769165467836,1.191614078653555,0.43479406333224874,-0.5406665215369575,0
1571232618750,-1.8497240959958072,0.27272769165467836,1.0867943658493702,-1.8979872879738815,-0.5406665215369575,0
1571232619000,-1.8061900308517242,0.240211986503269,1.191614078653555,0.8218994307794302,-0.5406665215369575,0
1571232619250,-1.9803262914280568,0.20769628135185966,1.1217342701174318,0.07602173020772537,-0.5406665215369575,0
1571232619500,-1.2837812491227265,0.20769628135185966,1.191614078653555,-1.0265984741638943,-0.5406665215369575,0
1571232619750,-0.9790427931141445,0.37027480710890637,1.2265539829216165,0.4341174535573793,-0.5406665215369575,0
1571232620000,-1.370849379410893,-0.08494506501082442,1.2265539829216165,-0.19056252109083607,-0.5406665215369575,0
1571232620250,-1.6320537702753917,0.20769628135185966,1.191614078653555,0.04049971702707949,-0.5406665215369575,0
1571232620500,-0.9790427931141445,0.240211986503269,1.191614078653555,-0.1489510199363652,-0.5406665215369575,0
1571232620750,-1.0225768582582277,0.240211986503269,1.1566741743854934,-0.6421995458161909,-0.5426784099881725,0
1571232621000,-1.0225768582582277,0.20769628135185966,1.191614078653555,1.2626261228850153,-0.5406665215369575,0
1571232621250,-1.2402471839786433,0.27272769165467836,1.2265539829216165,0.3294120908963326,-0.5386562036465942,0
1571232621500,-0.9790427931141445,0.20769628135185966,1.2614938871896781,-1.0737920059610382,-0.5406665215369575,0
1571232621750,-1.0225768582582277,0.20769628135185966,1.191614078653555,0.42219220627530535,-0.5406665215369575,0
1571232622000,-0.8484405976818952,0.1751805762004503,1.1566741743854934,-0.3522722572846335,-0.5426784099881725,0
1571232622250,-0.6307702719614795,0.20769628135185966,1.1566741743854934,0.24762688435898844,-0.5386562036465942,0
1571232622500,-0.804906532537812,0.240211986503269,1.1217342701174318,0.4455352435083012,-0.5386562036465942,0
1571232622750,-0.6743043371055626,0.20769628135185966,1.0867943658493702,-0.6706171563607075,-0.5426784099881725,0
1571232623000,-0.36956588109698063,0.240211986503269,1.0518544615813086,0.8505707699895229,-0.5406665215369575,0
1571232623250,-0.7613724673937289,0.14266487104904096,1.1566741743854934,-0.010922625862998355,-0.546700616329751,0
1571232623500,-0.50016807652923,0.1751805762004503,1.1566741743854934,-0.20468675014123577,-0.5627925828177682,0
1571232623750,-0.7178384022496457,0.1751805762004503,1.0867943658493702,0.33000412444934335,-0.5527362816833963,0
1571232624000,-0.50016807652923,0.14266487104904096,1.1566741743854934,-0.8118594468647041,-0.5265864435001554,0
1571232624250,-0.4130999462410638,0.27272769165467836,1.1566741743854934,0.9511318977794943,-0.5326205382929489,0
1571232624500,-1.0225768582582277,0.20769628135185966,1.1566741743854934,0.22783604844405717,-0.536644315195379,0
1571232624750,-1.2837812491227265,0.1751805762004503,1.2265539829216165,-0.7370940667416306,-0.536644315195379,0
1571232625000,-0.8484405976818952,0.20769628135185966,1.1566741743854934,0.1371703386115515,-0.536644315195379,0
1571232625250,-1.0225768582582277,0.20769628135185966,0.6325756103645693,-0.7535864300040733,-0.5386562036465942,0
1571232625500,0.5881835520728484,0.6954318586229997,0.8072751317048774,0.907744295965991,-0.5326205382929489,0
1571232625750,0.7187857475050978,0.5003376277145437,0.7024554189006925,0.2964273643714472,-0.5306102204025855,0
1571232626000,0.5011154217846822,0.5003376277145437,0.7024554189006925,-0.1514883065921256,-0.5406665215369575,0
1571232626250,0.6317176172169315,0.532853332865953,0.7024554189006925,0.7840092833867413,-0.5487125047809661,0
1571232626500,0.2399110309201833,0.5653690380173624,0.7373953231687541,0.8861773593920276,-0.5265864435001554,0
1571232626750,0.15284290063201703,0.5003376277145437,0.8072751317048774,0.10139459676532958,-0.524576125609792,0
1571232627000,-0.50016807652923,0.5003376277145437,0.842215035972939,-1.1503334867431443,-0.5285983319513704,0
1571232627250,0.41404729149651587,0.43530621741172504,0.7723352274368158,-1.136885867467614,-0.524576125609792,0
1571232627500,0.19637696577610014,0.5003376277145437,0.7373953231687541,0.10926018539818688,-0.5285983319513704,0
1571232627750,0.3269791612083496,0.5003376277145437,0.7373953231687541,-0.4359181407028687,-0.5285983319513704,0
1571232628000,0.6317176172169315,0.5003376277145437,0.6325756103645693,0.5877078724527434,-0.5265864435001554,0
1571232628250,0.3705132263524327,0.532853332865953,0.7024554189006925,0.1402996588203227,-0.5285983319513704,0
1571232628500,0.45758135664059896,0.4678219225631344,0.6675155146326309,-0.8341875694353958,-0.5265864435001554,0
1571232628750,0.3705132263524327,0.532853332865953,0.7373953231687541,0.5443202706392403,-0.5265864435001554,0
1571232629000,0.28344509606426643,0.532853332865953,0.8072751317048774,-0.08534970109863733,-0.5225642371585769,0
1571232629250,0.2399110309201833,0.532853332865953,0.8072751317048774,-1.28523256060774,-0.524576125609792,0
1571232629500,0.6317176172169315,0.6629161534715904,0.7024554189006925,0.8053224912951288,-0.5265864435001554,0
1571232629750,0.7187857475050978,0.5978847431687717,0.7373953231687541,-0.28266602669493934,-0.524576125609792,0
1571232630000,0.7623198126491809,0.532853332865953,0.5976357060965077,0.3349095453171469,-0.5265864435001554,0
1571232630250,0.3705132263524327,0.4027905122603157,0.5626958018284461,0.5909217688833733,-0.5265864435001554,0
1571232630500,-0.021293359944315533,0.43530621741172504,0.5976357060965077,-0.5673495894712584,-0.5265864435001554,0
1571232630750,0.10930883548793388,0.532853332865953,0.8771549402410006,0.9052070093102307,-0.5265864435001554,0
1571232631000,-0.36956588109698063,0.43530621741172504,0.9819746530451854,-0.00542517144218411,-0.524576125609792,0
1571232631250,-0.4566340113851469,0.37027480710890637,1.2265539829216165,-1.0657572648844635,-0.524576125609792,0
1571232631500,-0.15189555537656493,0.37027480710890637,1.016914557313247,1.0602352239771924,-0.5265864435001554,0
1571232631750,-0.4130999462410638,0.4027905122603157,0.9120948445090622,-0.19868183838926942,-0.5265864435001554,0
1571232632000,0.6752516823610146,0.532853332865953,0.49281599329232295,-1.2812574781803818,-0.5285983319513704,0
1571232632250,0.45758135664059896,0.5003376277145437,0.7024554189006925,0.5903297353303625,-0.5265864435001554,0
1571232632500,-0.19542962052064808,0.4678219225631344,0.842215035972939,-0.16628914541739473,-0.5285983319513704,0
1571232632750,0.3269791612083496,0.43530621741172504,1.1217342701174318,1.4598578722594584,-0.524576125609792,0
1571232633000,-0.6743043371055626,0.3052433968060877,1.4012535042619247,0.44240592329952994,-0.5265864435001554,0
1571232633250,-0.4130999462410638,0.43530621741172504,0.9120948445090622,-0.6027024502081869,-0.5285983319513704,0
1571232633500,-0.4566340113851469,0.27272769165467836,1.2964337914577397,0.3207007400448885,-0.5285983319513704,0
1571232633750,-0.8484405976818952,0.37027480710890637,1.191614078653555,0.4507789692635394,-0.5306102204025855,0
1571232634000,-0.4566340113851469,0.37027480710890637,1.016914557313247,-1.5611201963107562,-0.534632426744164,0
1571232634250,-0.5437021416733132,0.3052433968060877,1.1217342701174318,0.9291420800962373,-0.536644315195379,0
1571232634500,-0.36956588109698063,0.1751805762004503,1.191614078653555,-0.35895377881146934,-0.5386562036465942,0
1571232634750,-0.5437021416733132,0.33775910195749703,1.0518544615813086,0.07077800445248716,-0.5426784099881725,0
1571232635000,-0.23896368566473122,0.20769628135185966,1.0518544615813086,0.5526933166032496,-0.536644315195379,0
1571232635250,-0.4130999462410638,0.240211986503269,1.0518544615813086,-1.622860838267593,-0.536644315195379,0
1571232635500,-0.3260318159528975,0.20769628135185966,1.0518544615813086,0.564533987663465,-0.536644315195379,0
1571232635750,-0.28249775080881434,0.240211986503269,1.0518544615813086,0.28196483043361276,-0.536644315195379,0
1571232636000,-0.3260318159528975,0.20769628135185966,1.016914557313247,-1.6355472715463952,-0.536644315195379,0
1571232636250,-0.28249775080881434,0.240211986503269,1.016914557313247,1.2151788624222952,-0.536644315195379,0
1571232636500,-0.36956588109698063,0.240211986503269,1.016914557313247,0.09352900813247228,-0.534632426744164,0
1571232636750,-0.28249775080881434,0.20769628135185966,1.016914557313247,1.3298642192626662,-0.534632426744164,0
1571232637000,-0.3260318159528975,0.240211986503269,1.016914557313247,0.5126041874422349,-0.5326205382929489,0
1571232637250,-0.28249775080881434,0.240211986503269,1.0518544615813086,-1.0784436981632657,-0.5326205382929489,0
1571232637500,-0.1083614902324818,0.33775910195749703,0.9819746530451854,0.8794958378651917,-0.536644315195379,0
1571232637750,0.28344509606426643,0.5003376277145437,0.6675155146326309,-0.11765781784865335,-0.536644315195379,0
1571232638000,0.7187857475050978,0.4678219225631344,0.6325756103645693,1.038076253850218,-0.534632426744164,0
1571232638250,0.8493879429373472,0.43530621741172504,0.7723352274368158,0.43377914866994455,-0.5265864435001554,0
1571232638500,0.7187857475050978,0.4678219225631344,0.49281599329232295,-0.6906617209412148,-0.5326205382929489,0
1571232638750,1.415330789810428,0.4678219225631344,0.1783568548797685,1.2437656254105294,-0.5326205382929489,0
1571232639000,1.2411945292340956,0.5653690380173624,-0.24092199633697078,0.34556614927134066,-0.5326205382929489,0
1571232639250,1.2411945292340956,0.5003376277145437,-0.2059820920689092,-1.0035937418183332,-0.5306102204025855,0
1571232639500,1.1541263989459292,0.43530621741172504,-0.17104218780084757,0.26987043070782146,-0.534632426744164,0
1571232639750,1.1541263989459292,0.5978847431687717,-0.45056142194534043,0.030012265516603093,-0.536644315195379,0
1571232640000,1.5459329852426775,0.6629161534715904,-0.5204412304814636,-0.37028699254053254,-0.5285983319513704,0
1571232640250,1.2847285943781785,0.5978847431687717,-0.5903210390175868,0.5155643552072888,-0.5285983319513704,0
1571232640500,1.1976604640900124,0.5003376277145437,-0.17104218780084757,-0.06953394761106406,-0.5306102204025855,0
1571232640750,1.3282626595222617,0.532853332865953,-0.45056142194534043,-0.10818528100048111,-0.5306102204025855,0
1571232641000,1.371796724666345,0.5003376277145437,-0.45056142194534043,-0.969002067078133,-0.5326205382929489,0
1571232641250,1.4588648549545111,0.532853332865953,-0.7999604646259565,-1.13265705637468,-0.5306102204025855,0
1571232641500,1.2847285943781785,0.5653690380173624,-0.2059820920689092,0.6105434523545872,-0.5306102204025855,0
1571232641750,1.4588648549545111,0.5978847431687717,-0.2059820920689092,0.23849265239825093,-0.5306102204025855,0
1571232642000,0.7623198126491809,0.43530621741172504,0.4229361847561997,-0.6015183831021654,-0.5285983319513704,0
1571232642250,0.7623198126491809,0.43530621741172504,0.4578760890242613,0.7470494744344978,-0.5285983319513704,0
1571232642500,0.5446494869287652,0.43530621741172504,0.5976357060965077,-0.5159272465811806,-0.5225642371585769,0
1571232642750,0.5881835520728484,0.4027905122603157,0.5277558975603845,-1.4762056695646408,-0.5225642371585769,0
1571232643000,0.6317176172169315,0.4027905122603157,0.5277558975603845,0.16279693383473176,-0.524576125609792,0
1571232643250,0.8058538777932641,0.33775910195749703,0.3530563762200765,-0.2983126277387953,-0.5225642371585769,0
1571232643500,1.067058268657763,0.33775910195749703,0.07353714207558366,0.820123330120398,-0.5285983319513704,0
1571232643750,1.415330789810428,0.532853332865953,-0.48550132621340203,0.3217156547071927,-0.5145182539145684,0
1571232644000,1.3282626595222617,0.532853332865953,-0.66020084755371,-0.9262910750394991,-0.5185404602561468,0
1571232644250,1.415330789810428,0.5978847431687717,-0.6951407518217716,0.8250287509882014,-0.5205523487073619,0
1571232644500,1.3282626595222617,0.532853332865953,-0.45056142194534043,0.39715764460513586,-0.5225642371585769,0
1571232644750,1.2847285943781785,0.532853332865953,-0.45056142194534043,0.16677201626208973,-0.5225642371585769,0
1571232645000,1.1541263989459292,0.5003376277145437,-0.24092199633697078,0.788830128032686,-0.524576125609792,0
1571232645250,0.9799901383695966,0.37027480710890637,0.24823666341589168,-0.6882935867291717,-0.524576125609792,0
1571232645500,0.7187857475050978,0.5003376277145437,0.3181164719520149,-0.5883244924922112,-0.5285983319513704,0
1571232645750,0.5446494869287652,0.240211986503269,0.7024554189006925,0.12110085645840217,-0.5306102204025855,0
1571232646000,0.45758135664059896,0.3052433968060877,0.7373953231687541,-1.0726925150768754,-0.5326205382929489,0
1571232646250,0.28344509606426643,0.3052433968060877,0.842215035972939,0.7252288091949582,-0.534632426744164,0
1571232646500,0.06577477034385075,0.27272769165467836,0.8771549402410006,0.4199086482851209,-0.5326205382929489,0
1571232646750,0.022240705199767605,0.27272769165467836,0.9819746530451854,-1.1953280367719623,-0.536644315195379,0
1571232647000,-0.4130999462410638,0.27272769165467836,1.2614938871896781,0.732417788052946,-0.5386562036465942,0
1571232647250,-0.5437021416733132,0.1751805762004503,0.9120948445090622,0.03221124728492879,-0.534632426744164,0
1571232647500,-0.50016807652923,0.33775910195749703,0.9819746530451854,-0.3848341027002256,-0.5406665215369575,0
1571232647750,-0.23896368566473122,0.3052433968060877,0.9120948445090622,0.87704312743129,-0.5386562036465942,0
1571232648000,-0.3260318159528975,0.3052433968060877,0.9470347487771238,0.06341987315078194,-0.5386562036465942,0
1571232648250,-0.1083614902324818,0.3052433968060877,0.9819746530451854,-0.03418108687413554,-0.5386562036465942,0
1571232648500,1.067058268657763,0.532853332865953,0.5626958018284461,0.21658741093685266,-0.536644315195379,0
1571232648750,0.9799901383695966,0.630400448320181,-0.2758619006050324,-0.6570003846414599,-0.534632426744164,0
1571232649000,0.7623198126491809,0.4027905122603157,0.07353714207558366,0.12346899067044523,-0.5326205382929489,0
1571232649250,1.3282626595222617,0.5003376277145437,-0.24092199633697078,0.4952660619612054,-0.5285983319513704,0
1571232649500,1.415330789810428,0.5653690380173624,-0.5553811347495252,0.16305066250030778,-0.5326205382929489,0
1571232649750,0.45758135664059896,0.43530621741172504,0.07353714207558366,2.61043279442495,-0.534632426744164,0
1571232650000,1.1541263989459292,0.5003376277145437,0.3181164719520149,-0.2908699202152314,-0.536644315195379,0
1571232650250,0.5011154217846822,0.3052433968060877,0.7024554189006925,-1.793958535087704,-0.536644315195379,0
1571232650500,0.45758135664059896,0.33775910195749703,0.6675155146326309,-0.5395240124797526,-0.536644315195379,0
1571232650750,0.45758135664059896,0.33775910195749703,0.7024554189006925,-1.4773051604488037,-0.536644315195379,0
1571232651000,0.28344509606426643,0.20769628135185966,0.6325756103645693,-1.0397077885519899,-0.534632426744164,0
1571232651250,1.0235242035136798,0.4027905122603157,0.038597237807522056,0.39605815372097297,-0.536644315195379,0
1571232651500,1.110592333801846,0.37027480710890637,0.4578760890242613,-0.12349357715690232,-0.536644315195379,0
1571232651750,0.3705132263524327,0.5003376277145437,0.3879962804881381,1.1315329790040602,-0.536644315195379,0
1571232652000,0.7623198126491809,0.37027480710890637,0.5626958018284461,0.7607508223756041,-0.536644315195379,0
1571232652250,0.8493879429373472,0.7929789740772277,0.14341695061170687,-0.46044524504188616,-0.536644315195379,0
1571232652500,-0.6307702719614795,0.43530621741172504,0.6325756103645693,0.41060526388066604,-0.536644315195379,0
1571232652750,0.15284290063201703,0.43530621741172504,1.191614078653555,-0.2254079244966125,-0.5386562036465942,0
1571232653000,-1.1531790536904771,0.43530621741172504,1.0867943658493702,0.12313068578301051,-0.534632426744164,0
1571232653250,-1.5885197051313085,0.43530621741172504,1.2265539829216165,0.40375458991011287,-0.534632426744164,0
1571232653500,-0.36956588109698063,0.33775910195749703,1.191614078653555,-0.2719248465188869,-0.5406665215369575,0
1571232653750,-0.4566340113851469,0.27272769165467836,1.0518544615813086,1.3779880895002554,-0.536644315195379,0
1571232654000,0.5881835520728484,0.7279475637744091,0.21329675914783008,0.4046849283505584,-0.536644315195379,0
1571232654250,0.8058538777932641,0.5003376277145437,0.3530563762200765,-1.918201004998106,-0.5386562036465942,0
1571232654500,0.5446494869287652,0.532853332865953,0.3530563762200765,-0.566926708361965,-0.536644315195379,0
1571232654750,0.8929220080814304,0.532853332865953,0.21329675914783008,-0.14032424530677978,-0.536644315195379,0
1571232655000,0.8058538777932641,0.5003376277145437,0.3879962804881381,1.1533536442435997,-0.5386562036465942,0
1571232655250,0.2399110309201833,0.4027905122603157,0.5976357060965077,0.7636264139187992,-0.536644315195379,0
1571232655500,0.7623198126491809,0.532853332865953,0.3181164719520149,-1.3917986001496774,-0.536644315195379,0
1571232655750,0.45758135664059896,0.5978847431687717,0.4229361847561997,0.4327642340076404,-0.534632426744164,0
1571232656000,1.2847285943781785,0.5978847431687717,0.3530563762200765,-0.2680343403133876,-0.534632426744164,0
1571232656250,1.3282626595222617,0.6629161534715904,-0.24092199633697078,0.04658920500090449,-0.534632426744164,0
1571232656500,1.3282626595222617,0.5978847431687717,0.14341695061170687,0.9754052734529356,-0.536644315195379,0
1571232656750,1.5023989200985943,0.4678219225631344,0.1783568548797685,-0.48032065717867606,-0.5406665215369575,0
1571232657000,0.8929220080814304,0.5978847431687717,0.49281599329232295,0.5630116156700087,-0.5386562036465942,0
1571232657250,0.5881835520728484,0.532853332865953,0.4578760890242613,0.5754443202832347,-0.5386562036465942,0
1571232657500,1.067058268657763,0.532853332865953,0.7723352274368158,-0.784879632091785,-0.5406665215369575,0
1571232657750,0.6317176172169315,0.5003376277145437,0.5626958018284461,0.15704575074834143,-0.5406665215369575,0
1571232658000,0.3269791612083496,0.43530621741172504,0.6675155146326309,-0.6089610906257293,-0.5406665215369575,0
1571232658250,-0.021293359944315533,0.5003376277145437,0.9470347487771238,-2.0745824392148067,-0.5386562036465942,0
1571232658500,0.022240705199767605,0.3052433968060877,0.842215035972939,0.337785136860342,-0.536644315195379,0
1571232658750,0.06577477034385075,0.33775910195749703,1.016914557313247,0.14512050346626745,-0.5406665215369575,0
1571232659000,-0.23896368566473122,0.37027480710890637,1.0867943658493702,1.1232445092619092,-0.5386562036465942,0
1571232659250,-0.4130999462410638,0.33775910195749703,0.9819746530451854,0.18461759907427136,-0.5326205382929489,0
1571232659500,-0.50016807652923,0.27272769165467836,1.0518544615813086,-1.9789267322926387,-0.534632426744164,0
1571232659750,-0.4566340113851469,0.240211986503269,1.0518544615813086,0.6347322518061699,-0.534632426744164,0
1571232660000,-0.50016807652923,0.240211986503269,1.016914557313247,0.6083444705862615,-0.534632426744164,0
1571232660250,-0.3260318159528975,0.240211986503269,1.016914557313247,0.5740911007334958,-0.534632426744164,0
1571232660500,0.15284290063201703,0.27272769165467836,0.9470347487771238,-0.16409016364906903,-0.5326205382929489,0
1571232660750,-0.06482742508839867,0.27272769165467836,0.9470347487771238,-1.056623032923726,-0.5326205382929489,0
1571232661000,-0.06482742508839867,0.27272769165467836,0.9470347487771238,1.1838856603345835,-0.5306102204025855,0
1571232661250,-0.19542962052064808,0.240211986503269,0.9819746530451854,0.25016417101474886,-0.5306102204025855,0
1571232661500,-0.15189555537656493,0.240211986503269,0.9819746530451854,-0.5163501276904741,-0.5326205382929489,0
1571232661750,-0.15189555537656493,0.240211986503269,0.9819746530451854,0.1061308651894157,-0.5306102204025855,0
1571232662000,-0.06482742508839867,0.27272769165467836,0.9819746530451854,-0.712313233737037,-0.5326205382929489,0
1571232662250,-0.23896368566473122,0.240211986503269,0.9819746530451854,0.6864928995836824,-0.5306102204025855,0
1571232662500,-0.1083614902324818,0.240211986503269,0.9470347487771238,-0.46771880012173267,-0.5306102204025855,0
1571232662750,-0.1083614902324818,0.240211986503269,0.9470347487771238,0.9438583426996476,-0.5306102204025855,0
1571232663000,-0.1083614902324818,0.240211986503269,0.9470347487771238,-0.1567320323473638,-0.5285983319513704,0
1571232663250,-0.06482742508839867,0.240211986503269,0.9470347487771238,0.8359390836079712,-0.5306102204025855,0
1571232663500,-0.1083614902324818,0.240211986503269,0.9470347487771238,-0.016081775396377875,-0.5326205382929489,0
1571232663750,-0.1083614902324818,0.27272769165467836,0.9470347487771238,-1.2414220776849434,-0.5306102204025855,0
1571232664000,-0.1083614902324818,0.240211986503269,0.9819746530451854,0.6644185056785669,-0.5306102204025855,0
1571232664250,-0.06482742508839867,0.27272769165467836,0.9470347487771238,-0.23234317468902432,-0.5285983319513704,0
1571232664500,-0.1083614902324818,0.240211986503269,0.9819746530451854,0.22318435624182972,-0.5306102204025855,0
1571232664750,-0.1083614902324818,0.240211986503269,0.9470347487771238,0.18055794042505469,-0.5285983319513704,0
1571232665000,-0.15189555537656493,0.240211986503269,0.9470347487771238,-0.9976734062882257,-0.5306102204025855,0
1571232665250,-0.021293359944315533,0.27272769165467836,0.9470347487771238,0.8148796043651597,-0.5285983319513704,0
1571232665500,0.06577477034385075,0.27272769165467836,0.9120948445090622,-0.04881277325568729,-0.5306102204025855,0
1571232665750,0.06577477034385075,0.3052433968060877,0.8771549402410006,-0.7307508501022295,-0.5306102204025855,0
1571232666000,-0.19542962052064808,0.27272769165467836,0.9819746530451854,0.27892008644670024,-0.5285983319513704,0
1571232666250,-0.15189555537656493,0.3052433968060877,0.9819746530451854,-0.48133557184098025,-0.5265864435001554,0
1571232666500,-0.1083614902324818,0.3052433968060877,0.9819746530451854,1.2137410666506978,-0.5265864435001554,0
1571232666750,-0.1083614902324818,0.3052433968060877,0.9819746530451854,0.978196288774272,-0.5265864435001554,0
1571232667000,-0.19542962052064808,0.27272769165467836,0.9819746530451854,-0.11951849472954433,-0.5265864435001554,0
1571232667250,-0.19542962052064808,0.27272769165467836,1.016914557313247,0.22250774646696028,-0.5285983319513704,0
1571232667500,-0.19542962052064808,0.27272769165467836,0.9470347487771238,-0.6569158084196013,-0.524576125609792,0
1571232667750,-0.19542962052064808,0.27272769165467836,0.9819746530451854,-1.0817421708157542,-0.5265864435001554,0
1571232668000,-0.19542962052064808,0.27272769165467836,0.9819746530451854,0.8712073681230411,-0.524576125609792,0
1571232668250,-0.19542962052064808,0.27272769165467836,1.016914557313247,-0.1506425443735388,-0.5265864435001554,0
1571232668500,-0.15189555537656493,0.27272769165467836,0.9819746530451854,-1.0730308199643102,-0.5265864435001554,0
1571232668750,-0.19542962052064808,0.27272769165467836,0.9819746530451854,0.3535163141260566,-0.5265864435001554,0
1571232669000,-0.19542962052064808,0.27272769165467836,0.9819746530451854,-0.3121831281236189,-0.5265864435001554,0
1571232669250,-0.19542962052064808,0.27272769165467836,0.9819746530451854,-0.8536401004628925,-0.524576125609792,0
1571232669500,-0.19542962052064808,0.27272769165467836,0.9819746530451854,0.6568912219331442,-0.5265864435001554,0
1571232669750,-0.15189555537656493,0.240211986503269,0.9819746530451854,-0.5002806455373247,-0.524576125609792,0
1571232670000,0.022240705199767605,0.33775910195749703,0.9120948445090622,0.7630343803657884,-0.5285983319513704,0
1571232670250,0.2399110309201833,0.3052433968060877,0.8771549402410006,0.26158196096567077,-0.5285983319513704,0
1571232670500,0.10930883548793388,0.33775910195749703,0.9470347487771238,-1.006553909583387,-0.5265864435001554,0
1571232670750,-0.19542962052064808,0.33775910195749703,0.9819746530451854,0.6401451300051254,-0.5306102204025855,0
1571232671000,-0.4130999462410638,0.3052433968060877,1.0867943658493702,-0.12247866249459816,-0.5285983319513704,0
1571232671250,-0.50016807652923,0.37027480710890637,1.0867943658493702,-1.2381236050324547,-0.5285983319513704,0
1571232671500,-0.6743043371055626,0.33775910195749703,1.1566741743854934,1.312441517559778,-0.5306102204025855,0
1571232671750,-0.5437021416733132,0.20769628135185966,1.1566741743854934,0.5461809475201312,-0.5306102204025855,0
1571232672000,-0.3260318159528975,0.240211986503269,1.191614078653555,0.38802341264439827,-0.5285983319513704,0
1571232672250,-0.4130999462410638,0.27272769165467836,1.1217342701174318,0.43885372198146544,-0.5285983319513704,0
1571232672500,-0.23896368566473122,0.33775910195749703,1.016914557313247,-0.5176187710183543,-0.5285983319513704,0
1571232672750,-0.15189555537656493,0.33775910195749703,1.016914557313247,1.0040766126630283,-0.5306102204025855,0
1571232673000,-0.23896368566473122,0.33775910195749703,1.0518544615813086,0.1345484757339324,-0.5306102204025855,0
1571232673250,-0.804906532537812,0.33775910195749703,1.1566741743854934,-0.9362710692188235,-0.5265864435001554,0
1571232673500,-0.23896368566473122,0.33775910195749703,1.016914557313247,1.0453498089300646,-0.5265864435001554,0
1571232673750,-0.021293359944315533,0.3052433968060877,1.0518544615813086,0.09479765146035249,-0.5285983319513704,0
1571232674000,0.022240705199767605,0.33775910195749703,0.9470347487771238,-0.8467894264923393,-0.5265864435001554,0
1571232674250,0.022240705199767605,0.33775910195749703,0.9819746530451854,0.5664792407662146,-0.5285983319513704,0
1571232674500,-0.021293359944315533,0.27272769165467836,1.0518544615813086,-0.5922149986977104,-0.5265864435001554,0
1571232674750,-0.1083614902324818,0.3052433968060877,0.9470347487771238,0.21870181648331966,-0.5265864435001554,0
1571232675000,0.19637696577610014,0.20769628135185966,0.7373953231687541,0.11382730137855564,-0.5285983319513704,0
1571232675250,-0.021293359944315533,0.3052433968060877,0.9120948445090622,-1.0200015288589175,-0.524576125609792,0
1571232675500,0.022240705199767605,0.3052433968060877,0.8771549402410006,0.7557608252859419,-0.5265864435001554,0
1571232675750,0.19637696577610014,0.27272769165467836,0.842215035972939,0.21692571582428738,-0.5265864435001554,0
1571232676000,0.3269791612083496,0.27272769165467836,0.8072751317048774,-0.4079234112676454,-0.5265864435001554,0
1571232676250,-0.23896368566473122,0.37027480710890637,1.0518544615813086,0.214895886499679,-0.5285983319513704,0
1571232676500,-0.5437021416733132,0.27272769165467836,1.1217342701174318,-0.5858717820583095,-0.5265864435001554,0
1571232676750,0.45758135664059896,0.11014916589763163,1.4361934085299863,0.34480496327461246,-0.5265864435001554,0
1571232677000,-1.109644988546394,0.27272769165467836,1.2614938871896781,0.16930930291785015,-0.5225642371585769,0
1571232677250,0.19637696577610014,0.7604632689258184,-0.310801804873094,-0.5029025084149438,-0.5285983319513704,0
1571232677500,0.8058538777932641,0.5003376277145437,0.49281599329232295,1.0696231846035058,-0.5265864435001554,0
1571232677750,0.6752516823610146,0.37027480710890637,0.7373953231687541,0.06079801027316285,-0.5185404602561468,0
1571232678000,0.5881835520728484,0.630400448320181,0.6675155146326309,-0.722124075472644,-0.524576125609792,0
1571232678250,0.2399110309201833,0.630400448320181,0.6675155146326309,2.0923188593186723,-0.5185404602561468,0
1571232678500,0.10930883548793388,0.532853332865953,0.9470347487771238,0.9029234513200464,-0.5185404602561468,0
1571232678750,-0.23896368566473122,0.5978847431687717,0.8072751317048774,-1.758013640797765,-0.5185404602561468,0
1571232679000,0.7623198126491809,0.6954318586229997,0.5976357060965077,-0.1673886363015576,-0.5185404602561468,0
1571232679250,0.19637696577610014,0.5653690380173624,0.5976357060965077,-0.9070922726775786,-0.5205523487073619,0
1571232679500,0.3269791612083496,0.5978847431687717,0.7024554189006925,-0.0867874968702349,-0.5185404602561468,0
1571232679750,0.7623198126491809,0.6954318586229997,0.7024554189006925,0.14165287837006157,-0.5205523487073619,0
1571232680000,-0.19542962052064808,0.5978847431687717,0.9120948445090622,-0.8880626227593755,-0.5165301423657835,0
1571232680250,0.6752516823610146,0.5003376277145437,1.4012535042619247,0.7773277618599055,-0.5165301423657835,0
1571232680500,-0.021293359944315533,0.27272769165467836,1.0867943658493702,0.18165743130921752,-0.5185404602561468,0
1571232680750,-0.36956588109698063,0.6954318586229997,0.8771549402410006,0.8571677152945,-0.5185404602561468,0
1571232681000,-0.4130999462410638,0.4027905122603157,1.016914557313247,0.6046231168244796,-0.5185404602561468,0
1571232681250,-0.36956588109698063,0.33775910195749703,1.0518544615813086,-0.7502033811297261,-0.5185404602561468,0
1571232681500,-0.4130999462410638,0.37027480710890637,1.0867943658493702,0.2294429966593721,-0.5225642371585769,0
1571232681750,-0.06482742508839867,0.43530621741172504,0.9819746530451854,-0.4590074492702886,-0.524576125609792,0
1571232682000,-0.23896368566473122,0.532853332865953,1.191614078653555,-1.5478417294789435,-0.524576125609792,0
1571232682250,-0.23896368566473122,0.33775910195749703,0.9470347487771238,-1.1091448666979666,-0.5185404602561468,0
1571232682500,-0.5437021416733132,0.6629161534715904,0.7024554189006925,-1.053747441380531,-0.5125063654633533,0
1571232682750,-0.19542962052064808,0.6629161534715904,0.9819746530451854,1.0805335172232757,-0.5145182539145684,0
1571232683000,-0.15189555537656493,0.4027905122603157,0.9819746530451854,2.514438782615348,-0.5145182539145684,0
1571232683250,-0.5872362068173963,0.7604632689258184,0.8771549402410006,-0.38145105382587835,-0.5024500643289814,0
1571232683500,-0.4130999462410638,0.6954318586229997,1.016914557313247,0.4753060736025567,-0.4944040810849728,0
1571232683750,-0.36956588109698063,0.4678219225631344,0.9470347487771238,-1.2432827545658345,-0.4944040810849728,0
1571232684000,0.06577477034385075,0.6954318586229997,0.7024554189006925,0.03686293948715622,-0.49842628742655115,0
1571232684250,1.067058268657763,0.37027480710890637,0.842215035972939,1.1518312722501436,-0.5084841591217749,0
1571232684500,0.28344509606426643,0.43530621741172504,0.5277558975603845,-1.7632573665530031,-0.51049604757299,0
1571232684750,-0.4130999462410638,0.6954318586229997,1.0518544615813086,0.3557152958943823,-0.5205523487073619,0
1571232685000,1.5023989200985943,0.7604632689258184,0.1783568548797685,-0.5167730087997674,-0.524576125609792,0
1571232685250,0.7623198126491809,0.4678219225631344,0.4229361847561997,0.7692930207833307,-0.5306102204025855,0
1571232685500,0.8493879429373472,0.5003376277145437,0.4229361847561997,-1.4005099510011216,-0.5306102204025855,0
1571232685750,0.6752516823610146,0.5003376277145437,0.4229361847561997,-0.9786437563700225,-0.5265864435001554,0
1571232686000,1.0235242035136798,0.5978847431687717,-0.031282570728601154,0.9609427395151012,-0.5306102204025855,0
1571232686250,0.8058538777932641,0.5003376277145437,0.24823666341589168,0.13776237216456227,-0.5285983319513704,0
1571232686500,1.0235242035136798,0.5003376277145437,0.3181164719520149,1.955220803685751,-0.5326205382929489,0
1571232686750,0.7623198126491809,0.5003376277145437,0.3530563762200765,0.7528006575208881,-0.5326205382929489,0
1571232687000,1.0235242035136798,0.4027905122603157,0.14341695061170687,-1.436962302622213,-0.534632426744164,0
1571232687250,1.067058268657763,0.532853332865953,0.038597237807522056,0.538822816218426,-0.534632426744164,0
1571232687500,1.5023989200985943,0.4678219225631344,0.5626958018284461,0.6584135939266005,-0.534632426744164,0
1571232687750,0.06577477034385075,0.6629161534715904,0.7723352274368158,-0.25407926370670525,-0.5386562036465942,0
1571232688000,-0.06482742508839867,0.5653690380173624,0.7024554189006925,-0.2520494343820969,-0.5446902984393877,0
1571232688250,0.15284290063201703,0.532853332865953,0.7373953231687541,-0.663851058612013,-0.5507243932321811,0
1571232688500,0.6317176172169315,0.6954318586229997,-0.10116237926472436,-0.11106087254367626,-0.536644315195379,0
1571232688750,1.2411945292340956,0.8580103843800464,-0.5204412304814636,0.5958271897511768,-0.5306102204025855,0
1571232689000,1.371796724666345,0.4027905122603157,-0.5553811347495252,0.15053338166522304,-0.534632426744164,0
1571232689250,1.0235242035136798,0.5978847431687717,-0.17104218780084757,0.25760687853831277,-0.5326205382929489,0
1571232689500,1.415330789810428,-0.01991365470800574,-0.4156215176772788,0.16770235470253522,-0.5326205382929489,0
1571232689750,0.7623198126491809,0.3052433968060877,0.3181164719520149,-0.6475278477932876,-0.5326205382929489,0
1571232690000,0.7623198126491809,0.37027480710890637,0.4229361847561997,0.16533422049049215,-0.5306102204025855,0
1571232690250,0.7187857475050978,0.33775910195749703,0.4229361847561997,-0.5215092772238535,-0.5326205382929489,0
1571232690500,0.8058538777932641,0.4027905122603157,0.49281599329232295,-0.04289243772557965,-0.5306102204025855,0
1571232690750,0.5881835520728484,0.33775910195749703,0.3530563762200765,0.007092109392900628,-0.534632426744164,0
1571232691000,0.45758135664059896,0.3052433968060877,0.5976357060965077,-0.169925922957318,-0.536644315195379,0
1571232691250,0.8058538777932641,0.37027480710890637,0.4229361847561997,-0.04230040417256888,-0.5306102204025855,0
1571232691500,0.7187857475050978,0.3052433968060877,0.49281599329232295,-0.6800896932088797,-0.5326205382929489,0
1571232691750,0.45758135664059896,0.33775910195749703,0.5626958018284461,0.8464265351184476,-0.5306102204025855,0
1571232692000,0.5446494869287652,0.33775910195749703,0.5626958018284461,-0.004494833001738622,-0.5326205382929489,0
1571232692250,0.3705132263524327,0.3052433968060877,0.7024554189006925,0.7262437238572624,-0.5326205382929489,0
1571232692500,0.41404729149651587,0.3052433968060877,0.6675155146326309,-0.9345795447816498,-0.5326205382929489,0
1571232692750,0.45758135664059896,0.3052433968060877,0.6675155146326309,0.3686554578387604,-0.5326205382929489,0
1571232693000,0.41404729149651587,0.3052433968060877,0.7024554189006925,-0.033842781986700814,-0.5326205382929489,0
1571232693250,0.41404729149651587,0.3052433968060877,0.7024554189006925,0.9041075184260677,-0.5326205382929489,0
1571232693500,0.3705132263524327,0.27272769165467836,0.7024554189006925,-0.13922475442261692,-0.5326205382929489,0
1571232693750,0.3705132263524327,0.3052433968060877,0.7024554189006925,0.5903297353303625,-0.5326205382929489,0
1571232694000,0.3705132263524327,0.3052433968060877,0.7024554189006925,-0.11545883608032766,-0.5326205382929489,0
1571232694250,0.3705132263524327,0.27272769165467836,0.7024554189006925,0.44511236239900775,-0.5306102204025855,0
1571232694500,0.3705132263524327,0.3052433968060877,0.7024554189006925,-0.09727494838071131,-0.5306102204025855,0
1571232694750,0.3705132263524327,0.3052433968060877,0.7024554189006925,0.07796698331047504,-0.5326205382929489,0
1571232695000,0.3705132263524327,0.3052433968060877,0.7024554189006925,0.06291241581962986,-0.5306102204025855,0
1571232695250,0.3705132263524327,0.3052433968060877,0.7024554189006925,-0.7451288078182052,-0.5306102204025855,0
1571232695500,0.3705132263524327,0.27272769165467836,0.7373953231687541,0.4240528831561963,-0.5285983319513704,0
1571232695750,0.3705132263524327,0.3052433968060877,0.7024554189006925,-0.43608729314658606,-0.5306102204025855,0
1571232696000,0.41404729149651587,0.3052433968060877,0.7024554189006925,0.78857639936711,-0.5306102204025855,0
1571232696250,0.3705132263524327,0.3052433968060877,0.7373953231687541,0.12152373756769556,-0.5306102204025855,0
1571232696500,0.41404729149651587,0.3052433968060877,0.7373953231687541,-0.8905153331932772,-0.5306102204025855,0
1571232696750,0.15284290063201703,0.27272769165467836,0.8072751317048774,0.8406753520320572,-0.5285983319513704,0
1571232697000,0.15284290063201703,0.27272769165467836,0.8072751317048774,0.16854811692112204,-0.5285983319513704,0
1571232697250,0.28344509606426643,0.3052433968060877,0.7723352274368158,-0.9843949394564128,-0.5306102204025855,0
1571232697500,0.19637696577610014,0.3052433968060877,0.7723352274368158,0.7611737034848974,-0.5306102204025855,0
1571232697750,0.3705132263524327,0.27272769165467836,0.7373953231687541,0.2105824991848863,-0.5285983319513704,0
1571232698000,-0.021293359944315533,0.27272769165467836,0.8072751317048774,-1.1214084188674753,-0.5285983319513704,0
1571232698250,0.2399110309201833,0.240211986503269,0.7373953231687541,0.496957586398379,-0.5285983319513704,0
1571232698500,0.19637696577610014,0.27272769165467836,0.8072751317048774,-0.3005961857289796,-0.5306102204025855,0
1571232698750,0.10930883548793388,0.240211986503269,0.8771549402410006,0.15577710742046125,-0.5285983319513704,0
1571232699000,0.2399110309201833,0.240211986503269,0.842215035972939,0.2618356896312468,-0.5306102204025855,0
1571232699250,0.15284290063201703,0.33775910195749703,0.8771549402410006,-0.9035400713595141,-0.5265864435001554,0
1571232699500,1.8071373761071763,-0.7352591680390114,1.191614078653555,0.9768430692245332,-0.5265864435001554,0
1571232699750,0.9364560732255135,-0.01991365470800574,1.5410131213341711,0.1717620133517519,-0.5285983319513704,0
1571232700000,0.06577477034385075,0.20769628135185966,0.842215035972939,0.4752214973806981,-0.5265864435001554,0
1571232700250,0.5881835520728484,1.18316743589414,-0.13610228353278597,-0.2638055292204535,-0.5306102204025855,0
1571232700500,0.9364560732255135,1.2156831410455493,0.5277558975603845,-0.9502261458255058,-0.5306102204025855,0
1571232700750,1.3282626595222617,1.118136025591321,-0.5903210390175868,0.4341174535573793,-0.5165301423657835,0
1571232701000,2.111875832115758,0.6954318586229997,-1.3240590286468805,-0.24071622065303372,-0.51049604757299,0
1571232701250,1.067058268657763,1.2156831410455493,-1.2192393158426957,0.8010936802021947,-0.47831211459695555,0
1571232701500,-0.804906532537812,0.6954318586229997,0.7373953231687541,0.7534772672957576,-0.51049604757299,0
1571232701750,-0.06482742508839867,-0.8653219886446487,0.8072751317048774,0.945126986027528,-0.5185404602561468,0
1571232702000,-0.9790427931141445,0.1751805762004503,1.8205323554786639,-0.6780598638842714,-0.5205523487073619,0
1571232702250,-1.109644988546394,-0.2150078856164618,0.5626958018284461,-1.5297424180011856,-0.5225642371585769,0
1571232702500,1.5023989200985943,0.5978847431687717,1.3313736957258016,-2.4956028716273186,-0.5145182539145684,0
1571232702750,-0.7178384022496457,-0.05242935985941508,0.1783568548797685,-0.18963218265039058,-0.5205523487073619,0
1571232703000,-0.7613724673937289,0.630400448320181,0.5976357060965077,1.4190075571017156,-0.5205523487073619,0
1571232703250,0.7623198126491809,1.18316743589414,0.5976357060965077,1.0920358833960562,-0.5225642371585769,0
1571232703500,0.5446494869287652,0.7929789740772277,0.8771549402410006,0.5488028103977504,-0.5225642371585769,0
1571232703750,0.2399110309201833,0.5978847431687717,1.2614938871896781,-1.4253753602275738,-0.5225642371585769,0
1571232704000,0.15284290063201703,0.5003376277145437,0.9120948445090622,0.23773146640152282,-0.5165301423657835,0
1571232704250,0.15284290063201703,0.5653690380173624,0.8771549402410006,-0.5757226354352678,-0.5125063654633533,0
1571232704500,0.19637696577610014,0.5978847431687717,0.842215035972939,0.4758135309337089,-0.5165301423657835,0
1571232704750,0.022240705199767605,0.532853332865953,0.8771549402410006,-0.9037092238032315,-0.5165301423657835,0
1571232705000,0.28344509606426643,0.5653690380173624,0.7373953231687541,0.22174656047023217,-0.5285983319513704,0
1571232705250,0.3705132263524327,0.5653690380173624,0.8072751317048774,0.420669834281849,-0.5285983319513704,0
1571232705500,0.2399110309201833,0.5653690380173624,0.9120948445090622,0.07407647710497572,-0.5145182539145684,0
1571232705750,0.3705132263524327,0.5003376277145437,0.8072751317048774,0.8657099137022268,-0.5185404602561468,0
1571232706000,0.5446494869287652,0.532853332865953,0.6325756103645693,-0.6728161381290332,-0.5185404602561468,0
1571232706250,0.41404729149651587,0.532853332865953,0.6325756103645693,0.7007017048559407,-0.5265864435001554,0
1571232706500,0.10930883548793388,0.532853332865953,0.7373953231687541,-0.473977440539275,-0.5145182539145684,0
1571232706750,0.3705132263524327,0.7279475637744091,0.9470347487771238,0.40984407788393795,-0.5145182539145684,0
1571232707000,-0.1083614902324818,0.5978847431687717,0.7373953231687541,0.3068302396600649,-0.5125063654633533,0
1571232707250,0.8493879429373472,0.240211986503269,0.6675155146326309,-0.31725770143513976,-0.5024500643289814,0
1571232707500,0.022240705199767605,0.5003376277145437,0.8072751317048774,0.4197394958414035,-0.4883699862921793,0
1571232707750,-0.021293359944315533,0.5978847431687717,0.9120948445090622,0.11069798116978445,-0.48233589149938577,0
1571232708000,-0.15189555537656493,0.630400448320181,0.9470347487771238,-0.922654297499576,-0.48635809784096423,0
1571232708250,-0.1083614902324818,0.5978847431687717,0.9470347487771238,0.5203006236313749,-0.4883699862921793,0
1571232708500,-0.06482742508839867,0.5978847431687717,0.9470347487771238,0.5893148206680583,-0.49239219263375766,0
1571232708750,-0.23896368566473122,0.630400448320181,0.9819746530451854,-0.7325269507612617,-0.4903803041825426,0
1571232709000,-0.3260318159528975,0.630400448320181,0.9819746530451854,-0.1362645866575631,-0.5044603822193446,0
1571232709250,-0.3260318159528975,0.5978847431687717,1.016914557313247,-0.050081416583567503,-0.49239219263375766,0
1571232709500,-0.23896368566473122,0.5653690380173624,1.016914557313247,0.052002083199860064,-0.49842628742655115,0
1571232709750,-0.3260318159528975,0.5653690380173624,1.016914557313247,0.005400584955727016,-0.5084841591217749,0
1571232710000,-0.15189555537656493,0.532853332865953,0.9819746530451854,-0.6832190134176509,-0.5004381758777663,0
1571232710250,-0.23896368566473122,0.532853332865953,0.9819746530451854,0.6549459688303946,-0.5004381758777663,0
1571232710500,-0.15189555537656493,0.5653690380173624,0.9819746530451854,0.2631889091809857,-0.5024500643289814,0
1571232710750,-0.1083614902324818,0.532853332865953,0.9819746530451854,-1.1555772124983825,-0.5044603822193446,0
1571232711000,-0.1083614902324818,0.532853332865953,0.9470347487771238,0.3868393455383768,-0.5064722706705598,0
1571232711250,-0.23896368566473122,0.532853332865953,0.9819746530451854,-0.34998869929444915,-0.5044603822193446,0
1571232711500,-0.15189555537656493,0.532853332865953,0.9819746530451854,-0.039932269960525825,-0.5064722706705598,0
1571232711750,-0.15189555537656493,0.532853332865953,0.9819746530451854,0.29558160215286033,-0.5064722706705598,0
1571232712000,-0.23896368566473122,0.532853332865953,0.9819746530451854,-0.4963901393318254,-0.5084841591217749,0
1571232712250,-0.19542962052064808,0.532853332865953,0.9819746530451854,0.613503620119641,-0.51049604757299,0
1571232712500,-0.15189555537656493,0.532853332865953,0.9819746530451854,-0.5679416230242692,-0.5084841591217749,0
1571232712750,-0.15189555537656493,0.532853332865953,0.9819746530451854,0.8098896072754976,-0.51049604757299,0
1571232713000,-0.19542962052064808,0.532853332865953,0.9819746530451854,0.41060526388066604,-0.5084841591217749,0
1571232713250,-0.15189555537656493,0.532853332865953,0.9819746530451854,0.2486417990212926,-0.51049604757299,0
1571232713500,-0.15189555537656493,0.532853332865953,0.9819746530451854,0.1663491351527963,-0.51049604757299,0
1571232713750,-0.19542962052064808,0.5653690380173624,0.9819746530451854,-0.9521713989282554,-0.5084841591217749,0
1571232714000,-0.15189555537656493,0.532853332865953,0.9819746530451854,0.37043155849779275,-0.5125063654633533,0
1571232714250,-0.19542962052064808,0.532853332865953,0.9819746530451854,-0.25932298946194343,-0.5084841591217749,0
1571232714500,-0.15189555537656493,0.5653690380173624,0.9819746530451854,0.5159026600947235,-0.5084841591217749,0
1571232714750,-0.15189555537656493,0.5653690380173624,0.9819746530451854,0.2400150243917072,-0.5125063654633533,0
1571232715000,-0.15189555537656493,0.5653690380173624,0.9819746530451854,-0.41790340544696974,-0.51049604757299,0
1571232715250,0.3269791612083496,0.5003376277145437,0.8072751317048774,0.4605052347772876,-0.5084841591217749,0
1571232715500,0.9364560732255135,0.5978847431687717,0.3879962804881381,0.16093625695384076,-0.5125063654633533,0
1571232715750,1.0235242035136798,0.5653690380173624,0.24823666341589168,-0.5361409636054053,-0.5125063654633533,0
1571232716000,0.06577477034385075,0.7279475637744091,0.7723352274368158,0.4855397964474571,-0.5084841591217749,0
1571232716250,0.3269791612083496,0.4678219225631344,0.7373953231687541,0.03940022614291664,-0.5145182539145684,0
1571232716500,0.19637696577610014,0.4027905122603157,0.8072751317048774,-0.6283290454313673,-0.5205523487073619,0
1571232716750,-0.1083614902324818,0.532853332865953,0.9819746530451854,0.17742862021628347,-0.5165301423657835,0
1571232717000,-0.8484405976818952,0.5653690380173624,1.1217342701174318,0.1655033729342095,-0.5225642371585769,0
1571232717250,-0.6743043371055626,0.532853332865953,1.1566741743854934,-1.0622896397882577,-0.5145182539145684,0
1571232717500,-0.6743043371055626,0.532853332865953,1.1217342701174318,0.6035236259403167,-0.5125063654633533,0
1571232717750,-0.7613724673937289,0.532853332865953,1.1566741743854934,0.9269430983279116,-0.5145182539145684,0
1571232718000,-0.7613724673937289,0.532853332865953,1.1217342701174318,-0.5660809461433782,-0.5125063654633533,0
1571232718250,-0.7613724673937289,0.5653690380173624,1.1566741743854934,0.7270894860758492,-0.5125063654633533,0
1571232718500,-0.804906532537812,0.532853332865953,1.1566741743854934,0.03982310725221004,-0.5125063654633533,0
1571232718750,-0.7178384022496457,0.532853332865953,1.1566741743854934,0.11915560335565252,-0.51049604757299,0
1571232719000,-0.7178384022496457,0.532853332865953,1.1566741743854934,0.05699208028952222,-0.5125063654633533,0
1571232719250,-0.7178384022496457,0.532853332865953,1.1217342701174318,-0.7807353972207097,-0.51049604757299,0
1571232719500,-0.6743043371055626,0.532853332865953,1.1217342701174318,0.2273285911129051,-0.5125063654633533,0
1571232719750,-0.6743043371055626,0.5003376277145437,1.1217342701174318,-0.27302433740304977,-0.5125063654633533,0
1571232720000,-0.6743043371055626,0.532853332865953,1.1217342701174318,0.6253442911798563,-0.51049604757299,0
1571232720250,-0.7613724673937289,0.5003376277145437,1.1566741743854934,-0.18675659110719545,-0.5125063654633533,0
1571232720500,-0.7613724673937289,0.532853332865953,1.1566741743854934,0.49382826618960785,-0.5125063654633533,0
1571232720750,-0.804906532537812,0.532853332865953,1.1566741743854934,-0.05388734656720814,-0.5145182539145684,0
1571232721000,-0.7613724673937289,0.532853332865953,1.1566741743854934,-0.18396557578585898,-0.5125063654633533,0
1571232721250,-0.7178384022496457,0.532853332865953,1.1566741743854934,0.04455937567629616,-0.5145182539145684,0
1571232721500,-0.7613724673937289,0.5003376277145437,1.1566741743854934,-0.5068775908423018,-0.5145182539145684,0
1571232721750,-0.7613724673937289,0.532853332865953,1.1566741743854934,0.7399450717983685,-0.5125063654633533,0
1571232722000,-0.804906532537812,0.532853332865953,1.1566741743854934,0.3485263170363945,-0.5145182539145684,0
1571232722250,-0.8484405976818952,0.532853332865953,1.1566741743854934,-0.8025560624602494,-0.5145182539145684,0
1571232722500,-0.8484405976818952,0.532853332865953,1.1566741743854934,0.12837441153824872,-0.5145182539145684,0
1571232722750,-0.8484405976818952,0.532853332865953,1.1566741743854934,-0.04644463904364424,-0.5145182539145684,0
1571232723000,-0.8919746628259783,0.532853332865953,1.1566741743854934,-0.9817730765787936,-0.5125063654633533,0
1571232723250,-0.9790427931141445,0.532853332865953,1.191614078653555,0.4572067621247991,-0.5165301423657835,0
1571232723500,-0.9790427931141445,0.532853332865953,1.1566741743854934,0.00734583805847667,-0.5125063654633533,0
1571232723750,-0.9355087279700615,0.532853332865953,1.191614078653555,-0.7410691491689885,-0.5165301423657835,0
1571232724000,-0.9355087279700615,0.532853332865953,1.1566741743854934,0.6702542649868157,-0.5145182539145684,0
1571232724250,-0.9355087279700615,0.532853332865953,1.191614078653555,0.16491133938119876,-0.5125063654633533,0
1571232724500,-0.9790427931141445,0.532853332865953,1.1566741743854934,-0.685587147629694,-0.5165301423657835,0
1571232724750,-0.9355087279700615,0.532853332865953,1.191614078653555,0.4674404849696994,-0.5145182539145684,0
1571232725000,-0.8919746628259783,0.532853332865953,1.191614078653555,-0.007539576988651126,-0.5165301423657835,0
1571232725250,-0.9355087279700615,0.532853332865953,1.191614078653555,-0.7618748997462239,-0.5145182539145684,0
1571232725500,-0.9790427931141445,0.532853332865953,1.191614078653555,0.6836173080404873,-0.5145182539145684,0
1571232725750,-0.9790427931141445,0.532853332865953,1.191614078653555,0.24187570127259816,-0.5145182539145684,0
1571232726000,-0.9355087279700615,0.5003376277145437,1.191614078653555,-0.7760837050184823,-0.5125063654633533,0
1571232726250,-0.9790427931141445,0.532853332865953,1.191614078653555,0.8496404315490774,-0.5125063654633533,0
1571232726500,-0.9355087279700615,0.5003376277145437,1.191614078653555,0.09682748078496081,-0.5145182539145684,0
1571232726750,-0.9790427931141445,0.5003376277145437,1.191614078653555,-0.39726680731345165,-0.5145182539145684,0
1571232727000,-0.9355087279700615,0.5003376277145437,1.1566741743854934,0.41271966942713306,-0.5145182539145684,0
1571232727250,-1.0225768582582277,0.5003376277145437,1.191614078653555,-0.11596629341147972,-0.51049604757299,0
1571232727500,-0.8919746628259783,0.5003376277145437,1.191614078653555,0.42024695317255567,-0.5145182539145684,0
1571232727750,-0.9355087279700615,0.532853332865953,1.1566741743854934,0.17759777266000087,-0.5125063654633533,0
1571232728000,-0.8919746628259783,0.532853332865953,1.1566741743854934,-0.5826578856276796,-0.5145182539145684,0
1571232728250,-0.8919746628259783,0.5003376277145437,1.1566741743854934,0.6384536055679518,-0.5145182539145684,0
1571232728500,-0.9355087279700615,0.5003376277145437,1.191614078653555,0.23451756997089293,-0.5125063654633533,0
1571232728750,-0.8919746628259783,0.532853332865953,1.191614078653555,-0.879182119464214,-0.5145182539145684,0
1571232729000,-0.9355087279700615,0.532853332865953,1.1566741743854934,0.5364546820063829,-0.5145182539145684,0
1571232729250,-0.9355087279700615,0.532853332865953,1.191614078653555,0.09598171856637401,-0.5165301423657835,0
1571232729500,-0.9355087279700615,0.532853332865953,1.191614078653555,-0.8713165308313566,-0.5145182539145684,0
1571232729750,-0.9355087279700615,0.532853332865953,1.191614078653555,0.40037154103576567,-0.5145182539145684,0
1571232730000,-0.9790427931141445,0.5003376277145437,1.191614078653555,0.022654134214897873,-0.5145182539145684,0
1571232730250,-0.9355087279700615,0.5003376277145437,1.191614078653555,-0.9306890385761506,-0.5125063654633533,0
1571232730500,-0.9355087279700615,0.5003376277145437,1.191614078653555,0.4188091574009581,-0.5145182539145684,0
1571232730750,-0.9355087279700615,0.532853332865953,1.191614078653555,0.044051918345144075,-0.51049604757299,0
1571232731000,-0.9355087279700615,0.532853332865953,1.1566741743854934,-1.1226770621953557,-0.5145182539145684,0
1571232731250,-0.9790427931141445,0.5003376277145437,1.191614078653555,0.47885827492062133,-0.51049604757299,0
1571232731500,-0.9790427931141445,0.532853332865953,1.1566741743854934,0.21929385003633042,-0.5125063654633533,0
1571232731750,-0.9790427931141445,0.5003376277145437,1.191614078653555,-0.8128743615270083,-0.5145182539145684,0
1571232732000,-0.9790427931141445,0.532853332865953,1.191614078653555,0.7148259339063404,-0.5145182539145684,0
1571232732250,-0.9355087279700615,0.5003376277145437,1.191614078653555,0.44824168260777897,-0.5125063654633533,0
1571232732500,-0.9790427931141445,0.532853332865953,1.191614078653555,-0.7691484548260704,-0.5145182539145684,0
1571232732750,-0.9790427931141445,0.532853332865953,1.191614078653555,0.5049923274749537,-0.5125063654633533,0
1571232733000,-0.9355087279700615,0.532853332865953,1.191614078653555,0.1756525195572512,-0.5145182539145684,0
1571232733250,-0.9355087279700615,0.532853332865953,1.191614078653555,-0.8083072455466397,-0.5125063654633533,0
1571232733500,-0.9790427931141445,0.532853332865953,1.191614078653555,0.6479261424161241,-0.5145182539145684,0
1571232733750,-1.0225768582582277,0.5003376277145437,1.191614078653555,0.242975192156761,-0.5125063654633533,0
1571232734000,-1.0225768582582277,0.5003376277145437,1.191614078653555,-0.9103907453300671,-0.5145182539145684,0
1571232734250,-0.9790427931141445,0.5003376277145437,1.1566741743854934,0.5134499496608218,-0.5145182539145684,0
1571232734500,-0.9790427931141445,0.5003376277145437,1.191614078653555,0.03263412839422219,-0.51049604757299,0
1571232734750,-0.9790427931141445,0.5003376277145437,1.191614078653555,-0.20612454591283333,-0.5145182539145684,0
1571232735000,-0.9790427931141445,0.5003376277145437,1.191614078653555,0.325606160912692,-0.5145182539145684,0
1571232735250,-0.9790427931141445,0.532853332865953,1.191614078653555,-0.33518786046918003,-0.5125063654633533,0
1571232735500,-0.9790427931141445,0.532853332865953,1.191614078653555,0.5123504587766589,-0.5145182539145684,0
1571232735750,-0.9355087279700615,0.532853332865953,1.1566741743854934,0.25811433586946486,-0.5125063654633533,0
1571232736000,-0.9355087279700615,0.532853332865953,1.191614078653555,-0.5707326383456056,-0.5145182539145684,0
1571232736250,-0.9355087279700615,0.532853332865953,1.191614078653555,0.8264665467597989,-0.5145182539145684,0
1571232736500,-1.0225768582582277,0.5003376277145437,1.191614078653555,0.291183638616209,-0.5145182539145684,0
1571232736750,-0.8919746628259783,0.532853332865953,1.1566741743854934,-0.8416302769589599,-0.5125063654633533,0
1571232737000,-1.109644988546394,0.5003376277145437,1.1566741743854934,0.6265283582858778,-0.5125063654633533,0
1571232737250,-1.109644988546394,0.5003376277145437,1.191614078653555,0.07661376376073614,-0.5125063654633533,0
1571232737500,-1.109644988546394,0.5003376277145437,1.191614078653555,-0.7056317122102014,-0.5125063654633533,0
1571232737750,-1.109644988546394,0.5003376277145437,1.191614078653555,0.47293793939051376,-0.5125063654633533,0
1571232738000,-1.0661109234023107,0.5003376277145437,1.2265539829216165,0.0312809088444833,-0.5004381758777663,0
1571232738250,-1.0225768582582277,0.5003376277145437,1.2265539829216165,0.5244448585024503,-0.48233589149938577,0
1571232738500,-1.0225768582582277,0.4678219225631344,1.191614078653555,0.04193751279867706,-0.5024500643289814,0
1571232738750,-1.109644988546394,0.5003376277145437,1.191614078653555,-0.7185718741545795,-0.5004381758777663,0
1571232739000,-1.0225768582582277,0.5003376277145437,1.191614078653555,0.3450586919401885,-0.5024500643289814,0
1571232739250,-1.0661109234023107,0.5003376277145437,1.2265539829216165,-0.2456216415208372,-0.5044603822193446,0
1571232739500,-1.0661109234023107,0.5003376277145437,1.191614078653555,0.4282816942491303,-0.5044603822193446,0
1571232739750,-1.0225768582582277,0.532853332865953,1.191614078653555,-0.1213791716104353,-0.5064722706705598,0
1571232740000,-0.804906532537812,0.4678219225631344,1.1566741743854934,-0.7089301848626899,-0.5044603822193446,0
1571232740250,-0.7613724673937289,0.5003376277145437,1.1566741743854934,0.2622585707405402,-0.5084841591217749,0
1571232740500,-0.9355087279700615,0.5003376277145437,1.191614078653555,-0.35751598303987175,-0.5064722706705598,0
1571232740750,-0.7178384022496457,0.5003376277145437,1.1217342701174318,0.7872231798173711,-0.51049604757299,0
1571232741000,-0.5872362068173963,0.5003376277145437,1.2964337914577397,-0.07638462158161718,-0.51049604757299,0
1571232741250,-0.9790427931141445,0.5003376277145437,1.1566741743854934,-0.29543703619560013,-0.5084841591217749,0
1571232741500,-1.2402471839786433,0.5653690380173624,1.1566741743854934,0.21066707540674498,-0.5084841591217749,0
1571232741750,-1.3273153142668097,0.5003376277145437,1.1566741743854934,-0.6136973590498154,-0.5064722706705598,0
1571232742000,-1.1967131188345603,0.5003376277145437,1.191614078653555,0.5675787316503774,-0.5084841591217749,0
1571232742250,-1.457917509699059,0.5003376277145437,1.1566741743854934,0.02984311307288573,-0.5084841591217749,0
1571232742500,-1.2837812491227265,0.5003376277145437,1.191614078653555,0.08135003218482226,-0.51049604757299,0
1571232742750,-1.3273153142668097,0.5003376277145437,1.1566741743854934,0.17742862021628347,-0.51049604757299,0
1571232743000,-1.2837812491227265,0.5003376277145437,1.2265539829216165,-0.5089074201669102,-0.51049604757299,0
1571232743250,-1.4143834445549759,0.5003376277145437,1.191614078653555,0.42861999913656507,-0.51049604757299,0
1571232743500,-1.2402471839786433,0.5003376277145437,1.2265539829216165,-0.3507498852911773,-0.5084841591217749,0
1571232743750,-1.3273153142668097,0.5003376277145437,1.191614078653555,0.476574716930437,-0.5084841591217749,0
1571232744000,-1.3273153142668097,0.5003376277145437,1.191614078653555,-0.12848357424656448,-0.5064722706705598,0
1571232744250,-1.2837812491227265,0.5003376277145437,1.2265539829216165,0.21345809072808145,-0.5084841591217749,0
1571232744500,-1.3273153142668097,0.5003376277145437,1.2265539829216165,0.11129001472279522,-0.5084841591217749,0
1571232744750,-1.3273153142668097,0.5003376277145437,1.2265539829216165,-0.8427297678431227,-0.5084841591217749,0
1571232745000,-1.3273153142668097,0.5003376277145437,1.191614078653555,0.3832025679984535,-0.51049604757299,0
1571232745250,-1.3273153142668097,0.5003376277145437,1.2265539829216165,-0.2560245168094549,-0.5064722706705598,0
1571232745500,-1.2837812491227265,0.5003376277145437,1.191614078653555,0.36290427475237014,-0.51049604757299,0
1571232745750,-1.3273153142668097,0.5003376277145437,1.191614078653555,0.3640883418583917,-0.51049604757299,0
1571232746000,-1.3273153142668097,0.5003376277145437,1.191614078653555,-0.30930753658042376,-0.51049604757299,0
1571232746250,-1.2837812491227265,0.5003376277145437,1.191614078653555,-0.15918474278126554,-0.5084841591217749,0
1571232746500,-1.3273153142668097,0.5003376277145437,1.191614078653555,0.40578441923472125,-0.5084841591217749,0
1571232746750,-1.3273153142668097,0.5003376277145437,1.191614078653555,0.00979854849237841,-0.5084841591217749,0
1571232747000,-1.2837812491227265,0.5003376277145437,1.191614078653555,-1.2324569981679232,-0.5084841591217749,0
1571232747250,-1.2837812491227265,0.5003376277145437,1.191614078653555,0.526897568936352,-0.5084841591217749,0
1571232747500,-1.2837812491227265,0.5003376277145437,1.2265539829216165,0.13911559171430116,-0.5084841591217749,0
1571232747750,-1.2837812491227265,0.5003376277145437,1.191614078653555,-1.1230999433046491,-0.51049604757299,0
1571232748000,-1.2837812491227265,0.5003376277145437,1.191614078653555,0.7137264430221777,-0.51049604757299,0
1571232748250,-1.2837812491227265,0.5003376277145437,1.2265539829216165,0.25769145476017147,-0.5064722706705598,0
1571232748500,-1.3273153142668097,0.5003376277145437,1.191614078653555,-1.0084145864642782,-0.51049604757299,0
1571232748750,-1.2837812491227265,0.5003376277145437,1.191614078653555,0.7486564226498127,-0.5084841591217749,0
1571232749000,-1.3273153142668097,0.5003376277145437,1.191614078653555,0.31004413609069476,-0.5084841591217749,0
1571232749250,-1.2837812491227265,0.5003376277145437,1.191614078653555,-0.762636085742952,-0.5084841591217749,0
1571232749500,-1.3273153142668097,0.5003376277145437,1.191614078653555,0.7676014963461573,-0.5084841591217749,0
1571232749750,-1.3273153142668097,0.5003376277145437,1.191614078653555,0.3888691748629851,-0.5084841591217749,0
1571232750000,-1.109644988546394,0.4678219225631344,1.191614078653555,-0.5365638447146988,-0.5084841591217749,0
1571232750250,-1.109644988546394,0.4678219225631344,1.191614078653555,0.37466036959072674,-0.5064722706705598,0
1571232750500,-0.5437021416733132,0.43530621741172504,1.1217342701174318,0.11069798116978445,-0.5084841591217749,0
1571232750750,0.022240705199767605,0.37027480710890637,0.8771549402410006,-0.5263301218697983,-0.5084841591217749,0
1571232751000,0.6752516823610146,0.37027480710890637,0.5277558975603845,1.324366764841852,-0.5145182539145684,0
1571232751250,0.6317176172169315,0.33775910195749703,0.5976357060965077,0.2913527910599263,-0.5125063654633533,0
1571232751500,0.19637696577610014,0.33775910195749703,0.7024554189006925,-0.5906926267042543,-0.51049604757299,0
1571232751750,-0.021293359944315533,0.3052433968060877,0.9470347487771238,0.7225223700954804,-0.5326205382929489,0
1571232752000,-0.5872362068173963,0.27272769165467836,1.0867943658493702,0.33355632576740796,-0.5285983319513704,0
1571232752250,-1.3273153142668097,0.27272769165467836,1.1566741743854934,-1.2980881463302594,-0.5145182539145684,0
1571232752500,-1.8061900308517242,0.3052433968060877,1.1217342701174318,0.35334716168233926,-0.5125063654633533,0
1571232752750,-1.5885197051313085,0.27272769165467836,1.191614078653555,0.02476853976136489,-0.5145182539145684,0
1571232753000,-1.6320537702753917,0.240211986503269,1.1566741743854934,-0.935594459443954,-0.5125063654633533,0
1571232753250,-0.9355087279700615,0.14266487104904096,1.191614078653555,0.4029934039133848,-0.51049604757299,0
1571232753500,-0.9355087279700615,0.20769628135185966,1.191614078653555,0.1883389528360533,-0.5125063654633533,0
1571232753750,-0.9355087279700615,0.20769628135185966,1.1566741743854934,-0.1664582978611121,-0.51049604757299,0
1571232754000,-1.0661109234023107,0.20769628135185966,1.191614078653555,0.016649222462931542,-0.5125063654633533,0
1571232754250,-0.8919746628259783,0.20769628135185966,1.1566741743854934,-0.7746459092468847,-0.5125063654633533,0
1571232754500,-0.9355087279700615,0.20769628135185966,1.191614078653555,0.6645876581222842,-0.5125063654633533,0
1571232754750,-1.1967131188345603,0.20769628135185966,1.1566741743854934,0.06528055003167292,-0.51049604757299,0
1571232755000,-0.9790427931141445,0.20769628135185966,1.191614078653555,-0.4468284733226385,-0.5084841591217749,0
1571232755250,-1.5014515748431423,0.240211986503269,1.2614938871896781,0.5698622896405617,-0.51049604757299,0
1571232755500,-2.4592010080129714,0.20769628135185966,1.0518544615813086,-0.07342445381656336,-0.5084841591217749,0
1571232755750,-1.9367922262839736,0.43530621741172504,0.5976357060965077,0.6880998477989974,-0.5145182539145684,0
1571232756000,-1.8932581611398904,0.20769628135185966,1.1566741743854934,0.6419212306641576,-0.5125063654633533,0
1571232756250,-2.2850647474366386,0.20769628135185966,1.1566741743854934,-0.42669933252027253,-0.51049604757299,0
1571232756500,-2.110928486860306,0.20769628135185966,1.016914557313247,-0.7408999967252712,-0.51049604757299,0
1571232756750,-2.110928486860306,0.1751805762004503,1.1217342701174318,0.7778352191910576,-0.5125063654633533,0
1571232757000,-2.415666942868888,0.20769628135185966,0.9470347487771238,-1.0877470825677205,-0.51049604757299,0
1571232757250,-1.8061900308517242,0.20769628135185966,1.1566741743854934,-1.1810346552778452,-0.51049604757299,0
1571232757500,-1.8497240959958072,0.240211986503269,1.1566741743854934,1.5186383464512414,-0.51049604757299,0
1571232757750,-1.8497240959958072,0.240211986503269,1.1566741743854934,-0.5297131707441456,-0.51049604757299,0
1571232758000,-1.8497240959958072,0.20769628135185966,1.1566741743854934,-0.6899005349444868,-0.5064722706705598,0
1571232758250,-1.8497240959958072,0.240211986503269,1.1566741743854934,0.3360936124231684,-0.5084841591217749,0
1571232758500,-1.8497240959958072,0.240211986503269,1.1566741743854934,-0.2820739931419286,-0.5064722706705598,0
1571232758750,-1.8932581611398904,0.240211986503269,1.1566741743854934,0.37660562269347647,-0.51049604757299,0
1571232759000,-1.5449856399872253,0.20769628135185966,1.2265539829216165,0.38827714130997437,-0.5084841591217749,0
1571232759250,-1.457917509699059,0.20769628135185966,1.2265539829216165,-0.40809256371136277,-0.5064722706705598,0
1571232759500,-1.4143834445549759,0.20769628135185966,1.2265539829216165,0.742482358454129,-0.5084841591217749,0
1571232759750,-1.457917509699059,0.1751805762004503,1.191614078653555,0.4013864556980699,-0.5064722706705598,0
1571232760000,-1.2837812491227265,0.1751805762004503,1.191614078653555,-0.6199559994673578,-0.5084841591217749,0
1571232760250,-1.1967131188345603,0.1751805762004503,1.191614078653555,0.6392993677865387,-0.5084841591217749,0
1571232760500,-1.3273153142668097,0.1751805762004503,1.191614078653555,0.32619819446570275,-0.5064722706705598,0
1571232760750,-1.370849379410893,0.1751805762004503,1.191614078653555,-1.122085028642345,-0.5064722706705598,0
1571232761000,-1.1967131188345603,0.14266487104904096,1.2964337914577397,0.6509708864030366,-0.5044603822193446,0
1571232761250,-1.1531790536904771,0.14266487104904096,1.191614078653555,-0.11655832696449049,-0.5064722706705598,0
1571232761500,-0.9355087279700615,0.1751805762004503,1.191614078653555,0.5340865477943398,-0.5064722706705598,0
1571232761750,-0.804906532537812,0.27272769165467836,1.191614078653555,0.15645371719533072,-0.5064722706705598,0
1571232762000,-1.0225768582582277,0.240211986503269,1.2265539829216165,-0.7447059267089118,-0.5064722706705598,0
1571232762250,-1.109644988546394,0.240211986503269,1.191614078653555,0.9449578335838106,-0.5064722706705598,0
1571232762500,-1.1531790536904771,0.1751805762004503,1.191614078653555,-0.28232772180750465,-0.5084841591217749,0
1571232762750,-1.5449856399872253,0.20769628135185966,1.1566741743854934,-0.012191269190878564,-0.5044603822193446,0
1571232763000,-1.5885197051313085,0.240211986503269,1.1566741743854934,0.1901150534950856,-0.5084841591217749,0
1571232763250,-0.9790427931141445,0.11014916589763163,1.2265539829216165,-0.31243685678919497,-0.5084841591217749,0
1571232763500,-1.3273153142668097,0.240211986503269,1.016914557313247,0.5469421335168594,-0.5084841591217749,0
1571232763750,-0.804906532537812,0.3052433968060877,1.2265539829216165,-0.22828351603980765,-0.5064722706705598,0
1571232764000,-0.804906532537812,0.27272769165467836,1.191614078653555,-1.1357863765834513,-0.5064722706705598,0
1571232764250,-1.0661109234023107,0.240211986503269,1.1566741743854934,1.1054835026715863,-0.5064722706705598,0
1571232764500,-1.5449856399872253,0.3052433968060877,1.1217342701174318,0.11331984404740356,-0.5084841591217749,0
1571232764750,-0.9790427931141445,0.27272769165467836,1.191614078653555,-0.79418301649624,-0.5064722706705598,0
1571232765000,-1.0225768582582277,0.27272769165467836,1.2265539829216165,0.34641191148992745,-0.5064722706705598,0
1571232765250,-1.0225768582582277,0.27272769165467836,1.191614078653555,-0.20806979901558298,-0.5064722706705598,0
1571232765500,-0.9355087279700615,0.3052433968060877,1.1566741743854934,-0.16502050208951452,-0.5084841591217749,0
1571232765750,-0.9355087279700615,0.27272769165467836,1.191614078653555,0.46921658562873175,-0.5064722706705598,0
1571232766000,-0.8484405976818952,0.27272769165467836,1.1566741743854934,-0.6295131125373887,-0.5064722706705598,0
1571232766250,0.06577477034385075,0.33775910195749703,0.9120948445090622,0.10435476453038339,-0.5084841591217749,0
1571232766500,-0.06482742508839867,0.20769628135185966,1.0518544615813086,0.38125731489570386,-0.51049604757299,0
1571232766750,0.2399110309201833,0.1751805762004503,0.7024554189006925,-0.44412203422316077,-0.5125063654633533,0
1571232767000,0.7187857475050978,0.3052433968060877,0.49281599329232295,0.8134418085935621,-0.5125063654633533,0
1571232767250,1.1976604640900124,0.532853332865953,0.038597237807522056,0.40197848925108065,-0.5145182539145684,0
1571232767500,1.1976604640900124,0.5003376277145437,-0.10116237926472436,0.005231432512009654,-0.5125063654633533,0
1571232767750,1.067058268657763,0.4678219225631344,0.07353714207558366,2.1119405427898865,-0.5145182539145684,0
1571232768000,0.9799901383695966,0.4678219225631344,0.1783568548797685,-0.5761455165445613,-0.5165301423657835,0
1571232768250,0.9799901383695966,0.43530621741172504,0.1783568548797685,-1.5162947987256556,-0.5145182539145684,0
1571232768500,0.9799901383695966,0.43530621741172504,0.21329675914783008,0.3697549487229233,-0.5165301423657835,0
1571232768750,0.9364560732255135,0.43530621741172504,0.2831765676839533,-0.9735691830585016,-0.5185404602561468,0
1571232769000,0.3705132263524327,0.33775910195749703,0.6675155146326309,-2.1227908856742546,-0.5185404602561468,0
1571232769250,0.28344509606426643,0.3052433968060877,0.8072751317048774,0.49670385773280296,-0.5165301423657835,0
1571232769500,0.06577477034385075,0.240211986503269,0.9470347487771238,-0.4197640823278607,-0.5165301423657835,0
1571232769750,0.022240705199767605,0.240211986503269,0.9120948445090622,0.6309263218225292,-0.5165301423657835,0
1571232770000,-0.06482742508839867,0.240211986503269,0.9470347487771238,0.18106539775620675,-0.5165301423657835,0
1571232770250,-0.021293359944315533,0.240211986503269,0.9470347487771238,-0.9872705309996079,-0.5165301423657835,0
1571232770500,-0.06482742508839867,0.240211986503269,0.9470347487771238,0.7285272818474468,-0.5165301423657835,0
1571232770750,-0.1083614902324818,0.240211986503269,0.9470347487771238,-0.08704122553581094,-0.5145182539145684,0
1571232771000,-0.15189555537656493,0.240211986503269,0.9470347487771238,1.293919324972727,-0.5165301423657835,0
1571232771250,-0.1083614902324818,0.240211986503269,0.9470347487771238,0.42506779781850046,-0.5145182539145684,0
1571232771500,-0.021293359944315533,0.240211986503269,0.9470347487771238,-1.1044085982738807,-0.5145182539145684,0
1571232771750,0.022240705199767605,0.240211986503269,0.9120948445090622,0.8098050310536389,-0.5165301423657835,0
1571232772000,0.022240705199767605,0.3052433968060877,0.9470347487771238,-0.18455760933886975,-0.5145182539145684,0
1571232772250,-0.1083614902324818,0.240211986503269,0.9470347487771238,0.6716920607584134,-0.5165301423657835,0
1571232772500,-0.23896368566473122,0.240211986503269,0.9470347487771238,0.15755320807949355,-0.5165301423657835,0
1571232772750,-0.23896368566473122,0.240211986503269,0.9819746530451854,-0.9894695127679336,-0.5185404602561468,0
1571232773000,-0.1083614902324818,0.240211986503269,0.9819746530451854,0.837038574492134,-0.5165301423657835,0
1571232773250,-0.1083614902324818,0.240211986503269,0.9819746530451854,0.12744407309780323,-0.5165301423657835,0
1571232773500,-0.15189555537656493,0.240211986503269,0.9819746530451854,-1.0348023676841864,-0.5165301423657835,0
1571232773750,-0.19542962052064808,0.240211986503269,0.9819746530451854,0.7228606749829152,-0.5165301423657835,0
1571232774000,-0.23896368566473122,0.240211986503269,0.9819746530451854,-0.18853269176622775,-0.5165301423657835,0
1571232774250,-0.28249775080881434,0.240211986503269,1.016914557313247,0.6077524370332508,-0.5165301423657835,0
1571232774500,-0.23896368566473122,0.240211986503269,1.016914557313247,0.0008334689753582592,-0.5165301423657835,0
1571232774750,-0.19542962052064808,0.240211986503269,1.016914557313247,-1.0271905077169052,-0.5165301423657835,0
1571232775000,-0.23896368566473122,0.240211986503269,1.016914557313247,0.5767129636111149,-0.5145182539145684,0
1571232775250,-0.19542962052064808,0.240211986503269,0.9819746530451854,-0.27184027029702823,-0.5145182539145684,0
1571232775500,-0.23896368566473122,0.240211986503269,0.9819746530451854,0.3504715701391441,-0.5185404602561468,0
1571232775750,-0.23896368566473122,0.240211986503269,0.9819746530451854,-0.13939390686633427,-0.5145182539145684,0
1571232776000,-0.19542962052064808,0.240211986503269,1.016914557313247,-0.6901542636100628,-0.5165301423657835,0
1571232776250,-0.19542962052064808,0.240211986503269,0.9819746530451854,0.20330894410503977,-0.5145182539145684,0
1571232776500,-0.19542962052064808,0.240211986503269,1.016914557313247,-0.7662728632828754,-0.5165301423657835,0
1571232776750,-0.23896368566473122,0.240211986503269,0.9819746530451854,0.7931435153474788,-0.5165301423657835,0
1571232777000,-0.19542962052064808,0.240211986503269,1.016914557313247,-0.18709489599463017,-0.5145182539145684,0
1571232777250,-0.19542962052064808,0.240211986503269,1.016914557313247,0.36307342719608754,-0.5145182539145684,0
1571232777500,-0.19542962052064808,0.240211986503269,1.016914557313247,0.13962304904545322,-0.5125063654633533,0
1571232777750,-0.19542962052064808,0.240211986503269,1.016914557313247,-0.9086992208928936,-0.5145182539145684,0
1571232778000,-0.23896368566473122,0.240211986503269,1.016914557313247,0.9949423807022909,-0.5165301423657835,0
1571232778250,-0.23896368566473122,0.240211986503269,1.016914557313247,0.1992492854558231,-0.5165301423657835,0
1571232778500,-0.23896368566473122,0.240211986503269,0.9819746530451854,-1.3087447502844531,-0.5165301423657835,0
1571232778750,-0.23896368566473122,0.240211986503269,0.9819746530451854,0.6680552832184901,-0.5165301423657835,0
1571232779000,-0.23896368566473122,0.240211986503269,0.9819746530451854,-0.05659378566668591,-0.5165301423657835,0
1571232779250,-0.23896368566473122,0.240211986503269,0.9819746530451854,-0.5822350045183863,-0.5185404602561468,0
1571232779500,-0.23896368566473122,0.240211986503269,0.9819746530451854,0.4315801669016189,-0.5165301423657835,0
1571232779750,-0.4130999462410638,0.240211986503269,0.9819746530451854,-0.23970130599072956,-0.5185404602561468,0
1571232780000,-0.1083614902324818,0.240211986503269,0.9120948445090622,0.016564646241072862,-0.5165301423657835,0
1571232780250,0.19637696577610014,0.3052433968060877,0.8072751317048774,0.3678096956201736,-0.5165301423657835,0
1571232780500,0.2399110309201833,0.3052433968060877,0.7723352274368158,-0.3847495264783669,-0.5185404602561468,0
1571232780750,0.28344509606426643,0.3052433968060877,0.842215035972939,0.3278051426810177,-0.5165301423657835,0
1571232781000,0.15284290063201703,0.3052433968060877,0.842215035972939,0.540937221764893,-0.5185404602561468,0
1571232781250,0.2399110309201833,0.3052433968060877,0.8072751317048774,0.3199395540481604,-0.5165301423657835,0
1571232781500,0.2399110309201833,0.3052433968060877,0.8072751317048774,0.06358902559449932,-0.5185404602561468,0
1571232781750,0.06577477034385075,0.27272769165467836,0.842215035972939,-0.6698559703639794,-0.5165301423657835,0
1571232782000,0.10930883548793388,0.3052433968060877,0.842215035972939,-0.6678261410393711,-0.5165301423657835,0
1571232782250,0.06577477034385075,0.27272769165467836,0.842215035972939,0.8299341718560048,-0.5165301423657835,0
1571232782500,0.19637696577610014,0.3052433968060877,0.8072751317048774,0.40933662055278586,-0.5145182539145684,0
1571232782750,-0.23896368566473122,0.240211986503269,0.9470347487771238,-1.3486647270017504,-0.5165301423657835,0
1571232783000,-0.1083614902324818,0.240211986503269,0.9470347487771238,0.7517011666367253,-0.5165301423657835,0
1571232783250,-0.28249775080881434,0.240211986503269,1.2265539829216165,-0.07443936847886753,-0.5125063654633533,0
1571232783500,-0.36956588109698063,0.20769628135185966,1.2964337914577397,-1.0621204873445402,-0.5145182539145684,0
1571232783750,-0.4130999462410638,0.27272769165467836,1.0518544615813086,0.424391188043631,-0.5145182539145684,0
1571232784000,-0.5872362068173963,0.20769628135185966,1.1566741743854934,-0.05380277034534946,-0.5145182539145684,0
1571232784250,-0.6307702719614795,0.20769628135185966,1.1566741743854934,0.5792502502668754,-0.5145182539145684,0
1571232784500,-0.7613724673937289,0.20769628135185966,1.1566741743854934,1.0365538818567617,-0.5145182539145684,0
1571232784750,-0.5437021416733132,0.4027905122603157,0.7373953231687541,-0.8511873900289907,-0.5145182539145684,0
1571232785000,-0.6743043371055626,0.14266487104904096,1.3663135999938631,-0.15859270922825477,-0.5125063654633533,0
1571232785250,-0.19542962052064808,0.5653690380173624,1.2265539829216165,0.26640280561161556,-0.5125063654633533,0
1571232785500,-0.804906532537812,0.1751805762004503,1.1566741743854934,-0.9712010488464585,-0.5165301423657835,0
1571232785750,-0.804906532537812,0.1751805762004503,1.1566741743854934,1.369445891092529,-0.5125063654633533,0
1571232786000,-0.804906532537812,0.1751805762004503,1.1566741743854934,0.18952301994207482,-0.5165301423657835,0
1571232786250,-0.804906532537812,0.1751805762004503,1.1566741743854934,-1.4134501129454997,-0.5145182539145684,0
1571232786500,-0.5872362068173963,0.240211986503269,1.0867943658493702,-0.29095449643709004,-0.5185404602561468,0
1571232786750,-0.9355087279700615,0.27272769165467836,1.1217342701174318,0.16457303449376404,-0.5145182539145684,0
1571232787000,-0.9790427931141445,0.1751805762004503,1.2614938871896781,-0.8869631318752127,-0.5145182539145684,0
1571232787250,-0.9790427931141445,0.240211986503269,1.1217342701174318,0.7467957457689217,-0.5125063654633533,0
1571232787500,-0.9355087279700615,0.27272769165467836,1.0867943658493702,0.07788240708861635,-0.5125063654633533,0
1571232787750,-0.9355087279700615,0.20769628135185966,1.1566741743854934,0.770054206780059,-0.5145182539145684,0
1571232788000,-0.9355087279700615,0.20769628135185966,1.191614078653555,-0.17288609072237182,-0.5165301423657835,0
1571232788250,-0.9790427931141445,0.1751805762004503,1.2265539829216165,-0.8877243178719408,-0.5125063654633533,0
1571232788500,-0.8484405976818952,0.1751805762004503,1.1566741743854934,0.668901045437077,-0.5145182539145684,0
1571232788750,-0.8484405976818952,0.1751805762004503,1.1566741743854934,-0.17745320670274056,-0.5165301423657835,0
1571232789000,-0.8484405976818952,0.1751805762004503,1.1566741743854934,-1.2395614008040523,-0.5145182539145684,0
1571232789250,-0.9355087279700615,0.20769628135185966,1.191614078653555,1.1203689177187142,-0.5165301423657835,0
1571232789500,-0.9355087279700615,0.1751805762004503,1.1566741743854934,0.293805501493828,-0.5145182539145684,0
1571232789750,-0.8919746628259783,0.1751805762004503,1.1566741743854934,-1.4345095921883113,-0.5165301423657835,0
1571232790000,-0.9355087279700615,0.1751805762004503,1.1566741743854934,0.7950887684502285,-0.5145182539145684,0
1571232790250,-0.8484405976818952,0.1751805762004503,1.1566741743854934,-0.03722583086104805,-0.5145182539145684,0
1571232790500,-0.8919746628259783,0.1751805762004503,1.191614078653555,0.2866165226358402,-0.5145182539145684,0
1571232790750,-0.9355087279700615,0.1751805762004503,1.1566741743854934,0.16051337584454736,-0.5125063654633533,0
1571232791000,-0.9790427931141445,0.20769628135185966,1.191614078653555,-0.9845640919001301,-0.5125063654633533,0
1571232791250,-0.9790427931141445,0.1751805762004503,1.191614078653555,0.6519858010653408,-0.51049604757299,0
1571232791500,-1.0225768582582277,0.1751805762004503,1.191614078653555,-0.26549705365762716,-0.5125063654633533,0
1571232791750,-0.9355087279700615,0.1751805762004503,1.191614078653555,1.0673396266133215,-0.5145182539145684,0
1571232792000,-0.9355087279700615,0.1751805762004503,1.191614078653555,-0.1218020527197287,-0.5145182539145684,0
1571232792250,-0.8919746628259783,0.1751805762004503,1.191614078653555,-0.22244775673155867,-0.5145182539145684,0
1571232792500,-0.9355087279700615,0.1751805762004503,1.191614078653555,0.17091625113316508,-0.5125063654633533,0
1571232792750,-0.8919746628259783,0.1751805762004503,1.191614078653555,-0.9040475286906662,-0.5145182539145684,0
1571232793000,-0.8919746628259783,0.20769628135185966,1.191614078653555,0.9562064710910151,-0.5125063654633533,0
1571232793250,-0.9790427931141445,0.1751805762004503,1.1566741743854934,0.162204900281721,-0.5125063654633533,0
1571232793500,-0.9355087279700615,0.1751805762004503,1.191614078653555,-0.983802905903402,-0.5125063654633533,0
1571232793750,-0.9355087279700615,0.1751805762004503,1.1566741743854934,0.5324795995790249,-0.51049604757299,0
1571232794000,-0.9355087279700615,0.1751805762004503,1.191614078653555,-0.24773604706730423,-0.5125063654633533,0
1571232794250,-0.9355087279700615,0.1751805762004503,1.1566741743854934,0.1516328725493859,-0.5125063654633533,0
1571232794500,-0.9355087279700615,0.1751805762004503,1.1566741743854934,0.2150650389433964,-0.5125063654633533,0
1571232794750,-0.8919746628259783,0.1751805762004503,1.191614078653555,-0.6921840929346711,-0.5125063654633533,0
1571232795000,-0.8919746628259783,0.1751805762004503,1.191614078653555,0.8690929625765741,-0.51049604757299,0
1571232795250,-0.9355087279700615,0.1751805762004503,1.191614078653555,0.22174656047023217,-0.5145182539145684,0
1571232795500,-0.8919746628259783,0.1751805762004503,1.191614078653555,-1.1576916180448495,-0.5125063654633533,0
1571232795750,-0.8919746628259783,0.1751805762004503,1.191614078653555,0.9307490283115522,-0.5125063654633533,0
1571232796000,-0.9355087279700615,0.1751805762004503,1.191614078653555,0.23003503021238286,-0.5125063654633533,0
1571232796250,-0.9355087279700615,0.1751805762004503,1.191614078653555,-1.296565774336803,-0.5145182539145684,0
1571232796500,-0.9355087279700615,0.1751805762004503,1.191614078653555,0.7277660958507186,-0.5125063654633533,0
1571232796750,-0.9355087279700615,0.1751805762004503,1.191614078653555,0.0548776747430552,-0.51049604757299,0
1571232797000,-0.9355087279700615,0.1751805762004503,1.191614078653555,-1.129189431278474,-0.5125063654633533,0
1571232797250,-0.9355087279700615,0.1751805762004503,1.1566741743854934,0.5188628278597773,-0.51049604757299,0
1571232797500,-0.9355087279700615,0.1751805762004503,1.1566741743854934,-0.1297522175744447,-0.5145182539145684,0
1571232797750,-0.9355087279700615,0.1751805762004503,1.1566741743854934,-0.5430762137978171,-0.5125063654633533,0
1571232798000,-0.9355087279700615,0.1751805762004503,1.1566741743854934,0.4819875951293925,-0.5125063654633533,0
1571232798250,-0.8919746628259783,0.1751805762004503,1.191614078653555,-0.296790255745339,-0.51049604757299,0
1571232798500,-0.8919746628259783,0.1751805762004503,1.191614078653555,-0.28875551466876437,-0.5125063654633533,0
1571232798750,-0.8919746628259783,0.1751805762004503,1.191614078653555,0.45475405169089733,-0.51049604757299,0
1571232799000,-0.8919746628259783,0.1751805762004503,1.1566741743854934,-0.2815665358107765,-0.51049604757299,0
1571232799250,-0.8919746628259783,0.1751805762004503,1.1566741743854934,-0.252556891713249,-0.5125063654633533,0
1571232799500,-0.9355087279700615,0.1751805762004503,1.191614078653555,0.42591356003708725,-0.51049604757299,0
1571232799750,-0.9355087279700615,0.1751805762004503,1.191614078653555,-0.3235163418526821,-0.5125063654633533,0
1571232800000,-0.9355087279700615,0.1751805762004503,1.191614078653555,0.22470672823528598,-0.51049604757299,0
1571232800250,-0.9355087279700615,0.1751805762004503,1.191614078653555,0.281626525546178,-0.5125063654633533,0
1571232800500,-0.9355087279700615,0.1751805762004503,1.191614078653555,-0.47820625163220903,-0.5125063654633533,0
1571232800750,-0.9355087279700615,0.1751805762004503,1.191614078653555,0.7772431856380467,-0.5125063654633533,0
1571232801000,-0.9355087279700615,0.1751805762004503,1.1566741743854934,0.27080076914826695,-0.5125063654633533,0
1571232801250,-0.9355087279700615,0.20769628135185966,1.1566741743854934,-0.6535327595452539,-0.51049604757299,0
1571232801500,-0.9355087279700615,0.1751805762004503,1.1566741743854934,0.8505707699895229,-0.5125063654633533,0
1571232801750,-0.8919746628259783,0.1751805762004503,1.1566741743854934,0.3233226029225076,-0.5125063654633533,0
1571232802000,-0.8919746628259783,0.1751805762004503,1.191614078653555,-0.6142048163809676,-0.5125063654633533,0
1571232802250,-0.8919746628259783,0.1751805762004503,1.191614078653555,0.7638801425843752,-0.51049604757299,0
1571232802500,-0.8919746628259783,0.1751805762004503,1.191614078653555,0.25405467722024816,-0.51049604757299,0
1571232802750,-0.8919746628259783,0.1751805762004503,1.191614078653555,-0.6129361730530872,-0.5125063654633533,0
1571232803000,-0.8919746628259783,0.1751805762004503,1.191614078653555,0.8431280624659591,-0.5125063654633533,0
1571232803250,-0.9355087279700615,0.1751805762004503,1.1566741743854934,0.1918911541541179,-0.5084841591217749,0
1571232803500,-0.9355087279700615,0.1751805762004503,1.1566741743854934,-0.8136355475237366,-0.5125063654633533,0
1571232803750,-0.8919746628259783,0.1751805762004503,1.191614078653555,1.0162555886106783,-0.51049604757299,0
1571232804000,-0.8484405976818952,0.20769628135185966,1.191614078653555,0.23840807617639226,-0.51049604757299,0
1571232804250,-0.8919746628259783,0.1751805762004503,1.191614078653555,-0.9216393828372716,-0.5125063654633533,0
1571232804500,-0.8919746628259783,0.1751805762004503,1.191614078653555,1.1565675406742295,-0.5084841591217749,0
1571232804750,-0.8919746628259783,0.1751805762004503,1.1566741743854934,0.2378160426233815,-0.5125063654633533,0
1571232805000,-0.9355087279700615,0.1751805762004503,1.1566741743854934,-0.9581763106802218,-0.5084841591217749,0
1571232805250,-0.8919746628259783,0.1751805762004503,1.1566741743854934,0.8013474088677708,-0.5084841591217749,0
1571232805500,-0.9355087279700615,0.1751805762004503,1.1566741743854934,0.21701029204614602,-0.5125063654633533,0
1571232805750,-0.9355087279700615,0.1751805762004503,1.1566741743854934,-0.5034099657460959,-0.51049604757299,0
1571232806000,-0.8919746628259783,0.20769628135185966,1.1566741743854934,1.0363847294130444,-0.5125063654633533,0
1571232806250,-0.804906532537812,0.1751805762004503,1.191614078653555,0.05073343987197985,-0.5125063654633533,0
1571232806500,-0.7178384022496457,0.1751805762004503,1.1566741743854934,-1.1529553496207634,-0.5125063654633533,0
1571232806750,-0.6743043371055626,0.1751805762004503,1.1566741743854934,1.0798569074484061,-0.5125063654633533,0
1571232807000,-0.9790427931141445,0.1751805762004503,1.1566741743854934,0.3234071791443663,-0.51049604757299,0
1571232807250,-0.9355087279700615,0.1751805762004503,1.191614078653555,-1.4603899160770675,-0.5125063654633533,0
1571232807500,-0.7178384022496457,0.1751805762004503,1.1566741743854934,0.8127651988186927,-0.5125063654633533,0
1571232807750,-0.6743043371055626,0.27272769165467836,1.1566741743854934,0.22445299956970996,-0.5125063654633533,0
1571232808000,-0.9355087279700615,0.20769628135185966,1.191614078653555,-0.4871713311492292,-0.5125063654633533,0
1571232808250,-0.9355087279700615,0.20769628135185966,1.191614078653555,0.7279352482944359,-0.5125063654633533,0
1571232808500,-0.7178384022496457,0.11014916589763163,1.191614078653555,-0.43261966805038016,-0.5145182539145684,0
1571232808750,-0.06482742508839867,0.43530621741172504,0.8771549402410006,1.2523924000401148,-0.5024500643289814,0
1571232809000,-0.50016807652923,0.4027905122603157,0.8072751317048774,-0.591284660257265,-0.5004381758777663,0
1571232809250,0.10930883548793388,0.37027480710890637,0.9819746530451854,-1.1292740075003327,-0.5004381758777663,0
1571232809500,-0.50016807652923,0.240211986503269,1.0518544615813086,1.1295031496794519,-0.51049604757299,0
1571232809750,-0.7178384022496457,0.14266487104904096,1.1217342701174318,0.5330716331320356,-0.5145182539145684,0
1571232810000,-0.5872362068173963,0.1751805762004503,1.1566741743854934,0.28644737019212285,-0.5125063654633533,0
1571232810250,-0.5872362068173963,0.1751805762004503,1.1217342701174318,-1.9061911814941734,-0.5125063654633533,0
1571232810500,-0.6307702719614795,0.1751805762004503,1.0867943658493702,-1.8763357751780592,-0.51049604757299,0
1571232810750,-0.6743043371055626,0.1751805762004503,1.1217342701174318,-0.3647895381197183,-0.5125063654633533,0
1571232811000,-0.50016807652923,0.20769628135185966,1.0867943658493702,-0.6389010731637023,-0.51049604757299,0
1571232811250,-0.50016807652923,0.20769628135185966,1.0867943658493702,0.8777197372061595,-0.5125063654633533,0
1571232811500,-0.50016807652923,0.1751805762004503,1.1217342701174318,-0.8487346795950891,-0.5125063654633533,0
1571232811750,-0.6307702719614795,0.1751805762004503,1.1566741743854934,1.2972177976252157,-0.5125063654633533,0
1571232812000,-0.4566340113851469,0.240211986503269,1.0867943658493702,-0.7125669624026131,-0.5125063654633533,0
1571232812250,-0.50016807652923,0.20769628135185966,1.0867943658493702,1.6592040271803687,-0.5084841591217749,0
1571232812500,-0.4566340113851469,0.20769628135185966,1.0867943658493702,-0.30237228638801195,-0.5125063654633533,0
1571232812750,-0.7178384022496457,0.14266487104904096,1.0518544615813086,1.1797414254635081,-0.5125063654633533,0
1571232813000,-0.5437021416733132,0.20769628135185966,1.0867943658493702,0.6069912510365226,-0.5125063654633533,0
1571232813250,-1.9803262914280568,-0.31255500107068984,0.9470347487771238,-0.8184563921696812,-0.5084841591217749,0
1571232813500,1.067058268657763,0.8580103843800464,0.10847704634364527,0.23637824685178394,-0.51049604757299,0
1571232813750,-0.28249775080881434,0.4678219225631344,0.9120948445090622,-0.941430218752203,-0.5145182539145684,0
1571232814000,0.3269791612083496,0.0126020504434036,0.9819746530451854,0.9027542988763289,-0.5145182539145684,0
1571232814250,1.415330789810428,0.9880732049856839,0.3530563762200765,0.03990768347406872,-0.5185404602561468,0
1571232814500,1.763603310963093,1.118136025591321,-1.0794796987704494,-1.6595669185542605,-0.5145182539145684,0
1571232814750,1.2847285943781785,0.9230417946828652,-0.031282570728601154,1.7003080710036877,-0.5185404602561468,0
1571232815000,1.110592333801846,0.8905260895314557,-0.24092199633697078,0.09361358435433095,-0.5205523487073619,0
1571232815250,1.1541263989459292,0.8254946792286371,-0.13610228353278597,0.4631270976549067,-0.5165301423657835,0
1571232815500,1.2411945292340956,0.7929789740772277,-0.3457417091411556,0.9722759532441644,-0.5205523487073619,0
1571232815750,1.2847285943781785,0.7929789740772277,-0.5204412304814636,-2.4825781334610824,-0.5205523487073619,0
1571232816000,1.1541263989459292,0.7279475637744091,-0.2059820920689092,0.08735494393678858,-0.5205523487073619,0
1571232816250,1.110592333801846,0.7279475637744091,-0.17104218780084757,-0.23268147957645904,-0.5205523487073619,0
1571232816500,1.1541263989459292,0.7604632689258184,-0.17104218780084757,1.10590638378088,-0.5205523487073619,0
1571232816750,1.1541263989459292,0.7604632689258184,-0.17104218780084757,0.044051918345144075,-0.5205523487073619,0
1571232817000,1.1541263989459292,0.7279475637744091,-0.2059820920689092,-0.19986590549529096,-0.5185404602561468,0
1571232817250,1.1976604640900124,0.7279475637744091,-0.2758619006050324,-0.03485769664900498,-0.5205523487073619,0
1571232817500,1.1541263989459292,0.7604632689258184,-0.2758619006050324,-0.45046525086256184,-0.5185404602561468,0
1571232817750,1.2847285943781785,0.7279475637744091,-0.3806816134092172,0.556583822808749,-0.5185404602561468,0
1571232818000,1.2411945292340956,0.7279475637744091,-0.2758619006050324,-0.583080766736973,-0.5185404602561468,0
1571232818250,1.1976604640900124,0.7279475637744091,-0.2758619006050324,0.8047304577421179,-0.5165301423657835,0
1571232818500,1.1976604640900124,0.7279475637744091,-0.2758619006050324,-0.2391092724377188,-0.5185404602561468,0
1571232818750,1.1976604640900124,0.7279475637744091,-0.2758619006050324,0.503047074372204,-0.5165301423657835,0
1571232819000,1.1976604640900124,0.7279475637744091,-0.2758619006050324,-0.5765683976538546,-0.5185404602561468,0
1571232819250,1.2411945292340956,0.6954318586229997,-0.310801804873094,0.45306252725372376,-0.5185404602561468,0
1571232819500,1.1976604640900124,0.6954318586229997,-0.2758619006050324,-0.10209579302665611,-0.5185404602561468,0
1571232819750,1.1976604640900124,0.7279475637744091,-0.2758619006050324,0.19003047727322692,-0.5185404602561468,0
1571232820000,1.1976604640900124,0.7279475637744091,-0.2758619006050324,-0.12273239116017419,-0.5185404602561468,0
1571232820250,1.1976604640900124,0.7279475637744091,-0.310801804873094,-0.34127734844300506,-0.5185404602561468,0
1571232820500,1.2411945292340956,0.7279475637744091,-0.310801804873094,-0.002718732342706329,-0.5185404602561468,0
1571232820750,1.1976604640900124,0.7279475637744091,-0.310801804873094,-0.8308890967829073,-0.5205523487073619,0
1571232821000,1.2411945292340956,0.7279475637744091,-0.310801804873094,0.48156471402009915,-0.5185404602561468,0
1571232821250,1.2411945292340956,0.7279475637744091,-0.310801804873094,-0.4087691734862322,-0.5185404602561468,0
1571232821500,1.2411945292340956,0.7279475637744091,-0.2758619006050324,0.7774123380817642,-0.5165301423657835,0
1571232821750,1.2411945292340956,0.7279475637744091,-0.310801804873094,-0.10319528391081895,-0.5165301423657835,0
1571232822000,1.2411945292340956,0.7279475637744091,-0.310801804873094,-0.6162346457055758,-0.5185404602561468,0
1571232822250,1.2411945292340956,0.7279475637744091,-0.310801804873094,0.23477129863646898,-0.5165301423657835,0
1571232822500,1.2411945292340956,0.7279475637744091,-0.310801804873094,-0.4807435382879695,-0.5185404602561468,0
1571232822750,1.1976604640900124,0.7279475637744091,-0.2758619006050324,0.8005016466491839,-0.5185404602561468,0
1571232823000,1.2847285943781785,0.7279475637744091,-0.310801804873094,-0.1339810286673787,-0.5165301423657835,0
1571232823250,1.2411945292340956,0.6954318586229997,-0.310801804873094,0.0025249934125318725,-0.5185404602561468,0
1571232823500,1.2411945292340956,0.6954318586229997,-0.310801804873094,0.14791151878760395,-0.5165301423657835,0
1571232823750,1.1976604640900124,0.6954318586229997,-0.310801804873094,-0.945151572513985,-0.5185404602561468,0
1571232824000,1.2411945292340956,0.7279475637744091,-0.310801804873094,0.637100386018213,-0.5165301423657835,0
1571232824250,1.2411945292340956,0.6954318586229997,-0.2758619006050324,-0.17643829204043643,-0.5165301423657835,0
1571232824500,1.2411945292340956,0.6954318586229997,-0.310801804873094,0.5060918183591165,-0.5185404602561468,0
1571232824750,1.1976604640900124,0.6954318586229997,-0.2758619006050324,-0.12467764426292384,-0.5165301423657835,0
1571232825000,1.2411945292340956,0.6954318586229997,-0.310801804873094,-0.645328866024962,-0.5185404602561468,0
1571232825250,1.1976604640900124,0.6954318586229997,-0.2758619006050324,0.07754410220118163,-0.5165301423657835,0
1571232825500,1.1541263989459292,0.7279475637744091,-0.24092199633697078,-0.5966975384562205,-0.5185404602561468,0
1571232825750,1.2411945292340956,0.7604632689258184,-0.310801804873094,0.939544955384855,-0.5165301423657835,0
1571232826000,1.2411945292340956,0.7279475637744091,-0.310801804873094,-0.07266326781983523,-0.5165301423657835,0
1571232826250,1.2411945292340956,0.7279475637744091,-0.3457417091411556,0.5767975398329737,-0.5185404602561468,0
1571232826500,1.2411945292340956,0.6954318586229997,-0.3457417091411556,0.01842532312196384,-0.5165301423657835,0
1571232826750,1.1541263989459292,0.6954318586229997,-0.2758619006050324,-0.8527097620224471,-0.5185404602561468,0
1571232827000,1.2847285943781785,0.7279475637744091,-0.4156215176772788,0.4393611793126175,-0.5165301423657835,0
1571232827250,1.2411945292340956,0.7279475637744091,-0.3457417091411556,-0.2711636605221588,-0.5165301423657835,0
1571232827500,1.2411945292340956,0.7279475637744091,-0.3457417091411556,0.5673250029848014,-0.5185404602561468,0
1571232827750,1.2411945292340956,0.6954318586229997,-0.3457417091411556,0.009544819826802367,-0.5185404602561468,0
1571232828000,1.1976604640900124,0.7279475637744091,-0.310801804873094,-0.9549624142495918,-0.5165301423657835,0
1571232828250,1.2411945292340956,0.7279475637744091,-0.310801804873094,0.48545522022559845,-0.5145182539145684,0
1571232828500,1.2411945292340956,0.7279475637744091,-0.3457417091411556,-0.23445758023549135,-0.5165301423657835,0
1571232828750,1.2411945292340956,0.7279475637744091,-0.3457417091411556,0.5585290759114986,-0.5165301423657835,0
1571232829000,1.2411945292340956,0.7279475637744091,-0.3457417091411556,0.14884185722804943,-0.5165301423657835,0
1571232829250,1.2411945292340956,0.7279475637744091,-0.310801804873094,-0.6981044284647787,-0.5165301423657835,0
1571232829500,1.2411945292340956,0.7279475637744091,-0.310801804873094,0.7687855634521786,-0.5165301423657835,0
1571232829750,1.2411945292340956,0.7279475637744091,-0.310801804873094,0.2685172111580826,-0.5145182539145684,0
1571232830000,1.2411945292340956,0.7279475637744091,-0.2758619006050324,-0.720009669926177,-0.5145182539145684,0
1571232830250,1.1976604640900124,0.7279475637744091,-0.310801804873094,0.7325023642748048,-0.5165301423657835,0
1571232830500,1.1976604640900124,0.7279475637744091,-0.310801804873094,0.3656952900737066,-0.5165301423657835,0
1571232830750,1.1976604640900124,0.7279475637744091,-0.310801804873094,-0.44598271110405174,-0.5165301423657835,0
1571232831000,1.1976604640900124,0.7279475637744091,-0.2758619006050324,-0.01312160763132405,-0.5165301423657835,0
1571232831250,1.1976604640900124,0.6954318586229997,-0.2758619006050324,0.32577531335640936,-0.5165301423657835,0
1571232831500,1.1976604640900124,0.7279475637744091,-0.2758619006050324,-0.1283144218028471,-0.5165301423657835,0
1571232831750,1.2411945292340956,0.7279475637744091,-0.2758619006050324,-0.2992429661792408,-0.5145182539145684,0
1571232832000,1.1976604640900124,0.6954318586229997,-0.2758619006050324,0.24771146058084714,-0.5165301423657835,0
1571232832250,1.1976604640900124,0.7279475637744091,-0.2758619006050324,-0.10285697902338423,-0.5145182539145684,0
1571232832500,1.2411945292340956,0.7279475637744091,-0.2758619006050324,0.23147282598398042,-0.5145182539145684,0
1571232832750,1.2411945292340956,0.6954318586229997,-0.2758619006050324,-0.0022958512334129255,-0.5165301423657835,0
1571232833000,1.1976604640900124,0.7604632689258184,-0.2758619006050324,-0.6558163175354385,-0.5165301423657835,0
1571232833250,1.2411945292340956,0.7279475637744091,-0.2758619006050324,0.750939980639997,-0.5165301423657835,0
1571232833500,1.2411945292340956,0.7279475637744091,-0.2758619006050324,0.16152829050685152,-0.5145182539145684,0
1571232833750,1.2411945292340956,0.6954318586229997,-0.310801804873094,-0.8893312660872558,-0.5165301423657835,0
1571232834000,1.1976604640900124,0.7279475637744091,-0.310801804873094,0.4513710028165501,-0.5165301423657835,0
1571232834250,1.1976604640900124,0.7279475637744091,-0.310801804873094,-0.1143593451961648,-0.5165301423657835,0
1571232834500,1.2411945292340956,0.7279475637744091,-0.3457417091411556,0.5068530043558447,-0.5145182539145684,0
1571232834750,1.2411945292340956,0.7279475637744091,-0.3457417091411556,0.1515482963275272,-0.5165301423657835,0
1571232835000,1.2411945292340956,0.6954318586229997,-0.3806816134092172,-0.7551088019975295,-0.5165301423657835,0
1571232835250,1.2411945292340956,0.7279475637744091,-0.3806816134092172,0.3045466816698805,-0.5145182539145684,0
1571232835500,1.2411945292340956,0.7604632689258184,-0.3806816134092172,-0.407500530158352,-0.5165301423657835,0
1571232835750,1.2411945292340956,0.7279475637744091,-0.4156215176772788,0.6349014042498872,-0.5145182539145684,0
1571232836000,1.2847285943781785,0.7279475637744091,-0.4156215176772788,-0.2298058880332639,-0.5165301423657835,0
1571232836250,1.2847285943781785,0.7279475637744091,-0.3806816134092172,-0.09659833860584187,-0.5125063654633533,0
1571232836500,1.2847285943781785,0.6954318586229997,-0.4156215176772788,0.22512960934457937,-0.5165301423657835,0
1571232836750,1.2411945292340956,0.7279475637744091,-0.4156215176772788,-0.7778598056775146,-0.5165301423657835,0
1571232837000,1.2411945292340956,0.7604632689258184,-0.45056142194534043,0.5337482429069051,-0.5165301423657835,0
1571232837250,1.3282626595222617,0.7604632689258184,-0.5204412304814636,-0.16620456919553606,-0.5165301423657835,0
1571232837500,1.2847285943781785,0.7279475637744091,-0.45056142194534043,0.6013246441719909,-0.5145182539145684,0
1571232837750,1.2847285943781785,0.7279475637744091,-0.45056142194534043,0.02256955799303919,-0.5145182539145684,0
1571232838000,1.2847285943781785,0.7279475637744091,-0.48550132621340203,-0.8319885876670703,-0.5125063654633533,0
1571232838250,1.2847285943781785,0.7279475637744091,-0.45056142194534043,0.2538009485546721,-0.5165301423657835,0
1571232838500,1.2847285943781785,0.7279475637744091,-0.48550132621340203,-0.33341175981014776,-0.5165301423657835,0
1571232838750,1.2847285943781785,0.7604632689258184,-0.5204412304814636,0.56292703944815,-0.5165301423657835,0
1571232839000,1.3282626595222617,0.7279475637744091,-0.48550132621340203,-0.143707294181127,-0.5145182539145684,0
1571232839250,1.3282626595222617,0.7279475637744091,-0.48550132621340203,0.2451741739250867,-0.5125063654633533,0
1571232839500,1.2411945292340956,0.7604632689258184,-0.48550132621340203,-0.0033107658957170936,-0.5165301423657835,0
1571232839750,1.2847285943781785,0.7279475637744091,-0.48550132621340203,-0.8280135052397123,-0.5165301423657835,0
1571232840000,1.2847285943781785,0.7279475637744091,-0.48550132621340203,0.24771146058084714,-0.5165301423657835,0
1571232840250,1.3282626595222617,0.7279475637744091,-0.45056142194534043,-0.34660565042010194,-0.5165301423657835,0
1571232840500,1.2847285943781785,0.7279475637744091,-0.48550132621340203,0.7473877793219326,-0.5145182539145684,0
1571232840750,1.2847285943781785,0.7279475637744091,-0.45056142194534043,0.17463760489494703,-0.5145182539145684,0
1571232841000,1.2847285943781785,0.6954318586229997,-0.45056142194534043,-0.515842670359322,-0.5125063654633533,0
1571232841250,1.2847285943781785,0.7279475637744091,-0.45056142194534043,0.14875728100619076,-0.5165301423657835,0
1571232841500,1.2411945292340956,0.7279475637744091,-0.45056142194534043,-0.4732162545425469,-0.5165301423657835,0
1571232841750,1.2847285943781785,0.6954318586229997,-0.45056142194534043,0.6807417164972921,-0.5145182539145684,0
1571232842000,1.2411945292340956,0.7279475637744091,-0.45056142194534043,-0.02200211092648552,-0.5145182539145684,0
1571232842250,1.2847285943781785,0.7279475637744091,-0.48550132621340203,0.08456392861545212,-0.5125063654633533,0
1571232842500,1.2847285943781785,0.7279475637744091,-0.48550132621340203,0.186562852177021,-0.5145182539145684,0
1571232842750,1.2847285943781785,0.7279475637744091,-0.48550132621340203,-0.6586919090786335,-0.5145182539145684,0
1571232843000,1.2847285943781785,0.7279475637744091,-0.48550132621340203,0.8369539982702753,-0.5125063654633533,0
1571232843250,1.2847285943781785,0.7279475637744091,-0.48550132621340203,0.1735381140107842,-0.5145182539145684,0
1571232843500,1.2847285943781785,0.7279475637744091,-0.48550132621340203,-1.0150961079911138,-0.5145182539145684,0
1571232843750,1.2847285943781785,0.7279475637744091,-0.48550132621340203,0.4226996636064574,-0.5125063654633533,0
1571232844000,1.2847285943781785,0.7279475637744091,-0.48550132621340203,-0.0754542831411717,-0.5125063654633533,0
1571232844250,1.2847285943781785,0.7279475637744091,-0.48550132621340203,-0.22177114695668926,-0.5165301423657835,0
1571232844500,1.2847285943781785,0.7279475637744091,-0.48550132621340203,0.2334180790867301,-0.5125063654633533,0
1571232844750,1.2847285943781785,0.7279475637744091,-0.48550132621340203,-0.3634363185699794,-0.5165301423657835,0
1571232845000,1.2411945292340956,0.6954318586229997,-0.45056142194534043,0.5553151794808687,-0.5145182539145684,0
1571232845250,1.2411945292340956,0.6954318586229997,-0.3457417091411556,0.07779783086675766,-0.5145182539145684,0
1571232845500,1.2847285943781785,0.6954318586229997,-0.3806816134092172,-0.7897850529595886,-0.5145182539145684,0
1571232845750,1.2411945292340956,0.6954318586229997,-0.3806816134092172,0.29329804416267596,-0.5145182539145684,0
1571232846000,1.2411945292340956,0.6954318586229997,-0.3806816134092172,-0.29467585019887205,-0.5145182539145684,0
1571232846250,1.2411945292340956,0.6954318586229997,-0.3806816134092172,0.6316875078192574,-0.5125063654633533,0
1571232846500,1.2847285943781785,0.6954318586229997,-0.3806816134092172,0.02476853976136489,-0.5145182539145684,0
1571232846750,1.2411945292340956,0.6954318586229997,-0.3806816134092172,-0.6477815764588637,-0.5125063654633533,0
1571232847000,1.3282626595222617,0.6954318586229997,-0.3806816134092172,0.2711390740357017,-0.5145182539145684,0
1571232847250,1.2847285943781785,0.6954318586229997,-0.3806816134092172,-0.3827196971537586,-0.5145182539145684,0
1571232847500,1.2847285943781785,0.7279475637744091,-0.4156215176772788,0.7374077851426082,-0.5165301423657835,0
1571232847750,1.2847285943781785,0.7279475637744091,-0.3806816134092172,0.0286590459668642,-0.5145182539145684,0
1571232848000,1.2847285943781785,0.6954318586229997,-0.3806816134092172,-0.09228495129104915,-0.5125063654633533,0
1571232848250,1.2847285943781785,0.6954318586229997,-0.3806816134092172,0.16880184558669806,-0.5145182539145684,0
1571232848500,1.2411945292340956,0.6954318586229997,-0.3806816134092172,-0.7058854408757774,-0.5125063654633533,0
1571232848750,1.2411945292340956,0.6954318586229997,-0.3806816134092172,0.6442047886543422,-0.5165301423657835,0
1571232849000,1.2411945292340956,0.6954318586229997,-0.3806816134092172,-0.020479738933029266,-0.5145182539145684,0
1571232849250,1.2411945292340956,0.6954318586229997,-0.4156215176772788,-0.2140747107675493,-0.5145182539145684,0
1571232849500,1.2411945292340956,0.6954318586229997,-0.3806816134092172,0.24111451527587002,-0.5145182539145684,0
1571232849750,1.2411945292340956,0.7279475637744091,-0.3806816134092172,-0.3705407212061086,-0.5145182539145684,0
1571232850000,1.2411945292340956,0.6954318586229997,-0.4156215176772788,0.7001942475247886,-0.5145182539145684,0
1571232850250,1.2847285943781785,0.7279475637744091,-0.3806816134092172,0.21920927381447175,-0.5145182539145684,0
1571232850500,1.2847285943781785,0.6954318586229997,-0.3806816134092172,-0.9144504039792839,-0.5145182539145684,0
1571232850750,1.2847285943781785,0.6954318586229997,-0.3806816134092172,0.5581061948022051,-0.5145182539145684,0
1571232851000,1.2411945292340956,0.6954318586229997,-0.3806816134092172,0.06299699204148855,-0.5145182539145684,0
1571232851250,1.2847285943781785,0.6954318586229997,-0.3806816134092172,-0.7445367742651944,-0.5145182539145684,0
1571232851500,1.2411945292340956,0.6954318586229997,-0.3806816134092172,0.2814573731024607,-0.5125063654633533,0
1571232851750,1.2411945292340956,0.6954318586229997,-0.3806816134092172,-0.25467129725971605,-0.5125063654633533,0
1571232852000,1.2411945292340956,0.6954318586229997,-0.3806816134092172,0.482664204904262,-0.5125063654633533,0
1571232852250,1.2411945292340956,0.6954318586229997,-0.3806816134092172,0.20677656920124568,-0.5125063654633533,0
1571232852500,1.2411945292340956,0.6954318586229997,-0.3806816134092172,-0.7951133549366854,-0.5145182539145684,0
1571232852750,1.2411945292340956,0.6954318586229997,-0.3806816134092172,0.7275123671851426,-0.5125063654633533,0
1571232853000,1.2411945292340956,0.6954318586229997,-0.3806816134092172,0.2044930112110613,-0.5145182539145684,0
1571232853250,1.2411945292340956,0.6954318586229997,-0.3806816134092172,-1.0286283034885029,-0.51049604757299,0
1571232853500,1.2411945292340956,0.6954318586229997,-0.3806816134092172,0.4453660910645838,-0.5145182539145684,0
1571232853750,1.2847285943781785,0.6954318586229997,-0.3806816134092172,-0.057185819219696676,-0.51049604757299,0
1571232854000,1.2847285943781785,0.7279475637744091,-0.3806816134092172,-0.12501594915035857,-0.5125063654633533,0
1571232854250,1.2847285943781785,0.7279475637744091,-0.3806816134092172,0.196627422578204,-0.5125063654633533,0
1571232854500,1.2847285943781785,0.7279475637744091,-0.3806816134092172,-0.31675024410398767,-0.51049604757299,0
1571232854750,1.3282626595222617,0.7279475637744091,-0.4156215176772788,0.6625578287976759,-0.5125063654633533,0
1571232855000,1.2411945292340956,0.6954318586229997,-0.3806816134092172,0.2552387443262697,-0.51049604757299,0
1571232855250,1.2411945292340956,0.7279475637744091,-0.4156215176772788,-0.7025023920014302,-0.5145182539145684,0
1571232855500,1.2847285943781785,0.6954318586229997,-0.4156215176772788,0.7632881090313645,-0.5125063654633533,0
1571232855750,1.2847285943781785,0.7279475637744091,-0.4156215176772788,0.3206161638230298,-0.5145182539145684,0
1571232856000,1.2411945292340956,0.6954318586229997,-0.4156215176772788,-0.857446030446533,-0.5125063654633533,0
1571232856250,1.2847285943781785,0.6954318586229997,-0.4156215176772788,0.7317411782780766,-0.5125063654633533,0
1571232856500,1.3282626595222617,0.6954318586229997,-0.48550132621340203,0.35165563724516563,-0.5145182539145684,0
1571232856750,1.2411945292340956,0.6954318586229997,-0.45056142194534043,-0.969002067078133,-0.5125063654633533,0
1571232857000,1.2847285943781785,0.6954318586229997,-0.45056142194534043,0.490614369758978,-0.5145182539145684,0
1571232857250,1.415330789810428,0.7279475637744091,-0.3806816134092172,-0.04043972729167791,-0.51049604757299,0
1571232857500,1.371796724666345,0.6954318586229997,-0.48550132621340203,-0.7219549230289266,-0.5125063654633533,0
1571232857750,1.2847285943781785,0.630400448320181,-0.3806816134092172,0.3574068203315559,-0.5145182539145684,0
1571232858000,1.2411945292340956,0.6954318586229997,-0.3806816134092172,-0.23065165025185072,-0.5145182539145684,0
1571232858250,1.1976604640900124,0.7929789740772277,-0.3457417091411556,0.3061536298851954,-0.5145182539145684,0
1571232858500,1.2411945292340956,0.7929789740772277,-0.7999604646259565,0.33558615509201634,-0.5145182539145684,0
1571232858750,1.415330789810428,0.532853332865953,-0.031282570728601154,-0.7926606445027837,-0.5145182539145684,0
1571232859000,1.110592333801846,0.6954318586229997,-0.06622247499666276,0.8493021266616427,-0.5145182539145684,0
1571232859250,1.1976604640900124,0.5978847431687717,-0.10116237926472436,0.39453578172751674,-0.5145182539145684,0
1571232859500,1.110592333801846,0.5978847431687717,-0.031282570728601154,0.09522053256964588,-0.5165301423657835,0
1571232859750,1.110592333801846,0.5978847431687717,0.003657333539460452,-0.4659426994627004,-0.5165301423657835,0
1571232860000,0.9799901383695966,0.5978847431687717,0.003657333539460452,-0.9889620554367816,-0.5165301423657835,0
1571232860250,1.067058268657763,0.5978847431687717,0.003657333539460452,0.45213218881327827,-0.5145182539145684,0
1571232860500,1.067058268657763,0.5653690380173624,0.003657333539460452,0.4534008321411585,-0.5165301423657835,0
1571232860750,1.067058268657763,0.5978847431687717,0.003657333539460452,-0.8021331813509559,-0.5145182539145684,0
1571232861000,1.110592333801846,0.5978847431687717,0.003657333539460452,0.5011018212694544,-0.5165301423657835,0
1571232861250,1.067058268657763,0.5978847431687717,0.003657333539460452,-0.13990136419748636,-0.5165301423657835,0
1571232861500,1.0235242035136798,0.5978847431687717,0.038597237807522056,0.6672940972217619,-0.5165301423657835,0
1571232861750,1.067058268657763,0.5978847431687717,0.038597237807522056,0.27765144311882006,-0.5165301423657835,0
1571232862000,1.067058268657763,0.5978847431687717,0.038597237807522056,-1.026175593054601,-0.5145182539145684,0
1571232862250,1.067058268657763,0.5653690380173624,0.038597237807522056,0.509390291011605,-0.5165301423657835,0
1571232862500,1.067058268657763,0.5978847431687717,0.038597237807522056,-0.15444847435717943,-0.5145182539145684,0
1571232862750,1.0235242035136798,0.5978847431687717,0.038597237807522056,0.4961118241797922,-0.5165301423657835,0
1571232863000,1.067058268657763,0.5653690380173624,0.07353714207558366,0.22665198133803563,-0.5165301423657835,0
1571232863250,1.0235242035136798,0.5653690380173624,0.038597237807522056,-0.8435755300617094,-0.5145182539145684,0
1571232863500,1.0235242035136798,0.5978847431687717,0.038597237807522056,0.5356934960096548,-0.5165301423657835,0
1571232863750,1.0235242035136798,0.5653690380173624,0.038597237807522056,0.0002414354223474945,-0.5145182539145684,0
1571232864000,1.067058268657763,0.5978847431687717,0.07353714207558366,-0.14928932482379992,-0.5165301423657835,0
1571232864250,1.371796724666345,0.630400448320181,-0.24092199633697078,0.18453302285241266,-0.5145182539145684,0
1571232864500,-1.0661109234023107,0.5978847431687717,-0.2758619006050324,-0.45630101017081076,-0.5145182539145684,0
1571232864750,2.895489004709255,2.061091474982192,-0.8698402731620797,0.659851389698198,-0.5044603822193446,0
1571232865000,0.06577477034385075,1.7034187183166893,-1.4987585499871885,0.236885704182936,-0.4883699862921793,0
1571232865250,0.41404729149651587,2.126122885285011,-0.9746599859662645,-0.8096604650963786,-0.49239219263375766,0
1571232865500,-1.1531790536904771,1.865997244073736,-1.2541792201107573,1.178726510801204,-0.49239219263375766,0
1571232865750,0.3269791612083496,2.126122885285011,-1.0794796987704494,1.9755190969318344,-0.4944040810849728,0
1571232866000,-0.23896368566473122,1.8985129492251454,-1.2192393158426957,-0.7091839135282659,-0.48233589149938577,0
1571232866250,-0.7178384022496457,1.9310286543765547,-0.45056142194534043,-1.7394914482107138,-0.4883699862921793,0
1571232866500,-0.4130999462410638,0.9880732049856839,1.0518544615813086,0.03229582350678747,-0.5084841591217749,0
1571232866750,0.5446494869287652,0.7279475637744091,0.7373953231687541,0.9708381574725667,-0.5165301423657835,0
1571232867000,0.8493879429373472,-0.5726806422819646,0.4229361847561997,-1.9940658760053425,-0.5205523487073619,0
1571232867250,0.8058538777932641,0.7604632689258184,-0.9397200816982029,-2.9746425922348863,-0.5125063654633533,0
1571232867500,1.5023989200985943,0.5978847431687717,-1.3589989329149421,-0.17119456628519822,-0.5064722706705598,0
1571232867750,1.1976604640900124,0.3052433968060877,-1.114419603038511,0.6124887054573369,-0.5064722706705598,0
1571232868000,1.2847285943781785,0.20769628135185966,-0.2758619006050324,2.9114395680199947,-0.5064722706705598,0
1571232868250,-0.6743043371055626,-0.11746077016223377,1.191614078653555,1.0389220160688049,-0.5185404602561468,0
1571232868500,-1.109644988546394,-0.18249218046505244,1.1217342701174318,-0.7357408471918916,-0.5145182539145684,0
1571232868750,0.2399110309201833,0.33775910195749703,0.9120948445090622,-1.177989911290933,-0.5125063654633533,0
1571232869000,0.9364560732255135,0.43530621741172504,0.3879962804881381,-1.0907918265546332,-0.5145182539145684,0
1571232869250,0.7623198126491809,0.43530621741172504,0.3181164719520149,0.033564466834667676,-0.5125063654633533,0
1571232869500,0.7187857475050978,0.43530621741172504,0.3181164719520149,0.8255362083193535,-0.5145182539145684,0
1571232869750,1.067058268657763,0.4678219225631344,0.14341695061170687,0.6324486938159856,-0.5125063654633533,0
1571232870000,0.9364560732255135,0.43530621741172504,0.21329675914783008,-0.38855545646200756,-0.5145182539145684,0
1571232870250,0.7623198126491809,0.43530621741172504,0.3879962804881381,0.6901296771236057,-0.51049604757299,0
1571232870500,0.7623198126491809,0.43530621741172504,0.3879962804881381,-0.35717767815243706,-0.51049604757299,0
1571232870750,0.7623198126491809,0.43530621741172504,0.4229361847561997,0.25143281434262904,-0.51049604757299,0
1571232871000,0.7187857475050978,0.43530621741172504,0.4229361847561997,-0.4020030757375378,-0.5064722706705598,0
1571232871250,0.7623198126491809,0.43530621741172504,0.4229361847561997,0.09048426414555977,-0.5084841591217749,0
1571232871500,0.7187857475050978,0.43530621741172504,0.4229361847561997,-0.5478124822219032,-0.51049604757299,0
1571232871750,0.7187857475050978,0.43530621741172504,0.4578760890242613,0.5813646558133424,-0.51049604757299,0
1571232872000,0.3269791612083496,0.33775910195749703,0.7024554189006925,-0.15182661147956034,-0.5084841591217749,0
1571232872250,0.9364560732255135,0.07763346074622228,1.0867943658493702,0.7235372847577846,-0.51049604757299,0
1571232872500,0.41404729149651587,0.8580103843800464,0.9470347487771238,0.05817614739554375,-0.51049604757299,0
1571232872750,0.9799901383695966,0.7604632689258184,0.2831765676839533,0.4989028395011286,-0.5084841591217749,0
1571232873000,1.110592333801846,0.7929789740772277,0.14341695061170687,0.30513871522289127,-0.5125063654633533,0
1571232873250,1.676535180674927,0.5978847431687717,0.003657333539460452,-0.05921564854430501,-0.5125063654633533,0
1571232873500,0.9364560732255135,0.7279475637744091,-0.3457417091411556,0.4011327270324938,-0.5125063654633533,0
1571232873750,1.2411945292340956,0.7279475637744091,0.003657333539460452,0.01867905178753988,-0.5145182539145684,0
1571232874000,0.8929220080814304,0.7929789740772277,0.21329675914783008,-0.42788339962629407,-0.5145182539145684,0
1571232874250,0.7187857475050978,0.8254946792286371,0.3181164719520149,-1.1383236632392115,-0.5165301423657835,0
1571232874500,0.7623198126491809,0.8254946792286371,0.2831765676839533,0.31182023674972703,-0.5145182539145684,0
1571232874750,0.8493879429373472,0.7929789740772277,0.21329675914783008,0.04582801900417637,-0.5145182539145684,0
1571232875000,0.8929220080814304,0.7279475637744091,0.2831765676839533,-0.534618591611949,-0.5145182539145684,0
1571232875250,0.7187857475050978,0.7604632689258184,0.3530563762200765,0.08481765728102816,-0.51049604757299,0
1571232875500,0.6752516823610146,0.6954318586229997,0.3879962804881381,-0.31818803987558525,-0.5145182539145684,0
1571232875750,0.8058538777932641,0.6954318586229997,0.3181164719520149,0.48249505246054464,-0.5125063654633533,0
1571232876000,0.8929220080814304,0.7604632689258184,0.2831765676839533,-0.015997199174519194,-0.5125063654633533,0
1571232876250,0.6752516823610146,0.7604632689258184,0.4578760890242613,0.5935436317609923,-0.5125063654633533,0
1571232876500,0.45758135664059896,0.8254946792286371,0.5976357060965077,-0.08095173756198594,-0.51049604757299,0
1571232876750,0.5446494869287652,0.8580103843800464,0.7024554189006925,-0.11258324453713252,-0.5125063654633533,0
1571232877000,0.5446494869287652,0.8905260895314557,0.6325756103645693,0.02003227133727877,-0.5084841591217749,0
1571232877250,0.5011154217846822,0.8580103843800464,0.5976357060965077,-0.8204862214942896,-0.5125063654633533,0
1571232877500,0.3705132263524327,0.9230417946828652,0.5976357060965077,0.2574377260945954,-0.51049604757299,0
1571232877750,0.5446494869287652,0.8580103843800464,0.5626958018284461,-0.36588902900388115,-0.5125063654633533,0
1571232878000,0.45758135664059896,0.9230417946828652,0.5626958018284461,1.2897750901016516,-0.51049604757299,0
1571232878250,0.5011154217846822,0.8905260895314557,0.5277558975603845,-0.06640462740229287,-0.5084841591217749,0
1571232878500,0.5446494869287652,0.8905260895314557,0.49281599329232295,0.0016792311939450657,-0.51049604757299,0
1571232878750,0.45758135664059896,0.8905260895314557,0.5277558975603845,0.19671199880006268,-0.5084841591217749,0
1571232879000,0.5881835520728484,0.9230417946828652,0.4578760890242613,-0.34863547974471026,-0.5084841591217749,0
1571232879250,0.5881835520728484,0.8905260895314557,0.49281599329232295,0.6809108689410096,-0.5084841591217749,0
1571232879500,0.5446494869287652,0.8905260895314557,0.4578760890242613,-0.5002806455373247,-0.5084841591217749,0
1571232879750,0.5011154217846822,0.8905260895314557,0.49281599329232295,-1.001817641159301,-0.51049604757299,0
1571232880000,0.5446494869287652,0.8905260895314557,0.5277558975603845,0.23739316151408807,-0.51049604757299,0
1571232880250,0.5446494869287652,0.8580103843800464,0.49281599329232295,-0.16349813009605826,-0.5064722706705598,0
1571232880500,0.6317176172169315,0.8254946792286371,0.49281599329232295,0.31968582538258433,-0.5084841591217749,0
1571232880750,0.5881835520728484,0.8905260895314557,0.4229361847561997,-0.13592628177012836,-0.5064722706705598,0
1571232881000,0.6317176172169315,0.8905260895314557,0.3879962804881381,-0.8801970341265183,-0.5084841591217749,0
1571232881250,0.7187857475050978,0.7929789740772277,0.3530563762200765,0.9458035958023974,-0.51049604757299,0
1571232881500,0.7187857475050978,0.8580103843800464,0.21329675914783008,0.15983676606967792,-0.5084841591217749,0
1571232881750,0.7187857475050978,0.8580103843800464,0.3879962804881381,-0.36986411143123915,-0.5145182539145684,0
1571232882000,0.5881835520728484,0.8254946792286371,0.3181164719520149,0.08735494393678858,-0.51049604757299,0
1571232882250,0.7623198126491809,0.8580103843800464,0.3181164719520149,-0.20384098792264893,-0.5125063654633533,0
1571232882500,0.8058538777932641,0.8580103843800464,0.2831765676839533,0.045489714116741645,-0.5125063654633533,0
1571232882750,0.8058538777932641,0.8580103843800464,0.24823666341589168,-0.2245621622780257,-0.5145182539145684,0
1571232883000,0.8493879429373472,0.8580103843800464,0.3181164719520149,-0.29991957595411023,-0.5125063654633533,0
1571232883250,0.7623198126491809,0.9230417946828652,0.3530563762200765,0.7155871199030686,-0.5165301423657835,0
1571232883500,0.6317176172169315,0.8580103843800464,0.4229361847561997,-0.5643048454843459,-0.5145182539145684,0
1571232883750,0.7187857475050978,0.8580103843800464,0.3530563762200765,0.6662791825594578,-0.5125063654633533,0
1571232884000,0.15284290063201703,0.6629161534715904,0.8771549402410006,-0.18912472531923852,-0.5125063654633533,0
1571232884250,0.022240705199767605,0.7929789740772277,0.8771549402410006,-0.6442293751407991,-0.51049604757299,0
1571232884500,-0.50016807652923,0.7604632689258184,1.0518544615813086,0.2787509340029829,-0.51049604757299,0
1571232884750,-1.0661109234023107,0.6954318586229997,1.191614078653555,-0.5506880737650983,-0.5064722706705598,0
1571232885000,-1.109644988546394,0.7604632689258184,1.1217342701174318,1.195980060060375,-0.5044603822193446,0
1571232885250,-0.6307702719614795,0.7279475637744091,1.191614078653555,-0.19479133218377012,-0.5064722706705598,0
1571232885500,-0.6307702719614795,0.8254946792286371,1.016914557313247,0.40375458991011287,-0.5064722706705598,0
1571232885750,-0.5437021416733132,0.8905260895314557,0.9120948445090622,0.22411469468227524,-0.5084841591217749,0
1571232886000,-0.50016807652923,0.9880732049856839,1.016914557313247,-0.7617903235243653,-0.5084841591217749,0
1571232886250,-0.5437021416733132,0.9555574998342745,0.9470347487771238,0.2181097829303089,-0.5064722706705598,0
1571232886500,-0.5872362068173963,0.9555574998342745,0.9819746530451854,-0.2707407794128654,-0.51049604757299,0
1571232886750,-0.50016807652923,0.9555574998342745,0.9819746530451854,-0.04678294393107896,-0.5084841591217749,0
1571232887000,-0.4130999462410638,0.9555574998342745,0.9819746530451854,-0.018027028499127528,-0.51049604757299,0
1571232887250,-0.4130999462410638,0.9880732049856839,0.9819746530451854,-0.6449059849156685,-0.5084841591217749,0
1571232887500,-0.36956588109698063,0.9555574998342745,0.9470347487771238,0.5622504296732806,-0.5084841591217749,0
1571232887750,-0.4566340113851469,0.9555574998342745,0.9819746530451854,-0.5951751664627644,-0.5084841591217749,0
1571232888000,-0.7178384022496457,0.9555574998342745,1.016914557313247,-0.028852784897038655,-0.5064722706705598,0
1571232888250,-0.50016807652923,0.9555574998342745,0.9819746530451854,0.22030876469863458,-0.5084841591217749,0
1571232888500,-0.5872362068173963,0.8580103843800464,0.9470347487771238,-0.5262455456479397,-0.5084841591217749,0
1571232888750,-0.15189555537656493,0.8580103843800464,0.8771549402410006,0.6987564517531912,-0.51049604757299,0
1571232889000,0.5446494869287652,0.9230417946828652,0.5976357060965077,0.6044539643807622,-0.51049604757299,0
1571232889250,0.15284290063201703,0.8905260895314557,0.7373953231687541,-0.9544549569184398,-0.5084841591217749,0
1571232889500,0.10930883548793388,0.9230417946828652,0.7373953231687541,0.5696931371968444,-0.51049604757299,0
1571232889750,0.2399110309201833,0.8905260895314557,0.7373953231687541,0.4165255994107737,-0.5084841591217749,0
1571232890000,0.15284290063201703,0.8905260895314557,0.7723352274368158,-0.7607754088620611,-0.5084841591217749,0
1571232890250,0.15284290063201703,0.8580103843800464,0.7373953231687541,0.4796194609173495,-0.5084841591217749,0
1571232890500,0.2399110309201833,0.9230417946828652,0.6675155146326309,-0.26287519078000804,-0.5084841591217749,0
1571232890750,0.3269791612083496,0.8905260895314557,0.5626958018284461,0.49628097662350956,-0.51049604757299,0
1571232891000,0.7623198126491809,0.7929789740772277,-0.031282570728601154,0.31833260583284545,-0.5125063654633533,0
1571232891250,0.6752516823610146,0.630400448320181,0.003657333539460452,-0.6796668120995863,-0.51049604757299,0
1571232891500,1.1976604640900124,0.6954318586229997,-0.10116237926472436,0.687423238024128,-0.51049604757299,0
1571232891750,1.067058268657763,0.5978847431687717,-0.13610228353278597,0.33541700264829893,-0.51049604757299,0
1571232892000,1.1976604640900124,0.5978847431687717,-0.13610228353278597,1.0832399563227535,-0.51049604757299,0
1571232892250,1.1976604640900124,0.6629161534715904,-0.2059820920689092,0.0008334689753582592,-0.5084841591217749,0
1571232892500,1.1976604640900124,0.6629161534715904,-0.17104218780084757,-2.014364169251426,-0.51049604757299,0
1571232892750,1.1976604640900124,0.6629161534715904,-0.2059820920689092,0.5660563596569211,-0.5084841591217749,0
1571232893000,1.1541263989459292,0.630400448320181,-0.13610228353278597,0.3245912462503878,-0.5084841591217749,0
1571232893250,1.1976604640900124,0.6629161534715904,-0.2059820920689092,-0.284865008463265,-0.51049604757299,0
1571232893500,1.067058268657763,0.6629161534715904,-0.10116237926472436,0.2757907662379291,-0.51049604757299,0
1571232893750,1.1976604640900124,0.6954318586229997,-0.2059820920689092,-0.3140438050045099,-0.5125063654633533,0
1571232894000,1.1541263989459292,0.6629161534715904,-0.17104218780084757,0.444774057511573,-0.51049604757299,0
1571232894250,1.1541263989459292,0.6629161534715904,-0.13610228353278597,0.3264519231312788,-0.5125063654633533,0
1571232894500,1.1541263989459292,0.6629161534715904,-0.17104218780084757,-0.3647895381197183,-0.51049604757299,0
1571232894750,1.1541263989459292,0.6629161534715904,-0.13610228353278597,0.5126041874422349,-0.5125063654633533,0
1571232895000,1.1976604640900124,0.6629161534715904,-0.2059820920689092,0.1405533874858987,-0.51049604757299,0
1571232895250,1.2411945292340956,0.6629161534715904,-0.310801804873094,-0.8368940085348737,-0.5084841591217749,0
1571232895500,1.1976604640900124,0.6954318586229997,-0.24092199633697078,0.5404297644337409,-0.5125063654633533,0
1571232895750,1.1976604640900124,0.6954318586229997,-0.24092199633697078,0.07306156244267156,-0.5084841591217749,0
1571232896000,1.1976604640900124,0.6954318586229997,-0.17104218780084757,-0.3011882192819904,-0.5125063654633533,0
1571232896250,1.1976604640900124,0.6629161534715904,-0.2059820920689092,0.29219855327851313,-0.5125063654633533,0
1571232896500,1.1976604640900124,0.6629161534715904,-0.24092199633697078,-0.4343111924875538,-0.51049604757299,0
1571232896750,1.110592333801846,0.6954318586229997,-0.24092199633697078,0.04075344569265553,-0.51049604757299,0
1571232897000,1.2411945292340956,0.6954318586229997,-0.310801804873094,0.19332894992571548,-0.51049604757299,0
1571232897250,1.2411945292340956,0.6629161534715904,-0.310801804873094,-0.5747922969948224,-0.5084841591217749,0
1571232897500,1.2411945292340956,0.6954318586229997,-0.3457417091411556,0.6886918813520081,-0.51049604757299,0
1571232897750,1.1976604640900124,0.6954318586229997,-0.310801804873094,0.24238315860375023,-0.51049604757299,0
1571232898000,1.2411945292340956,0.6954318586229997,-0.3806816134092172,-0.9883700218837708,-0.51049604757299,0
1571232898250,1.2847285943781785,0.6954318586229997,-0.3457417091411556,0.5960809184167528,-0.5064722706705598,0
1571232898500,1.2847285943781785,0.6954318586229997,-0.3806816134092172,0.33000412444934335,-0.5084841591217749,0
1571232898750,1.2847285943781785,0.6954318586229997,-0.3457417091411556,-0.7310045787678056,-0.5084841591217749,0
1571232899000,1.2847285943781785,0.6954318586229997,-0.3457417091411556,0.48004234202664287,-0.51049604757299,0
1571232899250,1.2411945292340956,0.6954318586229997,-0.310801804873094,-0.20603996969097466,-0.51049604757299,0
1571232899500,1.1976604640900124,0.6629161534715904,-0.2059820920689092,0.06536512625353161,-0.5084841591217749,0
1571232899750,1.1976604640900124,0.6954318586229997,-0.24092199633697078,0.26555704339302877,-0.51049604757299,0
1571232900000,1.2411945292340956,0.6629161534715904,-0.24092199633697078,-0.5476433297781858,-0.51049604757299,0
1571232900250,1.1976604640900124,0.6629161534715904,-0.24092199633697078,0.5987873575162306,-0.5125063654633533,0
1571232900500,1.1976604640900124,0.6954318586229997,-0.2758619006050324,0.1796276019846092,-0.51049604757299,0
1571232900750,1.1976604640900124,0.6954318586229997,-0.24092199633697078,-0.8458590880518939,-0.51049604757299,0
1571232901000,1.2411945292340956,0.6629161534715904,-0.2758619006050324,0.7831635211681545,-0.51049604757299,0
1571232901250,1.1976604640900124,0.6954318586229997,-0.2758619006050324,0.28991499528832876,-0.5064722706705598,0
1571232901500,1.1976604640900124,0.6954318586229997,-0.2758619006050324,-0.9621513931075798,-0.5084841591217749,0
1571232901750,1.1976604640900124,0.6629161534715904,-0.2758619006050324,0.5306189226981339,-0.51049604757299,0
1571232902000,1.2411945292340956,0.6954318586229997,-0.2758619006050324,-0.008808220316531338,-0.51049604757299,0
1571232902250,1.1976604640900124,0.6954318586229997,-0.2758619006050324,-0.7589993082030287,-0.5084841591217749,0
1571232902500,1.2411945292340956,0.6954318586229997,-0.2758619006050324,0.4024859465822327,-0.5084841591217749,0
1571232902750,1.2411945292340956,0.6954318586229997,-0.2758619006050324,-0.19597539928979163,-0.51049604757299,0
1571232903000,1.2411945292340956,0.6954318586229997,-0.2758619006050324,0.11492679226271849,-0.5084841591217749,0
1571232903250,1.1976604640900124,0.6954318586229997,-0.2758619006050324,0.3347403928734295,-0.5084841591217749,0
1571232903500,1.1976604640900124,0.6954318586229997,-0.2758619006050324,-0.350834461513036,-0.5084841591217749,0
1571232903750,1.2411945292340956,0.6954318586229997,-0.2758619006050324,0.4989028395011286,-0.5084841591217749,0
1571232904000,1.1976604640900124,0.6954318586229997,-0.2758619006050324,0.22343808490740577,-0.5084841591217749,0
1571232904250,1.1976604640900124,0.6954318586229997,-0.2758619006050324,-0.66596546415848,-0.5064722706705598,0
1571232904500,1.1976604640900124,0.6954318586229997,-0.2758619006050324,0.750939980639997,-0.5084841591217749,0
1571232904750,1.2411945292340956,0.6954318586229997,-0.2758619006050324,0.23155740220583912,-0.51049604757299,0
1571232905000,1.1976604640900124,0.6954318586229997,-0.2758619006050324,-1.147204166534373,-0.5064722706705598,0
1571232905250,1.1976604640900124,0.6954318586229997,-0.2758619006050324,0.6974878084253109,-0.5084841591217749,0
1571232905500,1.2411945292340956,0.6954318586229997,-0.2758619006050324,0.19518962680660643,-0.5064722706705598,0
1571232905750,1.1976604640900124,0.6954318586229997,-0.2758619006050324,-1.149572300746416,-0.5064722706705598,0
1571232906000,1.2411945292340956,0.6954318586229997,-0.2758619006050324,0.509390291011605,-0.5084841591217749,0
1571232906250,1.2411945292340956,0.6954318586229997,-0.2758619006050324,0.062489534710336456,-0.5084841591217749,0
1571232906500,1.2411945292340956,0.6954318586229997,-0.2758619006050324,-0.8472968838234914,-0.5084841591217749,0
1571232906750,1.2411945292340956,0.6954318586229997,-0.2758619006050324,0.34395920105602573,-0.5044603822193446,0
1571232907000,1.2411945292340956,0.6954318586229997,-0.2758619006050324,-0.20434844525380103,-0.5064722706705598,0
1571232907250,1.1976604640900124,0.6954318586229997,-0.2758619006050324,0.18529420884914077,-0.5084841591217749,0
1571232907500,1.1976604640900124,0.6954318586229997,-0.2758619006050324,0.21607995360570054,-0.51049604757299,0
1571232907750,1.1976604640900124,0.6954318586229997,-0.2758619006050324,-0.5427379089103823,-0.5084841591217749,0
1571232908000,1.1976604640900124,0.6954318586229997,-0.2758619006050324,0.7667557341275704,-0.5084841591217749,0
1571232908250,1.2411945292340956,0.6954318586229997,-0.2758619006050324,0.2577760309820301,-0.5064722706705598,0
1571232908500,1.1976604640900124,0.6954318586229997,-0.2758619006050324,-1.0075688242456913,-0.5084841591217749,0
1571232908750,1.1976604640900124,0.6954318586229997,-0.310801804873094,0.766332853018277,-0.5084841591217749,0
1571232909000,1.1976604640900124,0.6954318586229997,-0.2758619006050324,0.19865725190281233,-0.5084841591217749,0
1571232909250,1.1976604640900124,0.6629161534715904,-0.17104218780084757,-1.116502997999672,-0.5044603822193446,0
1571232909500,1.1976604640900124,0.6954318586229997,-0.2059820920689092,0.48004234202664287,-0.5084841591217749,0
1571232909750,1.2847285943781785,0.6629161534715904,-0.2758619006050324,-0.014559403402921622,-0.5064722706705598,0
1571232910000,1.2411945292340956,0.6954318586229997,-0.310801804873094,-0.4205252683245888,-0.5064722706705598,0
1571232910250,1.2411945292340956,0.6954318586229997,-0.310801804873094,0.18757776683932517,-0.5084841591217749,0
1571232910500,1.2411945292340956,0.6954318586229997,-0.2758619006050324,-0.24316893108693544,-0.5064722706705598,0
1571232910750,1.2411945292340956,0.6954318586229997,-0.310801804873094,0.566902121875508,-0.5084841591217749,0
1571232911000,1.2411945292340956,0.6954318586229997,-0.310801804873094,0.351571061023307,-0.5064722706705598,0
1571232911250,1.2411945292340956,0.6954318586229997,-0.2758619006050324,-0.5720858578953445,-0.5064722706705598,0
1571232911500,1.2411945292340956,0.6954318586229997,-0.310801804873094,0.7628652279220711,-0.5084841591217749,0
1571232911750,1.1976604640900124,0.6629161534715904,-0.3457417091411556,0.3273822615717243,-0.5064722706705598,0
1571232912000,1.1976604640900124,0.6954318586229997,-0.310801804873094,-1.2396459770259112,-0.5084841591217749,0
1571232912250,1.1976604640900124,0.6629161534715904,-0.2059820920689092,0.5703697469717139,-0.5044603822193446,0
1571232912500,1.1541263989459292,0.6954318586229997,-0.17104218780084757,-0.049320230586839375,-0.5064722706705598,0
1571232912750,1.3282626595222617,0.7279475637744091,-0.3806816134092172,-0.44006237557394406,-0.5064722706705598,0
1571232913000,1.2411945292340956,0.7279475637744091,-0.310801804873094,0.2989646510272076,-0.5084841591217749,0
1571232913250,1.2411945292340956,0.6954318586229997,-0.310801804873094,-0.6626669915059916,-0.5044603822193446,0
1571232913500,1.2411945292340956,0.6954318586229997,-0.310801804873094,0.7675169201242985,-0.5084841591217749,0
1571232913750,1.1976604640900124,0.6954318586229997,-0.310801804873094,0.7144030527970471,-0.5084841591217749,0
1571232914000,1.2411945292340956,0.7279475637744091,-0.310801804873094,-0.7959591171552722,-0.5064722706705598,0
1571232914250,1.1976604640900124,0.6954318586229997,-0.2758619006050324,0.6168866689939883,-0.51049604757299,0
1571232914500,1.2411945292340956,0.6954318586229997,-0.2758619006050324,0.3509790274702962,-0.5084841591217749,0
1571232914750,1.1976604640900124,0.6954318586229997,-0.2758619006050324,-1.3424906628060667,-0.5084841591217749,0
1571232915000,1.1976604640900124,0.7279475637744091,-0.310801804873094,0.5914292262145253,-0.5084841591217749,0
1571232915250,1.2411945292340956,0.6954318586229997,-0.310801804873094,0.18148827886550015,-0.5064722706705598,0
1571232915500,1.1976604640900124,0.6954318586229997,-0.310801804873094,-1.0926525034355241,-0.5084841591217749,0
1571232915750,1.2411945292340956,0.6954318586229997,-0.2758619006050324,0.4424904995213887,-0.5064722706705598,0
1571232916000,1.1976604640900124,0.6954318586229997,-0.2758619006050324,-0.06987225249849877,-0.5084841591217749,0
1571232916250,1.2411945292340956,0.6954318586229997,-0.310801804873094,-0.11266782075899119,-0.5084841591217749,0
1571232916500,1.2411945292340956,0.6954318586229997,-0.310801804873094,0.34480496327461246,-0.5084841591217749,0
1571232916750,1.2411945292340956,0.6954318586229997,-0.24092199633697078,-0.401411042184527,-0.5084841591217749,0
1571232917000,1.2411945292340956,0.6954318586229997,-0.2758619006050324,0.5223304529559832,-0.5064722706705598,0
1571232917250,1.1976604640900124,0.6954318586229997,-0.2758619006050324,0.2745221229100489,-0.5084841591217749,0
1571232917500,1.2411945292340956,0.6954318586229997,-0.310801804873094,-0.745720841371216,-0.5064722706705598,0
1571232917750,1.1976604640900124,0.6954318586229997,-0.2758619006050324,0.7672631914587225,-0.5064722706705598,0
1571232918000,1.2411945292340956,0.6954318586229997,-0.2758619006050324,0.16787150714625257,-0.51049604757299,0
1571232918250,1.1976604640900124,0.7279475637744091,-0.2758619006050324,-0.9376242887685623,-0.5084841591217749,0
1571232918500,1.1976604640900124,0.6954318586229997,-0.2758619006050324,0.34717309748665554,-0.5084841591217749,0
1571232918750,1.2411945292340956,0.6954318586229997,-0.2758619006050324,-0.26346722433301883,-0.5064722706705598,0
1571232919000,1.2411945292340956,0.6954318586229997,-0.2758619006050324,0.5677478840940948,-0.5084841591217749,0
1571232919250,1.2411945292340956,0.6954318586229997,-0.2758619006050324,0.22360723735112314,-0.5044603822193446,0
1571232919500,1.1976604640900124,0.6954318586229997,-0.310801804873094,-1.0239766112862754,-0.5064722706705598,0
1571232919750,1.1976604640900124,0.7279475637744091,-0.2758619006050324,0.7352933795961412,-0.5084841591217749,0
1571232920000,1.1976604640900124,0.7279475637744091,-0.2758619006050324,-0.04382277616602513,-0.5064722706705598,0
1571232920250,1.2411945292340956,0.7279475637744091,-0.2758619006050324,-0.08145919489313803,-0.5064722706705598,0
1571232920500,1.2411945292340956,0.6954318586229997,-0.2758619006050324,0.28213398287733016,-0.5064722706705598,0
1571232920750,1.2411945292340956,0.6954318586229997,-0.2758619006050324,-0.6310354845308449,-0.5064722706705598,0
1571232921000,1.1976604640900124,0.6954318586229997,-0.310801804873094,0.7625269230346363,-0.5064722706705598,0
1571232921250,1.1976604640900124,0.6954318586229997,-0.310801804873094,0.005738889843161737,-0.5084841591217749,0
1571232921500,1.1976604640900124,0.7279475637744091,-0.2758619006050324,-0.49266878557004345,-0.5064722706705598,0
1571232921750,1.1976604640900124,0.7279475637744091,-0.2758619006050324,0.24610451236553219,-0.5084841591217749,0
1571232922000,1.1976604640900124,0.7279475637744091,-0.2758619006050324,-0.5725933152264966,-0.5064722706705598,0
1571232922250,1.2411945292340956,0.6954318586229997,-0.2758619006050324,0.8876151551636251,-0.5044603822193446,0
1571232922500,1.1976604640900124,0.6954318586229997,-0.310801804873094,0.18816980039233594,-0.5084841591217749,0
1571232922750,1.2411945292340956,0.6954318586229997,-0.310801804873094,-1.1817112650527148,-0.5064722706705598,0
1571232923000,1.2411945292340956,0.6954318586229997,-0.3457417091411556,0.5737527958460612,-0.5064722706705598,0
1571232923250,1.2411945292340956,0.6954318586229997,-0.3457417091411556,-0.12856815046842315,-0.5044603822193446,0
1571232923500,1.2411945292340956,0.7279475637744091,-0.310801804873094,-0.28909381955619906,-0.5064722706705598,0
1571232923750,1.1976604640900124,0.7279475637744091,-0.2758619006050324,0.29947210835835963,-0.5084841591217749,0
1571232924000,1.2411945292340956,0.7279475637744091,-0.310801804873094,-0.45046525086256184,-0.5084841591217749,0
1571232924250,1.2411945292340956,0.6954318586229997,-0.310801804873094,0.7574523497231156,-0.5064722706705598,0
1571232924500,1.2847285943781785,0.6954318586229997,-0.310801804873094,0.208806398525854,-0.5084841591217749,0
1571232924750,1.2411945292340956,0.6954318586229997,-0.3457417091411556,-1.1889848201325612,-0.5084841591217749,0
1571232925000,1.2411945292340956,0.6954318586229997,-0.3457417091411556,0.6292347973853556,-0.5064722706705598,0
1571232925250,1.1976604640900124,0.6954318586229997,-0.310801804873094,-0.13254323289578115,-0.5064722706705598,0
1571232925500,1.2411945292340956,0.7279475637744091,-0.310801804873094,-0.3843266453690735,-0.5064722706705598,0
1571232925750,1.1976604640900124,0.7279475637744091,-0.2758619006050324,0.47166929606263347,-0.5064722706705598,0
1571232926000,1.2411945292340956,0.7279475637744091,-0.310801804873094,-0.3043175394907616,-0.5064722706705598,0
1571232926250,1.2411945292340956,0.7279475637744091,-0.310801804873094,0.2885617757385899,-0.5044603822193446,0
1571232926500,1.2411945292340956,0.6954318586229997,-0.310801804873094,0.27908923889041765,-0.5064722706705598,0
1571232926750,1.2411945292340956,0.6954318586229997,-0.310801804873094,-0.5789365318658977,-0.5064722706705598,0
1571232927000,1.2411945292340956,0.6954318586229997,-0.2758619006050324,0.7920440244633159,-0.5064722706705598,0
1571232927250,1.2411945292340956,0.6954318586229997,-0.310801804873094,0.11721035025290286,-0.5084841591217749,0
1571232927500,1.2411945292340956,0.6954318586229997,-0.310801804873094,-1.1952434605501037,-0.5064722706705598,0
1571232927750,1.2411945292340956,0.6954318586229997,-0.310801804873094,0.5148031692105607,-0.5064722706705598,0
1571232928000,1.2411945292340956,0.6954318586229997,-0.310801804873094,-0.24291520242135942,-0.5044603822193446,0
1571232928250,1.2411945292340956,0.7279475637744091,-0.310801804873094,0.24762688435898844,-0.5064722706705598,0
1571232928500,1.2411945292340956,0.6954318586229997,-0.310801804873094,0.2870394037451336,-0.5064722706705598,0
1571232928750,1.2411945292340956,0.6954318586229997,-0.310801804873094,-0.724238481019111,-0.5064722706705598,0
1571232929000,1.1976604640900124,0.6954318586229997,-0.2758619006050324,0.8925205760314285,-0.5064722706705598,0
1571232929250,1.1976604640900124,0.7279475637744091,-0.2758619006050324,-0.006778390991923001,-0.5044603822193446,0
1571232929500,1.2411945292340956,0.6954318586229997,-0.2758619006050324,-0.3472822601949714,-0.5064722706705598,0
1571232929750,1.1976604640900124,0.6954318586229997,-0.2758619006050324,0.1800504830939026,-0.5044603822193446,0
1571232930000,1.1976604640900124,0.6954318586229997,-0.2758619006050324,-0.731934917208251,-0.5084841591217749,0
1571232930250,1.2411945292340956,0.6954318586229997,-0.310801804873094,0.8931126095844393,-0.5064722706705598,0
1571232930500,1.2847285943781785,0.6954318586229997,-0.3457417091411556,0.012251258926280149,-0.5044603822193446,0
1571232930750,1.2411945292340956,0.6954318586229997,-0.24092199633697078,-0.659875976184655,-0.5064722706705598,0
1571232931000,1.2411945292340956,0.7279475637744091,-0.24092199633697078,0.44764964905476823,-0.5044603822193446,0
1571232931250,1.1541263989459292,0.6629161534715904,-0.13610228353278597,-0.36098360813607766,-0.5044603822193446,0
1571232931500,1.1541263989459292,0.6629161534715904,-0.06622247499666276,0.6763437529606408,-0.5044603822193446,0
1571232931750,1.110592333801846,0.6954318586229997,0.003657333539460452,0.31072074586556414,-0.5044603822193446,0
1571232932000,1.0235242035136798,1.280714551348368,0.1783568548797685,-0.7628898144085281,-0.5064722706705598,0
1571232932250,0.6317176172169315,0.5653690380173624,0.49281599329232295,0.9063910764162522,-0.5064722706705598,0
1571232932500,0.6317176172169315,0.532853332865953,0.5976357060965077,0.05952936694528264,-0.5064722706705598,0
1571232932750,0.9799901383695966,0.6629161534715904,0.4229361847561997,-1.221377513104436,-0.5064722706705598,0
1571232933000,-0.9355087279700615,0.7604632689258184,0.7723352274368158,0.5593748381300854,-0.5064722706705598,0
1571232933250,0.7623198126491809,0.5003376277145437,0.4578760890242613,0.03187294239749407,-0.5004381758777663,0
1571232933500,1.067058268657763,0.7604632689258184,0.1783568548797685,0.11154374338837125,-0.5044603822193446,0
1571232933750,-0.5872362068173963,2.19115429558783,-0.031282570728601154,0.7737755605418408,-0.4944040810849728,0
1571232934000,-0.28249775080881434,1.020588910137093,-0.06622247499666276,0.677612396288521,-0.4903803041825426,0
1571232934250,3.24376152586192,1.0856203204399117,0.07353714207558366,-0.4977433588815643,-0.4964159695361879,0
1571232934500,-0.19542962052064808,1.3457459616511867,-1.2192393158426957,-1.3547542149755754,-0.5024500643289814,0
1571232934750,0.7187857475050978,1.6383873080138707,0.038597237807522056,1.2770886568228494,-0.5044603822193446,0
1571232935000,2.0683417669716753,0.9230417946828652,-0.8698402731620797,-1.2967349267805206,-0.5044603822193446,0
1571232935250,0.8493879429373472,-0.897837693796058,-0.5204412304814636,-1.0406381269924354,-0.5024500643289814,0
1571232935500,0.5446494869287652,-1.6782146174298822,-0.7650205603578949,-0.8576151828902505,-0.49842628742655115,0
1571232935750,-1.5885197051313085,-1.4180889762186075,-1.2541792201107573,0.7683626823428853,-0.5024500643289814,0
1571232936000,-0.7178384022496457,-1.7432460277327009,-2.6168354865651597,-0.13905560197889955,-0.5004381758777663,0
1571232936250,-1.3273153142668097,-2.003371668943976,0.7024554189006925,0.12541424377319488,-0.5024500643289814,0
1571232936500,-1.0225768582582277,-0.702743462887602,0.24823666341589168,-0.0714792007138137,-0.4883699862921793,0
1571232936750,-0.7178384022496457,-0.80029057834183,0.3181164719520149,0.7748750514260038,-0.5044603822193446,0
1571232937000,-0.3260318159528975,-2.1009187843982033,0.2831765676839533,0.9233908970098469,-0.49239219263375766,0
1571232937250,-0.23896368566473122,-0.8328062834932394,-0.031282570728601154,-0.47820625163220903,-0.49842628742655115,0
1571232937500,0.2399110309201833,-1.1579633350073328,-0.3806816134092172,0.5227533340652766,-0.5024500643289814,0
1571232937750,0.5011154217846822,-1.7757617328841102,0.2831765676839533,-1.0604289629073667,-0.49842628742655115,0
1571232938000,-0.23896368566473122,-1.4831203865214262,-0.2059820920689092,0.027644131304560032,-0.5004381758777663,0
1571232938250,0.45758135664059896,-1.5481517968242449,-0.66020084755371,0.027390402638983992,-0.5024500643289814,0
1571232938500,-0.36956588109698063,-1.5806675019756542,-0.5903210390175868,-0.0041565281143039,-0.5064722706705598,0
1571232938750,-0.1083614902324818,-1.4506046813700169,-0.66020084755371,-0.648796491121168,-0.5024500643289814,0
1571232939000,-0.4130999462410638,-1.5806675019756542,-0.6951407518217716,0.8361928122735472,-0.5024500643289814,0
1571232939250,-0.06482742508839867,-1.4180889762186075,-0.6252609432856484,-0.6024487215426109,-0.5084841591217749,0
1571232939500,-0.1083614902324818,-1.5806675019756542,-0.66020084755371,0.2263136764506009,-0.5044603822193446,0
1571232939750,-0.36956588109698063,-1.5156360916728355,-0.6252609432856484,-0.4821813340595671,-0.5044603822193446,0
1571232940000,-0.1083614902324818,-1.5156360916728355,-0.66020084755371,0.5277433311549388,-0.5024500643289814,0
1571232940250,-0.50016807652923,-1.5806675019756542,-0.6951407518217716,-0.05946937720988106,-0.5004381758777663,0
1571232940500,-0.06482742508839867,-1.4831203865214262,-0.6252609432856484,0.8748441456629643,-0.5024500643289814,0
1571232940750,-0.36956588109698063,-1.5806675019756542,-0.6951407518217716,-0.1485281388270718,-0.5024500643289814,0
1571232941000,-0.15189555537656493,-1.4506046813700169,-0.6252609432856484,0.7829097925025784,-0.5044603822193446,0
1571232941250,-0.06482742508839867,-1.5806675019756542,-0.66020084755371,-0.3312127780418221,-0.5004381758777663,0
1571232941500,-0.19542962052064808,-1.4506046813700169,-0.6252609432856484,0.5707080518591486,-0.5024500643289814,0
1571232941750,-0.06482742508839867,-1.5156360916728355,-0.66020084755371,-0.2561090930313136,-0.5004381758777663,0
1571232942000,-0.4130999462410638,-1.5481517968242449,-0.66020084755371,0.508375376349301,-0.5024500643289814,0
1571232942250,-0.06482742508839867,-1.5156360916728355,-0.6252609432856484,-0.06226039253121752,-0.5024500643289814,0
1571232942500,-0.50016807652923,-1.5806675019756542,-0.6951407518217716,0.10655374629870909,-0.5004381758777663,0
1571232942750,-0.1083614902324818,-1.4831203865214262,-0.6252609432856484,0.011490072929552023,-0.5044603822193446,0
1571232943000,-0.36956588109698063,-1.5806675019756542,-0.6951407518217716,-0.44192305245483504,-0.5024500643289814,0
1571232943250,-0.19542962052064808,-1.4506046813700169,-0.6252609432856484,0.11086713361350181,-0.5024500643289814,0
1571232943500,-0.06482742508839867,-1.5481517968242449,-0.66020084755371,-0.6607217384032419,-0.5004381758777663,0
1571232943750,-0.36956588109698063,-1.5156360916728355,-0.6252609432856484,0.24974128990545547,-0.5044603822193446,0
1571232944000,-0.06482742508839867,-1.5156360916728355,-0.66020084755371,-0.34466039731735226,-0.5004381758777663,0
1571232944250,-0.50016807652923,-1.5481517968242449,-0.66020084755371,0.42861999913656507,-0.5004381758777663,0
1571232944500,-0.06482742508839867,-1.5156360916728355,-0.6252609432856484,-0.09262325617848387,-0.5024500643289814,0
1571232944750,-0.28249775080881434,-1.5806675019756542,-0.6951407518217716,0.11171289583208863,-0.5004381758777663,0
1571232945000,-0.19542962052064808,-1.4831203865214262,-0.6252609432856484,0.05504682718677256,-0.5024500643289814,0
1571232945250,-0.06482742508839867,-1.5481517968242449,-0.66020084755371,-0.4487737264253882,-0.49842628742655115,0
1571232945500,-0.4130999462410638,-1.5481517968242449,-0.66020084755371,0.27908923889041765,-0.5004381758777663,0
1571232945750,-0.06482742508839867,-1.5156360916728355,-0.66020084755371,-0.15098084926097352,-0.5024500643289814,0
1571232946000,-0.50016807652923,-1.5481517968242449,-0.66020084755371,0.4393611793126175,-0.5024500643289814,0
1571232946250,-0.06482742508839867,-1.4831203865214262,-0.6252609432856484,-0.008385339207237934,-0.5024500643289814,0
1571232946500,-0.3260318159528975,-1.5806675019756542,-0.6951407518217716,0.04472852812001352,-0.5024500643289814,0
1571232946750,-0.23896368566473122,-1.4506046813700169,-0.6252609432856484,0.10672289874242645,-0.5024500643289814,0
1571232947000,-0.021293359944315533,-1.5481517968242449,-0.66020084755371,-0.31894922587231334,-0.5004381758777663,0
1571232947250,-0.7178384022496457,-1.6131832071270635,0.10847704634364527,0.24559705503438012,-0.5044603822193446,0
1571232947500,-3.112211985174218,-1.1254476298559235,0.24823666341589168,-0.0859417346516481,-0.5024500643289814,0
1571232947750,-0.4566340113851469,-1.6456989122784729,2.2048713024273416,0.44561981973015985,-0.536644315195379,0
1571232948000,-3.0251438548860516,-1.5156360916728355,-0.6951407518217716,0.5224996053997006,-0.51049604757299,0
1571232948250,-2.5462691383011373,-1.4831203865214262,-0.13610228353278597,2.440519164710861,-0.47630022614574047,0
1571232948500,2.634284613844756,-1.0604162195531048,0.7373953231687541,0.6364237762433435,-0.4903803041825426,0
1571232948750,-0.36956588109698063,-0.6702277577361927,-0.45056142194534043,-3.170944003168884,-0.49239219263375766,0
1571232949000,-1.457917509699059,-3.8242511574228986,2.9036693877885735,0.7636264139187992,-0.4944040810849728,0
1571232949250,-0.021293359944315533,-1.4506046813700169,-1.3240590286468805,-0.21086081433691944,-0.5004381758777663,0
1571232949500,0.022240705199767605,-1.5156360916728355,-0.9397200816982029,0.6597668134763394,-0.5024500643289814,0
1571232949750,0.10930883548793388,-1.4506046813700169,-0.9397200816982029,-2.410857497324921,-0.5024500643289814,0
1571232950000,-0.021293359944315533,-1.4831203865214262,-0.9047801774301413,-0.7594221893123222,-0.5024500643289814,0
1571232950250,0.022240705199767605,-1.4506046813700169,-0.9397200816982029,-1.2543622396293213,-0.5004381758777663,0
1571232950500,0.022240705199767605,-1.4506046813700169,-0.9397200816982029,-1.4429672143741794,-0.5024500643289814,0
1571232950750,0.022240705199767605,-1.4506046813700169,-0.9397200816982029,0.17057794624573036,-0.5004381758777663,0
1571232951000,-1.5885197051313085,-1.8082774380355195,-0.7650205603578949,-0.008808220316531338,-0.5024500643289814,0
1571232951250,-0.5437021416733132,-1.2229947453101515,-0.10116237926472436,0.339645813741233,-0.49842628742655115,0
1571232951500,-2.02386035657214,-1.2555104504615608,-0.48550132621340203,-0.20688573190956144,-0.48434620938974904,0
1571232951750,-4.4617680046407955,1.4432930771054147,-2.896354720709653,0.6982489944220391,-0.4360718804865492,0
1571232952000,-0.804906532537812,-1.1579633350073328,2.449450632303773,0.7454425262191829,-0.4662439250113685,0
1571232952250,-0.804906532537812,-1.4831203865214262,0.21329675914783008,2.428001883875776,-0.4702661313529469,0
1571232952500,-0.7613724673937289,-1.1579633350073328,0.5626958018284461,0.6290656449416383,-0.4883699862921793,0
1571232952750,0.19637696577610014,-1.0604162195531048,1.1566741743854934,1.1745822759301288,-0.49239219263375766,0
1571232953000,1.2847285943781785,-0.8653219886446487,0.3530563762200765,0.295919907040295,-0.4903803041825426,0
1571232953250,0.8493879429373472,-0.8328062834932394,-0.4156215176772788,-0.982449686353663,-0.48434620938974904,0
1571232953500,0.5011154217846822,-1.0929319247045142,-0.6951407518217716,0.432595081563923,-0.46825581346258366,0
1571232953750,0.5446494869287652,-1.1254476298559235,-1.4288787414510653,-0.5600760343914118,-0.47831211459695555,0
1571232954000,0.7623198126491809,-1.4831203865214262,-0.9397200816982029,2.6166914348424926,-0.4702661313529469,0
1571232954250,0.8493879429373472,-1.1254476298559235,-1.0794796987704494,0.43132643823604283,-0.48233589149938577,0
1571232954500,0.06577477034385075,-1.2229947453101515,-0.7650205603578949,-2.167531707037497,-0.48434620938974904,0
1571232954750,-0.1083614902324818,-1.3205418607643795,-0.66020084755371,-2.4874835543288856,-0.4883699862921793,0
1571232955000,0.19637696577610014,-1.3530575659157889,-0.8349003688940181,-0.528529103638124,-0.4883699862921793,0
1571232955250,0.45758135664059896,-1.3205418607643795,-0.66020084755371,-0.14446848017785513,-0.49239219263375766,0
1571232955500,-0.021293359944315533,-1.4831203865214262,-0.5553811347495252,-0.4708481203305038,-0.49239219263375766,0
1571232955750,-0.15189555537656493,-1.4506046813700169,-0.7650205603578949,-1.7687548209738173,-0.49239219263375766,0
1571232956000,-0.06482742508839867,-1.4506046813700169,-0.17104218780084757,1.0615038673050725,-0.4944040810849728,0
1571232956250,-0.06482742508839867,-1.3530575659157889,-0.17104218780084757,0.13361813729348693,-0.4903803041825426,0
1571232956500,-0.5872362068173963,-1.4831203865214262,-0.3806816134092172,0.8965802346806453,-0.4903803041825426,0
1571232956750,0.022240705199767605,-1.4506046813700169,-0.4156215176772788,0.995703566699019,-0.49239219263375766,0
1571232957000,-0.9355087279700615,-1.5156360916728355,-0.5204412304814636,-0.4335500064908257,-0.4883699862921793,0
1571232957250,-0.5872362068173963,-1.4180889762186075,-0.45056142194534043,2.026772287378195,-0.4883699862921793,0
1571232957500,-0.06482742508839867,-1.5156360916728355,-0.45056142194534043,-0.5278524938632546,-0.4883699862921793,0
1571232957750,1.0235242035136798,-1.1254476298559235,-0.9047801774301413,-0.1253542540377933,-0.49239219263375766,0
1571232958000,-0.804906532537812,-1.6131832071270635,-0.3457417091411556,2.2207901403220083,-0.49239219263375766,0
1571232958250,-0.06482742508839867,-1.4506046813700169,-0.48550132621340203,-1.5770205260201882,-0.4883699862921793,0
1571232958500,0.45758135664059896,-1.1579633350073328,-1.2192393158426957,-2.084308704728555,-0.4944040810849728,0
1571232958750,0.41404729149651587,-1.2880261556129702,-0.7999604646259565,0.33854632285707015,-0.4903803041825426,0
1571232959000,-0.36956588109698063,-1.4831203865214262,-0.5553811347495252,-0.9525942800375488,-0.49239219263375766,0
1571232959250,-0.36956588109698063,-1.5156360916728355,-0.66020084755371,0.6085981992518376,-0.4964159695361879,0
1571232959500,-0.5437021416733132,-1.5806675019756542,-0.48550132621340203,1.2727752695080568,-0.4903803041825426,0
1571232959750,-0.06482742508839867,-1.5156360916728355,-0.5204412304814636,0.48114183291080576,-0.4944040810849728,0
1571232960000,-0.7178384022496457,-1.3855732710671982,-0.24092199633697078,-1.0797123414911458,-0.4903803041825426,0
1571232960250,0.3705132263524327,-1.7757617328841102,0.10847704634364527,-0.015320589399649748,-0.4944040810849728,0
1571232960500,0.2399110309201833,-1.5806675019756542,-0.4156215176772788,-0.24435299819295697,-0.49239219263375766,0
1571232960750,-0.5872362068173963,-1.4180889762186075,-0.48550132621340203,0.7311491447250659,-0.49239219263375766,0
1571232961000,-0.28249775080881434,-1.5481517968242449,-0.17104218780084757,0.6851396800339437,-0.4903803041825426,0
1571232961250,0.2399110309201833,-1.5156360916728355,-0.8698402731620797,-0.38745596557784473,-0.4944040810849728,0
1571232961500,-0.19542962052064808,-1.4506046813700169,-0.3806816134092172,-0.2564473979187483,-0.4944040810849728,0
1571232961750,-0.19542962052064808,-1.4831203865214262,-0.5204412304814636,-0.5319121525124713,-0.4903803041825426,0
1571232962000,-0.06482742508839867,-1.5156360916728355,-0.5204412304814636,1.933230986002494,-0.4944040810849728,0
1571232962250,-0.19542962052064808,-1.4831203865214262,-0.45056142194534043,-1.2461583461090293,-0.4944040810849728,0
1571232962500,-0.6307702719614795,-1.5156360916728355,-0.5903210390175868,-1.1076224947045104,-0.4944040810849728,0
1571232962750,0.9799901383695966,-1.4506046813700169,-0.48550132621340203,0.7648950572466794,-0.4944040810849728,0
1571232963000,0.3269791612083496,-1.4831203865214262,-0.6951407518217716,0.019524814006126687,-0.49239219263375766,0
1571232963250,0.15284290063201703,-1.3855732710671982,-0.9047801774301413,0.11289696293811015,-0.4903803041825426,0
1571232963500,0.10930883548793388,-1.4506046813700169,-0.7999604646259565,2.7399189900905903,-0.4903803041825426,0
1571232963750,0.10930883548793388,-1.3855732710671982,-0.9397200816982029,-1.1118513057974444,-0.4944040810849728,0
1571232964000,0.06577477034385075,-1.4506046813700169,-0.8349003688940181,0.9452961384712453,-0.49239219263375766,0
1571232964250,0.10930883548793388,-1.3855732710671982,-0.9047801774301413,-0.965026984650775,-0.4944040810849728,0
1571232964500,0.06577477034385075,-1.4180889762186075,-0.9047801774301413,-0.997842558731943,-0.49239219263375766,0
1571232964750,0.19637696577610014,-1.4180889762186075,-0.9047801774301413,-0.6153888834869891,-0.49239219263375766,0
1571232965000,0.10930883548793388,-1.4180889762186075,-0.8698402731620797,-0.46264422681021183,-0.49239219263375766,0
1571232965250,0.15284290063201703,-1.4180889762186075,-0.8698402731620797,-0.27175569407516953,-0.49239219263375766,0
1571232965500,0.022240705199767605,-1.4506046813700169,-0.7999604646259565,-0.5155043654718873,-0.49239219263375766,0
1571232965750,0.3705132263524327,-1.4506046813700169,-0.7650205603578949,0.47319166805608975,-0.49239219263375766,0
1571232966000,0.15284290063201703,-1.4506046813700169,-0.45056142194534043,-0.20155742993246456,-0.4944040810849728,0
1571232966250,-0.6307702719614795,-1.4831203865214262,-0.7650205603578949,-0.2460445226301306,-0.4944040810849728,0
1571232966500,-0.8919746628259783,-1.5806675019756542,-0.5204412304814636,0.09547426123522193,-0.49239219263375766,0
1571232966750,0.06577477034385075,-1.4180889762186075,-0.24092199633697078,0.026713792864114544,-0.4944040810849728,0
1571232967000,-0.6743043371055626,-1.6131832071270635,-0.5204412304814636,-0.5932299133600147,-0.49239219263375766,0
1571232967250,-0.4566340113851469,-1.4831203865214262,-0.48550132621340203,1.0310564274359475,-0.49239219263375766,0
1571232967500,-1.457917509699059,-1.9058245534897476,0.24823666341589168,1.5580508658373866,-0.4903803041825426,0
1571232967750,-0.9790427931141445,-1.3855732710671982,-0.310801804873094,-1.1494877245245576,-0.4883699862921793,0
1571232968000,-0.19542962052064808,-1.7107303225812915,0.038597237807522056,-0.5151660605844525,-0.49239219263375766,0
1571232968250,-1.1531790536904771,-1.8082774380355195,-0.2758619006050324,-0.5863792393894616,-0.4964159695361879,0
1571232968500,0.06577477034385075,-1.4831203865214262,-0.10116237926472436,0.7310645685032071,-0.4903803041825426,0
1571232968750,-1.457917509699059,-1.4831203865214262,-0.3806816134092172,2.757426268015337,-0.48233589149938577,0
1571232969000,-1.5885197051313085,-1.4180889762186075,-1.1842994115746341,-0.6865174860701395,-0.4883699862921793,0
1571232969250,-1.5014515748431423,-1.3530575659157889,0.10847704634364527,0.3772822324683459,-0.48635809784096423,0
1571232969500,1.415330789810428,-0.897837693796058,-1.7433378798636199,-1.2029398967392437,-0.4903803041825426,0
1571232969750,1.7200692458190099,-2.3285287204580687,-0.8698402731620797,0.1232152620048692,-0.49239219263375766,0
1571232970000,-0.7613724673937289,-2.1334344895496127,0.4229361847561997,1.0626033581892353,-0.4944040810849728,0
1571232970250,0.41404729149651587,-0.05242935985941508,0.2831765676839533,-2.1016468302095843,-0.49239219263375766,0
1571232970500,0.8929220080814304,-0.5076492319791459,0.21329675914783008,-0.5582999337323796,-0.49239219263375766,0
1571232970750,1.3282626595222617,0.7604632689258184,-0.6252609432856484,-1.4891458315090191,-0.4944040810849728,0
1571232971000,1.415330789810428,0.1751805762004503,-0.5553811347495252,-1.1103289338039883,-0.4903803041825426,0
1571232971250,0.19637696577610014,0.07763346074622228,0.3530563762200765,2.0065585703539703,-0.4944040810849728,0
1571232971500,0.9364560732255135,1.4107773719540053,0.2831765676839533,0.6872540855804107,-0.4903803041825426,0
1571232971750,-0.7178384022496457,0.9230417946828652,-0.48550132621340203,1.093389102945795,-0.4903803041825426,0
1571232972000,2.982557134997421,-0.3775864113735085,-0.3806816134092172,0.9946886520367147,-0.4883699862921793,0
1571232972250,1.371796724666345,0.532853332865953,-1.9180374012039278,0.1275286493196619,-0.48233589149938577,0
1571232972500,1.415330789810428,0.7279475637744091,-1.9180374012039278,1.2066366640145685,-0.47630022614574047,0
1571232972750,1.0235242035136798,0.7604632689258184,-2.1276768268122974,-1.6433282839573937,-0.472278019804162,0
1571232973000,1.1976604640900124,0.5003376277145437,-2.092736922544236,1.4117340020218692,-0.47831211459695555,0
1571232973250,1.8942055063953425,1.1506517307427304,-1.1842994115746341,-1.1998105765304725,-0.4702661313529469,0
1571232973500,0.6752516823610146,-0.18249218046505244,-2.4770758694929134,-1.3535701478695539,-0.48635809784096423,0
1571232973750,0.6752516823610146,0.11014916589763163,-1.3939388371830037,-0.41832628655626314,-0.48233589149938577,0
1571232974000,1.2847285943781785,0.5003376277145437,-2.022857114008113,0.4314110144579015,-0.48233589149938577,0
1571232974250,0.9799901383695966,0.4678219225631344,-2.2324965396164824,0.6618812190228064,-0.3073392897041151,0
1571232974500,0.9364560732255135,0.4678219225631344,-2.3023763481526056,-1.4136192653892172,0.13115344732711362,0
1571232974750,1.0235242035136798,0.4678219225631344,-2.1626167310803592,1.5463793472208887,0.1733936814375198,0
1571232975000,1.067058268657763,0.4678219225631344,-2.092736922544236,0.03863904014618852,-0.057502322196664506,0
1571232975250,1.067058268657763,0.4678219225631344,-2.1276768268122974,2.105343597484909,-0.254623414711894,0
1571232975500,1.110592333801846,0.4678219225631344,-1.987917209740051,1.8928881281759034,-0.2908295540295068,0
1571232975750,1.110592333801846,0.4027905122603157,-2.022857114008113,0.30699939210378224,-0.36525215055509574,0
1571232976000,1.1541263989459292,0.4678219225631344,-2.022857114008113,-1.4883846455122909,-0.3773219107015346,0
1571232976250,1.1976604640900124,0.27272769165467836,-1.8481575926678047,-1.0612747251259536,-0.5221448974111341,0
1571232976500,1.2411945292340956,0.33775910195749703,-1.9529773054719894,-1.0632199782287033,-0.6247292205711791,0
1571232976750,1.3282626595222617,0.27272769165467836,-1.5686383585233117,-0.45063440330627913,-0.6247292205711791,0
1571232977000,1.371796724666345,-0.05242935985941508,-2.022857114008113,-0.7400542345066843,-0.6086372540831618,0
1571232977250,1.2847285943781785,0.240211986503269,-1.7433378798636199,-3.4580802763791048,-0.6730035494743789,0
1571232977500,1.110592333801846,0.43530621741172504,-2.022857114008113,-0.1280606931372711,-0.6287514269127574,0
1571232977750,1.371796724666345,0.3052433968060877,-1.8830974969358663,-1.1921141403413325,-0.6468537112911379,0
1571232978000,1.2847285943781785,0.27272769165467836,-1.7433378798636199,1.2380990185459977,-0.6468537112911379,0
1571232978250,1.763603310963093,0.630400448320181,-2.1975566353484206,2.972588176423821,-0.6428315049495595,0
1571232978500,1.3282626595222617,0.43530621741172504,-1.1493595073065725,-1.1021250402836962,-0.6569115829863617,0
1571232978750,1.3282626595222617,0.37027480710890637,-0.9047801774301413,0.5779816069389953,-0.6669694546815854,0
1571232979000,1.5023989200985943,0.43530621741172504,-1.3240590286468805,-0.9643503748759054,-0.6790376442671723,0
1571232979250,0.9364560732255135,0.9230417946828652,-1.7083979755955583,-0.11706578429564259,-0.6790376442671723,0
1571232979500,1.1541263989459292,0.8905260895314557,-2.372256156688729,-0.3021185577224359,-0.6850717390599659,0
1571232979750,0.8493879429373472,0.6629161534715904,-2.4770758694929134,2.0939258075339873,-0.6730035494743789,0
1571232980000,0.5446494869287652,0.6629161534715904,-2.686715295101283,-0.059723105875457094,-0.6508774881935682,0
1571232980250,0.45758135664059896,0.7279475637744091,-2.686715295101283,-0.24680570862685874,-0.6046134771807316,0
1571232980500,0.7187857475050978,0.630400448320181,-2.512015773760975,-0.5286982560818414,-0.560362925179962,0
1571232980750,0.45758135664059896,0.630400448320181,-2.686715295101283,1.9363603062112653,-0.534213086996721,0
1571232981000,0.6317176172169315,0.6954318586229997,-2.5469556780290366,2.237536232250027,-0.5422590702407296,0
1571232981250,0.5881835520728484,0.5978847431687717,-2.6168354865651597,-1.3634655658270194,-0.5503050534847382,0
1571232981500,0.5881835520728484,0.5978847431687717,-2.6168354865651597,-0.9436292005205288,-0.5382368638991513,0
1571232981750,0.5881835520728484,0.6629161534715904,-2.5818955822970984,1.3785801230532662,-0.5583510367287469,0
1571232982000,0.5881835520728484,0.630400448320181,-2.6168354865651597,-2.7277646006293974,-0.5643851315215404,0
1571232982250,0.5881835520728484,0.630400448320181,-2.6168354865651597,0.7934818202349134,-0.5744430032167641,0
1571232982500,0.5446494869287652,0.630400448320181,-2.6517753908332216,-0.6328961614117359,-0.5865111928023511,0
1571232982750,0.5446494869287652,0.630400448320181,-2.6517753908332216,-1.281511206845958,-0.5885230812535662,0
1571232983000,0.5011154217846822,0.630400448320181,-2.686715295101283,0.3776205373557806,-0.5965690644975749,0
1571232983250,0.5011154217846822,0.630400448320181,-2.686715295101283,-0.9481117402790388,-0.6005912708391532,0
1571232983500,0.5011154217846822,0.630400448320181,-2.686715295101283,-0.01168381185972648,-0.6046134771807316,0
1571232983750,0.5011154217846822,0.630400448320181,-2.686715295101283,0.8526005993141313,-0.6086372540831618,0
1571232984000,0.45758135664059896,0.630400448320181,-2.686715295101283,-0.5108526732696598,-0.6046134771807316,0
1571232984250,0.5011154217846822,0.630400448320181,-2.6517753908332216,-0.42382374097707737,-0.6066253656319467,0
1571232984500,0.45758135664059896,0.5978847431687717,-2.7216551993693447,-0.22676114404635142,-0.610649142534377,0
1571232984750,0.45758135664059896,0.5978847431687717,-2.7216551993693447,0.8963265060150692,-0.6126594604247402,0
1571232985000,0.45758135664059896,0.5978847431687717,-2.7216551993693447,0.5466884048512833,-0.6166832373271705,0
1571232985250,0.45758135664059896,0.630400448320181,-2.7216551993693447,-0.9156344710853054,-0.6166832373271705,0
1571232985500,0.45758135664059896,0.630400448320181,-2.7216551993693447,0.7457808311066175,-0.6207054436687487,0
1571232985750,0.5446494869287652,0.630400448320181,-2.6168354865651597,-0.5895931358200914,-0.6146713488759553,0
1571232986000,0.7187857475050978,0.6954318586229997,-2.4770758694929134,0.17413014756379497,-0.6126594604247402,0
1571232986250,0.6752516823610146,0.7279475637744091,-2.267436443884544,-0.29865093262623,-0.5543288303871685,0
1571232986500,0.6317176172169315,0.6954318586229997,-2.5469556780290366,0.15315524454284216,-0.4376644291903214,0
1571232986750,0.8929220080814304,0.7604632689258184,-2.372256156688729,-0.9404998803117576,-0.4658245852639256,0
1571232987000,0.7623198126491809,0.6954318586229997,-2.4770758694929134,-2.5883829870062915,-0.6086372540831618,0
1571232987250,1.110592333801846,0.43530621741172504,-1.4987585499871885,1.2159400484190235,-0.6508774881935682,0
1571232987500,1.2411945292340956,0.630400448320181,-1.9180374012039278,1.6550597923092936,-0.6649575662303702,0
1571232987750,1.1976604640900124,0.5653690380173624,-1.6035782627913733,-0.5288674085255588,-0.6790376442671723,0
1571232988000,1.2847285943781785,0.5653690380173624,-1.7433378798636199,-1.597149666822554,-0.6810495327183875,0
1571232988250,1.2411945292340956,0.5653690380173624,-1.463818645719127,-2.0187621327880776,-0.6911058338527593,0
1571232988500,1.1976604640900124,0.6954318586229997,-2.2324965396164824,0.45737591456851645,-0.6951296107551896,0
1571232988750,0.2399110309201833,0.8254946792286371,-2.791535007905468,0.28001957733086313,-0.6911058338527593,0
1571232989000,0.41404729149651587,0.6954318586229997,-2.7216551993693447,1.698616546566514,-0.6951296107551896,0
1571232989250,0.3269791612083496,0.630400448320181,-2.791535007905468,1.0884836820779917,-0.6951296107551896,0
1571232989500,0.6752516823610146,0.43530621741172504,-2.6168354865651597,1.6550597923092936,-0.6951296107551896,0
1571232989750,0.3269791612083496,0.5003376277145437,-2.791535007905468,0.9164556468174352,-0.6971399286455527,0
1571232990000,0.45758135664059896,0.4678219225631344,-2.791535007905468,0.0776286784230403,-0.6730035494743789,0
1571232990250,1.1541263989459292,0.5003376277145437,-2.092736922544236,0.20077165744927936,-0.6669694546815854,0
1571232990500,0.7623198126491809,0.5003376277145437,-2.4770758694929134,0.043206156126557274,-0.6247292205711791,0
1571232990750,0.5881835520728484,0.5003376277145437,-2.6517753908332216,0.903261756207481,-0.5120885962767622,0
1571232991000,0.5881835520728484,0.6629161534715904,-2.5818955822970984,-0.5448523144568493,-0.534213086996721,0
1571232991250,0.7187857475050978,0.5653690380173624,-2.5818955822970984,-1.0759064115075052,-0.5865111928023511,0
1571232991500,0.5881835520728484,0.5653690380173624,-2.6517753908332216,0.32492955113782257,-0.6166832373271705,0
1571232991750,0.5011154217846822,0.532853332865953,-2.686715295101283,2.7631774511017273,-0.6227173321199639,0
1571232992000,0.5881835520728484,0.5653690380173624,-2.6168354865651597,0.8819485482990935,-0.6287514269127574,0
1571232992250,0.45758135664059896,0.5653690380173624,-2.7216551993693447,-0.95572360024632,-0.6287514269127574,0
1571232992500,0.5011154217846822,0.5978847431687717,-2.7216551993693447,-1.2678098589048516,-0.6267395384615423,0
1571232992750,0.5446494869287652,0.5653690380173624,-2.6517753908332216,0.4440974477367036,-0.6267395384615423,0
1571232993000,0.5881835520728484,0.5653690380173624,-2.6517753908332216,-2.7706447451117486,-0.6307633153639725,0
1571232993250,0.5881835520728484,0.5653690380173624,-2.6168354865651597,-0.6672341074863603,-0.6327736332543358,0
1571232993500,0.5881835520728484,0.5653690380173624,-2.6168354865651597,0.30082532790809857,-0.6347855217055509,0
1571232993750,0.5881835520728484,0.532853332865953,-2.6168354865651597,-0.9032017664720794,-0.6347855217055509,0
1571232994000,0.5881835520728484,0.532853332865953,-2.6168354865651597,-0.896943126054537,-0.6408196164983444,0
1571232994250,0.5881835520728484,0.532853332865953,-2.6517753908332216,0.2400150243917072,-0.6468537112911379,0
1571232994500,0.5446494869287652,0.5003376277145437,-2.6517753908332216,-0.05574802344809911,-0.6528893766447833,0
1571232994750,0.5446494869287652,0.5003376277145437,-2.6517753908332216,0.32306887425693154,-0.6468537112911379,0
1571232995000,0.5881835520728484,0.5003376277145437,-2.6168354865651597,0.09868815766585179,-0.6468537112911379,0
1571232995250,0.6752516823610146,0.532853332865953,-2.5818955822970984,0.5377233253342631,-0.6508774881935682,0
1571232995500,0.7187857475050978,0.630400448320181,-2.512015773760975,0.6959654364318546,-0.6508774881935682,0
1571232995750,0.7623198126491809,0.532853332865953,-2.4770758694929134,0.019693966449844048,-0.6508774881935682,0
1571232996000,0.7623198126491809,0.532853332865953,-2.4770758694929134,-0.6868557909575742,-0.6569115829863617,0
1571232996250,0.8058538777932641,0.5653690380173624,-2.442135965224852,-1.0602598104636494,-0.662945677779155,0
1571232996500,0.8058538777932641,0.630400448320181,-2.40719606095679,-0.7777752294556559,-0.6649575662303702,0
1571232996750,0.8929220080814304,0.5978847431687717,-2.092736922544236,0.030435146625896494,-0.6689797725719485,0
1571232997000,1.0235242035136798,0.5653690380173624,-2.1276768268122974,0.17201574201732794,-0.6790376442671723,0
1571232997250,0.8058538777932641,0.5003376277145437,-2.442135965224852,0.6951196742132679,-0.6730035494743789,0
1571232997500,0.8929220080814304,0.5003376277145437,-2.372256156688729,-0.2456216415208372,-0.6689797725719485,0
1571232997750,0.8929220080814304,0.5003376277145437,-2.337316252420667,-1.2956354358963578,-0.6689797725719485,0
1571232998000,0.8929220080814304,0.5653690380173624,-2.337316252420667,0.27595991868164643,-0.6689797725719485,0
1571232998250,0.8929220080814304,0.5653690380173624,-2.337316252420667,1.9004154119213261,-0.6166832373271705,0
1571232998500,0.8493879429373472,0.532853332865953,-2.372256156688729,3.281375962429864,-0.584499304351136,0
1571232998750,0.7623198126491809,0.6629161534715904,-2.442135965224852,-0.048728197033828614,-0.5663970199727555,0
1571232999000,0.8058538777932641,0.532853332865953,-2.442135965224852,0.853446361532718,-0.5744430032167641,0
1571232999250,0.8929220080814304,0.5003376277145437,-2.337316252420667,1.5662547593576788,-0.6388092986079812,0
1571232999500,0.3269791612083496,0.5978847431687717,-2.791535007905468,0.24458214037207593,-0.6750138673647421,0
1571232999750,0.022240705199767605,0.7279475637744091,-2.966234529245776,-1.7695160069705456,-0.6709916610231638,0
1571233000000,0.41404729149651587,0.5653690380173624,-2.7565951036374066,-0.9252761603771951,-0.6709916610231638,0
1571233000250,0.41404729149651587,0.532853332865953,-2.7565951036374066,-1.797933617515062,-0.6589234714375768,0
1571233000500,0.41404729149651587,0.532853332865953,-2.791535007905468,-0.3697795352093804,-0.66093378932794,0
1571233000750,0.5011154217846822,0.5003376277145437,-2.7216551993693447,1.210442593998209,-0.6468537112911379,0
1571233001000,0.6317176172169315,0.5653690380173624,-2.5818955822970984,1.7337156786378665,-0.66093378932794,0
1571233001250,0.9799901383695966,0.5653690380173624,-2.372256156688729,0.6843784940372155,-0.6649575662303702,0
1571233001500,1.067058268657763,0.5003376277145437,-2.1975566353484206,-3.539104296919721,-0.6890939454015442,0
1571233001750,0.7623198126491809,0.37027480710890637,-1.9180374012039278,-1.2394768245821937,-0.6951296107551896,0
1571233002000,1.2847285943781785,0.5653690380173624,-1.3939388371830037,-1.3140730522615498,-0.7051859118895615,0
1571233002250,2.677818678988839,0.4678219225631344,-1.638518167059435,-2.0099662057147745,-0.7092096887919918,0
1571233002500,0.41404729149651587,-1.3530575659157889,-0.5204412304814636,-0.8533017955754577,-0.711220006682355,0
1571233002750,1.6330011155308437,0.7604632689258184,-0.10116237926472436,0.2740146655788968,-0.7132318951335701,0
1571233003000,0.6752516823610146,-0.6377120525847833,0.1783568548797685,-0.05617090455739251,-0.7132318951335701,0
1571233003250,0.5011154217846822,-0.5726806422819646,-0.2059820920689092,0.19036878216066164,-0.7152437835847851,0
1571233003500,0.28344509606426643,-0.8653219886446487,0.24823666341589168,0.16584167782164425,-0.6931177223039744,0
1571233003750,0.7623198126491809,-0.702743462887602,0.003657333539460452,0.37821257090879135,-0.6911058338527593,0
1571233004000,0.022240705199767605,-0.9628691040988767,-0.24092199633697078,0.6195085318716074,-0.6890939454015442,0
1571233004250,0.28344509606426643,-0.7677748731904207,-0.031282570728601154,2.2221433598717475,-0.699151817096768,0
1571233004500,0.28344509606426643,-1.2555104504615608,0.2831765676839533,3.0833830270586926,-0.7051859118895615,0
1571233004750,0.6752516823610146,-1.5156360916728355,0.10847704634364527,0.3324568348832451,-0.7071978003407765,0
1571233005000,-0.19542962052064808,-1.3530575659157889,-1.289119124378819,0.08938477326139692,-0.7132318951335701,0
1571233005250,-0.021293359944315533,-1.5806675019756542,-1.114419603038511,-1.0475733771848472,-0.711220006682355,0
1571233005500,0.8493879429373472,-1.3855732710671982,-1.9529773054719894,0.5169175747570276,-0.725300084719157,0
1571233005750,-0.3260318159528975,-1.5156360916728355,-2.092736922544236,-0.15453305057903813,-0.711220006682355,0
1571233006000,0.022240705199767605,-1.8082774380355195,-1.8481575926678047,0.1699859126927196,-0.7212778783775786,0
1571233006250,1.0235242035136798,-1.0929319247045142,-1.8481575926678047,0.3538546190134913,-0.7192659899263635,0
1571233006500,1.2411945292340956,-0.24752359076787114,-2.1626167310803592,-0.3845803740346495,-0.7132318951335701,0
1571233006750,0.8929220080814304,0.8580103843800464,-1.3939388371830037,1.4583355002660021,-0.6247292205711791,0
1571233007000,0.5881835520728484,1.67090301316528,-1.6035782627913733,-1.7323870455745844,-0.6227173321199639,0
1571233007250,0.28344509606426643,2.093607180133602,-1.3589989329149421,0.030519722847755174,-0.6408196164983444,0
1571233007500,-0.804906532537812,2.223670000739239,-1.53369845425525,-0.2702333220817133,-0.6528893766447833,0
1571233007750,-1.7191219005635578,2.386248526496286,-1.1493595073065725,-0.35929208369890403,-0.662945677779155,0
1571233008000,-1.762655965707641,2.418764231647695,-1.1842994115746341,0.5027087694847693,-0.6770257558159573,0
1571233008250,-2.110928486860306,2.3537328213448765,-1.289119124378819,0.2351096035239037,-0.6790376442671723,0
1571233008500,-1.9367922262839736,2.581342757404742,-0.9397200816982029,0.3919139188498976,-0.6186935552175337,0
1571233008750,-1.8497240959958072,1.6058716028624613,-3.1059941463180225,-0.2939992404240026,-0.6327736332543358,0
1571233009000,2.111875832115758,0.20769628135185966,-3.69997251887507,-0.1865028624416194,-0.6649575662303702,0
1571233009250,2.939023069853338,-1.3855732710671982,1.715712642674479,-0.34948124196329705,-0.6830598506087506,0
1571233009500,0.7187857475050978,1.18316743589414,0.21329675914783008,0.11847899358078307,-0.6649575662303702,0
1571233009750,0.8058538777932641,0.7279475637744091,-0.3806816134092172,-0.1979206523925413,-0.5945571760463597,0
1571233010000,1.0235242035136798,0.9880732049856839,-0.48550132621340203,-0.5772450074287241,-0.6388092986079812,0
1571233010250,1.7200692458190099,0.532853332865953,-0.7650205603578949,0.11594170692502266,-0.6669694546815854,0
1571233010500,1.2411945292340956,0.4678219225631344,-1.114419603038511,0.6623886763539584,-0.6790376442671723,0
1571233010750,1.0235242035136798,0.33775910195749703,-0.9047801774301413,0.22842808199706793,-0.6971399286455527,0
1571233011000,4.245045024175832,-3.8242511574228986,-1.0794796987704494,-1.7008401148212968,-0.699151817096768,0
1571233011250,0.8493879429373472,-1.9708559637925664,-1.53369845425525,-1.1987110856463097,-0.6850717390599659,0
1571233011500,0.10930883548793388,-0.9303533989474674,0.21329675914783008,0.018763628009398563,-0.6830598506087506,0
1571233011750,-1.0225768582582277,-1.7107303225812915,0.038597237807522056,0.40578441923472125,-0.5704192263143338,0
1571233012000,0.9364560732255135,-1.3530575659157889,0.07353714207558366,-0.6878707056198783,-0.5120885962767622,0
1571233012250,-0.15189555537656493,-1.1254476298559235,0.4229361847561997,-0.2915465299901008,-0.5543288303871685,0
1571233012500,0.5881835520728484,-0.41010211652491785,0.6325756103645693,-1.8867386504666768,-0.6327736332543358,0
1571233012750,-0.19542962052064808,-1.5806675019756542,-0.24092199633697078,1.6531145392065438,-0.6669694546815854,0
1571233013000,-0.28249775080881434,-1.0604162195531048,-0.3457417091411556,1.5873142386004901,-0.7836322853175806,0
1571233013250,1.9812736366835089,-0.7677748731904207,0.9120948445090622,0.6068220985928052,-0.711220006682355,0
1571233013500,-1.0661109234023107,0.07763346074622228,0.9120948445090622,0.5893148206680583,-0.8882269263679888,0
1571233013750,1.371796724666345,-0.897837693796058,1.0518544615813086,-1.025668135723449,-0.7297416308081784,0
1571233014000,0.3705132263524327,0.0126020504434036,1.6807727384064175,-0.09482223794680956,-0.6291707666602003,0
1571233014250,-0.9355087279700615,-1.8082774380355195,0.7373953231687541,0.3112282031967163,-0.7015814747345742,0
1571233014500,-2.7639394640215533,0.33775910195749703,1.2614938871896781,1.585284409275882,-0.49842628742655115,0
1571233014750,-1.2837812491227265,0.14266487104904096,1.2265539829216165,-0.26329807188930143,-0.5024500643289814,0
1571233015000,-0.36956588109698063,-0.41010211652491785,0.3879962804881381,-0.3659736052257398,-0.49842628742655115,0
1571233015250,1.1541263989459292,-0.7677748731904207,-0.9746599859662645,-0.5454443480098601,-0.47630022614574047,0
1571233015500,0.45758135664059896,-1.1254476298559235,-0.9047801774301413,-0.6503188631146242,-0.4260155793521773,0
1571233015750,0.8493879429373472,-0.7352591680390114,-0.7650205603578949,-0.17846812136504475,-0.44814007007213624,0
1571233016000,4.201510959031749,-0.9303533989474674,-0.7650205603578949,-0.7533327013384973,-0.4501519585233513,0
1571233016250,1.6330011155308437,-1.0929319247045142,-3.1059941463180225,0.5478724719573048,-0.47831211459695555,0
1571233016500,-0.6307702719614795,0.6629161534715904,1.1217342701174318,1.5961101656737928,-0.4602098302185751,0
1571233016750,0.9799901383695966,0.4027905122603157,-0.10116237926472436,0.5421212888709145,-0.4561860533161448,0
1571233017000,0.41404729149651587,0.240211986503269,0.003657333539460452,-5.2053404437575885,-0.446129752181773,0
1571233017250,1.415330789810428,0.240211986503269,-0.13610228353278597,1.909718796325781,-0.4662439250113685,0
1571233017500,1.415330789810428,0.1751805762004503,-0.48550132621340203,1.6039757543066502,-0.4883699862921793,0
1571233017750,0.3705132263524327,-0.5401649371305552,-0.17104218780084757,-1.5102053107518303,-0.46423203656015344,0
1571233018000,1.371796724666345,-0.8653219886446487,-0.8349003688940181,-0.3404315862244182,-0.4742899082553772,0
1571233018250,-0.021293359944315533,-0.702743462887602,-1.0794796987704494,-0.14032424530677978,-0.4803240030481707,0
1571233018500,-0.15189555537656493,-1.6456989122784729,-0.5553811347495252,0.039569378586634,-0.4803240030481707,0
1571233018750,-1.1531790536904771,-2.1334344895496127,-1.289119124378819,-1.1881390579139746,-0.47831211459695555,0
1571233019000,-0.5872362068173963,-1.8407931431869289,-0.5553811347495252,0.5934590555391337,-0.4742899082553772,0
1571233019250,-0.9790427931141445,-1.2880261556129702,-0.3457417091411556,0.08490223350288685,-0.47831211459695555,0
1571233019500,0.5881835520728484,-0.6702277577361927,-0.3806816134092172,-0.2631289194455841,-0.47831211459695555,0
1571233019750,0.2399110309201833,-0.5076492319791459,0.21329675914783008,-0.32732227183632273,-0.46825581346258366,0
1571233020000,0.7187857475050978,-0.31255500107068984,0.07353714207558366,0.30260142856713085,-0.47831211459695555,0
1571233020250,0.7187857475050978,-0.05242935985941508,0.4229361847561997,1.2047759871336776,-0.4944040810849728,0
1571233020500,0.5011154217846822,-0.08494506501082442,0.9470347487771238,0.060967162716880206,-0.4602098302185751,0
1571233020750,0.5011154217846822,0.33775910195749703,0.49281599329232295,0.6357471664684741,-0.5145182539145684,0
1571233021000,0.2399110309201833,0.5003376277145437,0.5976357060965077,-0.5171958899090608,-0.5627925828177682,0
1571233021250,0.19637696577610014,0.5978847431687717,0.6675155146326309,0.014196512029029804,-0.472278019804162,0
1571233021500,-0.3260318159528975,0.5978847431687717,1.1566741743854934,0.25853721697875826,-0.48635809784096423,0
1571233021750,-0.15189555537656493,0.9880732049856839,0.5626958018284461,0.43081898090489074,-0.48434620938974904,0
1571233022000,-0.28249775080881434,1.020588910137093,1.016914557313247,-0.2762382338336796,-0.48434620938974904,0
1571233022250,0.06577477034385075,0.8254946792286371,1.016914557313247,0.11678746914360946,-0.48635809784096423,0
1571233022500,0.022240705199767605,0.37027480710890637,0.6675155146326309,-0.4730471020988295,-0.48434620938974904,0
1571233022750,0.9364560732255135,0.532853332865953,0.8072751317048774,0.21286605717507068,-0.48434620938974904,0
1571233023000,1.1976604640900124,0.8580103843800464,0.5277558975603845,-0.27708399605226647,-0.48635809784096423,0
1571233023250,-0.19542962052064808,1.768450128619508,0.21329675914783008,0.48900742154366306,-0.47630022614574047,0
1571233023500,-0.7613724673937289,2.288701411042058,-0.7300806560898333,-0.17753778292459926,-0.46825581346258366,0
1571233023750,-0.6307702719614795,1.4432930771054147,-1.6734580713274967,0.5166638460914516,-0.4260155793521773,0
1571233024000,-0.50016807652923,0.9230417946828652,-1.0095998902343262,0.11416560626599036,-0.49239219263375766,0
1571233024250,0.15284290063201703,3.2316568604329285,0.8771549402410006,0.20212487699901824,-0.5969868336841659,0
1571233024500,-1.1531790536904771,1.865997244073736,-0.7300806560898333,-0.3895703711243117,-0.49842628742655115,0
1571233024750,-0.28249775080881434,0.11014916589763163,1.2614938871896781,0.6063146412616531,-0.49239219263375766,0
1571233025000,-1.1531790536904771,-0.11746077016223377,0.842215035972939,0.38870002241926777,-0.4903803041825426,0
1571233025250,-0.9790427931141445,0.7929789740772277,1.1566741743854934,0.2902533001757635,-0.48233589149938577,0
1571233025500,-0.15189555537656493,0.6954318586229997,0.9819746530451854,-0.29112364888080744,-0.472278019804162,0
1571233025750,-0.06482742508839867,0.27272769165467836,0.7723352274368158,0.8717148254541931,-0.4662439250113685,0
1571233026000,-0.19542962052064808,0.532853332865953,0.2831765676839533,0.0876932488242233,-0.4702661313529469,0
1571233026250,0.45758135664059896,-0.3450707062220992,-0.7999604646259565,1.602791687200629,-0.598998722135381,0
1571233026500,1.067058268657763,-1.7432460277327009,-1.9180374012039278,-0.9735691830585016,-0.46825581346258366,0
1571233026750,0.6317176172169315,-1.3205418607643795,-2.40719606095679,0.9456344433586801,-0.47630022614574047,0
1571233027000,-0.28249775080881434,-2.003371668943976,-3.315633571926392,-3.5948400271245915,-0.4803240030481707,0
1571233027250,0.7187857475050978,-1.3855732710671982,0.9120948445090622,-2.2187003212619985,-0.4742899082553772,0
1571233027500,1.0235242035136798,-0.8653219886446487,-1.2192393158426957,-1.1761292344100418,-0.46423203656015344,0
1571233027750,0.7623198126491809,-0.4751335268277365,-0.9047801774301413,1.8686993287243208,-0.45417573542578155,0
1571233028000,1.110592333801846,-0.4751335268277365,-0.5204412304814636,3.470826699393309,-0.546700616329751,0
1571233028250,0.6317176172169315,-0.6377120525847833,-0.5903210390175868,-0.22718402515564481,-0.524576125609792,0
1571233028500,-0.3260318159528975,-0.1499764753136431,-0.5204412304814636,-1.2395614008040523,-0.446129752181773,0
1571233028750,0.2399110309201833,-0.2800392959192805,-0.13610228353278597,0.6115583670168914,-0.43808376893776435,0
1571233029000,1.3282626595222617,-0.24752359076787114,0.3879962804881381,-0.3038946583814682,-0.4581979417673599,0
1571233029250,1.7200692458190099,-0.08494506501082442,-0.6951407518217716,-0.18100540802080517,-0.44009565738897943,0
1571233029500,1.067058268657763,-0.5076492319791459,-0.6951407518217716,1.1439656836172862,-0.45417573542578155,0
1571233029750,0.5881835520728484,-1.1254476298559235,-0.13610228353278597,1.1608809279890224,-0.4360718804865492,0
1571233030000,-0.50016807652923,-1.7107303225812915,-0.10116237926472436,-2.9971398672492953,-0.45417573542578155,0
1571233030250,0.022240705199767605,-1.2880261556129702,-0.310801804873094,-0.46619642812827644,-0.46423203656015344,0
1571233030500,-0.4566340113851469,-1.3855732710671982,-0.310801804873094,1.0165093172762545,-0.4883699862921793,0
1571233030750,0.8493879429373472,-1.6131832071270635,-0.3806816134092172,2.779838966807888,-0.4602098302185751,0
1571233031000,1.8942055063953425,-0.7352591680390114,-1.53369845425525,-0.8392621427469168,-0.5064722706705598,0
1571233031250,0.7623198126491809,-0.8328062834932394,-0.6951407518217716,-2.031363989845021,-0.5004381758777663,0
1571233031500,0.022240705199767605,-1.4831203865214262,-0.45056142194534043,-0.38973952356802904,-0.5808964377570005,0
1571233031750,-0.19542962052064808,-1.3205418607643795,-0.310801804873094,3.158655864512918,-0.5446902984393877,0
1571233032000,-0.28249775080881434,-1.5481517968242449,-0.17104218780084757,0.20153284344600747,-0.4742899082553772,0
1571233032250,-0.28249775080881434,-1.4180889762186075,-0.3457417091411556,-1.771714988738871,-0.47630022614574047,0
1571233032500,-0.4130999462410638,-1.5806675019756542,-0.3457417091411556,-1.082926237921776,-0.47630022614574047,0
1571233032750,-0.23896368566473122,-1.9708559637925664,-0.7650205603578949,0.8356007787205364,-0.47831211459695555,0
1571233033000,0.19637696577610014,-1.7432460277327009,-0.9047801774301413,-0.01954940049258378,-0.47831211459695555,0
1571233033250,0.06577477034385075,-1.7432460277327009,-0.5903210390175868,0.7339401600464023,-0.47831211459695555,0
1571233033500,-0.23896368566473122,-1.6456989122784729,-0.7999604646259565,-0.18912472531923852,-0.4803240030481707,0
1571233033750,0.3705132263524327,-1.1254476298559235,-0.8349003688940181,0.5915983786582428,-0.5125063654633533,0
1571233034000,-0.28249775080881434,-1.4831203865214262,-0.48550132621340203,0.12211577112070633,-0.47831211459695555,0
1571233034250,0.06577477034385075,-1.3855732710671982,-0.6252609432856484,0.5232607913964287,-0.4742899082553772,0
1571233034500,0.3269791612083496,-1.7432460277327009,-0.06622247499666276,0.09792697166912367,-0.47630022614574047,0
1571233034750,0.5881835520728484,0.11014916589763163,-2.1276768268122974,0.7910291098010118,-0.47831211459695555,0
1571233035000,-0.15189555537656493,-1.6131832071270635,-0.6252609432856484,0.5463500999638485,-0.40187762962015144,0
1571233035250,-0.9355087279700615,-1.7757617328841102,-1.3589989329149421,0.6633190147944039,-0.21481440880014568,0
1571233035500,-1.457917509699059,-1.7107303225812915,-1.0095998902343262,-0.3699486876530978,0.11305116294873307,0
1571233035750,-1.5885197051313085,-1.7432460277327009,-1.0794796987704494,2.0118022961092086,0.17138336354715658,0
1571233036000,-1.5014515748431423,-1.7432460277327009,-1.0794796987704494,-0.7264374627874367,-0.00721610484224958,0
1571233036250,-1.457917509699059,-1.7432460277327009,-1.114419603038511,0.7513628617492906,-0.14198279041747708,0
1571233036500,-1.5449856399872253,-1.7107303225812915,-1.1842994115746341,-0.30947668902414116,-0.18422302452788342,0
1571233036750,-1.370849379410893,-1.7432460277327009,-1.3939388371830037,-0.656154622422873,-0.18824680143031364,0
1571233037000,-1.2837812491227265,-1.6782146174298822,-1.4987585499871885,-0.26465129143904037,-0.21841727539428113,0
1571233037250,0.41404729149651587,-1.4180889762186075,-1.987917209740051,-0.22693029649006877,-0.32904758179833477,0
1571233037500,-1.1967131188345603,-1.7107303225812915,-1.3589989329149421,-0.49622098688810806,-0.37128781590874105,0
1571233037750,-0.8919746628259783,-1.7107303225812915,-1.289119124378819,-0.35996869347377347,-0.4195621448119408,0
1571233038000,-0.7613724673937289,-1.6131832071270635,-1.1493595073065725,0.2097367369662995,-0.45375639567833864,0
1571233038250,-0.8919746628259783,-1.8082774380355195,-1.0095998902343262,0.110021371394915,-0.4738705685079342,0
1571233038500,-0.021293359944315533,-1.5481517968242449,-0.9397200816982029,-0.43456492115312984,-0.5060529309231169,0
1571233038750,-0.1083614902324818,-1.9383402586411569,-0.7999604646259565,-0.09321528973149464,-0.662945677779155,0
1571233039000,-1.0661109234023107,-1.5481517968242449,-0.9047801774301413,0.29515872104356694,-0.7977123633543827,0
1571233039250,-0.5437021416733132,-1.4180889762186075,-0.5903210390175868,-0.04551430060319875,-0.8946803609082253,0
1571233039500,-0.15189555537656493,-0.8653219886446487,-0.24092199633697078,-0.7655116772861472,-0.8946803609082253,0
1571233039750,0.5011154217846822,-0.6051963474333739,0.24823666341589168,-2.4745433923845077,-0.8725542996274146,0
1571233040000,1.7200692458190099,0.532853332865953,-0.6252609432856484,-2.6273726252831437,-0.7739937533697998,0
1571233040250,1.5894670503867605,0.6629161534715904,-0.7650205603578949,-0.3787446147264006,-0.4300377856937558,0
1571233040500,1.5459329852426775,0.9230417946828652,-1.7782777841316815,0.56292703944815,-0.7357772961618237,0
1571233040750,1.371796724666345,0.240211986503269,0.7024554189006925,1.6840694364068207,-0.5084841591217749,0
1571233041000,1.2847285943781785,0.5003376277145437,0.038597237807522056,1.874450511810711,-0.4581979417673599,0
1571233041250,1.110592333801846,0.37027480710890637,-0.5903210390175868,1.3052525387017901,-0.46222014810893836,0
1571233041500,1.0235242035136798,0.33775910195749703,-0.2059820920689092,1.3806099523778745,-0.7035933631857892,0
1571233041750,1.8942055063953425,0.07763346074622228,-1.4987585499871885,-0.20697030813142014,-0.586930532549794,0
1571233042000,0.19637696577610014,1.2481988461969586,-5.551787445082335,0.2562536589885739,-0.546700616329751,0
1571233042250,0.9364560732255135,0.045117755594812944,-3.315633571926392,0.09725036189425422,-0.48434620938974904,0
1571233042500,0.7623198126491809,-0.4426178216763272,-1.2192393158426957,0.5347631575692092,-0.6935370620514174,0
1571233042750,0.8493879429373472,-1.6782146174298822,-1.114419603038511,0.17125455602059983,-0.7659477701257913,0
1571233043000,0.28344509606426643,-1.5156360916728355,-0.5553811347495252,0.4720921771719269,-0.8564623331393975,0
1571233043250,-0.6743043371055626,-1.6456989122784729,-0.66020084755371,-0.6085382095164359,-0.8303140655170083,0
1571233043500,-1.1967131188345603,-1.7432460277327009,-0.7999604646259565,-0.534364862946373,-0.5406665215369575,0
1571233043750,-0.4130999462410638,-1.3855732710671982,-0.9397200816982029,-0.4785445565196437,-0.4602098302185751,0
1571233044000,0.41404729149651587,-1.9383402586411569,-0.9746599859662645,0.3772822324683459,-0.4883699862921793,0
1571233044250,-0.28249775080881434,-1.3855732710671982,-1.3589989329149421,0.2609053511908013,-0.5024500643289814,0
1571233044500,1.1541263989459292,-1.0929319247045142,-0.17104218780084757,-0.1970748901739545,-0.4883699862921793,0
1571233044750,-0.8484405976818952,-0.6702277577361927,0.07353714207558366,0.18884641016720538,-0.723707536015385,0
1571233045000,1.371796724666345,-0.2800392959192805,-0.8349003688940181,0.9110427686184797,-0.5205523487073619,0
1571233045250,1.0235242035136798,-0.3775864113735085,-1.638518167059435,-0.20189573481989928,-0.6090565938306047,0
1571233045500,1.110592333801846,-1.3530575659157889,-1.0794796987704494,-0.033673629542983446,-0.611066911720968,0
1571233045750,0.8058538777932641,-1.3205418607643795,-0.13610228353278597,-0.8699633112816179,-0.44009565738897943,0
1571233046000,0.28344509606426643,-1.8407931431869289,-0.6951407518217716,1.2845313643464136,-0.7056052516370044,0
1571233046250,-0.3260318159528975,-1.7757617328841102,0.10847704634364527,0.22766689600033982,-0.6271588782089852,0
1571233046500,-0.5872362068173963,-1.3530575659157889,-0.45056142194534043,-0.6852488427422592,-0.6331929730017788,0
1571233046750,-0.6743043371055626,-1.3855732710671982,-0.48550132621340203,-2.169138655252812,-0.7418113909546172,0
1571233047000,-1.109644988546394,-1.6782146174298822,-0.5204412304814636,-0.48387285849674067,-0.7538795805402042,0
1571233047250,-0.8919746628259783,-1.6131832071270635,-0.3457417091411556,0.5572604325836185,-0.6774450955634002,0
1571233047500,-0.7178384022496457,-1.6456989122784729,-0.310801804873094,0.5500714537256305,-0.7377876140521871,0
1571233047750,-0.19542962052064808,-1.5806675019756542,-0.2059820920689092,0.3959735774991143,-0.6935370620514174,0
1571233048000,-1.2837812491227265,-1.6131832071270635,-0.48550132621340203,-0.6487119148993092,-0.5265864435001554,0
1571233048250,-0.5437021416733132,-1.6131832071270635,-0.310801804873094,0.49289792774916236,-0.48233589149938577,0
1571233048500,-0.4130999462410638,-1.6782146174298822,-0.3806816134092172,-0.4447140677761715,-0.5004381758777663,0
1571233048750,-0.50016807652923,-0.9303533989474674,-0.45056142194534043,0.13074254575029176,-0.5125063654633533,0
1571233049000,-1.4143834445549759,-2.165950194701022,-0.3457417091411556,-0.3503270041818839,-0.4903803041825426,0
1571233049250,-0.36956588109698063,-1.4831203865214262,-0.9047801774301413,0.2176023255991568,-0.4803240030481707,0
1571233049500,0.5011154217846822,-1.9708559637925664,-1.3589989329149421,-0.38804799913085547,-0.4903803041825426,0
1571233049750,-0.6743043371055626,-1.5806675019756542,-1.289119124378819,0.15518507386745048,-0.4944040810849728,0
1571233050000,-0.4566340113851469,-2.1334344895496127,1.4361934085299863,-0.06826530428318384,-0.48434620938974904,0
1571233050250,-0.8919746628259783,-1.3205418607643795,-1.0794796987704494,0.015803460244344737,-0.713651234881013,0
1571233050500,-1.4143834445549759,-1.7107303225812915,-1.0095998902343262,0.6523241059527755,-0.5547465995737596,0
1571233050750,-0.8484405976818952,-2.2960130153066594,-0.7650205603578949,0.4383462646503133,-0.7076171400882195,0
1571233051000,-1.5014515748431423,-2.003371668943976,-1.0095998902343262,0.04768869588506734,-0.49239219263375766,0
1571233051250,-1.2402471839786433,-1.3530575659157889,-0.3457417091411556,0.796019106890674,-0.7317535192593935,0
1571233051500,-0.19542962052064808,-1.4506046813700169,0.5626958018284461,0.34159106684398266,-0.6573309227338046,0
1571233051750,0.6317176172169315,-1.1904790401587422,-0.2758619006050324,-1.2626507093714723,-0.572850454512992,0
1571233052000,0.6752516823610146,-0.05242935985941508,-1.0794796987704494,0.5569221276961837,-0.6472730510385809,0
1571233052250,0.8493879429373472,1.3457459616511867,-0.2059820920689092,1.6585274174054994,-0.5627925828177682,0
1571233052500,-0.06482742508839867,2.126122885285011,-0.4156215176772788,0.03009684173846177,-0.4742899082553772,0
1571233052750,-1.8061900308517242,1.573355897711052,0.842215035972939,-0.9589374966769498,-0.6452611625873658,0
1571233053000,-1.0225768582582277,0.7279475637744091,0.10847704634364527,0.14579711324113692,-0.46423203656015344,0
1571233053250,-1.3273153142668097,0.5653690380173624,1.5759530256022327,0.4738682778309592,-0.47630022614574047,0
1571233053500,-2.7639394640215533,0.6629161534715904,0.9470347487771238,0.3145266758492048,-0.4903803041825426,0
1571233053750,-2.5027350731570546,0.9230417946828652,1.7506525469425407,-0.8191330019445509,-0.5808964377570005,0
1571233054000,-2.2850647474366386,1.3457459616511867,0.842215035972939,-0.18548794777931527,-0.7438217088449806,0
1571233054250,-0.8484405976818952,1.768450128619508,-0.5553811347495252,-0.2742084045090713,-0.5808964377570005,0
1571233054500,0.5881835520728484,2.223670000739239,-0.45056142194534043,-0.05921564854430501,-0.5165301423657835,0
1571233054750,-1.2402471839786433,2.223670000739239,-2.791535007905468,0.07356901977382363,-0.44009565738897943,0
1571233055000,-0.8484405976818952,1.2481988461969586,-1.813217688399743,0.244835869037652,-0.4602098302185751,0
1571233055250,3.592034047014585,-1.3855732710671982,2.414510728035711,0.007092109392900628,-0.6150906886233982,0
1571233055500,-0.4566340113851469,-1.1254476298559235,0.4229361847561997,0.3283971762340285,-0.5285983319513704,0
1571233055750,0.15284290063201703,-0.8653219886446487,-1.9529773054719894,-0.16239863921189543,-0.7357772961618237,0
1571233056000,0.3705132263524327,-2.1984658998524313,-1.1842994115746341,-0.5720012816734859,-0.5406665215369575,0
1571233056250,-2.1979966171484726,-1.6131832071270635,-0.2059820920689092,-1.0079917053549847,-0.7498573741986259,0
1571233056500,0.06577477034385075,-0.9628691040988767,0.24823666341589168,-0.9942903574138784,-0.5446902984393877,0
1571233056750,-1.5014515748431423,-1.2229947453101515,2.0651116853550953,-0.02902193734075601,-0.4602098302185751,0
1571233057000,-1.8932581611398904,0.4678219225631344,-0.9047801774301413,-1.2267903913033915,-0.6070447053793896,0
1571233057250,-1.762655965707641,0.8905260895314557,-0.2758619006050324,0.021808371996311065,-0.5446902984393877,0
1571233057500,0.6317176172169315,1.475808782256824,1.471133312798048,1.275650861051252,-0.6352048614529938,0
1571233057750,-0.50016807652923,1.020588910137093,2.274751110963465,0.5856780431281351,-0.5165301423657835,0
1571233058000,-0.021293359944315533,1.2156831410455493,1.1566741743854934,-0.5924687273632865,-0.4602098302185751,0
1571233058250,0.8058538777932641,0.8580103843800464,1.1217342701174318,1.008136271312245,-0.6693991123193915,0
1571233058500,-2.8510075943097193,0.5978847431687717,0.9120948445090622,-0.20815437523744168,-0.5426784099881725,0
1571233058750,-0.6307702719614795,1.020588910137093,0.7024554189006925,0.06764868424371598,-0.5808964377570005,0
1571233059000,-0.6743043371055626,1.020588910137093,-0.5204412304814636,1.8807091522282533,-0.6533071458313744,0
1571233059250,1.8506714412512595,0.5978847431687717,-1.8830974969358663,0.7643030236936688,-0.6955473799417807,0
1571233059500,-0.19542962052064808,0.4678219225631344,-0.9746599859662645,-2.5116723537804684,-0.572850454512992,0
1571233059750,1.5023989200985943,2.19115429558783,-1.4288787414510653,0.17201574201732794,-0.7458335972961956,0
1571233060000,-1.5449856399872253,1.5083244874082333,0.3181164719520149,0.14114542103890948,-0.7317535192593935,0
1571233060250,-2.110928486860306,1.020588910137093,0.10847704634364527,-2.5573435135841556,-0.7619255637842128,0
1571233060500,-1.4143834445549759,2.67888987285897,0.3879962804881381,-0.5824887331839623,-0.7599136753329977,0
1571233060750,-0.8484405976818952,2.1586385904364205,-0.2758619006050324,0.023077015324191274,-0.47630022614574047,0
1571233061000,-0.23896368566473122,1.2481988461969586,1.016914557313247,0.7411291389043901,-0.6774450955634002,0
1571233061250,0.6752516823610146,0.9230417946828652,0.8771549402410006,0.0369475157090149,-0.51049604757299,0
1571233061500,0.41404729149651587,-0.01991365470800574,0.9120948445090622,-0.06158378275634808,-0.5024500643289814,0
1571233061750,2.634284613844756,0.14266487104904096,0.7723352274368158,0.5115892727799307,-0.6533071458313744,0
1571233062000,-0.50016807652923,1.4432930771054147,0.842215035972939,0.030435146625896494,-0.5627925828177682,0
1571233062250,-2.02386035657214,1.3132302564997773,0.3530563762200765,0.09572798990079798,-0.637216749904209,0
1571233062500,-1.2837812491227265,2.223670000739239,-0.4156215176772788,0.46972404295988385,-0.5145182539145684,0
1571233062750,-1.9367922262839736,2.0285757698307827,-0.5553811347495252,0.18098082153434808,-0.48434620938974904,0
1571233063000,-3.242814180606467,2.581342757404742,-0.4156215176772788,1.4413356796724075,-0.47630022614574047,0
1571233063250,-4.200563613776296,1.3132302564997773,-1.1842994115746341,1.3600579304662153,-0.47630022614574047,0
1571233063500,-3.852291092623631,0.8905260895314557,-1.114419603038511,-0.8242921514779303,-0.5748607724033552,0
1571233063750,-3.765222962335465,0.7929789740772277,-0.8698402731620797,-1.2567303738413644,-0.4903803041825426,0
1571233064000,-2.9816097897419684,1.6058716028624613,-1.4288787414510653,-0.18684116732905415,-0.4903803041825426,0
1571233064250,-1.8497240959958072,2.2561857058906485,2.0301717810870334,0.3574068203315559,-0.4883699862921793,0
1571233064500,-0.9355087279700615,2.0285757698307827,0.9120948445090622,1.2467257931755833,-0.5064722706705598,0
1571233064750,-1.762655965707641,1.9960600646793734,0.5626958018284461,-0.3603069983612082,-0.49239219263375766,0
1571233065000,-1.9803262914280568,1.67090301316528,0.24823666341589168,-0.2289601258146771,-0.4944040810849728,0
1571233065250,-0.5872362068173963,1.4432930771054147,0.7723352274368158,-0.12425476315363043,-0.4883699862921793,0
1571233065500,-0.6743043371055626,2.19115429558783,-0.17104218780084757,2.101537667501269,-0.675433207112185,0
1571233065750,1.3282626595222617,4.044549489218162,-0.5204412304814636,-0.11943391850768563,-0.48635809784096423,0
1571233066000,-1.1531790536904771,1.2156831410455493,-0.5204412304814636,-0.127553235806119,-0.49239219263375766,0
1571233066250,-1.9803262914280568,1.4432930771054147,0.4578760890242613,-0.7223778041382201,-0.524576125609792,0
1571233066500,-1.0661109234023107,1.3457459616511867,1.191614078653555,-0.8121131755302802,-0.4883699862921793,0
1571233066750,-1.2837812491227265,1.5408401925596427,0.14341695061170687,1.2405517289798995,-0.4903803041825426,0
1571233067000,0.2399110309201833,0.7604632689258184,-0.24092199633697078,1.3818785957057549,-0.5587703764761899,0
1571233067250,0.10930883548793388,1.8009658337709173,-1.3240590286468805,-1.3630426847177262,-0.4903803041825426,0
1571233067500,0.19637696577610014,-0.6051963474333739,-1.3939388371830037,-0.4605298212637448,-0.6412389562457873,0
1571233067750,-0.9790427931141445,-1.8407931431869289,-0.5553811347495252,-1.4201316344723356,-0.5185404602561468,0
1571233068000,-0.8484405976818952,-1.7432460277327009,-0.2059820920689092,0.6172249738814231,-0.49842628742655115,0
1571233068250,0.7623198126491809,-1.7107303225812915,-1.8830974969358663,-1.871092049422821,-0.49239219263375766,0
1571233068500,-0.4566340113851469,-0.6702277577361927,-0.17104218780084757,0.6217920898617917,-0.4883699862921793,0
1571233068750,-0.06482742508839867,0.240211986503269,0.7373953231687541,-1.4279972231051927,-0.6291707666602003,0
1571233069000,0.15284290063201703,0.37027480710890637,0.8771549402410006,0.6003097295096869,-0.4964159695361879,0
1571233069250,-0.021293359944315533,0.33775910195749703,0.9120948445090622,3.259555297190324,-0.46222014810893836,0
1571233069500,2.024807701827592,1.9960600646793734,-1.3589989329149421,2.7276554379210816,-0.3938316463761429,0
1571233069750,-1.0225768582582277,1.3457459616511867,-0.06622247499666276,0.9869076396257161,-0.4561860533161448,0
1571233070000,0.022240705199767605,2.126122885285011,0.6325756103645693,-1.580826456003829,-0.5265864435001554,0
1571233070250,-0.50016807652923,1.9960600646793734,0.003657333539460452,-0.0867874968702349,-0.5044603822193446,0
1571233070500,-0.5437021416733132,1.7034187183166893,0.6325756103645693,-0.26329807188930143,-0.5024500643289814,0
1571233070750,-0.8484405976818952,1.8009658337709173,0.6325756103645693,1.3607345402410846,-0.51049604757299,0
1571233071000,-0.8919746628259783,1.9960600646793734,0.3181164719520149,-0.8106753797586828,-0.51049604757299,0
1571233071250,-0.6307702719614795,1.2481988461969586,0.7723352274368158,-1.626582192029375,-0.48434620938974904,0
1571233071500,0.45758135664059896,0.37027480710890637,0.3530563762200765,-0.5258226645386462,-0.5788845493057854,0
1571233071750,0.6752516823610146,0.20769628135185966,0.10847704634364527,0.15197117743682062,-0.49239219263375766,0
1571233072000,2.024807701827592,-0.1499764753136431,-3.0710542420499607,-0.3351032842473214,-0.472278019804162,0
1571233072250,1.7200692458190099,0.7279475637744091,-2.686715295101283,-0.20367183547893158,-0.4602098302185751,0
1571233072500,0.7623198126491809,1.0856203204399117,-2.4770758694929134,-0.784118446095057,-0.4662439250113685,0
1571233072750,0.06577477034385075,1.4107773719540053,-2.6517753908332216,0.34252140528442815,-0.4944040810849728,0
1571233073000,0.15284290063201703,1.0531046152885024,-2.7565951036374066,-0.0017883939022608412,-0.48434620938974904,0
1571233073250,0.41404729149651587,1.0531046152885024,-2.6168354865651597,1.2579744306827876,-0.4944040810849728,0
1571233073500,0.3705132263524327,0.9880732049856839,-2.6168354865651597,-1.4404299277184187,-0.48233589149938577,0
1571233073750,0.3269791612083496,0.9880732049856839,-2.686715295101283,0.26826348249250653,-0.4883699862921793,0
1571233074000,0.3705132263524327,0.9555574998342745,-2.686715295101283,0.30513871522289127,-0.48635809784096423,0
1571233074250,0.3705132263524327,0.9555574998342745,-2.6517753908332216,0.9961264478083124,-0.48635809784096423,0
1571233074500,0.3705132263524327,0.9880732049856839,-2.6517753908332216,1.0353698147507402,-0.5165301423657835,0
1571233074750,0.3705132263524327,0.9230417946828652,-2.791535007905468,-0.4844648920497514,-0.48434620938974904,0
1571233075000,0.2399110309201833,1.0531046152885024,-2.6168354865651597,0.7651487859122554,-0.48635809784096423,0
1571233075250,0.3269791612083496,1.020588910137093,-2.6517753908332216,-0.8105062273149652,-0.48434620938974904,0
1571233075500,0.3705132263524327,1.020588910137093,-2.6517753908332216,-0.190055063759684,-0.4903803041825426,0
1571233075750,0.3705132263524327,1.020588910137093,-2.6517753908332216,-1.3276898239807977,-0.48635809784096423,0
1571233076000,0.3705132263524327,0.9880732049856839,-2.6517753908332216,-0.8884009276468102,-0.48635809784096423,0
1571233076250,0.3705132263524327,1.020588910137093,-2.6517753908332216,1.5360610481541297,-0.48434620938974904,0
1571233076500,0.3269791612083496,1.020588910137093,-2.6517753908332216,0.5265592640489173,-0.4903803041825426,0
1571233076750,0.3269791612083496,1.020588910137093,-2.6517753908332216,-1.362027770055422,-0.48434620938974904,0
1571233077000,0.3269791612083496,1.020588910137093,-2.6517753908332216,0.5265592640489173,-0.48434620938974904,0
1571233077250,0.3269791612083496,1.020588910137093,-2.6517753908332216,0.3442975059434604,-0.48434620938974904,0
1571233077500,0.3269791612083496,1.020588910137093,-2.6517753908332216,1.2074824262331554,-0.48434620938974904,0
1571233077750,0.3269791612083496,1.020588910137093,-2.6517753908332216,-0.2704024745254306,-0.48434620938974904,0
1571233078000,0.3705132263524327,1.020588910137093,-2.6517753908332216,0.5562455179213142,-0.48635809784096423,0
1571233078250,0.3705132263524327,1.020588910137093,-2.6517753908332216,-0.09845901548673285,-0.48233589149938577,0
1571233078500,0.3705132263524327,0.9880732049856839,-2.6517753908332216,-0.24612909885198928,-0.48635809784096423,0
1571233078750,1.0235242035136798,1.118136025591321,-2.3023763481526056,0.13573254283995392,-0.48635809784096423,0
1571233079000,1.1541263989459292,1.0531046152885024,-0.9397200816982029,-0.9269676848143686,-0.48434620938974904,0
1571233079250,0.15284290063201703,0.9555574998342745,-1.1842994115746341,0.2981188888086208,-0.5285983319513704,0
1571233079500,1.1976604640900124,0.630400448320181,-2.6168354865651597,-0.5062009810674324,-0.48635809784096423,0
1571233079750,2.2424780275480076,1.475808782256824,-1.0445397945023878,-3.0180301940483893,-0.48635809784096423,0
1571233080000,1.2847285943781785,0.6629161534715904,-0.7999604646259565,-1.1989648143118856,-0.51049604757299,0
1571233080250,1.4588648549545111,0.43530621741172504,-0.6252609432856484,0.5471112859605767,-0.4944040810849728,0
1571233080500,1.3282626595222617,0.6954318586229997,-0.310801804873094,2.140611881999979,-0.40388951807136664,0
1571233080750,0.8929220080814304,0.6629161534715904,-0.3806816134092172,0.6631498623506865,-0.4119355013153752,0
1571233081000,1.2411945292340956,0.6629161534715904,-0.13610228353278597,0.3561381770036757,-0.38176345679055584,0
1571233081250,1.4588648549545111,0.4678219225631344,-0.7300806560898333,0.13615542394924732,-0.4803240030481707,0
1571233081500,1.3282626595222617,0.5653690380173624,-0.9397200816982029,0.011997530260704107,-0.5587703764761899,0
1571233081750,1.415330789810428,0.5978847431687717,-1.2541792201107573,1.1878607427619414,-0.4581979417673599,0
1571233082000,1.415330789810428,0.5653690380173624,-1.2541792201107573,0.8419439953599375,-0.4501519585233513,0
1571233082250,1.415330789810428,0.5653690380173624,-1.2541792201107573,0.716010001012362,-0.4501519585233513,0
1571233082500,1.415330789810428,0.5653690380173624,-1.2541792201107573,1.046533876036086,-0.4521638469745664,0
1571233082750,1.415330789810428,0.5653690380173624,-1.2541792201107573,1.0367230343004792,-0.4521638469745664,0
1571233083000,1.371796724666345,0.5653690380173624,-1.2192393158426957,-0.7443676218214771,-0.45417573542578155,0
1571233083250,1.415330789810428,0.5653690380173624,-1.2541792201107573,-0.6685027508142405,-0.45417573542578155,0
1571233083500,1.415330789810428,0.5653690380173624,-1.2541792201107573,-0.20358725925707288,-0.4561860533161448,0
1571233083750,1.415330789810428,0.5978847431687717,-1.2192393158426957,-0.7748150616906021,-0.4561860533161448,0
1571233084000,1.371796724666345,0.5653690380173624,-1.2541792201107573,-0.2708253556347241,-0.4602098302185751,0
1571233084250,1.415330789810428,0.5653690380173624,-1.2541792201107573,-0.49258420934818475,-0.4581979417673599,0
1571233084500,1.371796724666345,0.5978847431687717,-1.2541792201107573,0.41508780363917613,-0.4581979417673599,0
1571233084750,1.371796724666345,0.5978847431687717,-1.2541792201107573,-0.5572850190700754,-0.4602098302185751,0
1571233085000,1.371796724666345,0.5978847431687717,-1.2541792201107573,0.3098749836469774,-0.4581979417673599,0
1571233085250,1.415330789810428,0.5653690380173624,-1.2541792201107573,-0.3769685140673683,-0.4581979417673599,0
1571233085500,1.415330789810428,0.5653690380173624,-1.2541792201107573,0.4055306905691452,-0.4602098302185751,0
1571233085750,1.415330789810428,0.5653690380173624,-1.2541792201107573,-0.03570345886759179,-0.4602098302185751,0
1571233086000,1.415330789810428,0.5978847431687717,-1.2541792201107573,0.24669654591854295,-0.46222014810893836,0
1571233086250,1.415330789810428,0.5653690380173624,-1.2541792201107573,0.03872361636804719,-0.46423203656015344,0
1571233086500,1.415330789810428,0.5653690380173624,-1.2541792201107573,-0.7194176363731662,-0.46222014810893836,0
1571233086750,1.415330789810428,0.5653690380173624,-1.2541792201107573,0.20313979166132243,-0.46222014810893836,0
1571233087000,1.415330789810428,0.5978847431687717,-1.2541792201107573,-0.31429753367008595,-0.46222014810893836,0
1571233087250,1.371796724666345,0.5653690380173624,-1.2192393158426957,0.4734453967216658,-0.46222014810893836,0
1571233087500,1.371796724666345,0.5653690380173624,-1.2541792201107573,0.083802742618724,-0.46222014810893836,0
1571233087750,1.415330789810428,0.5653690380173624,-1.2541792201107573,-0.27175569407516953,-0.46222014810893836,0
1571233088000,1.415330789810428,0.5653690380173624,-1.2541792201107573,0.25058705212404225,-0.4602098302185751,0
1571233088250,1.371796724666345,0.5653690380173624,-1.2541792201107573,-0.29949669484481684,-0.46423203656015344,0
1571233088500,1.415330789810428,0.5978847431687717,-1.2541792201107573,0.8877843076073424,-0.46423203656015344,0
1571233088750,1.371796724666345,0.5653690380173624,-1.2541792201107573,0.29558160215286033,-0.46423203656015344,0
1571233089000,1.415330789810428,0.5653690380173624,-1.2541792201107573,-0.9162265046383161,-0.4662439250113685,0
1571233089250,1.415330789810428,0.5653690380173624,-1.2541792201107573,-0.35151107128790543,-0.46222014810893836,0
1571233089500,1.415330789810428,0.5653690380173624,-1.2541792201107573,-0.5892548309326567,-0.46423203656015344,0
1571233089750,1.415330789810428,0.5653690380173624,-1.2541792201107573,0.49721131506395505,-0.46222014810893836,0
1571233090000,1.415330789810428,0.5653690380173624,-1.2541792201107573,-0.2193184365227875,-0.46423203656015344,0
1571233090250,1.415330789810428,0.5653690380173624,-1.2541792201107573,0.3830334155547362,-0.46423203656015344,0
1571233090500,1.415330789810428,0.5653690380173624,-1.3589989329149421,0.07120088556178057,-0.46423203656015344,0
1571233090750,1.371796724666345,0.532853332865953,-1.5686383585233117,-0.028937361118897335,-0.46423203656015344,0
1571233091000,1.3282626595222617,0.5653690380173624,-1.6035782627913733,0.21125910895975575,-0.4581979417673599,0
1571233091250,1.3282626595222617,0.5653690380173624,-1.6035782627913733,-0.502056746196357,-0.4581979417673599,0
1571233091500,1.3282626595222617,0.5653690380173624,-1.5686383585233117,0.8579289012912281,-0.4581979417673599,0
1571233091750,1.3282626595222617,0.5653690380173624,-1.53369845425525,0.6400605537832668,-0.4602098302185751,0
1571233092000,1.3282626595222617,0.532853332865953,-1.463818645719127,1.552130530307279,-0.5406665215369575,0
1571233092250,1.5459329852426775,1.280714551348368,-1.2192393158426957,-0.6566620797540252,-0.4702661313529469,0
1571233092500,0.9799901383695966,-0.2800392959192805,-2.9312946249777143,-1.2956354358963578,-0.39584353482735807,0
1571233092750,0.9364560732255135,0.5003376277145437,-2.3023763481526056,-0.7892775956284366,-0.41595770765695367,0
1571233093000,0.8493879429373472,0.6629161534715904,-2.372256156688729,-1.9262357460746808,-0.2510189775569067,0
1571233093250,0.8493879429373472,0.5003376277145437,-1.8481575926678047,-0.6500651344490481,-0.3777396798881257,0
1571233093500,1.3282626595222617,0.6954318586229997,-1.7782777841316815,2.3393660033678785,-0.39584353482735807,0
1571233093750,1.3282626595222617,0.5653690380173624,-1.638518167059435,2.8154455562103924,-0.6130788001721831,0
1571233094000,1.2847285943781785,0.5003376277145437,-1.6035782627913733,0.8987792164489709,-0.5527362816833963,0
1571233094250,1.2847285943781785,0.43530621741172504,-1.7433378798636199,-0.1424386508532468,-0.4360718804865492,0
1571233094500,1.2847285943781785,0.5653690380173624,-1.6734580713274967,-1.32176948845069,-0.4421059752793427,0
1571233094750,1.110592333801846,0.5003376277145437,-1.9529773054719894,-0.7809891258862858,-0.5909527388913725,0
1571233095000,0.9364560732255135,0.5653690380173624,-2.2324965396164824,0.2378160426233815,-0.46825581346258366,0
1571233095250,0.8493879429373472,0.6954318586229997,-2.337316252420667,-0.717387807048558,-0.4662439250113685,0
1571233095500,0.9799901383695966,0.5978847431687717,-2.2324965396164824,-0.1725477858349371,-0.5225642371585769,0
1571233095750,1.0235242035136798,0.532853332865953,-2.1975566353484206,0.02214667688374579,-0.4501519585233513,0
1571233096000,1.110592333801846,0.5978847431687717,-2.022857114008113,3.1340441839520423,-0.4702661313529469,0
1571233096250,1.110592333801846,0.5653690380173624,-2.092736922544236,0.21379639561551617,-0.446129752181773,0
1571233096500,1.110592333801846,0.532853332865953,-2.022857114008113,-1.8784501807245262,-0.4501519585233513,0
1571233096750,1.110592333801846,0.5653690380173624,-2.0577970182761742,-0.9245995506023256,-0.45417573542578155,0
1571233097000,1.110592333801846,0.532853332865953,-2.092736922544236,-1.1769749966286287,-0.4561860533161448,0
1571233097250,1.067058268657763,0.5653690380173624,-2.1276768268122974,0.9284654703213678,-0.4581979417673599,0
1571233097500,1.067058268657763,0.532853332865953,-2.1276768268122974,0.4994102968322807,-0.4561860533161448,0
1571233097750,1.067058268657763,0.5653690380173624,-2.092736922544236,1.114110277301172,-0.4581979417673599,0
1571233098000,1.067058268657763,0.532853332865953,-2.1276768268122974,0.33880005152264614,-0.4581979417673599,0
1571233098250,1.067058268657763,0.532853332865953,-2.1276768268122974,1.372828939966876,-0.45417573542578155,0
1571233098500,1.067058268657763,0.532853332865953,-2.1276768268122974,-0.5699714523488775,-0.4581979417673599,0
1571233098750,1.067058268657763,0.532853332865953,-2.1276768268122974,-0.0016192414585434803,-0.4561860533161448,0
1571233099000,1.0235242035136798,0.532853332865953,-2.1276768268122974,1.3064366058078116,-0.4581979417673599,0
1571233099250,1.0235242035136798,0.532853332865953,-2.1276768268122974,-0.14979678215495199,-0.4581979417673599,0
1571233099500,1.0235242035136798,0.532853332865953,-2.1276768268122974,-0.5336882531715036,-0.4581979417673599,0
1571233099750,1.0235242035136798,0.532853332865953,-2.1276768268122974,0.062066653601043055,-0.4602098302185751,0
1571233100000,1.067058268657763,0.532853332865953,-2.1276768268122974,-0.43837085113677043,-0.4581979417673599,0
1571233100250,1.067058268657763,0.532853332865953,-2.1276768268122974,-0.29594449352675223,-0.4581979417673599,0
1571233100500,1.0235242035136798,0.532853332865953,-2.1276768268122974,-0.18624913377604338,-0.4581979417673599,0
1571233100750,1.3282626595222617,0.5003376277145437,-1.638518167059435,-0.822769779484474,-0.4581979417673599,0
1571233101000,1.3282626595222617,0.532853332865953,-1.4288787414510653,0.03212667106307011,-0.5547465995737596,0
1571233101250,1.371796724666345,0.5978847431687717,-1.463818645719127,-0.9026943091409273,-0.5969868336841659,0
1571233101500,1.2411945292340956,0.532853332865953,-1.6035782627913733,0.5081216476837249,-0.5285983319513704,0
1571233101750,1.2847285943781785,0.5978847431687717,-1.7782777841316815,-2.1819096647534724,-0.5024500643289814,0
1571233102000,1.2847285943781785,0.5978847431687717,-1.813217688399743,-2.3413358429570854,-0.6412389562457873,0
1571233102250,1.1976604640900124,0.5978847431687717,-1.8481575926678047,0.4507789692635394,-0.4441178637305578,0
1571233102500,1.1976604640900124,0.5978847431687717,-1.813217688399743,4.082481935875287,-0.5748607724033552,0
1571233102750,1.1976604640900124,0.5978847431687717,-1.8481575926678047,1.79630208281329,-0.5668163597201984,0
1571233103000,1.2411945292340956,0.5653690380173624,-1.813217688399743,-0.9520868227063968,-0.4280258972425406,0
1571233103250,1.1976604640900124,0.5653690380173624,-1.813217688399743,-0.5525487506459893,-0.45417573542578155,0
1571233103500,1.2411945292340956,0.5653690380173624,-1.813217688399743,-0.42399289342079477,-0.5225642371585769,0
1571233103750,1.2411945292340956,0.5653690380173624,-1.813217688399743,0.3475114023740903,-0.45417573542578155,0
1571233104000,1.2411945292340956,0.5653690380173624,-1.8481575926678047,-0.3283371864986269,-0.446129752181773,0
1571233104250,1.2411945292340956,0.5653690380173624,-1.8481575926678047,0.2822185590991888,-0.446129752181773,0
1571233104500,1.2411945292340956,0.5653690380173624,-1.813217688399743,-0.5049323377395522,-0.44814007007213624,0
1571233104750,1.2411945292340956,0.5653690380173624,-1.8481575926678047,-0.13338899511436794,-0.44814007007213624,0
1571233105000,1.2411945292340956,0.5653690380173624,-1.8481575926678047,-0.6486273386774505,-0.4501519585233513,0
1571233105250,1.2411945292340956,0.5653690380173624,-1.8481575926678047,0.31317345629946597,-0.44814007007213624,0
1571233105500,1.1976604640900124,0.5653690380173624,-1.8481575926678047,-0.4633208365850813,-0.4501519585233513,0
1571233105750,1.1976604640900124,0.5653690380173624,-1.8481575926678047,0.3038700718950111,-0.4521638469745664,0
1571233106000,1.1976604640900124,0.5653690380173624,-1.8481575926678047,-0.4796440474038066,-0.4501519585233513,0
1571233106250,1.1976604640900124,0.5653690380173624,-1.8481575926678047,0.6242448002956935,-0.4501519585233513,0
1571233106500,1.1976604640900124,0.5653690380173624,-1.8481575926678047,-0.2844421273539717,-0.4521638469745664,0
1571233106750,1.1976604640900124,0.5653690380173624,-1.8481575926678047,0.508629105014877,-0.4501519585233513,0
1571233107000,1.2411945292340956,0.5653690380173624,-1.8481575926678047,-0.017434994946116764,-0.4521638469745664,0
1571233107250,1.1976604640900124,0.5653690380173624,-1.8481575926678047,-0.2307362264737094,-0.44814007007213624,0
1571233107500,1.2411945292340956,0.5653690380173624,-1.8481575926678047,0.41398831275501324,-0.4501519585233513,0
1571233107750,1.1976604640900124,0.5653690380173624,-1.8481575926678047,-0.5171113136872022,-0.4521638469745664,0
1571233108000,1.1976604640900124,0.5653690380173624,-1.8481575926678047,0.903261756207481,-0.4521638469745664,0
1571233108250,1.1976604640900124,0.5653690380173624,-1.8481575926678047,0.12744407309780323,-0.4521638469745664,0
1571233108500,1.1976604640900124,0.532853332865953,-1.8481575926678047,-0.8506799326978386,-0.4501519585233513,0
1571233108750,1.1976604640900124,0.5653690380173624,-1.8481575926678047,0.44257507574324734,-0.4521638469745664,0
1571233109000,1.2411945292340956,0.5653690380173624,-1.6734580713274967,-0.24469130308039172,-0.4964159695361879,0
1571233109250,1.067058268657763,0.5978847431687717,-1.8481575926678047,0.581195503369625,-0.6412389562457873,0
1571233109500,1.2411945292340956,0.14266487104904096,-2.372256156688729,0.11754865514033759,-0.40388951807136664,0
1571233109750,1.2847285943781785,1.020588910137093,-2.5469556780290366,-3.2271871907049063,-0.4883699862921793,0
1571233110000,0.28344509606426643,-1.8082774380355195,-1.7782777841316815,-1.526782250236132,-0.4421059752793427,0
1571233110250,1.067058268657763,0.532853332865953,-2.372256156688729,0.5207235047406683,-0.4501519585233513,0
1571233110500,0.8929220080814304,0.630400448320181,-2.337316252420667,2.596223989152692,-0.5004381758777663,0
1571233110750,1.067058268657763,0.630400448320181,-1.9180374012039278,-1.133418242371408,-0.20274464865370687,0
1571233111000,1.0235242035136798,0.630400448320181,-2.1975566353484206,1.6614875851705533,-0.23090480472731117,0
1571233111250,1.0235242035136798,0.5978847431687717,-2.1626167310803592,1.1402443298555043,-0.23090480472731117,0
1571233111500,1.4588648549545111,-0.1499764753136431,-1.4987585499871885,0.605553455264925,-0.23895078797131966,0
1571233111750,1.2847285943781785,0.5653690380173624,-1.3939388371830037,0.6963037413192894,-0.3596373955097452,0
1571233112000,0.9799901383695966,0.7604632689258184,-0.8349003688940181,0.5326487520227422,-0.3978554232785731,0
1571233112250,-0.06482742508839867,-0.8328062834932394,-0.48550132621340203,-0.19673658528651977,-0.36365960185132357,0
1571233112500,-0.50016807652923,-1.5156360916728355,-0.031282570728601154,-2.2136257479504775,-0.33549944577771934,0
1571233112750,-0.28249775080881434,-1.2229947453101515,0.24823666341589168,-1.7406755153167353,-0.34957952381452145,0
1571233113000,-0.804906532537812,-1.4180889762186075,-0.13610228353278597,-2.9211058437983413,-0.3616492839609603,0
1571233113250,-2.02386035657214,-1.6131832071270635,-1.6734580713274967,-0.9180871815192071,-0.3616492839609603,0
1571233113500,-1.3273153142668097,-1.4831203865214262,0.24823666341589168,0.684463070259074,-0.4099236128641601,0
1571233113750,-1.6320537702753917,-1.1254476298559235,-0.17104218780084757,2.3963703769006295,-0.4300377856937558,0
1571233114000,-0.6307702719614795,-1.6456989122784729,-0.6951407518217716,1.7139248427229352,-0.4360718804865492,0
1571233114250,-0.1083614902324818,-0.7352591680390114,-0.2059820920689092,0.3474268261522316,-0.43808376893776435,0
1571233114500,0.45758135664059896,-2.2309816050038407,-1.4288787414510653,0.5366238344501002,-0.446129752181773,0
1571233114750,-0.06482742508839867,-1.0604162195531048,-0.5903210390175868,0.1638964247188946,-0.4441178637305578,0
1571233115000,1.763603310963093,-1.2880261556129702,-0.3806816134092172,-0.19301523152473782,-0.4441178637305578,0
1571233115250,0.19637696577610014,-1.2880261556129702,-1.3939388371830037,0.6770203627355103,-0.4421059752793427,0
1571233115500,-0.36956588109698063,-1.4506046813700169,-0.8349003688940181,0.10207120654019902,-0.4421059752793427,0
1571233115750,0.2399110309201833,-1.3205418607643795,-0.8349003688940181,0.352078518354459,-0.446129752181773,0
1571233116000,0.022240705199767605,-1.3855732710671982,-0.7300806560898333,0.8786500756466049,-0.4521638469745664,0
1571233116250,0.3269791612083496,-1.1254476298559235,-0.6252609432856484,-0.840277057409221,-0.4561860533161448,0
1571233116500,-0.19542962052064808,-1.6131832071270635,-0.8698402731620797,-0.23166656491415488,-0.4581979417673599,0
1571233116750,-0.28249775080881434,-1.4180889762186075,-0.7650205603578949,-1.400679103444839,-0.4581979417673599,0
1571233117000,-0.5872362068173963,-1.7107303225812915,-0.5903210390175868,-0.25670112658432437,-0.46222014810893836,0
1571233117250,-0.28249775080881434,-1.5156360916728355,-0.7300806560898333,0.09107629769857054,-0.46222014810893836,0
1571233117500,-0.4566340113851469,-1.6456989122784729,-0.7999604646259565,-0.30051160950712097,-0.46222014810893836,0
1571233117750,-0.7178384022496457,-1.7432460277327009,-0.8349003688940181,0.4635499787642001,-0.46222014810893836,0
1571233118000,-0.36956588109698063,-1.4180889762186075,-0.6252609432856484,-1.050026087618749,-0.4602098302185751,0
1571233118250,-0.4130999462410638,-1.6131832071270635,-0.4156215176772788,0.5770512684985497,-0.4602098302185751,0
1571233118500,-0.804906532537812,-1.5156360916728355,-0.5553811347495252,0.05673835162394618,-0.4602098302185751,0
1571233118750,-0.19542962052064808,-1.6456989122784729,-0.9047801774301413,0.8381380653762969,-0.46222014810893836,0
1571233119000,-1.8061900308517242,-1.7757617328841102,-1.289119124378819,-0.5111064019352358,-0.46222014810893836,0
1571233119250,0.28344509606426643,-1.3205418607643795,-1.4288787414510653,-0.42094814943388226,-0.4602098302185751,0
1571233119500,0.6752516823610146,-0.9628691040988767,-1.3589989329149421,-0.6637664823901543,-0.46222014810893836,0
1571233119750,0.45758135664059896,-0.3775864113735085,-2.1276768268122974,0.8192775679018112,-0.46423203656015344,0
1571233120000,0.6752516823610146,-0.3450707062220992,-1.8481575926678047,0.5342557002380572,-0.46423203656015344,0
1571233120250,1.1541263989459292,-0.5076492319791459,-1.1493595073065725,2.0707519227447087,-0.46423203656015344,0
1571233120500,0.41404729149651587,-1.3205418607643795,0.49281599329232295,0.21954757870190644,-0.46222014810893836,0
1571233120750,1.1541263989459292,-0.80029057834183,-0.6252609432856484,-1.8548534148259541,-0.4581979417673599,0
1571233121000,1.2847285943781785,-0.3775864113735085,0.4578760890242613,-0.19200031686243366,-0.45417573542578155,0
1571233121250,0.41404729149651587,0.20769628135185966,-0.45056142194534043,-0.8340184169916786,-0.46423203656015344,0
1571233121500,1.415330789810428,-0.3450707062220992,-0.4156215176772788,0.3244220938066705,-0.46423203656015344,0
1571233121750,0.45758135664059896,-0.1499764753136431,-1.1493595073065725,1.2938347487508683,-0.4561860533161448,0
1571233122000,0.8929220080814304,-0.702743462887602,-0.310801804873094,-0.42585357030168575,-0.4662439250113685,0
1571233122250,1.371796724666345,-0.9628691040988767,-1.0445397945023878,-2.109935299951735,-0.46222014810893836,0
1571233122500,0.022240705199767605,-1.4180889762186075,-0.9047801774301413,-0.3341729458068759,-0.4602098302185751,0
1571233122750,0.06577477034385075,-1.1904790401587422,-0.7650205603578949,1.4203607766514548,-0.46423203656015344,0
1571233123000,0.8058538777932641,-1.0604162195531048,-1.638518167059435,0.7149105101281992,-0.46423203656015344,0
1571233123250,0.28344509606426643,-1.0279005144016955,-0.8349003688940181,-0.18075167935522912,-0.4662439250113685,0
1571233123500,-0.50016807652923,-1.2880261556129702,-0.5903210390175868,0.4187245811790994,-0.4702661313529469,0
1571233123750,0.5011154217846822,-1.4180889762186075,-1.6035782627913733,-1.1928753263380607,-0.4702661313529469,0
1571233124000,0.8493879429373472,-0.2800392959192805,-1.6734580713274967,-0.8436601062835681,-0.46222014810893836,0
1571233124250,-0.36956588109698063,-0.80029057834183,-1.2541792201107573,0.911719378393349,-0.4662439250113685,0
1571233124500,1.110592333801846,-1.0929319247045142,-0.7999604646259565,-1.0808964085971673,-0.46423203656015344,0
1571233124750,0.8493879429373472,-1.0604162195531048,-1.0095998902343262,2.4980309955747635,-0.46825581346258366,0
1571233125000,1.415330789810428,-0.3450707062220992,-1.2541792201107573,0.8569985628507827,-0.472278019804162,0
1571233125250,1.8071373761071763,1.118136025591321,-1.0794796987704494,0.7647259048029621,-0.4742899082553772,0
1571233125500,-3.112211985174218,1.475808782256824,-0.6951407518217716,-0.22743775382122083,-0.4561860533161448,0
1571233125750,-0.4566340113851469,0.4027905122603157,1.890412164014787,-0.8038247057881296,-0.472278019804162,0
1571233126000,-0.5437021416733132,0.5653690380173624,1.2265539829216165,-1.3247296562157438,-0.48635809784096423,0
1571233126250,-1.1967131188345603,0.43530621741172504,0.842215035972939,0.25007959479289016,-0.4944040810849728,0
1571233126500,-1.6320537702753917,0.33775910195749703,1.1566741743854934,0.4940819948551839,-0.4803240030481707,0
1571233126750,-2.02386035657214,0.240211986503269,1.3663135999938631,2.822042501515369,-0.4803240030481707,0
1571233127000,-1.2837812491227265,1.0531046152885024,1.3663135999938631,-0.9745840977208058,-0.4803240030481707,0
1571233127250,-2.6333372685893037,-0.6377120525847833,1.471133312798048,-0.16747321252341624,-0.4803240030481707,0
1571233127500,-2.676871333733387,0.4027905122603157,0.842215035972939,-0.516096399024898,-0.47831211459695555,0
1571233127750,-1.7191219005635578,1.475808782256824,-0.13610228353278597,-0.10996138165951341,-0.48434620938974904,0
1571233128000,-0.6743043371055626,1.573355897711052,0.9819746530451854,-0.6440602226970819,-0.4964159695361879,0
1571233128250,-0.6307702719614795,-0.31255500107068984,-1.0794796987704494,0.1021557827620577,-0.5265864435001554,0
1571233128500,-1.6755878354194749,-2.588654361669344,2.5542703451079576,-0.2627060383362907,-0.4883699862921793,0
1571233128750,0.7187857475050978,-1.6456989122784729,-0.031282570728601154,0.8732371974476494,-0.48635809784096423,0
1571233129000,-1.2402471839786433,-1.8733088483383382,-1.1842994115746341,0.8103970646066496,-0.48635809784096423,0
1571233129250,0.8929220080814304,-1.7432460277327009,-0.66020084755371,0.4560226950187776,-0.48434620938974904,0
1571233129500,-1.3273153142668097,-1.1579633350073328,0.21329675914783008,-2.6288949972766,-0.44009565738897943,0
1571233129750,-0.36956588109698063,-0.1499764753136431,0.5976357060965077,-2.710849356257661,-0.49842628742655115,0
1571233130000,0.15284290063201703,0.33775910195749703,-0.13610228353278597,0.23536333218947975,-0.48233589149938577,0
1571233130250,0.7187857475050978,-0.31255500107068984,0.5626958018284461,1.1503089002566873,-0.4903803041825426,0
1571233130500,2.0683417669716753,0.630400448320181,0.7373953231687541,1.3706299581985502,-0.49239219263375766,0
1571233130750,-0.021293359944315533,1.3457459616511867,-0.45056142194534043,-1.2985110274395528,-0.5265864435001554,0
1571233131000,-1.1531790536904771,2.971531219221654,-0.7999604646259565,0.9246595403377272,-0.46222014810893836,0
1571233131250,-2.1544625520043894,1.8985129492251454,-1.0095998902343262,-0.8388392616376233,-0.5084841591217749,0
1571233131500,0.5446494869287652,0.532853332865953,-0.66020084755371,0.013773630919736402,-0.6030209284769594,0
1571233131750,-0.1083614902324818,-1.6456989122784729,2.763909770716327,-0.19326896019031387,-0.4883699862921793,0
1571233132000,1.8942055063953425,-0.41010211652491785,0.842215035972939,1.0803643647795582,-0.46825581346258366,0
1571233132250,0.7187857475050978,-0.7677748731904207,-0.10116237926472436,0.6968957748723001,-0.49842628742655115,0
1571233132500,-0.15189555537656493,-2.003371668943976,-0.8698402731620797,-0.6279061643220737,-0.47831211459695555,0
1571233132750,-0.1083614902324818,-1.5156360916728355,-0.45056142194534043,-0.7424223687187274,-0.48635809784096423,0
1571233133000,1.3282626595222617,-1.5481517968242449,-0.7650205603578949,0.5918521073238189,-0.48434620938974904,0
1571233133250,-0.3260318159528975,-1.4180889762186075,-1.3589989329149421,-1.5964730570476848,-0.48434620938974904,0
1571233133500,-0.6743043371055626,-1.9058245534897476,-0.5553811347495252,-0.19555251818049824,-0.48635809784096423,0
1571233133750,-0.5437021416733132,-1.6456989122784729,-0.5903210390175868,-0.17204032850378503,-0.4883699862921793,0
1571233134000,-0.6307702719614795,-1.7432460277327009,-0.5903210390175868,0.42523695026221786,-0.48434620938974904,0
1571233134250,-0.5872362068173963,-1.7107303225812915,-0.66020084755371,0.19544335547218247,-0.48233589149938577,0
1571233134500,-0.7178384022496457,-1.5156360916728355,-0.5204412304814636,-0.786232851641524,-0.48434620938974904,0
1571233134750,-2.2850647474366386,-1.1579633350073328,-1.987917209740051,0.5095594434553224,-0.48233589149938577,0
1571233135000,-0.50016807652923,-1.8407931431869289,-1.0095998902343262,0.23062706376539363,-0.48233589149938577,0
1571233135250,-0.3260318159528975,-1.7757617328841102,-0.66020084755371,0.6128270103447715,-0.4803240030481707,0
1571233135500,-0.6743043371055626,-1.7432460277327009,-0.6951407518217716,0.19282149259456335,-0.48434620938974904,0
1571233135750,-1.0661109234023107,-1.3855732710671982,-0.66020084755371,0.27418381802261416,-0.48635809784096423,0
1571233136000,-0.8484405976818952,-1.6782146174298822,-0.7999604646259565,-0.9005799035944603,-0.47831211459695555,0
1571233136250,-0.8484405976818952,-1.8082774380355195,-1.0095998902343262,1.0330016805386972,-0.48434620938974904,0
1571233136500,2.2424780275480076,-0.8653219886446487,-2.372256156688729,-0.005763476329618833,-0.47831211459695555,0
1571233136750,-0.36956588109698063,-0.2800392959192805,-1.638518167059435,0.8043921528546834,-0.48233589149938577,0
1571233137000,0.022240705199767605,-1.2229947453101515,-0.4156215176772788,-0.22041792740695035,-0.4803240030481707,0
1571233137250,0.8493879429373472,-0.9303533989474674,-0.7300806560898333,0.16677201626208973,-0.4803240030481707,0
1571233137500,1.4588648549545111,-2.523622951366525,-0.4156215176772788,1.6558209783060214,-0.48635809784096423,0
1571233137750,0.5446494869287652,-1.3530575659157889,-0.7650205603578949,0.07433020577055177,-0.4803240030481707,0
1571233138000,0.3269791612083496,-0.702743462887602,0.9819746530451854,-1.7038002825863505,-0.48635809784096423,0
1571233138250,0.28344509606426643,0.37027480710890637,-0.5903210390175868,-1.2662874869113956,-0.4883699862921793,0
1571233138500,0.8058538777932641,0.20769628135185966,-0.48550132621340203,-0.21094539055877812,-0.48635809784096423,0
1571233138750,1.371796724666345,0.14266487104904096,-0.17104218780084757,0.07915105041649656,-0.48233589149938577,0
1571233139000,1.371796724666345,0.07763346074622228,-0.48550132621340203,1.343988448313066,-0.47630022614574047,0
1571233139250,1.1541263989459292,0.43530621741172504,-0.48550132621340203,0.37246138782240107,-0.472278019804162,0
1571233139500,1.067058268657763,0.532853332865953,-0.3457417091411556,1.245457149847703,-0.4742899082553772,0
1571233139750,1.2847285943781785,0.6954318586229997,-0.2758619006050324,-0.06344445963723905,-0.47630022614574047,0
1571233140000,1.1541263989459292,0.4678219225631344,-0.5903210390175868,-0.9201170108438155,-0.472278019804162,0
1571233140250,1.1541263989459292,0.0126020504434036,-0.48550132621340203,-2.88143959574662,-0.472278019804162,0
1571233140500,-0.4130999462410638,0.0126020504434036,-1.2541792201107573,-0.6264683685504763,-0.4742899082553772,0
1571233140750,0.5446494869287652,-1.1579633350073328,-0.3457417091411556,0.7171094918965248,-0.47831211459695555,0
1571233141000,-1.3273153142668097,-2.3935601307608874,-0.2059820920689092,2.0464785470712674,-0.48635809784096423,0
1571233141250,-0.9790427931141445,-1.6131832071270635,-0.2758619006050324,0.1672794735932418,-0.47831211459695555,0
1571233141500,-1.109644988546394,-1.2229947453101515,0.9120948445090622,-0.9989420496161058,-0.4803240030481707,0
1571233141750,-0.5437021416733132,-0.11746077016223377,-0.5903210390175868,-0.05160378857702375,-0.48233589149938577,0
1571233142000,0.7623198126491809,-2.3285287204580687,0.07353714207558366,1.1315329790040602,-0.536644315195379,0
1571233142250,-0.6307702719614795,-2.2309816050038407,0.2831765676839533,0.4156798371921869,-0.47831211459695555,0
1571233142500,-0.28249775080881434,-1.9383402586411569,-1.0794796987704494,1.1494631380381004,-0.4803240030481707,0
1571233142750,-0.36956588109698063,-1.4831203865214262,-0.7999604646259565,-0.5950905902409056,-0.48635809784096423,0
1571233143000,-1.370849379410893,-1.8733088483383382,0.07353714207558366,-0.47346998320812295,-0.48233589149938577,0
1571233143250,-0.50016807652923,-1.4506046813700169,-0.6252609432856484,0.045405137894882965,-0.4803240030481707,0
1571233143500,-0.8484405976818952,-1.6131832071270635,-0.48550132621340203,0.8061682535137156,-0.48233589149938577,0
1571233143750,-0.7178384022496457,-1.7757617328841102,-0.5553811347495252,0.06477309270052084,-0.4803240030481707,0
1571233144000,-0.50016807652923,-2.26349731015525,0.5976357060965077,0.06967851356832433,-0.48233589149938577,0
1571233144250,-0.06482742508839867,-1.7107303225812915,0.1783568548797685,-0.4393857657990746,-0.47831211459695555,0
1571233144500,1.0235242035136798,-1.0929319247045142,0.21329675914783008,0.40671475767516674,-0.4803240030481707,0
1571233144750,-0.9790427931141445,-2.458591541063706,0.10847704634364527,0.1611054093975581,-0.48233589149938577,0
1571233145000,-1.9367922262839736,-1.1579633350073328,1.016914557313247,0.6798959542787054,-0.47831211459695555,0
1571233145250,-1.1967131188345603,-0.2800392959192805,0.5976357060965077,1.3880526599014384,-0.4883699862921793,0
1571233145500,0.45758135664059896,-2.816264297729209,-0.2758619006050324,-0.01303703140946537,-0.48233589149938577,0
1571233145750,0.19637696577610014,-1.6782146174298822,0.1783568548797685,0.25515416810441105,-0.47630022614574047,0
1571233146000,-1.2837812491227265,-0.9628691040988767,0.4229361847561997,1.5443495178962805,-0.48434620938974904,0
1571233146250,-1.762655965707641,-1.9058245534897476,-0.2758619006050324,-0.3522722572846335,-0.48233589149938577,0
1571233146500,-1.457917509699059,-1.8407931431869289,-0.13610228353278597,-2.34167414784452,-0.48635809784096423,0
1571233146750,-1.109644988546394,-1.7107303225812915,-0.3806816134092172,-1.0913838601076438,-0.4421059752793427,0
1571233147000,-1.1531790536904771,-1.6456989122784729,-0.45056142194534043,0.3204470113793125,-0.4501519585233513,0
1571233147250,-1.0225768582582277,-1.6456989122784729,-0.4156215176772788,0.3177405722798347,-0.4581979417673599,0
1571233147500,-0.8919746628259783,-1.9058245534897476,-0.3457417091411556,0.9425896993717675,-0.46423203656015344,0
1571233147750,-1.5885197051313085,-1.7432460277327009,-0.3457417091411556,0.49027606487154324,-0.4803240030481707,0
1571233148000,-0.6307702719614795,-1.6456989122784729,0.3181164719520149,0.014873121803899249,-0.4742899082553772,0
1571233148250,-0.9355087279700615,-1.5156360916728355,-0.8698402731620797,-0.5823195807402449,-0.47831211459695555,0
1571233148500,-0.36956588109698063,-3.4340626956059865,3.3578881432733745,0.2035626727706158,-0.4803240030481707,0
1571233148750,-0.1083614902324818,-1.7432460277327009,-0.7300806560898333,-0.06792699939574912,-0.5084841591217749,0
1571233149000,-0.50016807652923,-1.5806675019756542,-0.9746599859662645,2.815868437319686,-0.47831211459695555,0
1571233149250,-0.6307702719614795,-1.7757617328841102,-0.7650205603578949,-0.8997341413758734,-0.4803240030481707,0
1571233149500,-0.7613724673937289,-1.3530575659157889,-0.8698402731620797,0.3697549487229233,-0.4903803041825426,0
1571233149750,-0.8484405976818952,-2.0684030792467945,-0.45056142194534043,-0.14023966908492108,-0.47630022614574047,0
1571233150000,-0.7613724673937289,-1.4180889762186075,-0.7999604646259565,-0.018280757164703572,-0.47831211459695555,0
1571233150250,-0.4130999462410638,-1.7432460277327009,-0.9047801774301413,0.48190301890753384,-0.47630022614574047,0
1571233150500,-0.28249775080881434,-1.4831203865214262,-0.7999604646259565,1.0831553801008946,-0.4803240030481707,0
1571233150750,-0.15189555537656493,-1.3530575659157889,-0.7999604646259565,-0.5579616288449448,-0.4803240030481707,0
1571233151000,-1.109644988546394,-1.8407931431869289,0.038597237807522056,0.21557249627454847,-0.4803240030481707,0
1571233151250,0.10930883548793388,-1.2229947453101515,-0.4156215176772788,-0.23217402224530698,-0.47630022614574047,0
1571233151500,-0.50016807652923,-1.6131832071270635,-0.7300806560898333,0.22918926799379605,-0.47831211459695555,0
1571233151750,-0.50016807652923,-1.7757617328841102,-0.310801804873094,0.34590445415877535,-0.4803240030481707,0
1571233152000,-0.28249775080881434,-1.0929319247045142,-0.45056142194534043,-0.23454215645735002,-0.47831211459695555,0
1571233152250,-0.50016807652923,-1.4831203865214262,-0.5903210390175868,0.035002262606265246,-0.4803240030481707,0
1571233152500,-0.5437021416733132,-1.7432460277327009,-0.7300806560898333,-0.20003505793900833,-0.47831211459695555,0
1571233152750,-0.4566340113851469,-1.7107303225812915,-0.7300806560898333,0.24221400616003289,-0.4803240030481707,0
1571233153000,0.022240705199767605,-1.5156360916728355,0.14341695061170687,-0.3432226015457547,-0.47831211459695555,0
1571233153250,0.3705132263524327,-1.7107303225812915,-0.13610228353278597,0.14867270478433206,-0.47831211459695555,0
1571233153500,-0.5437021416733132,-1.3205418607643795,-0.9047801774301413,0.414072888976872,-0.4803240030481707,0
1571233153750,-0.8919746628259783,-1.6456989122784729,-0.17104218780084757,-0.20739318924071354,-0.47831211459695555,0
1571233154000,-1.9367922262839736,-1.6131832071270635,-1.4987585499871885,-0.1113146012092523,-0.47831211459695555,0
1571233154250,0.15284290063201703,-1.6782146174298822,-0.6951407518217716,0.73986049557651,-0.47831211459695555,0
1571233154500,-0.5872362068173963,-1.7432460277327009,-0.6252609432856484,0.8053224912951288,-0.47831211459695555,0
1571233154750,-0.15189555537656493,-1.9383402586411569,-0.24092199633697078,0.19299064503828073,-0.47831211459695555,0
1571233155000,-0.5437021416733132,-1.7432460277327009,-0.3806816134092172,0.3527551281293285,-0.48434620938974904,0
1571233155250,-0.36956588109698063,-2.1984658998524313,-1.289119124378819,-0.44023152801766147,-0.4803240030481707,0
1571233155500,-3.547552636615049,1.1506517307427304,-0.5553811347495252,-0.5572004428482167,-0.4803240030481707,0
1571233155750,-0.5437021416733132,-1.8082774380355195,-1.4288787414510653,-0.5763992452101373,-0.4702661313529469,0
1571233156000,-0.7178384022496457,-1.5806675019756542,-1.289119124378819,0.8198696014548219,-0.4803240030481707,0
1571233156250,-0.8919746628259783,-1.7107303225812915,-1.0095998902343262,0.5718921189651702,-0.48233589149938577,0
1571233156500,-0.5872362068173963,-1.6782146174298822,-1.1842994115746341,0.7177015254495356,-0.48233589149938577,0
1571233156750,-0.36956588109698063,-1.3855732710671982,-0.45056142194534043,-0.1874332008820649,-0.48233589149938577,0
1571233157000,-0.06482742508839867,-0.1499764753136431,0.8072751317048774,-1.5584137572112784,-0.49842628742655115,0
1571233157250,-0.15189555537656493,-0.897837693796058,0.6675155146326309,-0.43667932669959686,-0.47630022614574047,0
1571233157500,0.2399110309201833,0.045117755594812944,0.7373953231687541,0.8480334833337625,-0.472278019804162,0
1571233157750,0.10930883548793388,-0.05242935985941508,0.3181164719520149,0.349710384142416,-0.47630022614574047,0
1571233158000,0.5011154217846822,0.3052433968060877,0.3879962804881381,3.2936395145993727,-0.47630022614574047,0
1571233158250,0.8929220080814304,-0.08494506501082442,-0.2758619006050324,1.0737674194745812,-0.47831211459695555,0
1571233158500,-0.23896368566473122,-1.0929319247045142,-0.13610228353278597,-1.299779670767433,-0.48233589149938577,0
1571233158750,-1.5014515748431423,-1.2880261556129702,0.9470347487771238,-2.7728437268800743,-0.48233589149938577,0
1571233159000,0.28344509606426643,-1.2880261556129702,-0.17104218780084757,-0.306601097480946,-0.5024500643289814,0
1571233159250,-0.36956588109698063,-1.0279005144016955,-0.310801804873094,0.2049158923203547,-0.49239219263375766,0
1571233159500,0.45758135664059896,-1.1904790401587422,-0.5553811347495252,0.29372092527196936,-0.5487125047809661,0
1571233159750,0.19637696577610014,-1.3205418607643795,0.24823666341589168,-0.493852852676065,-0.48233589149938577,0
1571233160000,-0.9355087279700615,-1.3855732710671982,-1.4987585499871885,-1.0222850868491018,-0.4803240030481707,0
1571233160250,1.5459329852426775,-0.7352591680390114,-0.310801804873094,0.23460214619275163,-0.4803240030481707,0
1571233160500,0.7623198126491809,-0.8653219886446487,1.9952318768189719,-1.548941220363106,-0.48635809784096423,0
1571233160750,-0.6743043371055626,-0.11746077016223377,1.2614938871896781,-0.1104688389906655,-0.48233589149938577,0
1571233161000,-0.021293359944315533,0.33775910195749703,1.2964337914577397,-0.5007035266466181,-0.4903803041825426,0
1571233161250,-1.109644988546394,1.9960600646793734,-0.7999604646259565,1.0641257301826916,-0.4903803041825426,0
1571233161500,-1.109644988546394,0.9230417946828652,-1.0095998902343262,0.4704006527347533,-0.49239219263375766,0
1571233161750,-1.370849379410893,-1.1904790401587422,1.9253520682828487,0.6801496829442815,-0.4883699862921793,0
1571233162000,0.8929220080814304,0.5978847431687717,3.3578881432733745,0.05039513498454513,-0.4944040810849728,0
1571233162250,0.5446494869287652,0.43530621741172504,-0.7300806560898333,1.2442730827416815,-0.4964159695361879,0
1571233162500,-0.19542962052064808,-0.3775864113735085,0.5277558975603845,-0.5170267374653434,-0.4944040810849728,0
1571233162750,-4.200563613776296,-1.2229947453101515,0.07353714207558366,-0.687447824510585,-0.5004381758777663,0
1571233163000,0.9364560732255135,0.37027480710890637,0.9470347487771238,-0.29755144174206716,-0.49239219263375766,0
1571233163250,2.41661428812434,0.14266487104904096,1.1217342701174318,1.0422204887212934,-0.49239219263375766,0
1571233163500,1.676535180674927,0.7604632689258184,-0.10116237926472436,-0.3937146059953871,-0.4803240030481707,0
1571233163750,1.763603310963093,-0.5401649371305552,0.5277558975603845,0.013266173588584316,-0.48233589149938577,0
1571233164000,0.6317176172169315,-0.5401649371305552,0.9120948445090622,0.19197573037597657,-0.48635809784096423,0
1571233164250,0.7187857475050978,-0.995384809250286,-0.10116237926472436,-0.22473131472174307,-0.48233589149938577,0
1571233164500,0.2399110309201833,-1.1904790401587422,-0.6951407518217716,0.9343858058514756,-0.48233589149938577,0
1571233164750,2.939023069853338,-1.9058245534897476,-0.48550132621340203,-0.37273970297443426,-0.472278019804162,0
1571233165000,0.19637696577610014,-0.5726806422819646,-0.031282570728601154,-3.573019361885052,-0.48233589149938577,0
1571233165250,0.19637696577610014,0.6629161534715904,-0.17104218780084757,-1.1050006318268912,-0.47831211459695555,0
1571233165500,0.19637696577610014,-1.1579633350073328,1.6807727384064175,2.952712764287031,-0.4803240030481707,0
1571233165750,0.2399110309201833,-0.8653219886446487,-0.10116237926472436,-0.14725949549919157,-0.4903803041825426,0
1571233166000,0.06577477034385075,-0.8328062834932394,-1.3240590286468805,0.6096976901360004,-0.4883699862921793,0
1571233166250,1.2411945292340956,-1.1254476298559235,-1.114419603038511,1.0729216572559943,-0.4803240030481707,0
1571233166500,0.022240705199767605,-1.7107303225812915,-0.7300806560898333,0.2651341622837353,-0.47831211459695555,0
1571233166750,-0.19542962052064808,-1.4831203865214262,-0.66020084755371,-0.15884643789383082,-0.48233589149938577,0
1571233167000,-0.6743043371055626,-1.5481517968242449,-0.3806816134092172,1.3095659260165828,-0.48434620938974904,0
1571233167250,-0.23896368566473122,-1.6456989122784729,-0.45056142194534043,0.9195003908043476,-0.4803240030481707,0
1571233167500,-0.50016807652923,-1.5806675019756542,-0.6252609432856484,-1.4696933004815225,-0.48233589149938577,0
1571233167750,-0.4566340113851469,-1.5806675019756542,-0.48550132621340203,-2.5114186251148922,-0.48233589149938577,0
1571233168000,-0.4130999462410638,-1.3855732710671982,-0.3457417091411556,-0.706477474428788,-0.4803240030481707,0
1571233168250,-0.23896368566473122,-1.5481517968242449,-0.3457417091411556,1.257128668464201,-0.4803240030481707,0
1571233168500,-0.3260318159528975,-1.6782146174298822,-0.5903210390175868,0.2808653395494499,-0.48233589149938577,0
1571233168750,-1.370849379410893,-1.6131832071270635,-1.2541792201107573,0.42253051116274004,-0.48434620938974904,0
1571233169000,-0.7178384022496457,-1.5806675019756542,-0.66020084755371,-0.7527406677854864,-0.4803240030481707,0
1571233169250,-0.6743043371055626,-1.6131832071270635,-0.5903210390175868,1.3275806612724819,-0.48233589149938577,0
1571233169500,-0.5872362068173963,-1.6131832071270635,-0.5903210390175868,0.31926294427329094,-0.48233589149938577,0
1571233169750,-0.6307702719614795,-1.6456989122784729,-0.48550132621340203,-0.3760381756269228,-0.4803240030481707,0
1571233170000,-0.7178384022496457,-1.6456989122784729,-0.45056142194534043,-0.5175341947964955,-0.48233589149938577,0
1571233170250,-0.3260318159528975,-1.6456989122784729,-0.5553811347495252,-0.8412073958496664,-0.4803240030481707,0
1571233170500,-1.109644988546394,-1.7432460277327009,-0.7300806560898333,0.4685399758538623,-0.48233589149938577,0
1571233170750,-0.23896368566473122,-1.0604162195531048,-0.7650205603578949,-0.10505596079170992,-0.47831211459695555,0
1571233171000,-0.7613724673937289,-1.4831203865214262,-0.7300806560898333,0.48790793065950017,-0.47630022614574047,0
1571233171250,-0.9355087279700615,-1.8082774380355195,-0.48550132621340203,0.17116997979874113,-0.47831211459695555,0
1571233171500,-0.8484405976818952,-1.8407931431869289,-1.0794796987704494,-0.18633370999790205,-0.47831211459695555,0
1571233171750,-0.6743043371055626,-1.8082774380355195,-0.310801804873094,-0.4102069692578298,-0.47630022614574047,0
1571233172000,-0.9355087279700615,-1.6782146174298822,-0.5553811347495252,-0.8516948473601428,-0.47630022614574047,0
1571233172250,-0.6307702719614795,-1.5156360916728355,-0.48550132621340203,0.5705388994154312,-0.47831211459695555,0
1571233172500,-0.5872362068173963,-2.0684030792467945,-0.9047801774301413,0.42549067892779385,-0.48434620938974904,0
1571233172750,-0.5872362068173963,-1.5806675019756542,-0.8698402731620797,3.2524508945541952,-0.4803240030481707,0
1571233173000,-0.5872362068173963,-1.7107303225812915,-0.7650205603578949,-0.675268848562935,-0.4803240030481707,0
1571233173250,-0.6307702719614795,-1.7107303225812915,-0.7999604646259565,-1.9001016935203485,-0.47831211459695555,0
1571233173500,-0.50016807652923,-1.3855732710671982,-0.5204412304814636,-0.6920149404909538,-0.47831211459695555,0
1571233173750,-0.6743043371055626,-1.5156360916728355,-0.3806816134092172,0.03466395771883052,-0.47831211459695555,0
1571233174000,-0.5872362068173963,-1.5156360916728355,-0.48550132621340203,-0.17364727671909994,-0.47831211459695555,0
1571233174250,-0.7178384022496457,-1.7107303225812915,-0.5553811347495252,0.5235145200620047,-0.47630022614574047,0
1571233174500,-0.8919746628259783,-1.6131832071270635,-0.6252609432856484,0.24187570127259816,-0.47630022614574047,0
1571233174750,-0.7178384022496457,-1.6782146174298822,-0.5204412304814636,0.6057226077086425,-0.47831211459695555,0
1571233175000,-0.7178384022496457,-1.5481517968242449,-0.7300806560898333,0.1822494648622283,-0.4803240030481707,0
1571233175250,-0.6307702719614795,-1.5806675019756542,-0.7300806560898333,0.02070888111214822,-0.47831211459695555,0
1571233175500,-0.50016807652923,-1.6782146174298822,-0.7300806560898333,0.0020175360813797887,-0.47831211459695555,0
1571233175750,-0.4566340113851469,-1.7107303225812915,-0.8698402731620797,0.20457758743291998,-0.47831211459695555,0
1571233176000,-0.50016807652923,-1.4831203865214262,-0.7999604646259565,-0.017434994946116764,-0.47630022614574047,0
1571233176250,-0.6307702719614795,-1.7107303225812915,-0.9397200816982029,-0.05887734365687029,-0.47630022614574047,0
1571233176500,-0.5872362068173963,-1.5806675019756542,-1.0445397945023878,0.02130091466515898,-0.47630022614574047,0
1571233176750,-0.28249775080881434,-1.8407931431869289,-1.114419603038511,-0.10268782657966688,-0.47831211459695555,0
1571233177000,-0.4130999462410638,-1.4831203865214262,-1.0095998902343262,0.1716774371298932,-0.47831211459695555,0
1571233177250,-0.7178384022496457,-1.7432460277327009,-0.5204412304814636,-0.08086716134012727,-0.4742899082553772,0
1571233177500,-1.3273153142668097,-1.8082774380355195,-0.7650205603578949,0.18258776974966304,-0.4803240030481707,0
1571233177750,-0.4566340113851469,-1.5806675019756542,-0.9047801774301413,-0.2421540164246313,-0.4742899082553772,0
1571233178000,-1.3273153142668097,-2.361044425609478,1.2964337914577397,0.2768902571220919,-0.4803240030481707,0
1571233178250,0.45758135664059896,-2.3935601307608874,-0.7999604646259565,0.5328179044664596,-0.47630022614574047,0
1571233178500,0.41404729149651587,-0.897837693796058,-2.1626167310803592,0.5633499205574434,-0.4803240030481707,0
1571233178750,0.5011154217846822,-1.3530575659157889,-2.1975566353484206,-1.017717970868733,-0.47831211459695555,0
1571233179000,0.3269791612083496,-1.3855732710671982,-0.7999604646259565,-0.572762467670214,-0.4944040810849728,0
1571233179250,-2.807473529165636,-1.4180889762186075,-1.2192393158426957,0.98538526763226,-0.48233589149938577,0
1571233179500,-1.5449856399872253,-3.8242511574228986,0.7373953231687541,3.0768706579755745,-0.47831211459695555,0
1571233179750,-1.2837812491227265,0.8580103843800464,-1.3939388371830037,0.06900190379345487,-0.4803240030481707,0
1571233180000,-1.4143834445549759,0.6629161534715904,-1.1493595073065725,-3.4436177424412704,-0.4803240030481707,0
1571233180250,-2.3285988125807218,-3.011358528637665,3.3578881432733745,-0.7748150616906021,-0.48233589149938577,0
1571233180500,0.8493879429373472,-1.5156360916728355,-0.8349003688940181,0.39504323905866884,-0.47831211459695555,0
1571233180750,-0.36956588109698063,-2.1334344895496127,-0.4156215176772788,2.0523143063795164,-0.48635809784096423,0
1571233181000,-0.4130999462410638,-1.6456989122784729,-1.4987585499871885,-2.611218566908135,-0.4883699862921793,0
1571233181250,-0.36956588109698063,-1.6131832071270635,-0.6252609432856484,-1.2580835933911034,-0.4803240030481707,0
1571233181500,0.3705132263524327,-1.5806675019756542,-0.5553811347495252,0.6429361453264619,-0.48233589149938577,0
1571233181750,-0.23896368566473122,-1.6131832071270635,-0.7300806560898333,-0.15208034014513636,-0.4803240030481707,0
1571233182000,-1.0661109234023107,-1.8082774380355195,-0.8698402731620797,0.7071294977172006,-0.48233589149938577,0
1571233182250,-0.6307702719614795,-1.4831203865214262,-0.8349003688940181,-0.00424110433616258,-0.4803240030481707,0
1571233182500,-0.5437021416733132,-1.6456989122784729,-0.66020084755371,0.042275817686111786,-0.48434620938974904,0
1571233182750,-0.4566340113851469,-1.6456989122784729,-0.8349003688940181,1.1234982379274854,-0.4803240030481707,0
1571233183000,-0.4130999462410638,-1.5481517968242449,-0.66020084755371,0.006584652061748544,-0.48434620938974904,0
1571233183250,-0.5872362068173963,-1.5481517968242449,-0.8349003688940181,0.6524932583964927,-0.48233589149938577,0
1571233183500,-0.4566340113851469,-1.6456989122784729,-0.7650205603578949,-0.6194485421362056,-0.4803240030481707,0
1571233183750,-0.5437021416733132,-1.6456989122784729,-0.6252609432856484,0.5035545317033561,-0.4803240030481707,0
1571233184000,-0.5872362068173963,-1.6782146174298822,-0.7650205603578949,-0.30482499682191366,-0.4803240030481707,0
1571233184250,-0.4566340113851469,-1.6456989122784729,-0.7300806560898333,0.6847167989246501,-0.4803240030481707,0
1571233184500,-0.50016807652923,-1.7757617328841102,-0.7650205603578949,-0.5490811255497834,-0.4803240030481707,0
1571233184750,-0.6307702719614795,-2.003371668943976,-0.9397200816982029,0.2611590798563774,-0.4803240030481707,0
1571233185000,-0.7613724673937289,-1.5481517968242449,-0.8698402731620797,-0.14878186749264785,-0.48434620938974904,0
1571233185250,-0.4566340113851469,-1.7107303225812915,-0.7650205603578949,0.271308226479419,-0.4803240030481707,0
1571233185500,-0.7613724673937289,-1.6782146174298822,-0.7999604646259565,-0.33899379045282063,-0.48233589149938577,0
1571233185750,-0.6307702719614795,-1.6131832071270635,-0.7999604646259565,0.2605670463033666,-0.4803240030481707,0
1571233186000,-0.5437021416733132,-1.6782146174298822,-0.7300806560898333,-0.5980507580059595,-0.4803240030481707,0
1571233186250,-0.7613724673937289,-1.6782146174298822,-0.7650205603578949,0.3127505751901725,-0.47831211459695555,0
1571233186500,-0.804906532537812,-1.5806675019756542,-0.3457417091411556,-0.13592628177012836,-0.4803240030481707,0
1571233186750,-0.8484405976818952,-1.6456989122784729,-0.8349003688940181,0.4545003230253213,-0.47831211459695555,0
1571233187000,-0.28249775080881434,-1.6456989122784729,-0.7999604646259565,-0.26634281587621395,-0.4803240030481707,0
1571233187250,-0.4130999462410638,-1.6782146174298822,-1.114419603038511,0.5264746878270585,-0.47831211459695555,0
1571233187500,-0.8919746628259783,-1.5481517968242449,-0.310801804873094,0.08016596507880074,-0.4803240030481707,0
1571233187750,-0.1083614902324818,-1.1254476298559235,-0.5204412304814636,0.5228379102871353,-0.47630022614574047,0
1571233188000,-0.3260318159528975,-1.7432460277327009,-0.24092199633697078,-0.5036636944116719,-0.4803240030481707,0
1571233188250,-0.4566340113851469,-1.7757617328841102,-0.48550132621340203,1.0999014720289135,-0.47831211459695555,0
1571233188500,-1.6320537702753917,-2.2960130153066594,0.07353714207558366,-0.026315498241278233,-0.47831211459695555,0
1571233188750,-0.8484405976818952,-1.6131832071270635,-0.7300806560898333,-0.8785900859112032,-0.48635809784096423,0
1571233189000,0.06577477034385075,-1.4180889762186075,-1.0095998902343262,-1.1507563678524375,-0.4742899082553772,0
1571233189250,-0.4130999462410638,-1.9058245534897476,-0.8698402731620797,-0.9029480378065033,-0.47630022614574047,0
1571233189500,-0.7613724673937289,-1.5481517968242449,-0.7300806560898333,0.321631078485334,-0.4803240030481707,0
1571233189750,-0.4566340113851469,-1.5806675019756542,-0.7300806560898333,-0.6647813970524586,-0.47831211459695555,0
1571233190000,-0.7178384022496457,-1.8407931431869289,-0.5903210390175868,0.1587372751855151,-0.4803240030481707,0
1571233190250,-0.9355087279700615,-1.3530575659157889,-0.66020084755371,-0.27488501428394074,-0.472278019804162,0
1571233190500,-0.15189555537656493,-1.7757617328841102,0.1783568548797685,0.510743510561344,-0.4742899082553772,0
1571233190750,-0.5437021416733132,-1.6131832071270635,-0.3457417091411556,0.1414837259263442,-0.47831211459695555,0
1571233191000,0.28344509606426643,-1.6456989122784729,-0.9397200816982029,2.083100051136076,-0.47831211459695555,0
1571233191250,0.45758135664059896,-1.4180889762186075,-1.289119124378819,2.538965886954365,-0.4803240030481707,0
1571233191500,-0.804906532537812,-1.8733088483383382,0.24823666341589168,-0.7266066152311541,-0.48434620938974904,0
1571233191750,-1.0225768582582277,-1.7107303225812915,-1.0095998902343262,-0.6652888543836106,-0.4803240030481707,0
1571233192000,-0.9790427931141445,-1.7107303225812915,-0.9047801774301413,0.3386308990789288,-0.4742899082553772,0
1571233192250,-0.7613724673937289,-1.5481517968242449,-0.6252609432856484,-3.3605638925760464,-0.47630022614574047,0
1571233192500,-1.2837812491227265,-2.003371668943976,-1.3240590286468805,-0.9598678351173954,-0.47831211459695555,0
1571233192750,-2.6333372685893037,-1.4180889762186075,-1.638518167059435,0.48943030265295645,-0.4662439250113685,0
1571233193000,-2.5462691383011373,-0.8328062834932394,-1.987917209740051,0.9287191989869439,-0.47831211459695555,0
1571233193250,-2.5462691383011373,-0.6702277577361927,-2.2324965396164824,1.0227679576937967,-0.47630022614574047,0
1571233193500,-2.110928486860306,-0.5076492319791459,-3.0710542420499607,2.16877576387892,-0.47831211459695555,0
1571233193750,-1.9367922262839736,-0.9628691040988767,-3.1758739548541457,0.10012595343744936,-0.47630022614574047,0
1571233194000,-1.6755878354194749,-0.6377120525847833,-3.0710542420499607,-2.7333466312720702,-0.4742899082553772,0
1571233194250,-3.6346207669032156,-1.1254476298559235,-2.4770758694929134,-0.5741156872199528,-0.47630022614574047,0
1571233194500,-4.418233939496712,0.11014916589763163,-3.769852327411193,1.0906826638463174,-0.4803240030481707,0
1571233194750,-3.1992801154623844,0.37027480710890637,-0.2059820920689092,-0.397435959757169,-0.4883699862921793,0
1571233195000,-0.021293359944315533,0.6629161534715904,1.1566741743854934,-1.312719832711811,-0.4903803041825426,0
1571233195250,-0.6743043371055626,0.33775910195749703,1.715712642674479,-2.0656173596977863,-0.4964159695361879,0
1571233195500,-1.2402471839786433,0.8254946792286371,1.2614938871896781,-0.3384863331216686,-0.49842628742655115,0
1571233195750,-0.6307702719614795,1.4107773719540053,-1.7083979755955583,0.681587478715879,-0.5024500643289814,0
1571233196000,-3.8958251577677143,-2.7512328874263905,0.7024554189006925,2.043433803084355,-0.4903803041825426,0
1571233196250,-1.0225768582582277,-3.8242511574228986,-2.2324965396164824,0.23045791132167628,-0.4742899082553772,0
1571233196500,-1.5885197051313085,-2.003371668943976,0.4578760890242613,0.5537928074874126,-0.49239219263375766,0
1571233196750,-0.5437021416733132,-2.035887374095385,-0.9746599859662645,0.5019475834880412,-0.4903803041825426,0
1571233197000,0.41404729149651587,-1.0279005144016955,-0.8698402731620797,0.32323802670064894,-0.48434620938974904,0
1571233197250,-0.7613724673937289,-1.9708559637925664,-0.7300806560898333,-2.0116577301519483,-0.48434620938974904,0
1571233197500,1.110592333801846,-1.7107303225812915,0.2831765676839533,0.04946479654409964,-0.48233589149938577,0
1571233197750,0.7187857475050978,-1.9058245534897476,-0.9047801774301413,-1.0049469613680722,-0.48635809784096423,0
1571233198000,1.0235242035136798,-0.6051963474333739,-1.5686383585233117,0.6462346179789504,-0.48434620938974904,0
1571233198250,1.1541263989459292,-0.3775864113735085,-2.6517753908332216,-0.899057531601004,-0.48635809784096423,0
1571233198500,1.110592333801846,0.0126020504434036,-2.2324965396164824,0.5474495908480115,-0.49239219263375766,0
1571233198750,1.067058268657763,-0.11746077016223377,1.0518544615813086,0.8591129683972497,-0.46423203656015344,0
1571233199000,1.676535180674927,0.1751805762004503,-1.0445397945023878,0.8970031157899386,-0.4581979417673599,0
1571233199250,0.15284290063201703,1.8985129492251454,0.2831765676839533,-0.9479425878353214,-0.4742899082553772,0
1571233199500,0.5881835520728484,1.18316743589414,0.4229361847561997,-1.189576853685572,-0.4944040810849728,0
1571233199750,-3.242814180606467,2.061091474982192,-0.13610228353278597,0.10765323718287195,-0.48635809784096423,0
1571233200000,-3.1992801154623844,1.4107773719540053,-0.9397200816982029,-0.20849268012487637,-0.49239219263375766,0
1571233200250,-1.3273153142668097,0.6954318586229997,-0.9746599859662645,-0.6163192219274345,-0.4964159695361879,0
1571233200500,-0.8484405976818952,-2.1334344895496127,2.1000515896231566,1.2578898544609292,-0.4903803041825426,0
1571233200750,0.8058538777932641,-1.3205418607643795,-0.2059820920689092,0.6866620520273998,-0.49239219263375766,0
1571233201000,-0.6743043371055626,-2.1334344895496127,-0.6951407518217716,0.08980765437069031,-0.48434620938974904,0
1571233201250,-2.110928486860306,-1.4506046813700169,-1.3240590286468805,0.2692783971548107,-0.48233589149938577,0
1571233201500,-1.0225768582582277,-2.4260758359122967,0.6675155146326309,-0.280128740039179,-0.48434620938974904,0
1571233201750,1.8942055063953425,-0.4751335268277365,0.24823666341589168,-2.816315904915436,-0.48635809784096423,0
1571233202000,0.5881835520728484,0.7279475637744091,0.21329675914783008,0.8247750223226253,-0.4964159695361879,0
1571233202250,-2.2850647474366386,0.27272769165467836,0.5976357060965077,1.577587973086742,-0.49842628742655115,0
1571233202500,-0.6307702719614795,-0.08494506501082442,-0.310801804873094,0.19214488281969394,-0.49239219263375766,0
1571233202750,2.2424780275480076,-2.2960130153066594,-0.2059820920689092,-2.417369866408039,-0.5024500643289814,0
1571233203000,0.6317176172169315,-1.0279005144016955,-1.2541792201107573,0.2101596180755929,-0.48434620938974904,0
1571233203250,3.0260912001415043,-0.9303533989474674,-0.5553811347495252,0.3081834592098038,-0.47831211459695555,0
1571233203500,-0.19542962052064808,-0.18249218046505244,-1.7433378798636199,0.9300724185366828,-0.4742899082553772,0
1571233203750,-2.676871333733387,1.573355897711052,-2.0577970182761742,0.5497331488381958,-0.4742899082553772,0
1571233204000,-1.8932581611398904,1.963544359527964,-1.638518167059435,1.5035837789603963,-0.4421059752793427,0
1571233204250,-2.1544625520043894,2.7439212831617885,-1.987917209740051,-2.0711993903404595,-0.46222014810893836,0
1571233204500,-2.807473529165636,2.4512799367991045,-2.4770758694929134,-1.9821406287232686,-0.46222014810893836,0
1571233204750,-0.8919746628259783,0.1751805762004503,-1.638518167059435,1.237253256327411,-0.48635809784096423,0
1571233205000,-1.8932581611398904,-2.686201477123572,1.6807727384064175,0.8133572323717034,-0.472278019804162,0
1571233205250,0.7623198126491809,-1.9383402586411569,0.842215035972939,0.6667866398906099,-0.48434620938974904,0
1571233205500,-0.9790427931141445,-1.2555104504615608,-1.0794796987704494,1.054737769556378,-0.5024500643289814,0
1571233205750,-1.8061900308517242,-1.2880261556129702,-0.5204412304814636,0.293805501493828,-0.48434620938974904,0
1571233206000,-0.8919746628259783,-2.2960130153066594,-0.48550132621340203,-2.5680001175383493,-0.46222014810893836,0
1571233206250,-1.1531790536904771,-1.8082774380355195,0.1783568548797685,-1.5279663173421534,-0.46825581346258366,0
1571233206500,-0.5437021416733132,-1.1904790401587422,0.842215035972939,0.8597895781721191,-0.472278019804162,0
1571233206750,-1.0661109234023107,-1.8733088483383382,1.7855924512106023,2.0565431174724504,-0.4662439250113685,0
1571233207000,-1.762655965707641,-0.05242935985941508,0.3181164719520149,0.2420448537163155,-0.48233589149938577,0
1571233207250,-2.02386035657214,1.67090301316528,-1.1493595073065725,-0.7563774453254097,-0.47831211459695555,0
1571233207500,-2.676871333733387,1.6383873080138707,-3.734912423143131,0.36180478386820736,-0.46423203656015344,0
1571233207750,0.7623198126491809,-1.6456989122784729,-0.7650205603578949,-1.6554226836831851,-0.472278019804162,0
1571233208000,3.0696252652855875,-2.165950194701022,3.3578881432733745,-1.095781823644295,-0.4803240030481707,0
1571233208250,0.8493879429373472,-0.80029057834183,1.3663135999938631,0.9692312092572519,-0.4903803041825426,0
1571233208500,-0.5872362068173963,-2.7837485925778,-0.9397200816982029,1.0479716718076837,-0.4883699862921793,0
1571233208750,1.4588648549545111,-0.3450707062220992,-1.813217688399743,-0.17711490181530584,-0.4903803041825426,0
1571233209000,1.2411945292340956,0.0126020504434036,-0.48550132621340203,1.3567594578137268,-0.4903803041825426,0
1571233209250,0.6317176172169315,0.9230417946828652,-0.9397200816982029,0.0562308942927941,-0.48635809784096423,0
1571233209500,0.19637696577610014,-0.6702277577361927,-1.3240590286468805,-1.330819144189569,-0.48635809784096423,0
1571233209750,-0.9790427931141445,-2.26349731015525,0.10847704634364527,-1.2596059653845595,-0.4742899082553772,0
1571233210000,1.4588648549545111,-0.995384809250286,-2.442135965224852,0.011574649151410705,-0.4581979417673599,0
1571233210250,0.3269791612083496,-1.7757617328841102,0.038597237807522056,0.7620194657034842,-0.46423203656015344,0
1571233210500,0.2399110309201833,-0.897837693796058,0.3181164719520149,0.3437054723904497,-0.46825581346258366,0
1571233210750,-2.02386035657214,-1.0604162195531048,1.5410131213341711,-0.8111828370898347,-0.472278019804162,0
1571233211000,-1.370849379410893,0.7279475637744091,0.4578760890242613,0.6199314129809007,-0.4903803041825426,0
1571233211250,-1.1531790536904771,1.378261666802596,-1.2541792201107573,-0.8510182375852734,-0.4903803041825426,0
1571233211500,-0.15189555537656493,-0.18249218046505244,1.9602919725509103,0.7652333621341142,-0.4883699862921793,0
1571233211750,-2.7639394640215533,-0.8328062834932394,-0.66020084755371,0.7432435444508572,-0.49239219263375766,0
1571233212000,-1.8497240959958072,0.20769628135185966,0.8771549402410006,2.929877184385187,-0.4944040810849728,0
1571233212250,-1.457917509699059,0.4027905122603157,1.2265539829216165,-1.7397451768762897,-0.46222014810893836,0
1571233212500,-0.50016807652923,0.11014916589763163,1.471133312798048,-1.5173097133879596,-0.43204967414497086,0
1571233212750,0.10930883548793388,0.3052433968060877,1.0867943658493702,1.293411867641575,-0.4964159695361879,0
1571233213000,0.06577477034385075,-0.05242935985941508,0.9120948445090622,0.7400296480202273,-0.45417573542578155,0
1571233213250,0.41404729149651587,0.11014916589763163,0.1783568548797685,0.9595049437435037,-0.4602098302185751,0
1571233213500,1.1976604640900124,-0.3775864113735085,0.3530563762200765,0.18411014174311927,-0.4702661313529469,0
1571233213750,0.8493879429373472,0.045117755594812944,-0.310801804873094,-1.646965061497317,-0.4662439250113685,0
1571233214000,2.41661428812434,-0.08494506501082442,-0.2758619006050324,-3.575387496097095,-0.472278019804162,0
1571233214250,1.763603310963093,0.9230417946828652,-0.8349003688940181,-1.7532773723736788,-0.4702661313529469,0
1571233214500,0.6752516823610146,1.7034187183166893,-0.5204412304814636,-2.382778191667839,-0.4702661313529469,0
1571233214750,-1.8497240959958072,2.971531219221654,-2.3023763481526056,-1.0199169526370586,-0.47630022614574047,0
1571233215000,-0.804906532537812,-1.7432460277327009,-1.1842994115746341,0.04345988479213331,-0.4742899082553772,0
1571233215250,2.1554098972598412,-3.466578400757396,-1.0445397945023878,-0.06090717298147863,-0.47831211459695555,0
1571233215500,0.8493879429373472,-0.995384809250286,-1.813217688399743,1.1647714341945214,-0.48233589149938577,0
1571233215750,0.45758135664059896,-0.4751335268277365,-1.1842994115746341,2.1383283240097946,-0.4803240030481707,0
1571233216000,1.8071373761071763,-0.5401649371305552,-1.3939388371830037,1.6313784501888628,-0.48233589149938577,0
1571233216250,1.110592333801846,-0.08494506501082442,-0.8349003688940181,1.134493146769114,-0.4803240030481707,0
1571233216500,0.06577477034385075,-0.9303533989474674,-1.3939388371830037,0.8328097633992,-0.46825581346258366,0
1571233216750,0.9364560732255135,-2.26349731015525,-1.7433378798636199,-0.4595994828232993,-0.472278019804162,0
1571233217000,-0.4130999462410638,-1.5156360916728355,-1.987917209740051,-2.1786957683228425,-0.472278019804162,0
1571233217250,-0.4566340113851469,-1.7432460277327009,-1.4987585499871885,-1.4655490656104473,-0.4803240030481707,0
1571233217500,-0.50016807652923,-1.7107303225812915,-1.463818645719127,1.5890903392595226,-0.47831211459695555,0
1571233217750,-0.5437021416733132,-1.5156360916728355,-1.5686383585233117,-0.5958517762376339,-0.4803240030481707,0
1571233218000,0.10930883548793388,-2.165950194701022,-1.0794796987704494,-0.22261690917527605,-0.48434620938974904,0
1571233218250,-1.1531790536904771,-1.2555104504615608,0.5976357060965077,-0.14878186749264785,-0.47831211459695555,0
1571233218500,-0.9355087279700615,-0.995384809250286,-0.6252609432856484,0.6993484853062019,-0.48233589149938577,0
1571233218750,-0.4130999462410638,-1.6456989122784729,-0.9746599859662645,-0.4230625549803493,-0.47630022614574047,0
1571233219000,0.15284290063201703,-1.1254476298559235,-1.114419603038511,0.4281971180272716,-0.47630022614574047,0
1571233219250,0.6752516823610146,-1.0604162195531048,-0.8698402731620797,0.6247522576268456,-0.4742899082553772,0
1571233219500,0.6752516823610146,-1.1904790401587422,-1.0794796987704494,1.916569470296334,-0.4742899082553772,0
1571233219750,0.9364560732255135,-0.9628691040988767,-0.9047801774301413,1.066916745504028,-0.47630022614574047,0
1571233220000,0.3705132263524327,-1.2880261556129702,-0.8349003688940181,-2.257267078429557,-0.4742899082553772,0
1571233220250,-0.1083614902324818,-1.7757617328841102,-0.9397200816982029,-1.364142175601889,-0.4742899082553772,0
1571233220500,0.3705132263524327,-1.1904790401587422,-0.5553811347495252,-0.6783135925498475,-0.4742899082553772,0
1571233220750,0.3269791612083496,-1.0279005144016955,-0.7650205603578949,-0.9381317460997145,-0.4742899082553772,0
1571233221000,0.2399110309201833,-1.3530575659157889,-0.5204412304814636,-0.2557707881438789,-0.4742899082553772,0
1571233221250,0.06577477034385075,-1.3530575659157889,-0.9047801774301413,-0.5157580941374633,-0.4742899082553772,0
1571233221500,0.5011154217846822,-1.2229947453101515,-1.114419603038511,0.446381005726888,-0.4742899082553772,0
1571233221750,0.8058538777932641,-1.1579633350073328,-1.1842994115746341,0.13835440571757304,-0.472278019804162,0
1571233222000,0.6752516823610146,-1.0929319247045142,-1.5686383585233117,-0.45334084240575695,-0.4742899082553772,0
1571233222250,0.5881835520728484,-1.3855732710671982,-1.1493595073065725,0.2486417990212926,-0.472278019804162,0
1571233222500,-0.8919746628259783,-1.3855732710671982,-0.7300806560898333,0.02882819841058156,-0.4742899082553772,0
1571233222750,-0.5872362068173963,-1.8082774380355195,-0.7650205603578949,0.6529161395057863,-0.472278019804162,0
1571233223000,-1.109644988546394,-1.2229947453101515,-0.9746599859662645,-0.3912618955614854,-0.4702661313529469,0
1571233223250,-0.021293359944315533,-1.7432460277327009,-1.0095998902343262,0.43885372198146544,-0.4561860533161448,0
1571233223500,-0.7178384022496457,-1.6131832071270635,-1.3939388371830037,0.15535422631116783,-0.47630022614574047,0
1571233223750,-0.28249775080881434,-1.5806675019756542,-1.114419603038511,1.20655208779271,-0.4803240030481707,0
1571233224000,0.8929220080814304,-1.0279005144016955,-1.0794796987704494,0.40147103191992856,-0.4742899082553772,0
1571233224250,0.45758135664059896,-1.7432460277327009,-0.7650205603578949,-0.4894548891394136,-0.47630022614574047,0
1571233224500,-0.23896368566473122,-1.3855732710671982,-0.9746599859662645,-0.8604907744334456,-0.4742899082553772,0
1571233224750,0.3269791612083496,-1.4180889762186075,-0.9047801774301413,-0.09329986595335331,-0.472278019804162,0
1571233225000,0.15284290063201703,-1.1904790401587422,-0.9397200816982029,0.30006414191137043,-0.472278019804162,0
1571233225250,0.19637696577610014,-1.1579633350073328,-0.7999604646259565,1.0201460948161778,-0.472278019804162,0
1571233225500,0.28344509606426643,-1.2229947453101515,-0.7300806560898333,2.1185374880948635,-0.472278019804162,0
1571233225750,0.022240705199767605,-1.4506046813700169,-0.7650205603578949,-1.5472496959259328,-0.46825581346258366,0
1571233226000,-0.06482742508839867,-1.4506046813700169,-0.7650205603578949,-1.0851252196901013,-0.4702661313529469,0
1571233226250,-0.06482742508839867,-1.4831203865214262,-0.7999604646259565,0.2817956779898954,-0.46825581346258366,0
1571233226500,0.06577477034385075,-1.6131832071270635,-0.7300806560898333,-0.050081416583567503,-0.4702661313529469,0
1571233226750,0.28344509606426643,-1.3530575659157889,-0.3806816134092172,0.38540154976677926,-0.4702661313529469,0
1571233227000,0.28344509606426643,-1.8407931431869289,-0.66020084755371,-0.08915563108227796,-0.4702661313529469,0
1571233227250,-0.19542962052064808,-1.3530575659157889,-1.2192393158426957,0.30945210253768396,-0.4702661313529469,0
1571233227500,0.41404729149651587,-1.6456989122784729,-1.289119124378819,0.06587258358468369,-0.46825581346258366,0
1571233227750,-0.021293359944315533,-1.4831203865214262,-1.2541792201107573,0.8352624738331018,-0.472278019804162,0
1571233228000,-0.23896368566473122,-1.4180889762186075,-1.0445397945023878,-0.0242856689166699,-0.46825581346258366,0
1571233228250,-0.06482742508839867,-1.6131832071270635,-0.9397200816982029,-0.4948677673383692,-0.4702661313529469,0
1571233228500,0.10930883548793388,-1.1904790401587422,-0.6252609432856484,-0.5253152072074941,-0.46825581346258366,0
1571233228750,-0.4130999462410638,-1.7107303225812915,-0.9047801774301413,0.206691992979387,-0.46825581346258366,0
1571233229000,0.15284290063201703,-1.8407931431869289,-0.5903210390175868,-0.15622457501621173,-0.46825581346258366,0
1571233229250,0.41404729149651587,-1.1579633350073328,-0.8698402731620797,0.16228947650357964,-0.4702661313529469,0
1571233229500,0.15284290063201703,-1.2880261556129702,-1.2192393158426957,0.13793152460827962,-0.4702661313529469,0
1571233229750,0.3705132263524327,-1.3205418607643795,-1.289119124378819,0.20246318188645296,-0.472278019804162,0
1571233230000,0.19637696577610014,-1.3855732710671982,-1.1493595073065725,-0.4328733967159562,-0.46825581346258366,0
1571233230250,-0.15189555537656493,-1.4506046813700169,-0.9047801774301413,-0.3931225724423763,-0.46423203656015344,0
1571233230500,-0.3260318159528975,-1.5806675019756542,-0.7650205603578949,-0.16671202652668812,-0.46825581346258366,0
1571233230750,-0.9355087279700615,-1.6782146174298822,-0.7999604646259565,-0.14565254728387667,-0.46825581346258366,0
1571233231000,-0.1083614902324818,-1.4831203865214262,-0.4156215176772788,0.19163742548854182,-0.4662439250113685,0
1571233231250,-0.36956588109698063,-1.7432460277327009,-0.9746599859662645,0.0854942670558976,-0.4662439250113685,0
1571233231500,-0.06482742508839867,-1.5481517968242449,-1.0445397945023878,0.4419830421902366,-0.46825581346258366,0
1571233231750,0.28344509606426643,-1.4506046813700169,-1.0095998902343262,0.7113583088101346,-0.46825581346258366,0
1571233232000,0.2399110309201833,-1.4831203865214262,-1.1493595073065725,1.1121650241984222,-0.46825581346258366,0
1571233232250,0.10930883548793388,-1.4180889762186075,-1.114419603038511,-1.576597644910895,-0.46825581346258366,0
1571233232500,0.06577477034385075,-1.4180889762186075,-1.1842994115746341,-0.3424614155490266,-0.46825581346258366,0
1571233232750,0.15284290063201703,-1.4180889762186075,-1.114419603038511,-0.10471765590427522,-0.46825581346258366,0
1571233233000,0.19637696577610014,-1.4180889762186075,-1.114419603038511,0.20593080698265886,-0.4662439250113685,0
1571233233250,-0.6307702719614795,-1.8407931431869289,-1.2192393158426957,-0.04077803217911263,-0.4662439250113685,0
1571233233500,1.763603310963093,-1.0279005144016955,-0.06622247499666276,0.2299504539905242,-0.4602098302185751,0
1571233233750,0.45758135664059896,-0.995384809250286,-0.3457417091411556,-0.04331531883487305,-0.4702661313529469,0
1571233234000,0.19637696577610014,-1.1904790401587422,-0.2758619006050324,0.47361454916538315,-0.472278019804162,0
1571233234250,1.4588648549545111,-0.5726806422819646,-0.06622247499666276,0.955699013759863,-0.4742899082553772,0
1571233234500,1.8942055063953425,-1.2880261556129702,0.5626958018284461,2.8135003031076424,-0.4662439250113685,0
1571233234750,-0.15189555537656493,-0.05242935985941508,-0.2059820920689092,-0.5757226354352678,-0.47630022614574047,0
1571233235000,-0.5872362068173963,-1.4180889762186075,-0.5553811347495252,-2.342012452731955,-0.472278019804162,0
1571233235250,-0.36956588109698063,-1.8407931431869289,-1.1842994115746341,-0.10776239989118772,-0.472278019804162,0
1571233235500,-0.15189555537656493,-1.6782146174298822,-1.0794796987704494,2.0719359898507306,-0.472278019804162,0
1571233235750,-0.6307702719614795,-2.035887374095385,-0.9047801774301413,-1.8745596745190267,-0.4702661313529469,0
1571233236000,-1.0225768582582277,-1.4180889762186075,-0.7300806560898333,-0.48674845003993583,-0.47831211459695555,0
1571233236250,0.9799901383695966,-0.6377120525847833,-1.1493595073065725,-1.182218722383867,-0.4702661313529469,0
1571233236500,0.8929220080814304,-1.9383402586411569,-1.4987585499871885,-1.0715084479708539,-0.472278019804162,0
1571233236750,-0.6307702719614795,-1.6782146174298822,-1.53369845425525,-0.4932608191230542,-0.4561860533161448,0
1571233237000,-0.1083614902324818,-2.1984658998524313,-0.9047801774301413,0.8148796043651597,-0.44814007007213624,0
1571233237250,0.9799901383695966,-1.2880261556129702,-1.53369845425525,-0.6697713941421206,-0.4581979417673599,0
1571233237500,-0.7613724673937289,-1.6782146174298822,-0.7300806560898333,2.1876362613534055,-0.46423203656015344,0
1571233237750,-1.1967131188345603,-1.9383402586411569,-0.2758619006050324,1.8335156204311096,-0.4662439250113685,0
1571233238000,-0.021293359944315533,-1.5156360916728355,-0.5204412304814636,-0.5275141889758199,-0.46222014810893836,0
1571233238250,-0.7178384022496457,-1.8407931431869289,-0.8349003688940181,-5.245344996696745,-0.46222014810893836,0
1571233238500,-0.4566340113851469,-2.165950194701022,-1.2541792201107573,-2.407136143563139,-0.46423203656015344,0
1571233238750,-0.15189555537656493,-1.7432460277327009,-1.2541792201107573,-0.2660890872106379,-0.46423203656015344,0
1571233239000,-0.021293359944315533,-1.8407931431869289,-0.9047801774301413,2.1161693538828206,-0.4662439250113685,0
1571233239250,-1.5014515748431423,-2.035887374095385,-0.6252609432856484,-0.44133101890182425,-0.4662439250113685,0
1571233239500,-0.19542962052064808,-1.9383402586411569,-1.114419603038511,0.4094211967746445,-0.46423203656015344,0
1571233239750,-1.1531790536904771,-2.165950194701022,-0.6252609432856484,-0.6325578565243013,-0.4662439250113685,0
1571233240000,-0.3260318159528975,-1.3205418607643795,-0.8698402731620797,1.2578898544609292,-0.46423203656015344,0
1571233240250,-1.3273153142668097,-1.7107303225812915,-0.8349003688940181,1.1923432825204516,-0.46423203656015344,0
1571233240500,0.2399110309201833,-1.4506046813700169,-1.463818645719127,-1.0019867936030182,-0.4662439250113685,0
1571233240750,0.8929220080814304,-1.2229947453101515,-0.9746599859662645,0.061559196269890974,-0.46825581346258366,0
1571233241000,0.5011154217846822,-1.3855732710671982,-0.6252609432856484,-0.06310615474980433,-0.4702661313529469,0
1571233241250,-0.804906532537812,-1.3855732710671982,-0.13610228353278597,0.07179291911479134,-0.46222014810893836,0
1571233241500,-1.2837812491227265,-1.7757617328841102,-0.10116237926472436,0.12524509132947753,-0.46222014810893836,0
1571233241750,-1.457917509699059,-1.6131832071270635,-0.5903210390175868,1.6889748572746244,-0.46423203656015344,0
1571233242000,-0.3260318159528975,-1.5481517968242449,-0.5204412304814636,0.6224686996366612,-0.4662439250113685,0
1571233242250,-1.1967131188345603,-1.6131832071270635,-0.7300806560898333,2.74186424319334,-0.46423203656015344,0
1571233242500,-0.9790427931141445,-1.7432460277327009,-0.10116237926472436,-0.24959672394819518,-0.46423203656015344,0
1571233242750,-0.9790427931141445,-1.7757617328841102,-0.4156215176772788,-2.3982556402679776,-0.46423203656015344,0
1571233243000,-1.6320537702753917,-1.6131832071270635,-0.7650205603578949,-0.9489575024976256,-0.4662439250113685,0
1571233243250,-1.5885197051313085,-1.6456989122784729,-0.8698402731620797,-0.08611088709536546,-0.4662439250113685,0
1571233243500,-0.6307702719614795,-1.2555104504615608,-0.66020084755371,0.0361017534904281,-0.4662439250113685,0
1571233243750,-1.1967131188345603,-1.7432460277327009,-0.3457417091411556,0.3093675263158253,-0.4702661313529469,0
1571233244000,-1.8932581611398904,-1.7432460277327009,-0.10116237926472436,-0.7628898144085281,-0.4662439250113685,0
1571233244250,-1.4143834445549759,-1.5156360916728355,0.038597237807522056,0.6852242562558022,-0.4662439250113685,0
1571233244500,-0.8919746628259783,-1.5156360916728355,-0.17104218780084757,0.641582925776723,-0.4662439250113685,0
1571233244750,-0.7178384022496457,-1.5806675019756542,-0.310801804873094,-0.011430083194150438,-0.4602098302185751,0
1571233245000,-0.9355087279700615,-1.5806675019756542,-0.45056142194534043,-0.8351179078758414,-0.4561860533161448,0
1571233245250,-0.8484405976818952,-1.6782146174298822,-0.6252609432856484,-0.28537246579441716,-0.4561860533161448,0
1571233245500,-1.2402471839786433,-1.7107303225812915,-0.10116237926472436,-0.5820658520746689,-0.4602098302185751,0
1571233245750,-0.4130999462410638,-1.5481517968242449,-0.9746599859662645,0.44308253307439943,-0.4662439250113685,0
1571233246000,-1.9367922262839736,-1.6456989122784729,0.8072751317048774,-0.10006596370204777,-0.46423203656015344,0
1571233246250,-1.0661109234023107,-1.5481517968242449,-0.9397200816982029,0.3246758224722465,-0.46423203656015344,0
1571233246500,-1.0661109234023107,-1.7432460277327009,-0.7300806560898333,-0.20815437523744168,-0.46423203656015344,0
1571233246750,-0.50016807652923,-1.5481517968242449,-0.66020084755371,0.8416902666943614,-0.46423203656015344,0
1571233247000,-0.50016807652923,-1.7107303225812915,-0.66020084755371,1.8477244257033678,-0.46423203656015344,0
1571233247250,-0.4566340113851469,-1.4831203865214262,-0.7300806560898333,0.6733835851955869,-0.4602098302185751,0
1571233247500,-1.109644988546394,-1.7432460277327009,-0.45056142194534043,-2.37694243235959,-0.46222014810893836,0
1571233247750,-1.109644988546394,-1.4506046813700169,-0.5204412304814636,-0.6786518974372822,-0.46423203656015344,0
1571233248000,0.6317176172169315,-1.6782146174298822,-0.5903210390175868,-1.1545622978360783,-0.46423203656015344,0
1571233248250,-1.2837812491227265,-1.5481517968242449,0.14341695061170687,0.014957698025757929,-0.46825581346258366,0
1571233248500,-0.6743043371055626,-1.6456989122784729,-0.310801804873094,-0.40843086859879746,-0.4662439250113685,0
1571233248750,-1.1531790536904771,-1.5156360916728355,0.24823666341589168,0.3190092156077149,-0.46423203656015344,0
1571233249000,-0.6307702719614795,-1.3530575659157889,-0.17104218780084757,-0.4329579729378149,-0.4662439250113685,0
1571233249250,-0.804906532537812,-1.3530575659157889,0.21329675914783008,0.6131653152322063,-0.46222014810893836,0
1571233249500,-0.7178384022496457,-1.5481517968242449,-0.24092199633697078,-0.4176496767813937,-0.4662439250113685,0
1571233249750,-0.15189555537656493,-1.4506046813700169,0.003657333539460452,0.5526933166032496,-0.46423203656015344,0
1571233250000,-1.5449856399872253,-1.5806675019756542,0.038597237807522056,0.8352624738331018,-0.46825581346258366,0
1571233250250,-1.1531790536904771,-1.6131832071270635,-0.17104218780084757,0.6400605537832668,-0.46423203656015344,0
1571233250500,-1.3273153142668097,-1.6131832071270635,-0.24092199633697078,-2.0440504231238226,-0.46825581346258366,0
1571233250750,-1.3273153142668097,-1.5481517968242449,-0.13610228353278597,-0.11004595788137209,-0.4662439250113685,0
1571233251000,-1.6755878354194749,-1.4831203865214262,-0.6252609432856484,0.24559705503438012,-0.46423203656015344,0
1571233251250,-1.5449856399872253,-1.5806675019756542,-0.3457417091411556,0.2896612666227527,-0.46423203656015344,0
1571233251500,-1.2837812491227265,-1.4180889762186075,-0.3806816134092172,-0.7439447407121837,-0.46222014810893836,0
1571233251750,0.7187857475050978,-1.6131832071270635,0.1783568548797685,-0.10150375947364534,-0.46423203656015344,0
1571233252000,-0.6307702719614795,-1.4506046813700169,-0.5204412304814636,-0.1395630593100516,-0.46423203656015344,0
1571233252250,-0.6307702719614795,-1.2880261556129702,-1.2541792201107573,0.6125732816791954,-0.4662439250113685,0
1571233252500,-5.985460284683705,-3.661672631665852,0.5976357060965077,-0.042131251728851515,-0.4662439250113685,0
1571233252750,-1.3273153142668097,-1.7432460277327009,-0.9746599859662645,0.13116542685958515,-0.4662439250113685,0
1571233253000,-0.8919746628259783,-1.3855732710671982,-2.267436443884544,-0.4741465929829924,-0.4662439250113685,0
1571233253250,-0.3260318159528975,-1.9708559637925664,-0.8349003688940181,0.6593439323670459,-0.46825581346258366,0
1571233253500,-0.6743043371055626,-1.7432460277327009,-0.8698402731620797,0.32805887134659373,-0.46423203656015344,0
1571233253750,-0.3260318159528975,-1.6456989122784729,-0.6252609432856484,0.45543066146576683,-0.4662439250113685,0
1571233254000,-0.6743043371055626,-1.6782146174298822,-0.7999604646259565,0.15721490319205883,-0.46825581346258366,0
1571233254250,-0.6307702719614795,-1.8407931431869289,-0.8349003688940181,1.818799357827699,-0.46423203656015344,0
1571233254500,-1.6320537702753917,-1.7757617328841102,-0.7650205603578949,-1.0886774210081662,-0.4662439250113685,0
1571233254750,-0.6743043371055626,-1.5481517968242449,-0.8349003688940181,-0.9012565133693297,-0.4662439250113685,0
1571233255000,-0.6307702719614795,-1.3855732710671982,-0.6252609432856484,0.10655374629870909,-0.46423203656015344,0
1571233255250,-0.8919746628259783,-2.1009187843982033,-0.6252609432856484,0.3020093950141201,-0.46423203656015344,0
1571233255500,-0.5872362068173963,-1.2555104504615608,-0.66020084755371,0.02130091466515898,-0.46222014810893836,0
1571233255750,-1.8061900308517242,-1.6782146174298822,-1.0095998902343262,0.24145282016330474,-0.46222014810893836,0
1571233256000,-1.1531790536904771,-1.8407931431869289,-0.9397200816982029,0.06917105623717223,-0.4581979417673599,0
1571233256250,-0.5872362068173963,-1.5806675019756542,-0.9397200816982029,0.4741220064965352,-0.4602098302185751,0
1571233256500,-0.3260318159528975,-1.8407931431869289,-1.0445397945023878,-0.06285242608422828,-0.4581979417673599,0
1571233256750,-0.9790427931141445,-2.1984658998524313,-0.7650205603578949,1.0126188110707552,-0.4702661313529469,0
1571233257000,0.15284290063201703,-1.3855732710671982,0.14341695061170687,0.5828024515849399,-0.4521638469745664,0
1571233257250,-1.8932581611398904,-1.1254476298559235,-2.40719606095679,1.9069277810044443,-0.46423203656015344,0
1571233257500,1.4588648549545111,-1.1254476298559235,-0.3806816134092172,-1.772222446070023,-0.4662439250113685,0
1571233257750,0.3269791612083496,-2.26349731015525,-0.9397200816982029,2.558925875313014,-0.4662439250113685,0
1571233258000,-0.15189555537656493,-1.6131832071270635,-0.8349003688940181,1.6947260403610147,-0.4662439250113685,0
1571233258250,-1.9367922262839736,-1.7432460277327009,-1.0095998902343262,-0.8200633403849963,-0.4662439250113685,0
1571233258500,-0.1083614902324818,-1.6782146174298822,-0.6951407518217716,-2.7744506750953892,-0.46423203656015344,0
1571233258750,-2.372132877724805,-1.6456989122784729,-0.9746599859662645,-0.4666193092375698,-0.4662439250113685,0
1571233259000,-2.372132877724805,-1.8407931431869289,-1.638518167059435,-1.0669413319904852,-0.4602098302185751,0
1571233259250,-0.7613724673937289,-1.8082774380355195,-0.7999604646259565,0.30260142856713085,-0.4602098302185751,0
1571233259500,-0.9790427931141445,-1.7757617328841102,-1.1842994115746341,-1.2231536137634682,-0.46222014810893836,0
1571233259750,-0.7613724673937289,-1.5481517968242449,-0.7999604646259565,0.3877696839788223,-0.46423203656015344,0
1571233260000,-0.8919746628259783,-1.7432460277327009,-0.7300806560898333,-0.6327270089680186,-0.4662439250113685,0
1571233260250,-0.1083614902324818,-1.4831203865214262,-0.9397200816982029,0.051071744759414575,-0.46222014810893836,0
1571233260500,-0.7613724673937289,-1.7432460277327009,-0.4156215176772788,0.21675656338057,-0.46423203656015344,0
1571233260750,-2.110928486860306,-1.6782146174298822,-1.3589989329149421,0.8736600785569427,-0.46825581346258366,0
1571233261000,-0.9355087279700615,-1.9058245534897476,-0.8698402731620797,0.5075296141307141,-0.4501519585233513,0
1571233261250,-1.370849379410893,-1.2229947453101515,-0.9047801774301413,-1.2032782016266783,-0.4602098302185751,0
1571233261500,0.19637696577610014,-2.718717182274981,-0.7999604646259565,0.23485587485832768,-0.46423203656015344,0
1571233261750,-0.7178384022496457,-1.3205418607643795,-0.8349003688940181,1.0967721518201423,-0.4662439250113685,0
1571233262000,-0.9790427931141445,-1.8082774380355195,-0.66020084755371,-0.2676114592040942,-0.46423203656015344,0
1571233262250,-0.36956588109698063,-1.6782146174298822,-0.48550132621340203,-1.6290349024632769,-0.46423203656015344,0
1571233262500,-0.804906532537812,-1.6131832071270635,-0.7999604646259565,0.23147282598398042,-0.46423203656015344,0
1571233262750,-0.8919746628259783,-1.7432460277327009,-0.3457417091411556,0.07830528819790974,-0.46423203656015344,0
1571233263000,-0.7613724673937289,-1.7432460277327009,0.10847704634364527,-0.12603086381266274,-0.46222014810893836,0
1571233263250,-0.9790427931141445,-1.6131832071270635,-0.9047801774301413,-0.4075851063802107,-0.46423203656015344,0
1571233263500,-1.6755878354194749,-1.9383402586411569,-0.13610228353278597,0.420416105616273,-0.46423203656015344,0
1571233263750,-0.8484405976818952,-1.5806675019756542,0.6675155146326309,-0.22701487271192747,-0.4662439250113685,0
1571233264000,0.19637696577610014,-1.8733088483383382,-0.6252609432856484,1.602960839644346,-0.46222014810893836,0
1571233264250,-1.8061900308517242,-1.7432460277327009,-0.06622247499666276,2.787112521887734,-0.4602098302185751,0
1571233264500,-1.5885197051313085,-1.5156360916728355,-0.17104218780084757,-0.7509645671264542,-0.46423203656015344,0
1571233264750,0.3705132263524327,-1.5806675019756542,0.21329675914783008,-2.278411133894227,-0.46222014810893836,0
1571233265000,1.6330011155308437,-1.3855732710671982,-0.9047801774301413,0.3203624351574538,-0.46222014810893836,0
1571233265250,-0.5872362068173963,1.2156831410455493,-0.06622247499666276,-0.30254143883172935,-0.4602098302185751,0
1571233265500,-0.5437021416733132,1.7034187183166893,0.5976357060965077,0.11010594761677368,-0.4662439250113685,0
1571233265750,-0.8484405976818952,1.8985129492251454,0.21329675914783008,0.2765519522346572,-0.46423203656015344,0
1571233266000,-0.7613724673937289,2.093607180133602,0.21329675914783008,1.1344085705472553,-0.46825581346258366,0
1571233266250,-0.804906532537812,2.1586385904364205,0.10847704634364527,-1.2840484935017185,-0.46825581346258366,0
1571233266500,-1.3273153142668097,2.8414683986160165,0.5626958018284461,-0.9766139270454142,-0.472278019804162,0
1571233266750,-2.2850647474366386,1.0531046152885024,-1.289119124378819,0.6979106895346043,-0.4702661313529469,0
1571233267000,-3.460484506326883,0.7279475637744091,-0.8698402731620797,-0.8335955358823851,-0.46825581346258366,0
1571233267250,-4.069961418344047,1.118136025591321,-1.114419603038511,-0.1895476064285319,-0.4662439250113685,0
1571233267500,-3.5040185714709664,1.3457459616511867,-1.6734580713274967,-0.24570621774269585,-0.4662439250113685,0
1571233267750,-3.460484506326883,1.67090301316528,-1.1842994115746341,1.09820994759174,-0.4581979417673599,0
1571233268000,-3.2863482457505504,1.6383873080138707,-1.2192393158426957,-0.5957672000157751,-0.33549944577771934,0
1571233268250,-3.068677920030135,1.6383873080138707,-0.7999604646259565,0.7177015254495356,-0.29124889377694974,0
1571233268500,-3.6781548320472988,1.5408401925596427,-0.8698402731620797,-0.1441301752904204,-0.3857856631321343,0
1571233268750,-3.6781548320472988,1.5083244874082333,-0.8698402731620797,-0.03731040708290673,-0.41595770765695367,0
1571233269000,-2.7639394640215533,1.280714551348368,-0.3457417091411556,-0.12932933646515127,-0.43405999203533413,0
1571233269250,-3.765222962335465,1.4107773719540053,-0.9397200816982029,-0.1200259520606964,-0.43808376893776435,0
1571233269500,-2.9380757245978852,1.8009658337709173,-0.45056142194534043,-0.44200762867669374,-0.44814007007213624,0
1571233269750,-2.02386035657214,1.963544359527964,-0.031282570728601154,-0.6237619294509984,-0.44814007007213624,0
1571233270000,-2.2850647474366386,1.9960600646793734,0.10847704634364527,0.20999046563187554,-0.45417573542578155,0
1571233270250,-2.5462691383011373,1.9960600646793734,0.07353714207558366,0.09192205991715734,-0.46222014810893836,0
1571233270500,-2.3285988125807218,1.8009658337709173,0.3181164719520149,0.2833180499833517,-0.46825581346258366,0
1571233270750,-2.5898032034452205,1.8009658337709173,0.2831765676839533,0.08168833707225698,-0.4702661313529469,0
1571233271000,-2.4592010080129714,1.7359344234680987,0.2831765676839533,0.05513140340863125,-0.4702661313529469,0
1571233271250,-2.2415306822925554,1.8009658337709173,0.4229361847561997,-0.15791609945338533,-0.4702661313529469,0
1571233271500,-3.3298823108946336,1.6383873080138707,-0.45056142194534043,-0.011176354528574396,-0.4702661313529469,0
1571233271750,-2.4592010080129714,1.475808782256824,-0.17104218780084757,-0.2509499434979341,-0.472278019804162,0
1571233272000,-3.9393592229117975,0.8254946792286371,-0.4156215176772788,0.01749498468151835,-0.4702661313529469,0
1571233272250,-3.112211985174218,0.6954318586229997,0.9470347487771238,-0.15123457792654957,-0.4702661313529469,0
1571233272500,-2.02386035657214,1.020588910137093,0.8072751317048774,-0.03705667841733068,-0.46825581346258366,0
1571233272750,-1.6755878354194749,1.2156831410455493,1.3663135999938631,-0.15275694992000582,-0.472278019804162,0
1571233273000,-1.6320537702753917,0.7604632689258184,0.7723352274368158,0.02197752444002843,-0.472278019804162,0
1571233273250,-1.5449856399872253,1.475808782256824,0.6675155146326309,-0.7404771156159777,-0.4742899082553772,0
1571233273500,-0.9790427931141445,1.8985129492251454,0.49281599329232295,0.29295973927524127,-0.472278019804162,0
1571233273750,-0.9355087279700615,1.865997244073736,0.4229361847561997,0.26344263784656174,-0.4702661313529469,0
1571233274000,-0.9355087279700615,1.8985129492251454,0.4229361847561997,-0.8092375839870851,-0.4702661313529469,0
1571233274250,-0.8919746628259783,1.8985129492251454,0.4229361847561997,0.13640915261482336,-0.4702661313529469,0
1571233274500,-0.8919746628259783,1.865997244073736,0.4578760890242613,0.5345094289036332,-0.472278019804162,0
1571233274750,-0.9355087279700615,1.865997244073736,0.4229361847561997,0.856406529297772,-0.472278019804162,0
1571233275000,-0.9355087279700615,1.9310286543765547,0.4229361847561997,-0.5631207783783243,-0.472278019804162,0
1571233275250,-0.9355087279700615,1.8985129492251454,0.4229361847561997,0.6963037413192894,-0.46825581346258366,0
1571233275500,-0.8919746628259783,1.8985129492251454,0.4229361847561997,-0.4001423988566468,-0.4702661313529469,0
1571233275750,-0.9355087279700615,1.8985129492251454,0.4229361847561997,0.6612046092479369,-0.472278019804162,0
1571233276000,-0.9355087279700615,1.8985129492251454,0.4229361847561997,-0.6219858287919662,-0.4702661313529469,0
1571233276250,-0.9355087279700615,1.9310286543765547,0.4229361847561997,0.4396149079781935,-0.4702661313529469,0
1571233276500,-0.8919746628259783,1.8985129492251454,0.4229361847561997,-0.7074923890910924,-0.4702661313529469,0
1571233276750,-0.9355087279700615,1.9310286543765547,0.3879962804881381,0.21523419138711375,-0.4702661313529469,0
1571233277000,-0.9355087279700615,1.9310286543765547,0.4229361847561997,-0.528275374972548,-0.472278019804162,0
1571233277250,-0.9355087279700615,1.9310286543765547,0.3879962804881381,0.12313068578301051,-0.46825581346258366,0
1571233277500,-0.8919746628259783,1.8985129492251454,0.4229361847561997,-0.17398558160653466,-0.472278019804162,0
1571233277750,-0.8919746628259783,1.8985129492251454,0.4229361847561997,0.18258776974966304,-0.4702661313529469,0
1571233278000,-0.8919746628259783,1.9310286543765547,0.4229361847561997,-0.16535880697694924,-0.4702661313529469,0
1571233278250,-0.8919746628259783,1.8985129492251454,0.4229361847561997,-0.0142210985154869,-0.4702661313529469,0
1571233278500,-0.8919746628259783,1.8985129492251454,0.4229361847561997,-0.143707294181127,-0.4702661313529469,0
1571233278750,-0.8919746628259783,1.9310286543765547,0.4229361847561997,-0.00796245809794453,-0.472278019804162,0
1571233279000,-0.8919746628259783,1.8985129492251454,0.3879962804881381,-0.33375006469758245,-0.4702661313529469,0
1571233279250,-0.8484405976818952,1.8985129492251454,0.4578760890242613,0.08439477617173477,-0.472278019804162,0
1571233279500,-0.8919746628259783,1.8985129492251454,0.4229361847561997,-0.6367866676172352,-0.4702661313529469,0
1571233279750,-0.8919746628259783,1.8985129492251454,0.4229361847561997,0.08498680972474554,-0.472278019804162,0
1571233280000,-0.8919746628259783,1.9310286543765547,0.4229361847561997,-0.8338492645479612,-0.4702661313529469,0
1571233280250,-0.8484405976818952,1.865997244073736,0.4229361847561997,0.3037009194512937,-0.4702661313529469,0
1571233280500,-0.8484405976818952,1.8985129492251454,0.4229361847561997,-0.7494421951329978,-0.4702661313529469,0
1571233280750,-0.8484405976818952,1.8985129492251454,0.4229361847561997,0.4243066118217724,-0.4702661313529469,0
1571233281000,-0.8919746628259783,1.8985129492251454,0.4229361847561997,-0.6653734306054693,-0.472278019804162,0
1571233281250,-0.8484405976818952,1.865997244073736,0.4578760890242613,0.42261508738459874,-0.4702661313529469,0
1571233281500,-0.8484405976818952,1.8985129492251454,0.4229361847561997,-0.6314583656401384,-0.472278019804162,0
1571233281750,-0.8484405976818952,1.865997244073736,0.4229361847561997,0.4375005024317265,-0.4702661313529469,0
1571233282000,-0.8484405976818952,1.8985129492251454,0.4578760890242613,-0.5579616288449448,-0.472278019804162,0
1571233282250,-0.8484405976818952,1.8985129492251454,0.4229361847561997,0.4638882836516349,-0.4702661313529469,0
1571233282500,-0.804906532537812,1.8985129492251454,0.3879962804881381,-0.4741465929829924,-0.4742899082553772,0
1571233282750,-0.804906532537812,1.963544359527964,0.2831765676839533,0.5585290759114986,-0.472278019804162,0
1571233283000,-0.4130999462410638,1.8009658337709173,0.2831765676839533,-0.45630101017081076,-0.472278019804162,0
1571233283250,-0.8484405976818952,2.093607180133602,0.3530563762200765,0.6442047886543422,-0.472278019804162,0
1571233283500,-0.50016807652923,1.6383873080138707,1.1566741743854934,-0.4549477906210718,-0.472278019804162,0
1571233283750,-0.5872362068173963,1.768450128619508,-0.06622247499666276,0.6948659455476918,-0.4742899082553772,0
1571233284000,0.6317176172169315,1.6058716028624613,0.1783568548797685,-0.5927224560288625,-0.4742899082553772,0
1571233284250,-0.28249775080881434,0.9230417946828652,0.8771549402410006,-0.010499744753704951,-0.47831211459695555,0
1571233284500,-0.021293359944315533,0.8580103843800464,0.7723352274368158,0.06443478781308612,-0.472278019804162,0
1571233284750,0.5011154217846822,0.7929789740772277,0.7024554189006925,1.1310255216729082,-0.47630022614574047,0
1571233285000,0.6317176172169315,0.9230417946828652,0.14341695061170687,0.4228688160501748,-0.472278019804162,0
1571233285250,0.19637696577610014,-0.9303533989474674,-1.0794796987704494,0.17159286090803452,-0.46222014810893836,0
1571233285500,-0.5872362068173963,-1.7432460277327009,-0.7999604646259565,0.2181097829303089,-0.47630022614574047,0
1571233285750,-0.50016807652923,-1.7432460277327009,-0.8349003688940181,0.04202208902053574,-0.47831211459695555,0
1571233286000,-0.6307702719614795,-1.8082774380355195,-0.9746599859662645,-1.4007636796666976,-0.4742899082553772,0
1571233286250,-0.7178384022496457,-1.1904790401587422,-0.7300806560898333,-0.10336443635453632,-0.472278019804162,0
1571233286500,-0.7613724673937289,-1.5806675019756542,-0.45056142194534043,-0.13812526353845406,-0.4702661313529469,0
1571233286750,-0.4130999462410638,-1.7107303225812915,-0.9047801774301413,0.9014856555484487,-0.472278019804162,0
1571233287000,-0.23896368566473122,-2.2309816050038407,-1.0095998902343262,0.10443934075224208,-0.4803240030481707,0
1571233287250,-0.8484405976818952,-1.4831203865214262,-0.5553811347495252,0.780626234512394,-0.4742899082553772,0
1571233287500,-0.1083614902324818,-1.5156360916728355,-0.4156215176772788,0.3418447955095587,-0.4742899082553772,0
1571233287750,-0.7613724673937289,-1.7432460277327009,-0.6252609432856484,0.4155106847484695,-0.472278019804162,0
1571233288000,-0.6743043371055626,-1.8082774380355195,-0.5204412304814636,-0.041200913288406034,-0.472278019804162,0
1571233288250,-0.4130999462410638,-1.4180889762186075,-0.8698402731620797,0.31427294718362875,-0.472278019804162,0
1571233288500,-0.8919746628259783,-1.4831203865214262,-0.8349003688940181,0.349710384142416,-0.472278019804162,0
1571233288750,-0.50016807652923,-1.2880261556129702,-0.45056142194534043,-0.5345340153900904,-0.472278019804162,0
1571233289000,-0.28249775080881434,-1.7757617328841102,-0.5204412304814636,-0.11173748231854569,-0.4702661313529469,0
1571233289250,-0.804906532537812,-1.5156360916728355,-0.6951407518217716,0.058345299839261115,-0.472278019804162,0
1571233289500,-0.3260318159528975,-1.9058245534897476,-0.5553811347495252,-0.4319430582755107,-0.472278019804162,0
1571233289750,-0.7178384022496457,-1.8407931431869289,-0.9047801774301413,-0.5022258986400744,-0.472278019804162,0
1571233290000,-0.5437021416733132,-1.4831203865214262,-0.9047801774301413,0.2979497363649034,-0.4702661313529469,0
1571233290250,-0.5872362068173963,-1.8407931431869289,-0.8349003688940181,-0.42331628364592533,-0.46825581346258366,0
1571233290500,-0.6743043371055626,-2.1009187843982033,-1.0095998902343262,-0.056255480779251195,-0.4702661313529469,0
1571233290750,-0.6307702719614795,-1.5156360916728355,-1.2192393158426957,-0.3445758210954936,-0.4702661313529469,0
1571233291000,0.06577477034385075,-2.035887374095385,-0.48550132621340203,0.008107024055204796,-0.472278019804162,0
1571233291250,-0.804906532537812,-1.4506046813700169,-1.0794796987704494,-0.29205398732125293,-0.46825581346258366,0
1571233291500,-0.5872362068173963,-1.7107303225812915,-0.6951407518217716,-0.03967854129494978,-0.472278019804162,0
1571233291750,-0.6307702719614795,-1.4831203865214262,-0.7300806560898333,-0.4682262574528847,-0.4702661313529469,0
1571233292000,-0.5872362068173963,-1.5156360916728355,-0.5204412304814636,0.39402832439636465,-0.4702661313529469,0
1571233292250,-0.36956588109698063,-1.7757617328841102,-0.5553811347495252,0.4760672595992849,-0.4662439250113685,0
1571233292500,-0.7613724673937289,-1.7432460277327009,-0.8349003688940181,-0.5303052042971563,-0.4702661313529469,0
1571233292750,-0.50016807652923,-1.7432460277327009,-0.5553811347495252,-0.05304158434862132,-0.4702661313529469,0
1571233293000,-0.6743043371055626,-1.7107303225812915,-0.9047801774301413,-0.16265236787747145,-0.46825581346258366,0
1571233293250,-0.804906532537812,-1.8733088483383382,-0.7300806560898333,-0.33070532071067,-0.46825581346258366,0
1571233293500,-1.457917509699059,-2.1334344895496127,-0.8349003688940181,0.43386372489180325,-0.46825581346258366,0
1571233293750,-0.4566340113851469,-1.4506046813700169,-0.48550132621340203,-0.29983499973225153,-0.46825581346258366,0
1571233294000,-0.50016807652923,-1.7757617328841102,-0.66020084755371,0.31503413318035695,-0.4662439250113685,0
1571233294250,-1.0225768582582277,-1.7107303225812915,-0.5204412304814636,-0.3910081668959093,-0.4662439250113685,0
1571233294500,-0.804906532537812,-1.5806675019756542,-0.8349003688940181,0.4680325185227102,-0.46423203656015344,0
1571233294750,-1.2837812491227265,-1.7107303225812915,-0.24092199633697078,-0.9947978147450305,-0.4662439250113685,0
1571233295000,-0.6743043371055626,-1.6782146174298822,-0.6951407518217716,0.10393188342109,-0.46423203656015344,0
1571233295250,-0.8919746628259783,-1.6456989122784729,-0.7300806560898333,-0.19749777128324789,-0.46423203656015344,0
1571233295500,-0.8919746628259783,-1.6782146174298822,-0.5903210390175868,0.3285663286777458,-0.46423203656015344,0
1571233295750,-0.8484405976818952,-1.6782146174298822,-0.5903210390175868,-0.6645276683868826,-0.46423203656015344,0
1571233296000,-0.7613724673937289,-1.6782146174298822,-0.5903210390175868,-0.13338899511436794,-0.46423203656015344,0
1571233296250,-0.8919746628259783,-1.6131832071270635,-0.45056142194534043,-0.1082698572223398,-0.46423203656015344,0
1571233296500,-0.5872362068173963,-1.6456989122784729,-0.6252609432856484,0.2465273934748256,-0.46423203656015344,0
1571233296750,-0.7178384022496457,-1.6131832071270635,-0.7300806560898333,-0.3170039727695637,-0.4662439250113685,0
1571233297000,-0.8919746628259783,-1.2229947453101515,-0.9397200816982029,0.12541424377319488,-0.46222014810893836,0
1571233297250,-0.9355087279700615,-1.8082774380355195,-0.8698402731620797,-0.19056252109083607,-0.46222014810893836,0
1571233297500,-0.5437021416733132,-1.7107303225812915,-0.7999604646259565,0.4086600107779164,-0.46423203656015344,0
1571233297750,-0.5437021416733132,-1.8082774380355195,-0.8698402731620797,-0.0767229264690519,-0.46423203656015344,0
1571233298000,-0.50016807652923,-1.7757617328841102,-0.8349003688940181,-0.14362271795926831,-0.46423203656015344,0
1571233298250,-0.5872362068173963,-1.4180889762186075,-0.48550132621340203,-0.10547884190100333,-0.46423203656015344,0
1571233298500,-0.7613724673937289,-1.9708559637925664,-0.7999604646259565,0.08955392570511428,-0.4662439250113685,0
1571233298750,0.28344509606426643,-1.2880261556129702,-0.66020084755371,-0.35100361395675334,-0.4602098302185751,0
1571233299000,0.6317176172169315,-1.7432460277327009,-0.5553811347495252,1.1161401066257801,-0.46423203656015344,0
1571233299250,0.19637696577610014,-1.7757617328841102,-1.2192393158426957,-0.9805044332509135,-0.46222014810893836,0
1571233299500,0.9364560732255135,-1.0279005144016955,-0.9746599859662645,1.0091511859745492,-0.46222014810893836,0
1571233299750,0.45758135664059896,-1.1579633350073328,-1.4288787414510653,0.8943812529123195,-0.46222014810893836,0
1571233300000,0.022240705199767605,-1.1579633350073328,-1.8481575926678047,1.0789265690079608,-0.46423203656015344,0
1571233300250,1.110592333801846,-0.8328062834932394,-1.53369845425525,0.17912014465345713,-0.46222014810893836,0
1571233300500,-0.5437021416733132,-1.4180889762186075,-1.2541792201107573,-1.4044850334284795,-0.46423203656015344,0
1571233300750,-0.19542962052064808,-2.003371668943976,-0.7300806560898333,0.49069894598083663,-0.46423203656015344,0
1571233301000,1.4588648549545111,-1.1904790401587422,-0.7300806560898333,-0.9764447746016968,-0.46423203656015344,0
1571233301250,-0.7178384022496457,-1.8082774380355195,-0.66020084755371,-1.2201934459984145,-0.46423203656015344,0
1571233301500,-1.0225768582582277,-1.5806675019756542,-0.66020084755371,-1.225098866866218,-0.4602098302185751,0
1571233301750,-0.7178384022496457,-1.5481517968242449,-0.66020084755371,-0.20764691790628956,-0.46423203656015344,0
1571233302000,-0.6307702719614795,-1.7107303225812915,-0.9047801774301413,-0.23285063202017642,-0.46222014810893836,0
1571233302250,-0.6307702719614795,-1.7757617328841102,-0.7650205603578949,-0.15402559324788603,-0.4662439250113685,0
1571233302500,-0.6307702719614795,-1.6782146174298822,-0.9047801774301413,0.4628733689893307,-0.46222014810893836,0
1571233302750,-0.6743043371055626,-1.7107303225812915,-0.5553811347495252,-1.0795431890474285,-0.46222014810893836,0
1571233303000,-0.5872362068173963,-1.7432460277327009,-0.5903210390175868,-0.03807159307963485,-0.46222014810893836,0
1571233303250,-0.5872362068173963,-1.2880261556129702,-0.8349003688940181,-0.548150787109338,-0.4602098302185751,0
1571233303500,-0.5872362068173963,-1.4831203865214262,0.038597237807522056,0.7077215312702112,-0.4662439250113685,0
1571233303750,-1.2837812491227265,-1.3205418607643795,-0.4156215176772788,0.5571758563617597,-0.4561860533161448,0
1571233304000,0.06577477034385075,-1.4506046813700169,-0.310801804873094,0.7555916728422246,-0.4581979417673599,0
1571233304250,-0.19542962052064808,-1.2880261556129702,-0.3806816134092172,0.5665638169880732,-0.4581979417673599,0
1571233304500,-2.02386035657214,-1.8733088483383382,1.1566741743854934,1.2626261228850153,-0.4602098302185751,0
1571233304750,-0.6307702719614795,-1.1904790401587422,-0.2059820920689092,2.312047883707525,-0.4602098302185751,0
1571233305000,-1.457917509699059,-1.3205418607643795,0.24823666341589168,-1.873967640966016,-0.46222014810893836,0
1571233305250,-0.5872362068173963,-1.2880261556129702,-0.10116237926472436,-2.6074972131463534,-0.48434620938974904,0
1571233305500,0.2399110309201833,-1.0929319247045142,0.24823666341589168,-1.0637274355598552,-0.48233589149938577,0
1571233305750,-0.36956588109698063,-0.6051963474333739,-0.24092199633697078,0.3638346131928156,-0.4702661313529469,0
1571233306000,0.8058538777932641,-1.2555104504615608,-0.310801804873094,-0.8073769071061941,-0.4501519585233513,0
1571233306250,4.245045024175832,-1.6131832071270635,0.5277558975603845,0.8215611258919955,-0.44814007007213624,0
1571233306500,-0.1083614902324818,-0.6051963474333739,-2.512015773760975,0.5559072130338796,-0.4421059752793427,0
1571233306750,0.022240705199767605,-1.1579633350073328,-0.310801804873094,1.4733054915349888,-0.4421059752793427,0
1571233307000,-0.28249775080881434,-1.1254476298559235,-0.2758619006050324,2.9823144419375693,-0.4421059752793427,0
1571233307250,1.415330789810428,-1.1579633350073328,-1.53369845425525,0.4798731895829255,-0.44814007007213624,0
1571233307500,-3.4169504411828,-1.6131832071270635,0.003657333539460452,-2.8370370792708126,-0.3576255070585301,0
1571233307750,0.10930883548793388,-1.3205418607643795,-0.9047801774301413,-0.06445937429954322,-0.4119355013153752,0
1571233308000,-0.23896368566473122,-1.4506046813700169,-0.5204412304814636,-0.7186564503764381,-0.4300377856937558,0
1571233308250,0.6752516823610146,-1.5156360916728355,-0.3457417091411556,-0.6788210498809996,-0.4300377856937558,0
1571233308500,-0.3260318159528975,-1.3530575659157889,-0.2758619006050324,0.19654284635634534,-0.4300377856937558,0
1571233308750,-0.06482742508839867,-1.3530575659157889,-0.4156215176772788,0.6868312044711171,-0.4260155793521773,0
1571233309000,-0.28249775080881434,-1.3205418607643795,0.038597237807522056,-1.8354008837984577,-0.43204967414497086,0
1571233309250,0.2399110309201833,-1.2880261556129702,-0.48550132621340203,1.066409288172876,-0.43405999203533413,0
1571233309500,-0.50016807652923,-1.4506046813700169,-0.06622247499666276,-0.3069394023683807,-0.4260155793521773,0
1571233309750,-0.4130999462410638,-1.4506046813700169,-0.310801804873094,-0.5157580941374633,-0.42400369090096224,0
1571233310000,0.19637696577610014,-1.4180889762186075,-0.6252609432856484,-1.347734388561305,-0.4260155793521773,0
1571233310250,0.7623198126491809,-1.2555104504615608,-1.114419603038511,-0.026653803128712954,-0.4300377856937558,0
1571233310500,-0.3260318159528975,-0.9303533989474674,-0.5553811347495252,-0.01844990960842093,-0.44814007007213624,0
1571233310750,1.371796724666345,-0.08494506501082442,-0.3806816134092172,-0.8304662156736139,-0.44814007007213624,0
1571233311000,1.2411945292340956,-1.2229947453101515,-0.310801804873094,1.369953348423681,-0.4421059752793427,0
1571233311250,0.8929220080814304,-0.7352591680390114,-0.10116237926472436,-1.1751143197477378,-0.44009565738897943,0
1571233311500,-0.50016807652923,-1.2880261556129702,0.3530563762200765,-0.11622002207705578,-0.44814007007213624,0
1571233311750,-0.6743043371055626,-1.2555104504615608,0.3181164719520149,2.2994460266505814,-0.4521638469745664,0
1571233312000,-0.5872362068173963,-1.2229947453101515,0.4229361847561997,0.9992557680170835,-0.4501519585233513,0
1571233312250,-0.021293359944315533,-1.3205418607643795,0.2831765676839533,-1.4755290597897712,-0.45417573542578155,0
1571233312500,-0.15189555537656493,-0.8653219886446487,-0.17104218780084757,-0.5365638447146988,-0.45417573542578155,0
1571233312750,0.6752516823610146,-0.6051963474333739,0.5976357060965077,0.35520783856323024,-0.45417573542578155,0
1571233313000,0.3705132263524327,-0.80029057834183,0.5976357060965077,-0.2040101403663663,-0.45417573542578155,0
1571233313250,0.19637696577610014,-0.7677748731904207,0.21329675914783008,0.5145494405449845,-0.4501519585233513,0
1571233313500,1.3282626595222617,-0.3775864113735085,-0.031282570728601154,-0.4314356009443587,-0.45417573542578155,0
1571233313750,-0.23896368566473122,-0.5401649371305552,0.2831765676839533,1.2158554721971648,-0.4501519585233513,0
1571233314000,0.9364560732255135,-0.6051963474333739,-0.17104218780084757,0.24635824103110823,-0.4521638469745664,0
1571233314250,0.19637696577610014,-0.8653219886446487,0.3530563762200765,0.18275692219338038,-0.4521638469745664,0
1571233314500,0.41404729149651587,-0.80029057834183,0.1783568548797685,0.050987168537555895,-0.45417573542578155,0
1571233314750,0.5881835520728484,-0.702743462887602,0.1783568548797685,0.5691856798656924,-0.4521638469745664,0
1571233315000,0.022240705199767605,-0.9628691040988767,0.3181164719520149,-0.030798037999788308,-0.45417573542578155,0
1571233315250,0.19637696577610014,-0.6702277577361927,0.10847704634364527,0.7692930207833307,-0.45417573542578155,0
1571233315500,0.45758135664059896,-0.6377120525847833,0.4229361847561997,-0.9092066782240457,-0.45417573542578155,0
1571233315750,0.3705132263524327,-0.80029057834183,0.7723352274368158,0.25143281434262904,-0.4561860533161448,0
1571233316000,0.022240705199767605,-0.5401649371305552,0.3530563762200765,-0.3351032842473214,-0.4561860533161448,0
1571233316250,0.28344509606426643,-0.4751335268277365,0.21329675914783008,-0.8269140143555493,-0.4581979417673599,0
1571233316500,1.676535180674927,-1.4831203865214262,0.2831765676839533,-0.17440846271582808,-0.4521638469745664,0
1571233316750,-0.804906532537812,-1.6131832071270635,-0.310801804873094,-0.9426988620800832,-0.4561860533161448,0
1571233317000,0.7623198126491809,-0.8328062834932394,-0.7650205603578949,0.8359390836079712,-0.4561860533161448,0
1571233317250,0.022240705199767605,-0.6702277577361927,0.24823666341589168,0.37829714713065005,-0.4581979417673599,0
1571233317500,1.4588648549545111,-0.6702277577361927,-0.9397200816982029,1.7255117851175743,-0.4561860533161448,0
1571233317750,-0.5437021416733132,-1.2880261556129702,-0.48550132621340203,0.8408445044757747,-0.4581979417673599,0
1571233318000,1.8942055063953425,-0.7352591680390114,-1.4288787414510653,-1.0886774210081662,-0.4561860533161448,0
1571233318250,0.19637696577610014,-1.1579633350073328,0.038597237807522056,-1.079204884159994,-0.45417573542578155,0
1571233318500,0.7623198126491809,-0.80029057834183,-0.45056142194534043,-1.1219158761986274,-0.4581979417673599,0
1571233318750,3.24376152586192,-0.31255500107068984,-2.686715295101283,0.7418903249011183,-0.4581979417673599,0
1571233319000,3.548499981870502,-0.5076492319791459,-0.9746599859662645,-0.5906926267042543,-0.44009565738897943,0
1571233319250,0.41404729149651587,-0.31255500107068984,-0.10116237926472436,-1.1037319884990113,-0.44814007007213624,0
1571233319500,-0.1083614902324818,-0.7677748731904207,0.6325756103645693,0.26301975673726835,-0.4561860533161448,0
1571233319750,0.10930883548793388,-0.8653219886446487,0.49281599329232295,1.1006626580256418,-0.4561860533161448,0
1571233320000,0.06577477034385075,-0.8653219886446487,0.3530563762200765,1.110896380870542,-0.45417573542578155,0
1571233320250,-0.23896368566473122,-0.41010211652491785,-0.10116237926472436,-6.260767116332065,-0.4561860533161448,0
1571233320500,0.8058538777932641,-0.7677748731904207,-0.24092199633697078,-1.1310501081593651,-0.4581979417673599,0
1571233320750,-0.021293359944315533,-1.2555104504615608,0.2831765676839533,1.5319168132830545,-0.4602098302185751,0
1571233321000,-0.6743043371055626,-1.3205418607643795,-1.1842994115746341,1.7650088807255784,-0.46222014810893836,0
1571233321250,-0.23896368566473122,-1.2880261556129702,0.14341695061170687,0.02891277463244024,-0.46423203656015344,0
1571233321500,-0.804906532537812,-1.4506046813700169,0.07353714207558366,-0.21305979610524514,-0.4662439250113685,0
1571233321750,-1.0661109234023107,-1.5806675019756542,-0.06622247499666276,-0.16053796233100442,-0.46222014810893836,0
1571233322000,-0.5872362068173963,-1.5481517968242449,-0.10116237926472436,0.40722221500631883,-0.4300377856937558,0
1571233322250,-0.5872362068173963,-1.6782146174298822,-0.9746599859662645,0.6677169783310554,-0.3918197579249278,0
1571233322500,-0.5437021416733132,-1.6131832071270635,-0.8349003688940181,0.6502942766281672,-0.39584353482735807,0
1571233322750,-0.7613724673937289,-1.6456989122784729,-1.0095998902343262,0.9545149466538415,-0.40187762962015144,0
1571233323000,-1.370849379410893,-1.8082774380355195,-0.8698402731620797,-0.19631370417722635,-0.3978554232785731,0
1571233323250,-1.2837812491227265,-1.8733088483383382,-0.4156215176772788,-0.5111909781570946,-0.41394581920573853,0
1571233323500,-0.50016807652923,-2.0684030792467945,-0.7300806560898333,-0.3413619246648637,-0.43204967414497086,0
1571233323750,-0.5872362068173963,-2.458591541063706,-1.0095998902343262,0.836784845826558,-0.49842628742655115,0
1571233324000,-1.5885197051313085,-1.5806675019756542,-0.5903210390175868,0.5553997557027275,-0.446129752181773,0
1571233324250,0.41404729149651587,-1.7432460277327009,-0.310801804873094,-0.5308126616283084,-0.4058998359617299,0
1571233324500,-0.8484405976818952,-1.3530575659157889,-0.2758619006050324,0.7060300068330377,-0.44814007007213624,0
1571233324750,-0.19542962052064808,-1.7757617328841102,-0.6951407518217716,-0.6539556406545475,-0.44814007007213624,0
1571233325000,-1.109644988546394,-1.6131832071270635,-0.3806816134092172,0.3417602192877,-0.44814007007213624,0
1571233325250,-0.7178384022496457,-1.2229947453101515,-0.5553811347495252,-0.6390702256074197,-0.4421059752793427,0
1571233325500,-0.28249775080881434,-2.165950194701022,-1.463818645719127,-0.14303068440625755,-0.4501519585233513,0
1571233325750,-1.2837812491227265,-1.5481517968242449,-0.5903210390175868,-0.5215938534457122,-0.4521638469745664,0
1571233326000,-3.5040185714709664,-2.881295708032028,0.842215035972939,0.4776742078145998,-0.4521638469745664,0
1571233326250,-0.28249775080881434,-1.6782146174298822,-0.9746599859662645,0.29685024548074057,-0.44814007007213624,0
1571233326500,-0.8919746628259783,-1.6131832071270635,-0.6951407518217716,-0.4373559364744663,-0.4561860533161448,0
1571233326750,-0.5872362068173963,-1.7432460277327009,-0.6951407518217716,-0.18937845398481454,-0.45417573542578155,0
1571233327000,-0.6307702719614795,-1.7107303225812915,-0.8349003688940181,-0.3527797146157856,-0.4521638469745664,0
1571233327250,-0.6743043371055626,-1.7757617328841102,-0.8349003688940181,0.6362546237996262,-0.4521638469745664,0
1571233327500,-0.804906532537812,-1.8407931431869289,-0.7650205603578949,-1.5416676652832597,-0.4501519585233513,0
1571233327750,-1.9803262914280568,-2.003371668943976,-0.66020084755371,0.1437672839165286,-0.4521638469745664,0
1571233328000,-1.0225768582582277,-1.5481517968242449,-0.24092199633697078,-0.43803254624933574,-0.4501519585233513,0
1571233328250,-0.804906532537812,-1.1904790401587422,-0.06622247499666276,0.5925287170986883,-0.45417573542578155,0
1571233328500,-0.6743043371055626,-1.5481517968242449,-0.8698402731620797,0.2823877115429062,-0.45417573542578155,0
1571233328750,-0.804906532537812,-2.1334344895496127,-0.5553811347495252,0.7375769375863255,-0.45417573542578155,0
1571233329000,-0.4130999462410638,-1.6131832071270635,-0.5903210390175868,-0.20257234459476875,-0.45417573542578155,0
1571233329250,-0.804906532537812,-1.5806675019756542,-0.5903210390175868,1.1571595742272405,-0.4501519585233513,0
1571233329500,-0.28249775080881434,-1.6131832071270635,-0.5553811347495252,0.2857707604172534,-0.4521638469745664,0
1571233329750,-0.5437021416733132,-1.5806675019756542,-0.8698402731620797,-1.452608903666069,-0.4501519585233513,0
1571233330000,-0.50016807652923,-1.5806675019756542,-0.3457417091411556,0.15230948232425534,-0.4521638469745664,0
1571233330250,-1.0225768582582277,-1.6782146174298822,-0.6951407518217716,-0.11258324453713252,-0.4501519585233513,0
1571233330500,-0.9790427931141445,-1.6782146174298822,-0.6252609432856484,0.23527875596762104,-0.4521638469745664,0
1571233330750,-0.8919746628259783,-1.6782146174298822,-0.5903210390175868,-0.3078697408088262,-0.4521638469745664,0
1571233331000,-1.1967131188345603,-1.7107303225812915,-0.4156215176772788,0.39842628793301604,-0.4521638469745664,0
1571233331250,0.10930883548793388,-1.4506046813700169,-0.6951407518217716,0.01233583514813883,-0.4521638469745664,0
1571233331500,-0.6307702719614795,-0.6051963474333739,-1.463818645719127,0.6038619308277514,-0.4360718804865492,0
1571233331750,0.9799901383695966,-2.621170066820753,-2.092736922544236,0.3545312287883608,-0.43808376893776435,0
1571233332000,-1.370849379410893,-1.7757617328841102,-1.1842994115746341,0.9366693638416599,-0.28320291053294117,0
1571233332250,-1.1531790536904771,-1.7107303225812915,-1.0445397945023878,2.6387658287476086,-0.27917913363051094,0
1571233332500,-1.5885197051313085,-1.7107303225812915,-0.7650205603578949,1.3907590990009164,-0.2349285816297413,0
1571233332750,-1.370849379410893,-1.7432460277327009,-1.0794796987704494,-0.06961852383292273,-0.03177339432171835,0
1571233333000,-0.6307702719614795,-2.165950194701022,-1.3939388371830037,-0.11359815919943668,0.09494730800950063,0
1571233333250,-0.8919746628259783,-1.0279005144016955,-1.7782777841316815,-0.3851724075876603,-0.22487070993451766,0
1571233333500,-0.021293359944315533,-2.1334344895496127,-1.7083979755955583,-1.0068076382489632,-0.6150906886233982,0
1571233333750,-0.19542962052064808,-1.3855732710671982,-0.8698402731620797,-2.3597734593222777,-0.6653769059778132,0
1571233334000,-3.5910867017591324,-2.035887374095385,-0.48550132621340203,-0.6766220681126738,-0.47831211459695555,0
1571233334250,-0.50016807652923,-1.3530575659157889,-1.0794796987704494,-1.0972196194158927,-0.419979913998532,0
1571233334500,-0.28249775080881434,-1.9058245534897476,-0.9047801774301413,-3.8634541077477613,-0.4360718804865492,0
1571233334750,-0.5872362068173963,-1.5806675019756542,-0.6252609432856484,-1.1614129718066315,-0.44009565738897943,0
1571233335000,-1.5885197051313085,-1.6782146174298822,-0.45056142194534043,0.21827893537402626,-0.4421059752793427,0
1571233335250,-0.7178384022496457,-1.6456989122784729,-0.5553811347495252,0.8081135066164652,-0.4501519585233513,0
1571233335500,-0.6743043371055626,-1.6131832071270635,-0.48550132621340203,0.17125455602059983,-0.446129752181773,0
1571233335750,-1.3273153142668097,-1.6782146174298822,-0.4156215176772788,1.4608727869217626,-0.44814007007213624,0
1571233336000,-1.0225768582582277,-1.7432460277327009,-0.45056142194534043,-0.643468189144071,-0.44814007007213624,0
1571233336250,-0.8484405976818952,-1.7432460277327009,-0.6252609432856484,0.7749596276478624,-0.4501519585233513,0
1571233336500,0.022240705199767605,-1.4180889762186075,-0.3806816134092172,-0.24164655909347918,-0.4521638469745664,0
1571233336750,-1.109644988546394,-1.2880261556129702,-0.48550132621340203,0.8723914352290625,-0.4501519585233513,0
1571233337000,-0.6743043371055626,-2.003371668943976,-0.48550132621340203,-0.5235391065484619,-0.4521638469745664,0
1571233337250,-0.28249775080881434,-1.8733088483383382,-0.8349003688940181,0.30716854454749964,-0.4501519585233513,0
1571233337500,-0.804906532537812,-1.5806675019756542,-1.2192393158426957,-0.6801742694307384,-0.45417573542578155,0
1571233337750,-0.5872362068173963,-1.3855732710671982,-0.6951407518217716,0.909351244181306,-0.4561860533161448,0
1571233338000,-0.4130999462410638,-1.6456989122784729,-0.3457417091411556,-0.3119293994580429,-0.45417573542578155,0
1571233338250,-0.7178384022496457,-1.6456989122784729,-0.8349003688940181,-0.2490046903951844,-0.4521638469745664,0
1571233338500,-0.8484405976818952,-1.5806675019756542,-0.8349003688940181,-0.44192305245483504,-0.4521638469745664,0
1571233338750,-0.5437021416733132,-1.6782146174298822,-0.3806816134092172,0.43809253598473724,-0.4561860533161448,0
1571233339000,-0.5437021416733132,-1.5481517968242449,-0.6252609432856484,0.2194630024800478,-0.4561860533161448,0
1571233339250,-0.5437021416733132,-1.5806675019756542,-0.5553811347495252,0.412465940761557,-0.4561860533161448,0
1571233339500,-0.50016807652923,-1.7432460277327009,-0.5553811347495252,-0.09042427441015817,-0.4581979417673599,0
1571233339750,-0.19542962052064808,-1.5806675019756542,-0.7999604646259565,0.6768512102917928,-0.4581979417673599,0
1571233340000,-0.7178384022496457,-1.5481517968242449,-0.66020084755371,-0.1742393102721107,-0.4581979417673599,0
1571233340250,-0.6307702719614795,-1.7757617328841102,-1.53369845425525,0.46439574098278696,-0.4561860533161448,0
1571233340500,-0.6307702719614795,-1.5156360916728355,-1.0794796987704494,-0.15453305057903813,-0.4602098302185751,0
1571233340750,-0.9355087279700615,-1.8407931431869289,-0.5204412304814636,0.0886235872646688,-0.4602098302185751,0
1571233341000,-0.5437021416733132,-1.3855732710671982,-0.2059820920689092,0.46008235366799427,-0.4581979417673599,0
1571233341250,1.7200692458190099,-0.702743462887602,-0.7300806560898333,0.5484645055103156,-0.5446902984393877,0
1571233341500,-0.19542962052064808,-1.5806675019756542,-1.0095998902343262,-0.6854179951859767,-0.5567584880249746,0
1571233341750,-0.36956588109698063,-1.4180889762186075,-1.6035782627913733,0.9845395054136731,-0.34957952381452145,0
1571233342000,-0.3260318159528975,-1.6131832071270635,-1.289119124378819,0.5204697760750923,-0.6995711568442109,0
1571233342250,-0.5872362068173963,-2.035887374095385,-1.0095998902343262,1.7535065145527977,-0.4421059752793427,0
1571233342500,-0.8484405976818952,-1.9058245534897476,-0.6951407518217716,1.206044630461558,-0.472278019804162,0
1571233342750,-0.4130999462410638,-1.3530575659157889,-0.66020084755371,0.07390732466125836,-0.6311810845505637,0
1571233343000,-0.3260318159528975,-1.5481517968242449,-0.7650205603578949,-1.5708464618245046,-0.6492849394897959,0
1571233343250,-0.6743043371055626,-1.6456989122784729,-0.7300806560898333,-3.7047891155408763,-0.5205523487073619,0
1571233343500,0.28344509606426643,-0.9303533989474674,-0.9397200816982029,-1.6902680870889617,-0.47831211459695555,0
1571233343750,1.3282626595222617,-0.6702277577361927,-1.6035782627913733,0.6824332409344658,-0.6593412406241679,0
1571233344000,0.8493879429373472,-0.7677748731904207,-1.6734580713274967,0.5454197615234031,-0.7116393464297979,0
1571233344250,1.067058268657763,-0.9628691040988767,-1.53369845425525,0.2369702804047947,-0.5648044712689833,0
1571233344500,0.6752516823610146,-1.0929319247045142,-1.3240590286468805,0.10350900231179659,-0.4662439250113685,0
1571233344750,0.3705132263524327,-1.1904790401587422,-1.2192393158426957,1.4283109415061706,-0.46423203656015344,0
1571233345000,0.10930883548793388,-1.4506046813700169,-1.0095998902343262,-0.6931990075969753,-0.4883699862921793,0
1571233345250,0.6317176172169315,-0.9303533989474674,-0.5903210390175868,-1.2710237553354817,-0.46423203656015344,0
1571233345500,1.0235242035136798,-1.2229947453101515,-0.4156215176772788,-2.373221078597808,-0.46222014810893836,0
1571233345750,0.3705132263524327,-0.8653219886446487,-1.53369845425525,1.0807872458888517,-0.5849186440985789,0
1571233346000,0.8493879429373472,-1.0279005144016955,-1.3939388371830037,1.0403598118404025,-0.5607806943665531,0
1571233346250,1.1976604640900124,-1.1904790401587422,-2.442135965224852,1.0688619986067778,-0.536644315195379,0
1571233346500,0.45758135664059896,-1.0929319247045142,-1.7782777841316815,-0.2096767472308979,-0.675433207112185,0
1571233346750,0.5881835520728484,-1.0929319247045142,-1.53369845425525,-0.2568702790280417,-0.3998657411689364,0
1571233347000,0.06577477034385075,-1.0604162195531048,-1.114419603038511,-0.09761325326814602,-0.4742899082553772,0
1571233347250,-0.06482742508839867,-1.7432460277327009,-0.66020084755371,0.1633889673877425,-0.6050328169281746,0
1571233347500,0.022240705199767605,-1.3855732710671982,-0.9047801774301413,-0.6432990367003537,-0.4903803041825426,0
1571233347750,-0.23896368566473122,-1.3205418607643795,-0.5903210390175868,-0.6832190134176509,-0.47831211459695555,0
1571233348000,-0.1083614902324818,-1.8082774380355195,-0.6951407518217716,1.0988865573666093,-0.4742899082553772,0
1571233348250,-0.50016807652923,-1.4506046813700169,-1.3240590286468805,0.8945504053560369,-0.4602098302185751,0
1571233348500,0.022240705199767605,-1.4506046813700169,-1.114419603038511,0.65587630727084,-0.4702661313529469,0
1571233348750,0.3705132263524327,-1.3855732710671982,-1.2192393158426957,0.6775278200666623,-0.4662439250113685,0
1571233349000,-0.9355087279700615,-1.4831203865214262,-1.1842994115746341,-2.058005499730505,-0.46825581346258366,0
1571233349250,-0.804906532537812,-1.7432460277327009,-0.8698402731620797,-0.46847998611846076,-0.4602098302185751,0
1571233349500,0.3705132263524327,-2.1984658998524313,-0.3806816134092172,-0.7540938873352253,-0.4602098302185751,0
1571233349750,0.5446494869287652,-1.4506046813700169,-0.8698402731620797,0.9423359707061915,-0.4602098302185751,0
1571233350000,0.10930883548793388,-1.3530575659157889,-1.0794796987704494,-0.4271222136295659,-0.4602098302185751,0
1571233350250,0.3269791612083496,-1.3855732710671982,-1.2192393158426957,0.2787509340029829,-0.4581979417673599,0
1571233350500,-1.1967131188345603,-1.4831203865214262,-0.45056142194534043,0.26344263784656174,-0.46222014810893836,0
1571233350750,-0.7613724673937289,-1.5156360916728355,-0.45056142194534043,-0.8899232996402664,-0.46222014810893836,0
1571233351000,-0.7178384022496457,-1.7107303225812915,-0.66020084755371,0.36070529298404447,-0.4602098302185751,0
1571233351250,-0.7613724673937289,-1.8082774380355195,-0.8698402731620797,-0.057862428994566124,-0.46222014810893836,0
1571233351500,-0.7178384022496457,-1.5806675019756542,-1.2192393158426957,1.274297641501513,-0.4662439250113685,0
1571233351750,-0.4566340113851469,-1.6456989122784729,-1.0794796987704494,1.7724515882491423,-0.46222014810893836,0
1571233352000,0.15284290063201703,-1.3855732710671982,-0.9746599859662645,-2.3627336270873314,-0.46423203656015344,0
1571233352250,-0.1083614902324818,-1.6782146174298822,-1.0794796987704494,-0.7451288078182052,-0.4742899082553772,0
1571233352500,0.3269791612083496,-1.4831203865214262,-0.9047801774301413,-0.2784372156020053,-0.46423203656015344,0
1571233352750,-0.23896368566473122,-1.6131832071270635,-0.6951407518217716,0.6014937966157085,-0.48233589149938577,0
1571233353000,-0.4566340113851469,-1.5806675019756542,-0.9047801774301413,0.1371703386115515,-0.46423203656015344,0
1571233353250,-0.28249775080881434,-1.6131832071270635,-0.5553811347495252,0.32695938046243084,-0.4602098302185751,0
1571233353500,-0.3260318159528975,-1.5481517968242449,-0.66020084755371,0.3270439566842896,-0.46222014810893836,0
1571233353750,-0.021293359944315533,-2.1984658998524313,-0.06622247499666276,0.1265983108792164,-0.4602098302185751,0
1571233354000,1.0235242035136798,-1.0279005144016955,0.003657333539460452,0.005400584955727016,-0.5165301423657835,0
1571233354250,0.2399110309201833,-0.18249218046505244,-2.022857114008113,-0.02555431224455011,-0.5668163597201984,0
1571233354500,0.3269791612083496,-0.5726806422819646,-3.0011744335138375,0.0750913917672799,-0.4602098302185751,0
1571233354750,0.41404729149651587,-1.0604162195531048,-2.022857114008113,0.9494403733423207,-0.48635809784096423,0
1571233355000,0.10930883548793388,-1.5806675019756542,-1.463818645719127,3.448160271935182,-0.4742899082553772,0
1571233355250,-0.3260318159528975,-1.4831203865214262,-1.4288787414510653,-0.38221223982260655,-0.4561860533161448,0
1571233355500,-1.8061900308517242,-1.7757617328841102,-1.638518167059435,-1.599856105922032,-0.46222014810893836,0
1571233355750,-1.370849379410893,-1.6456989122784729,-0.9397200816982029,-2.063841259038754,-0.46825581346258366,0
1571233356000,-0.9790427931141445,-1.6456989122784729,-0.5553811347495252,-1.4186092624788793,-0.472278019804162,0
1571233356250,-1.3273153142668097,-1.5806675019756542,-0.7650205603578949,-0.2658353585450619,-0.4702661313529469,0
1571233356500,-0.4566340113851469,-1.2880261556129702,-0.9746599859662645,0.3710235920508035,-0.4702661313529469,0
1571233356750,-0.4130999462410638,-1.5156360916728355,-1.114419603038511,-0.7430144022717382,-0.4742899082553772,0
1571233357000,-0.4130999462410638,-1.6456989122784729,-0.8698402731620797,0.6162100592191189,-0.46825581346258366,0
1571233357250,-0.804906532537812,-1.9383402586411569,-2.022857114008113,0.00218668852509715,-0.4662439250113685,0
1571233357500,-0.804906532537812,-1.4831203865214262,-0.7300806560898333,0.3004870230206639,-0.5165301423657835,0
1571233357750,-0.50016807652923,-2.035887374095385,-0.48550132621340203,-0.21026878078390868,-0.46423203656015344,0
1571233358000,-0.23896368566473122,-1.7432460277327009,-0.5553811347495252,1.0318176134326755,-0.5084841591217749,0
1571233358250,-1.6320537702753917,-1.4180889762186075,-0.310801804873094,1.3702916533111156,-0.47630022614574047,0
1571233358500,0.15284290063201703,-0.8328062834932394,-0.7300806560898333,2.803351156484601,-0.5004381758777663,0
1571233358750,1.1541263989459292,-1.0604162195531048,-0.06622247499666276,-0.08568800598607207,-0.4501519585233513,0
1571233359000,-0.3260318159528975,-1.2555104504615608,-0.7650205603578949,-3.6602174466213517,-0.4441178637305578,0
1571233359250,1.2411945292340956,-0.7352591680390114,-0.9047801774301413,-0.7251688194595565,-0.46222014810893836,0
1571233359500,0.6752516823610146,-0.995384809250286,-0.3806816134092172,3.7050182577199955,-0.4742899082553772,0
1571233359750,0.3269791612083496,-0.8328062834932394,-0.5553811347495252,1.656243859415315,-0.46825581346258366,0
1571233360000,0.06577477034385075,-1.1254476298559235,-0.2059820920689092,-0.4352415309279993,-0.4581979417673599,0
1571233360250,-0.1083614902324818,-1.2880261556129702,-0.8698402731620797,-3.127810130020957,-0.4561860533161448,0
1571233360500,-0.36956588109698063,-1.5481517968242449,-0.9397200816982029,-3.5932330789092766,-0.4561860533161448,0
1571233360750,1.067058268657763,-1.2229947453101515,-0.7300806560898333,-1.2615512184873094,-0.4581979417673599,0
1571233361000,-0.36956588109698063,-1.5156360916728355,0.3181164719520149,-0.5391011313704591,-0.4602098302185751,0
1571233361250,-0.1083614902324818,-1.8082774380355195,-0.4156215176772788,1.783869378200064,-0.4742899082553772,0
1571233361500,-0.36956588109698063,-1.6456989122784729,-0.6951407518217716,-0.1567320323473638,-0.4521638469745664,0
1571233361750,-0.5437021416733132,-1.6456989122784729,-0.6951407518217716,1.6086274465088777,-0.4300377856937558,0
1571233362000,-0.804906532537812,-1.7107303225812915,-0.5903210390175868,0.8816948196335175,-0.5708385660617767,0
1571233362250,-0.4566340113851469,-1.4831203865214262,-0.8349003688940181,1.840281718179804,-0.5145182539145684,0
1571233362500,-0.8484405976818952,-1.6456989122784729,-0.66020084755371,-0.8284363863490056,-0.4501519585233513,0
1571233362750,-0.4566340113851469,-1.9383402586411569,-0.7999604646259565,-0.2686263738663983,-0.5406665215369575,0
1571233363000,-3.5040185714709664,-1.7432460277327009,-0.8698402731620797,-0.6482890337900158,-0.4219918024497472,0
1571233363250,-0.06482742508839867,-1.7432460277327009,-0.6951407518217716,1.1891293860898218,-0.45417573542578155,0
1571233363500,-0.7613724673937289,-1.6456989122784729,-0.7999604646259565,1.199701413822157,-0.4602098302185751,0
1571233363750,-0.50016807652923,-1.6782146174298822,-0.6252609432856484,-0.848480950929513,-0.44009565738897943,0
1571233364000,-0.50016807652923,-1.6456989122784729,-0.8698402731620797,-0.5937373706911668,-0.46222014810893836,0
1571233364250,-0.5872362068173963,-1.8407931431869289,-0.7650205603578949,0.12989678353170495,-0.4581979417673599,0
1571233364500,-0.5872362068173963,-1.4831203865214262,-0.9047801774301413,-0.5620212874941616,-0.4602098302185751,0
1571233364750,-0.5437021416733132,-1.3530575659157889,-0.9047801774301413,-0.04669836770922027,-0.4581979417673599,0
1571233365000,-0.5872362068173963,-1.8733088483383382,-1.1493595073065725,0.3091983738721079,-0.4602098302185751,0
1571233365250,-0.7613724673937289,-1.6131832071270635,-1.289119124378819,-0.4530025375183222,-0.46222014810893836,0
1571233365500,-0.5872362068173963,-1.8733088483383382,-0.8349003688940181,0.02476853976136489,-0.4602098302185751,0
1571233365750,-1.1967131188345603,-1.9708559637925664,-0.6252609432856484,-0.7968048793738591,-0.46222014810893836,0
1571233366000,-0.5872362068173963,-1.5806675019756542,-0.66020084755371,0.02747497886084267,-0.4561860533161448,0
1571233366250,-0.23896368566473122,-1.7432460277327009,-0.5204412304814636,-0.5921304224758519,-0.46222014810893836,0
1571233366500,-0.8919746628259783,-1.8407931431869289,-0.45056142194534043,0.5358626484533722,-0.4602098302185751,0
1571233366750,-0.8919746628259783,-1.4180889762186075,-0.5553811347495252,0.07906647419463787,-0.46222014810893836,0
1571233367000,-1.5449856399872253,-1.6131832071270635,-0.13610228353278597,0.6256825960672912,-0.46222014810893836,0
1571233367250,-0.7178384022496457,-2.1984658998524313,0.842215035972939,-0.6092148192913054,-0.4602098302185751,0
1571233367500,-0.9355087279700615,0.11014916589763163,-0.2758619006050324,0.8298495956341462,-0.4602098302185751,0
1571233367750,-3.547552636615049,-1.1254476298559235,1.1566741743854934,0.47107726250962273,-0.46423203656015344,0
1571233368000,-3.3298823108946336,-0.5076492319791459,0.24823666341589168,1.6296023495298304,-0.4581979417673599,0
1571233368250,-3.5910867017591324,-0.3775864113735085,-0.10116237926472436,0.4932362326365971,-0.4581979417673599,0
1571233368500,-1.3273153142668097,-0.05242935985941508,1.3663135999938631,0.6118966719043261,-0.4561860533161448,0
1571233368750,-4.11349548348813,0.43530621741172504,0.8072751317048774,-0.27496959050579944,-0.4803240030481707,0
1571233369000,-1.6320537702753917,-0.41010211652491785,1.1217342701174318,1.4612956680310558,-0.4803240030481707,0
1571233369250,-3.0251438548860516,0.11014916589763163,0.1783568548797685,-0.7246613621284045,-0.4702661313529469,0
1571233369500,-3.8958251577677143,-0.31255500107068984,0.1783568548797685,-2.017239760794621,-0.4581979417673599,0
1571233369750,-3.6781548320472988,-0.4426178216763272,-0.24092199633697078,-0.533857405615221,-0.41595770765695367,0
1571233370000,-3.852291092623631,-0.2150078856164618,0.24823666341589168,-0.7047859499916145,-0.44009565738897943,0
1571233370250,-3.8958251577677143,-0.7677748731904207,0.3879962804881381,0.8043075766328246,-0.43808376893776435,0
1571233370500,-2.1979966171484726,-0.08494506501082442,-0.3457417091411556,-1.7379690762172575,-0.4421059752793427,0
1571233370750,-3.068677920030135,0.5978847431687717,0.7373953231687541,0.8143721470340075,-0.4501519585233513,0
1571233371000,-2.5027350731570546,0.20769628135185966,0.9470347487771238,1.8157546138407867,-0.5386562036465942,0
1571233371250,-2.1979966171484726,0.3052433968060877,1.0518544615813086,-2.170153569915116,-0.47831211459695555,0
1571233371500,-1.8932581611398904,0.33775910195749703,0.9819746530451854,-0.7267757676748715,-0.46222014810893836,0
1571233371750,-2.4592010080129714,0.37027480710890637,0.9120948445090622,-1.7495560186118968,-0.4521638469745664,0
1571233372000,-3.6781548320472988,-0.4426178216763272,-0.031282570728601154,1.007882542646669,-0.46423203656015344,0
1571233372250,-4.505302069784879,-0.9303533989474674,0.7024554189006925,0.11518052092829452,-0.4903803041825426,0
1571233372500,-4.418233939496712,0.14266487104904096,0.07353714207558366,2.12581104317471,-0.4561860533161448,0
1571233372750,-2.807473529165636,0.27272769165467836,0.9819746530451854,-0.47617642230760077,-0.4581979417673599,0
1571233373000,-2.3285988125807218,0.37027480710890637,1.016914557313247,-0.4181571341125458,-0.4561860533161448,0
1571233373250,-3.0251438548860516,0.1751805762004503,0.9819746530451854,0.546519252407566,-0.4561860533161448,0
1571233373500,-2.415666942868888,0.37027480710890637,0.7723352274368158,2.249207750866525,-0.4521638469745664,0
1571233373750,-1.6755878354194749,0.1751805762004503,1.2964337914577397,-0.26194485233956255,-0.4501519585233513,0
1571233374000,-2.2415306822925554,0.045117755594812944,0.9819746530451854,0.28492499819866657,-0.3777396798881257,0
1571233374250,-1.4143834445549759,0.240211986503269,1.191614078653555,-0.35878462636775194,-0.3978554232785731,0
1571233374500,0.5011154217846822,0.20769628135185966,1.8554722597467255,0.2887309281823072,-0.41394581920573853,0
1571233374750,-0.6743043371055626,0.0126020504434036,1.3663135999938631,-2.8844843397335325,-0.43405999203533413,0
1571233375000,-2.02386035657214,0.240211986503269,0.2831765676839533,-0.9002415987070255,-0.4421059752793427,0
1571233375250,-0.4130999462410638,-0.4751335268277365,0.6675155146326309,0.7526315050771707,-0.4521638469745664,0
1571233375500,-0.8919746628259783,-1.3855732710671982,-0.310801804873094,1.370714534420409,-0.46222014810893836,0
1571233375750,-0.23896368566473122,-1.7107303225812915,-0.66020084755371,-0.31082990857388,-0.4602098302185751,0
1571233376000,-0.6307702719614795,-1.7432460277327009,-0.5903210390175868,1.5424888410153896,-0.46423203656015344,0
1571233376250,-0.36956588109698063,-1.3530575659157889,-0.7300806560898333,-0.4105452741452645,-0.46222014810893836,0
1571233376500,-0.19542962052064808,-1.6782146174298822,-1.0794796987704494,-0.8443367160584375,-0.4602098302185751,0
1571233376750,-0.6743043371055626,-1.4180889762186075,0.1783568548797685,-0.8502570515885453,-0.46423203656015344,0
1571233377000,0.06577477034385075,-1.3205418607643795,-0.10116237926472436,-0.4141820516851878,-0.46222014810893836,0
1571233377250,-0.23896368566473122,-1.3855732710671982,-0.13610228353278597,0.9537537606571134,-0.46222014810893836,0
1571233377500,-0.28249775080881434,-1.4180889762186075,-0.17104218780084757,-0.3583617452584586,-0.46423203656015344,0
1571233377750,-0.36956588109698063,-1.6782146174298822,-0.2758619006050324,0.6708462985398265,-0.4662439250113685,0
1571233378000,-0.3260318159528975,-1.8733088483383382,-0.7300806560898333,-0.4386245798023465,-0.4662439250113685,0
1571233378250,-1.9367922262839736,-1.7432460277327009,-0.5553811347495252,0.7285272818474468,-0.4662439250113685,0
1571233378500,-0.50016807652923,-1.7107303225812915,-0.8349003688940181,-0.7266911914530128,-0.46423203656015344,0
1571233378750,-1.0225768582582277,-1.6782146174298822,-0.031282570728601154,0.9288037752088025,-0.46825581346258366,0
1571233379000,-0.7178384022496457,-1.6782146174298822,-0.6252609432856484,-0.21035335700576735,-0.46423203656015344,0
1571233379250,-0.5437021416733132,-1.6131832071270635,-0.4156215176772788,0.8278197663095378,-0.46423203656015344,0
1571233379500,-0.7613724673937289,-1.7432460277327009,-0.7650205603578949,-1.0991648725186425,-0.4662439250113685,0
1571233379750,-0.7178384022496457,-1.6131832071270635,-0.8698402731620797,0.2888155044041659,-0.46222014810893836,0
1571233380000,-0.6743043371055626,-1.5481517968242449,-0.9397200816982029,-0.32689939072702934,-0.46423203656015344,0
1571233380250,-0.50016807652923,-1.8733088483383382,-1.0445397945023878,0.6787964633945426,-0.46222014810893836,0
1571233380500,-0.5437021416733132,-1.6782146174298822,-1.0794796987704494,-0.6233390483417051,-0.4662439250113685,0
1571233380750,-0.5437021416733132,-1.4180889762186075,-0.8698402731620797,0.41677932807634976,-0.4662439250113685,0
1571233381000,-1.1967131188345603,-1.7432460277327009,0.21329675914783008,-0.7359945758574676,-0.46825581346258366,0
1571233381250,-0.7178384022496457,-1.6131832071270635,-0.8698402731620797,0.21311978584064675,-0.4662439250113685,0
1571233381500,-1.0661109234023107,-1.7757617328841102,-0.5553811347495252,-0.7624669332992348,-0.46423203656015344,0
1571233381750,-0.6743043371055626,-1.6131832071270635,-0.8349003688940181,0.5085445287930183,-0.46423203656015344,0
1571233382000,-0.6307702719614795,-1.6782146174298822,-0.5903210390175868,-0.4735545594299816,-0.46222014810893836,0
1571233382250,-0.6743043371055626,-1.6456989122784729,-0.8698402731620797,0.14486677480069143,-0.4662439250113685,0
1571233382500,-0.7178384022496457,-1.7107303225812915,-0.9047801774301413,-0.7156962826113843,-0.46222014810893836,0
1571233382750,-0.7178384022496457,-1.7432460277327009,-0.5903210390175868,-0.3537100530562311,-0.4662439250113685,0
1571233383000,-0.7613724673937289,-1.6131832071270635,-0.48550132621340203,-0.25145740082908613,-0.46423203656015344,0
1571233383250,-1.109644988546394,-0.995384809250286,-0.66020084755371,0.024514811095788847,-0.46222014810893836,0
1571233383500,-1.6320537702753917,-1.8082774380355195,-0.031282570728601154,0.16195117161614495,-0.46825581346258366,0
1571233383750,-0.7178384022496457,-1.8082774380355195,-0.66020084755371,0.24060705794471796,-0.46825581346258366,0
1571233384000,-0.8919746628259783,-1.5156360916728355,-0.9397200816982029,1.6716367317935947,-0.4662439250113685,0
1571233384250,-1.0225768582582277,-2.035887374095385,-0.4156215176772788,0.1655879491560682,-0.46423203656015344,0
1571233384500,-0.6743043371055626,-1.6131832071270635,-0.7300806560898333,-0.6795822358777277,-0.46825581346258366,0
1571233384750,-0.6307702719614795,-1.6782146174298822,-0.7300806560898333,-1.5366776681935976,-0.46423203656015344,0
1571233385000,-1.2837812491227265,-1.7432460277327009,-0.8349003688940181,-0.7182335692671448,-0.4662439250113685,0
1571233385250,-0.4566340113851469,-1.6456989122784729,-0.7650205603578949,0.052932421640305545,-0.46222014810893836,0
1571233385500,-0.6307702719614795,-1.6456989122784729,-0.6252609432856484,-0.1724632096130784,-0.4662439250113685,0
1571233385750,-0.804906532537812,-1.6456989122784729,-0.7650205603578949,-0.18278150867983747,-0.4662439250113685,0
1571233386000,-0.6743043371055626,-1.6456989122784729,-0.6951407518217716,0.363750036970957,-0.4662439250113685,0
1571233386250,-0.6743043371055626,-1.6456989122784729,-0.7650205603578949,0.18360268441196717,-0.4662439250113685,0
1571233386500,-0.6743043371055626,-1.6782146174298822,-0.7300806560898333,-0.5575387477356515,-0.4662439250113685,0
1571233386750,-0.6743043371055626,-1.6782146174298822,-0.7650205603578949,0.22572164289759014,-0.4662439250113685,0
1571233387000,-0.7178384022496457,-1.6782146174298822,-0.7300806560898333,-0.24815892817659763,-0.4662439250113685,0
1571233387250,-0.7178384022496457,-1.6456989122784729,-0.7650205603578949,0.24737315569341242,-0.4662439250113685,0
1571233387500,-0.7178384022496457,-1.6456989122784729,-0.7300806560898333,-0.19428387485261803,-0.46423203656015344,0
1571233387750,-0.7178384022496457,-1.6782146174298822,-0.7650205603578949,0.34666564015550344,-0.4662439250113685,0
1571233388000,-0.6743043371055626,-1.5806675019756542,-0.7999604646259565,-0.07917563690295364,-0.46423203656015344,0
1571233388250,-1.5014515748431423,-1.8733088483383382,-0.031282570728601154,0.33499412153900554,-0.46423203656015344,0
1571233388500,-1.8061900308517242,-0.1499764753136431,-1.0095998902343262,-0.11469765008359953,-0.46423203656015344,0
1571233388750,1.8942055063953425,-0.897837693796058,-0.9397200816982029,0.26276602807169225,-0.4662439250113685,0
1571233389000,2.851954939565172,-2.4260758359122967,-0.7300806560898333,0.019778542671702728,-0.46825581346258366,0
1571233389250,-0.50016807652923,-1.7107303225812915,-0.7300806560898333,0.8859236307264514,-0.3717055850953322,0
1571233389500,-0.19542962052064808,-1.5481517968242449,-0.8349003688940181,1.7329544926411382,-0.4561860533161448,0
1571233389750,-0.4566340113851469,-1.6782146174298822,-0.48550132621340203,0.4541620181378866,-0.5446902984393877,0
1571233390000,-0.36956588109698063,-1.8082774380355195,-0.5903210390175868,-0.3991274841943427,-0.6774450955634002,0
1571233390250,-1.4143834445549759,-1.9383402586411569,-0.10116237926472436,0.28492499819866657,-0.4944040810849728,0
1571233390500,-0.23896368566473122,-1.6131832071270635,-0.6252609432856484,-0.8628589086454886,-0.6010106105865962,0
1571233390750,-0.5437021416733132,-1.6456989122784729,-0.310801804873094,-2.256928773542122,-0.46222014810893836,0
1571233391000,-0.6307702719614795,-1.6131832071270635,-0.4156215176772788,-1.2769440908655891,-0.46423203656015344,0
1571233391250,-0.804906532537812,-1.6456989122784729,-0.3457417091411556,-1.177989911290933,-0.46423203656015344,0
1571233391500,-0.7178384022496457,-1.5481517968242449,-0.5553811347495252,0.5220767242904072,-0.4702661313529469,0
1571233391750,-0.4566340113851469,-1.5806675019756542,-0.7300806560898333,0.16127456184127548,-0.44814007007213624,0
1571233392000,-0.7613724673937289,-1.7432460277327009,-0.66020084755371,-0.27302433740304977,-0.5688266776105617,0
1571233392250,-4.0264273531999635,-2.003371668943976,0.07353714207558366,-1.1477962000873838,-0.46825581346258366,0
1571233392500,-0.1083614902324818,-0.24752359076787114,-1.114419603038511,0.39301340973406046,-0.46423203656015344,0
1571233392750,1.6330011155308437,-3.5316098110602145,0.3530563762200765,0.11687204536546814,-0.4702661313529469,0
1571233393000,-0.4566340113851469,-1.7432460277327009,0.9819746530451854,1.197502432053831,-0.46423203656015344,0
1571233393250,-0.06482742508839867,-0.18249218046505244,-1.2192393158426957,0.3080988829879451,-0.4662439250113685,0
1571233393500,1.067058268657763,-0.3450707062220992,-4.992748976793349,-0.39295341999865896,-0.45417573542578155,0
1571233393750,-1.8932581611398904,-0.4426178216763272,-0.2758619006050324,-1.2347405561581075,-0.43204967414497086,0
1571233394000,-1.9367922262839736,-0.702743462887602,-2.022857114008113,0.4759826833774262,-0.5044603822193446,0
1571233394250,-2.676871333733387,-0.995384809250286,-0.5903210390175868,1.6427962401397846,-0.4702661313529469,0
1571233394500,-5.76778995896329,-3.6291569265144425,-1.3240590286468805,0.697741537090887,-0.3978554232785731,0
1571233394750,-0.5437021416733132,-0.7352591680390114,-0.9746599859662645,-2.184362375187374,-0.4581979417673599,0
1571233395000,-1.370849379410893,0.1751805762004503,-5.551787445082335,0.028489893523146837,-0.4561860533161448,0
1571233395250,3.24376152586192,-1.0279005144016955,-2.372256156688729,-0.9534400422561357,-0.36567149030253865,0
1571233395500,0.45758135664059896,-2.9463271183348465,-0.3457417091411556,-0.5174496185746369,-0.4501519585233513,0
1571233395750,-5.158313046946126,0.27272769165467836,-5.551787445082335,0.12651373465735774,-0.45417573542578155,0
1571233396000,4.245045024175832,-3.8242511574228986,3.3578881432733745,0.22039334092049329,-0.44009565738897943,0
1571233396250,0.5446494869287652,-2.003371668943976,0.8072751317048774,0.695373402878844,-0.4300377856937558,0
1571233396500,-0.7613724673937289,-2.6536857719721625,-0.6951407518217716,-2.8620716409409823,-0.44814007007213624,0
1571233396750,4.245045024175832,-3.8242511574228986,-4.748169646916918,1.230318006134999,-0.45417573542578155,0
1571233397000,2.634284613844756,-3.694188336817261,-1.6734580713274967,-0.46069897370746216,-0.4662439250113685,0
1571233397250,2.2424780275480076,-2.5561386565179345,-0.7650205603578949,-1.6200698229462567,-0.4521638469745664,0
1571233397500,-6.856141587565368,-3.8242511574228986,-5.551787445082335,0.8955653200183411,-0.4521638469745664,0
1571233397750,4.245045024175832,-3.8242511574228986,-1.6035782627913733,0.6042002357151861,-0.40388951807136664,0
1571233398000,3.1131593304296707,-3.8242511574228986,-1.1842994115746341,-1.5634037543009407,-0.4441178637305578,0
1571233398250,-3.242814180606467,-3.0438742337890745,-2.2324965396164824,1.7656009142785891,-0.446129752181773,0
1571233398500,2.5036824184125064,-3.8242511574228986,-5.027688881061411,1.3403516707731427,-0.4441178637305578,0
1571233398750,-0.804906532537812,-0.6377120525847833,-0.7650205603578949,-0.22769148248679688,-0.33549944577771934,0
1571233399000,-0.23896368566473122,-1.3530575659157889,-1.463818645719127,-3.417568266108797,-0.42400369090096224,0
1571233399250,-1.1967131188345603,-1.9058245534897476,-0.8698402731620797,0.8019394424207815,-0.43204967414497086,0
1571233399500,-0.36956588109698063,-1.5806675019756542,-0.9746599859662645,1.4788875221776616,-0.4280258972425406,0
1571233399750,-0.5872362068173963,-1.8082774380355195,-0.2059820920689092,-2.259381483976024,-0.43405999203533413,0
1571233400000,-0.4566340113851469,-1.6131832071270635,-0.7300806560898333,-0.8650578904138143,-0.43204967414497086,0
1571233400250,-0.4130999462410638,-1.7107303225812915,-0.8349003688940181,1.318531005533603,-0.43405999203533413,0
1571233400500,-0.7613724673937289,-1.9708559637925664,-0.8349003688940181,-0.18286608490169615,-0.4360718804865492,0
1571233400750,-0.804906532537812,-1.7432460277327009,-0.5553811347495252,0.7415520200136835,-0.43808376893776435,0
1571233401000,0.022240705199767605,-3.011358528637665,-1.7782777841316815,-0.27387009962163655,-0.4280258972425406,0
1571233401250,0.8493879429373472,-1.2229947453101515,-1.4987585499871885,0.23274146931186065,-0.41796959610816875,0
1571233401500,-4.374699874352629,-2.5561386565179345,0.3530563762200765,-0.3821276636007478,-0.4360718804865492,0
1571233401750,-2.9380757245978852,-2.0684030792467945,-0.8349003688940181,0.17277692801405606,-0.4260155793521773,0
1571233402000,0.45758135664059896,-2.816264297729209,-0.8349003688940181,-0.025300583578974065,-0.4300377856937558,0
1571233402250,-2.067394421716223,-0.3775864113735085,-1.0794796987704494,-0.3822968160444652,-0.43405999203533413,0
1571233402500,-1.2402471839786433,-0.41010211652491785,-0.9047801774301413,0.7695467494489069,-0.43808376893776435,0
1571233402750,-2.807473529165636,-2.7837485925778,-0.310801804873094,1.0812101269981451,-0.3998657411689364,0
1571233403000,1.067058268657763,-1.7107303225812915,-0.7999604646259565,-0.49173844712959797,-0.3857856631321343,0
1571233403250,0.2399110309201833,-3.0438742337890745,-0.2758619006050324,-0.342630567992744,-0.4260155793521773,0
1571233403500,-0.8484405976818952,-1.3205418607643795,-0.8349003688940181,0.5069375805777033,-0.43808376893776435,0
1571233403750,-0.8919746628259783,-0.897837693796058,-0.48550132621340203,-0.09194664640361441,-0.4421059752793427,0
1571233404000,-0.021293359944315533,-3.1414213492433025,0.5976357060965077,-0.08095173756198594,-0.4260155793521773,0
1571233404250,-0.4130999462410638,-1.5806675019756542,-0.06622247499666276,-0.3808590202728676,-0.4280258972425406,0
1571233404500,-0.4130999462410638,-2.718717182274981,-0.3457417091411556,0.13514050928694316,-0.4300377856937558,0
1571233404750,-1.109644988546394,0.240211986503269,-0.66020084755371,-0.18295066112355482,-0.4360718804865492,0
1571233405000,-0.9355087279700615,-3.8242511574228986,-2.40719606095679,-0.3292675249390724,-0.43204967414497086,0
1571233405250,0.06577477034385075,-1.5156360916728355,-0.10116237926472436,1.2815711965813594,-0.44814007007213624,0
1571233405500,-1.6320537702753917,-2.881295708032028,-0.8349003688940181,-1.053747441380531,-0.4421059752793427,0
1571233405750,-0.4130999462410638,-0.11746077016223377,-0.9746599859662645,0.45999777744613557,-0.44814007007213624,0
1571233406000,-1.0661109234023107,-2.458591541063706,-0.66020084755371,-0.7690638786042119,-0.43808376893776435,0
1571233406250,0.15284290063201703,-1.4180889762186075,-0.9397200816982029,-0.050419721471002224,-0.4360718804865492,0
1571233406500,0.5881835520728484,-1.7432460277327009,-0.3806816134092172,-0.706477474428788,-0.4300377856937558,0
1571233406750,-0.36956588109698063,-0.5076492319791459,-0.5903210390175868,0.5824641466975052,-0.4300377856937558,0
1571233407000,-0.5437021416733132,-0.2800392959192805,-0.6252609432856484,0.4360627066601289,-0.4360718804865492,0
1571233407250,-2.372132877724805,-1.9708559637925664,1.7506525469425407,0.18630912351144496,-0.43204967414497086,0
1571233407500,-0.5872362068173963,-1.9383402586411569,-0.13610228353278597,-0.21889555541349412,-0.43204967414497086,0
1571233407750,-0.1083614902324818,-2.1009187843982033,0.10847704634364527,0.8416902666943614,-0.43405999203533413,0
1571233408000,-0.8919746628259783,0.4678219225631344,-0.45056142194534043,-0.45283338507460486,-0.45417573542578155,0
1571233408250,-0.23896368566473122,-3.0438742337890745,-0.45056142194534043,-0.7019949346702781,-0.4421059752793427,0
1571233408500,-0.7613724673937289,-1.7432460277327009,-0.45056142194534043,0.1988264043465297,-0.43405999203533413,0
1571233408750,-0.50016807652923,-2.361044425609478,-0.06622247499666276,-0.49605183444439066,-0.4360718804865492,0
1571233409000,-0.9355087279700615,-0.5726806422819646,-0.5903210390175868,0.5886382108931889,-0.4360718804865492,0
1571233409250,-1.762655965707641,-1.9708559637925664,1.645832834138356,-0.9352561545565192,-0.43204967414497086,0
1571233409500,-0.6307702719614795,-1.4506046813700169,0.003657333539460452,1.0187928752664388,-0.43405999203533413,0
1571233409750,-1.370849379410893,-1.5156360916728355,-0.13610228353278597,-0.23395012290433925,-0.43405999203533413,0
1571233410000,-1.8497240959958072,-1.1904790401587422,-0.48550132621340203,-0.22743775382122083,-0.43405999203533413,0
1571233410250,0.06577477034385075,-1.6131832071270635,-0.9746599859662645,1.2804717056971966,-0.43405999203533413,0
1571233410500,-0.6307702719614795,-1.5806675019756542,-0.7999604646259565,-1.7614812658939707,-0.4360718804865492,0
1571233410750,-1.2837812491227265,-2.1334344895496127,-0.2059820920689092,-0.5387628264830244,-0.4360718804865492,0
1571233411000,-0.804906532537812,-1.6456989122784729,-0.8698402731620797,-0.8308045205610487,-0.4360718804865492,0
1571233411250,-1.109644988546394,-1.9058245534897476,-0.8349003688940181,0.448749139938931,-0.4360718804865492,0
1571233411500,-0.4130999462410638,-1.1579633350073328,-0.8349003688940181,-0.17897557869619682,-0.43204967414497086,0
1571233411750,-0.9790427931141445,-1.6131832071270635,-1.0095998902343262,0.6359163189121914,-0.4360718804865492,0
1571233412000,-0.8484405976818952,-1.5806675019756542,-0.66020084755371,-0.05853903876943557,-0.4360718804865492,0
1571233412250,-0.6307702719614795,-1.4506046813700169,-0.5903210390175868,0.3122431178590205,-0.4360718804865492,0
1571233412500,-0.6307702719614795,-2.035887374095385,-0.8698402731620797,-0.8341875694353958,-0.43405999203533413,0
1571233412750,-0.8484405976818952,-1.5156360916728355,-0.9397200816982029,0.6342247944750178,-0.4360718804865492,0
1571233413000,-1.2837812491227265,-1.7107303225812915,-0.7999604646259565,-0.2841883986883956,-0.44009565738897943,0
1571233413250,-0.5437021416733132,-1.6782146174298822,-0.7999604646259565,0.1371703386115515,-0.43405999203533413,0
1571233413500,-0.9355087279700615,-1.6782146174298822,-0.6951407518217716,0.017156679794083626,-0.44009565738897943,0
1571233413750,-0.6307702719614795,-1.6456989122784729,-0.7650205603578949,0.4439282952929862,-0.4360718804865492,0
1571233414000,-0.6307702719614795,-1.6456989122784729,-0.8349003688940181,0.5187782516379186,-0.44009565738897943,0
1571233414250,-0.4566340113851469,-1.8082774380355195,-0.7650205603578949,0.12397644800159731,-0.4360718804865492,0
1571233414500,-0.6307702719614795,-1.8733088483383382,-1.0095998902343262,-0.00669381477006432,-0.43808376893776435,0
1571233414750,-0.6307702719614795,-1.4180889762186075,-1.0445397945023878,-0.3882171515745728,-0.44009565738897943,0
1571233415000,-0.8919746628259783,-1.8407931431869289,-0.7300806560898333,0.24534332636880407,-0.43808376893776435,0
1571233415250,-0.6743043371055626,-1.7757617328841102,-0.7999604646259565,-0.12865272669028183,-0.44009565738897943,0
1571233415500,-1.370849379410893,-1.5806675019756542,-0.6951407518217716,0.154254735427005,-0.4360718804865492,0
1571233415750,-0.4130999462410638,-1.2880261556129702,-0.7999604646259565,0.03381819550024372,-0.43808376893776435,0
1571233416000,-0.6743043371055626,-1.6131832071270635,-0.7650205603578949,0.4413910086372258,-0.43808376893776435,0
1571233416250,-0.50016807652923,-1.5481517968242449,-0.7999604646259565,-0.08129004244942066,-0.4421059752793427,0
1571233416500,-0.50016807652923,-1.6456989122784729,-0.5553811347495252,-0.2687955263101157,-0.4421059752793427,0
1571233416750,-0.8484405976818952,-1.6456989122784729,-0.8349003688940181,-0.6712091899137183,-0.4421059752793427,0
1571233417000,-0.5872362068173963,-1.4506046813700169,-0.6951407518217716,0.6128270103447715,-0.4421059752793427,0
1571233417250,-0.5437021416733132,-2.035887374095385,-0.5553811347495252,0.21464215783410298,-0.44009565738897943,0
1571233417500,-0.5437021416733132,-1.6131832071270635,-0.5204412304814636,0.28890008062602457,-0.4421059752793427,0
1571233417750,-0.5437021416733132,-0.9628691040988767,0.003657333539460452,0.18055794042505469,-0.4441178637305578,0
1571233418000,-0.06482742508839867,-1.6456989122784729,0.14341695061170687,0.6020012539468604,-0.446129752181773,0
1571233418250,0.2399110309201833,-1.2555104504615608,-0.5204412304814636,0.7132189856910255,-0.446129752181773,0
1571233418500,-0.28249775080881434,-1.3530575659157889,-0.10116237926472436,-1.213173619584144,-0.45417573542578155,0
1571233418750,0.7187857475050978,-0.41010211652491785,-2.1975566353484206,-0.05845446254757689,-0.4561860533161448,0
1571233419000,2.3730802229802572,-0.2800392959192805,-0.9047801774301413,3.0092942567104886,-0.4581979417673599,0
1571233419250,0.5881835520728484,-0.9628691040988767,-1.0095998902343262,-1.026429321720177,-0.4501519585233513,0
1571233419500,0.8929220080814304,-0.3775864113735085,-1.9180374012039278,-0.5073004719515952,-0.446129752181773,0
1571233419750,1.067058268657763,-0.3775864113735085,-2.022857114008113,0.609021080361131,-0.4501519585233513,0
1571233420000,0.6317176172169315,-0.5726806422819646,-1.3939388371830037,0.384386635104475,-0.4521638469745664,0
1571233420250,1.067058268657763,-0.7677748731904207,-1.3939388371830037,-1.2876852710416418,-0.4561860533161448,0
1571233420500,1.1976604640900124,-0.6377120525847833,-1.1493595073065725,1.251546637821528,-0.4561860533161448,0
1571233420750,0.7623198126491809,-0.9628691040988767,-1.1493595073065725,0.39495866283681014,-0.46423203656015344,0
1571233421000,0.9799901383695966,-0.7677748731904207,-0.8349003688940181,-3.505696689285542,-0.47630022614574047,0
1571233421250,0.45758135664059896,-0.995384809250286,-0.5553811347495252,-2.0350853436068026,-0.472278019804162,0
1571233421500,0.5446494869287652,-1.0929319247045142,-0.2758619006050324,0.3872622266476702,-0.472278019804162,0
1571233421750,0.19637696577610014,-1.1579633350073328,-0.3457417091411556,-0.006778390991923001,-0.46423203656015344,0
1571233422000,-0.4130999462410638,-1.3205418607643795,-0.13610228353278597,1.5098424193779387,-0.46222014810893836,0
1571233422250,-0.36956588109698063,-1.5156360916728355,-0.10116237926472436,-0.8393467189687753,-0.4561860533161448,0
1571233422500,-0.15189555537656493,-1.5806675019756542,-0.5553811347495252,0.4940819948551839,-0.4561860533161448,0
1571233422750,1.067058268657763,-0.6702277577361927,-1.3589989329149421,-0.24536791285526116,-0.45417573542578155,0
1571233423000,0.19637696577610014,-1.4506046813700169,-0.9397200816982029,0.8866848167231797,-0.4561860533161448,0
1571233423250,-0.23896368566473122,-1.5481517968242449,-0.8349003688940181,-0.488017093367816,-0.35159141226573665,0
1571233423500,-0.3260318159528975,-1.6131832071270635,-0.7999604646259565,0.9474105440177123,-0.3475692059241582,0
1571233423750,-0.804906532537812,-1.6456989122784729,-0.5903210390175868,1.6219904895625492,-0.37975156833934076,0
1571233424000,-0.9355087279700615,-1.6131832071270635,-0.3457417091411556,3.794415324224621,-0.4099236128641601,0
1571233424250,-0.7613724673937289,-1.5806675019756542,-0.310801804873094,0.6500405479625911,-0.6211247834161917,0
1571233424500,-0.5872362068173963,-1.5156360916728355,-0.2758619006050324,-1.4264748511117367,-0.46423203656015344,0
1571233424750,-0.4130999462410638,-1.3530575659157889,-0.06622247499666276,-0.9690866432999915,-0.5306102204025855,0
1571233425000,-0.5437021416733132,-1.4506046813700169,-0.8349003688940181,-1.0539165938242483,-0.47630022614574047,0
1571233425250,-0.36956588109698063,-1.3205418607643795,-0.2059820920689092,-0.6202097281329338,-0.5929646273425875,0
1571233425500,-0.7178384022496457,-1.6456989122784729,0.003657333539460452,-0.8962665162796675,-0.6412389562457873,0
1571233425750,-0.6307702719614795,-1.5481517968242449,-0.3806816134092172,-1.2166412446803498,-0.6150906886233982,0
1571233426000,-0.6743043371055626,-1.6782146174298822,-0.45056142194534043,-1.2345714037143902,-0.6573309227338046,0
1571233426250,-0.8484405976818952,-1.6131832071270635,-0.3806816134092172,0.252786033892368,-0.7015814747345742,0
1571233426500,-0.6743043371055626,-1.6131832071270635,-0.4156215176772788,1.4156245082273686,-0.6331929730017788,0
1571233426750,-0.6743043371055626,-1.5156360916728355,-0.3806816134092172,0.3991028977078855,-0.7216972181250216,0
1571233427000,-0.804906532537812,-1.5806675019756542,-0.4156215176772788,0.5466884048512833,-0.7357772961618237,0
1571233427250,-0.7178384022496457,-1.7757617328841102,-0.031282570728601154,0.03263412839422219,-0.6915251736002023,0
1571233427500,-0.9355087279700615,-1.4506046813700169,-0.310801804873094,0.8136109610372795,-0.6774450955634002,0
1571233427750,-1.2402471839786433,-1.2555104504615608,0.1783568548797685,-0.21069166189320207,-0.4803240030481707,0
1571233428000,-1.2402471839786433,-1.2555104504615608,0.24823666341589168,0.8065065584011504,-0.47630022614574047,0
1571233428250,-1.2837812491227265,-1.7757617328841102,0.10847704634364527,-0.07452394470072621,-0.5949765157938026,0
1571233428500,0.6752516823610146,-1.2880261556129702,-0.45056142194534043,1.1585127937769792,-0.572850454512992,0
1571233428750,-0.4566340113851469,-1.5156360916728355,-0.3806816134092172,-0.5204943625615494,-0.6472730510385809,0
1571233429000,-0.15189555537656493,-1.4831203865214262,-0.5903210390175868,1.1986019229379938,-0.47630022614574047,0
1571233429250,-0.36956588109698063,-1.5806675019756542,-0.5553811347495252,0.5555689081464448,-0.48434620938974904,0
1571233429500,-0.28249775080881434,-1.5481517968242449,-0.48550132621340203,-0.949126654941343,-0.47831211459695555,0
1571233429750,-0.7613724673937289,-1.7432460277327009,-0.310801804873094,-0.3965901975385822,-0.5386562036465942,0
1571233430000,-0.9790427931141445,-1.4506046813700169,-0.6252609432856484,1.0865384289752418,-0.6352048614529938,0
1571233430250,-2.372132877724805,-1.5481517968242449,0.1783568548797685,0.13733949105526885,-0.637216749904209,0
1571233430500,-1.4143834445549759,-1.2555104504615608,-0.6252609432856484,0.2801041535527218,-0.5507243932321811,0
1571233430750,-2.02386035657214,-1.6782146174298822,0.003657333539460452,0.14740406145645188,-0.48635809784096423,0
1571233431000,-0.36956588109698063,-2.003371668943976,-0.7300806560898333,0.051240897203131935,-0.6834791903561936,0
1571233431250,-1.5449856399872253,-1.9383402586411569,-0.45056142194534043,1.0674242028351801,-0.4883699862921793,0
1571233431500,-0.6743043371055626,-1.5806675019756542,-0.7650205603578949,0.8342475591707976,-0.5487125047809661,0
1571233431750,-0.6743043371055626,-1.7432460277327009,-0.10116237926472436,-1.7882919282231726,-0.6130788001721831,0
1571233432000,-1.2402471839786433,-1.2229947453101515,-0.17104218780084757,-0.9923451043111288,-0.51049604757299,0
1571233432250,-1.370849379410893,-1.1904790401587422,0.7373953231687541,-0.2765765387211144,-0.6291707666602003,0
1571233432500,-1.5885197051313085,-1.7432460277327009,-0.24092199633697078,-0.0737627587039981,-0.6130788001721831,0
1571233432750,-0.9790427931141445,-1.8082774380355195,-0.7999604646259565,-0.3429688728801787,-0.6010106105865962,0
1571233433000,-0.6307702719614795,-1.4506046813700169,0.003657333539460452,0.14258321681050706,-0.43405999203533413,0
1571233433250,-0.36956588109698063,-1.5156360916728355,-0.310801804873094,1.599324062104423,-0.46423203656015344,0
1571233433500,-0.15189555537656493,-1.3855732710671982,-0.5204412304814636,0.9748132398999249,-0.4742899082553772,0
1571233433750,-0.3260318159528975,-1.5481517968242449,-0.6951407518217716,0.1265983108792164,-0.47831211459695555,0
1571233434000,-0.4566340113851469,-1.6131832071270635,-0.9746599859662645,-0.38711766069041,-0.419979913998532,0
1571233434250,-0.50016807652923,-1.6456989122784729,-1.0445397945023878,0.3302578531149194,-0.37975156833934076,0
1571233434500,-0.7613724673937289,-1.7107303225812915,-0.8698402731620797,0.7138110192440362,-0.3898094400345645,0
1571233434750,-0.804906532537812,-1.7107303225812915,-0.9746599859662645,0.4621121829926026,-0.4119355013153752,0
1571233435000,-0.9355087279700615,-1.7107303225812915,-0.9397200816982029,-0.5522104457585546,-0.41595770765695367,0
1571233435250,-0.9790427931141445,-1.7432460277327009,-0.9047801774301413,-0.041623794397699435,-0.4099236128641601,0
1571233435500,-1.0225768582582277,-1.7107303225812915,-0.9397200816982029,0.08803155371165804,-0.41394581920573853,0
1571233435750,-0.9790427931141445,-1.7107303225812915,-0.9397200816982029,-0.14133915996908392,-0.4119355013153752,0
1571233436000,-0.9355087279700615,-1.7107303225812915,-0.9397200816982029,-0.2564473979187483,-0.41595770765695367,0
1571233436250,-0.8919746628259783,-1.7107303225812915,-0.9746599859662645,-0.23674113822567572,-0.40187762962015144,0
1571233436500,-0.8919746628259783,-1.7107303225812915,-0.9746599859662645,-0.32089447897506307,-0.419979913998532,0
1571233436750,-0.8919746628259783,-1.7107303225812915,-0.9746599859662645,-0.14742864794290894,-0.45417573542578155,0
1571233437000,-0.8919746628259783,-1.7107303225812915,-1.0095998902343262,-0.11901103739839224,-0.44009565738897943,0
1571233437250,-0.8919746628259783,-1.7107303225812915,-1.0095998902343262,-0.07959851801224704,-0.407911724412945,0
1571233437500,-0.8919746628259783,-1.7107303225812915,-1.0095998902343262,-0.06378276452467377,-0.43204967414497086,0
1571233437750,-0.8919746628259783,-1.7107303225812915,-0.9746599859662645,-0.03595718753316783,-0.4280258972425406,0
1571233438000,-0.8919746628259783,-1.7107303225812915,-0.9397200816982029,-0.08543427732049601,-0.4280258972425406,0
1571233438250,-0.8919746628259783,-1.7107303225812915,-0.9746599859662645,-0.022932449366931007,-0.43204967414497086,0
1571233438500,-0.9355087279700615,-1.7107303225812915,-0.9397200816982029,-0.015066860734073708,-0.43204967414497086,0
1571233438750,-0.9355087279700615,-1.7107303225812915,-0.9047801774301413,-0.1362645866575631,-0.4360718804865492,0
1571233439000,-0.9790427931141445,-1.7107303225812915,-0.9047801774301413,0.04532056167302429,-0.47630022614574047,0
1571233439250,-1.0661109234023107,-1.7107303225812915,-0.9047801774301413,-0.06149920653448939,-0.43808376893776435,0
1571233439500,-1.0661109234023107,-1.7107303225812915,-0.8698402731620797,0.04278327501726387,-0.4441178637305578,0
1571233439750,-1.109644988546394,-1.7432460277327009,-0.8349003688940181,0.00962939604866105,-0.446129752181773,0
1571233440000,-1.1531790536904771,-1.7107303225812915,-0.8349003688940181,-0.10700121389445959,-0.44814007007213624,0
1571233440250,-1.1531790536904771,-1.7107303225812915,-0.8698402731620797,0.08211121818155039,-0.446129752181773,0
1571233440500,-1.2402471839786433,-1.7107303225812915,-0.8698402731620797,-0.003057037230141051,-0.4501519585233513,0
1571233440750,-1.0661109234023107,-1.7107303225812915,-0.8698402731620797,0.05386276008075103,-0.4602098302185751,0
1571233441000,-0.9790427931141445,-1.7107303225812915,-0.9047801774301413,-0.014643979624780304,-0.45417573542578155,0
1571233441250,-0.804906532537812,-1.7107303225812915,-0.9746599859662645,-0.08171292355871407,-0.44814007007213624,0
1571233441500,-0.7178384022496457,-1.6782146174298822,-1.0794796987704494,0.016057188909920778,-0.446129752181773,0
1571233441750,-0.6307702719614795,-1.6782146174298822,-1.114419603038511,-0.05295700812676264,-0.446129752181773,0
1571233442000,-0.28249775080881434,-1.7107303225812915,-1.5686383585233117,-0.029275666006332055,-0.4441178637305578,0
1571233442250,-0.5872362068173963,-1.6782146174298822,-1.2541792201107573,-0.05202666968631716,-0.446129752181773,0
1571233442500,-0.6307702719614795,-1.6782146174298822,-1.2192393158426957,-0.024116516472952536,-0.446129752181773,0
1571233442750,-0.6743043371055626,-1.6782146174298822,-1.1842994115746341,0.09902646255328652,-0.446129752181773,0
1571233443000,-0.804906532537812,-1.7107303225812915,-1.0445397945023878,-0.09473766172495088,-0.44814007007213624,0
1571233443250,-1.0661109234023107,-1.7107303225812915,-0.8698402731620797,0.10139459676532958,-0.44814007007213624,0
1571233443500,-1.1531790536904771,-1.7107303225812915,-0.9047801774301413,-0.06014598698475051,-0.4501519585233513,0
1571233443750,-1.3273153142668097,-1.7107303225812915,-0.7999604646259565,0.14537423213184353,-0.44814007007213624,0
1571233444000,-1.5449856399872253,-1.7107303225812915,-0.7650205603578949,0.04625090011346977,-0.4441178637305578,0
1571233444250,-1.7191219005635578,-1.6782146174298822,-0.66020084755371,0.360028683209175,-0.4300377856937558,0
1571233444500,-1.8061900308517242,-1.6782146174298822,-0.66020084755371,0.25413925344210686,-0.4099236128641601,0
1571233444750,-1.8932581611398904,-1.6782146174298822,-0.66020084755371,-0.34017785755884217,-0.4300377856937558,0
1571233445000,-1.8061900308517242,-1.6782146174298822,-0.6951407518217716,-0.16527423075509057,-0.4260155793521773,0
1571233445250,-1.8061900308517242,-1.6782146174298822,-0.6951407518217716,-0.10268782657966688,-0.42400369090096224,0
1571233445500,-1.8061900308517242,-1.6782146174298822,-0.6252609432856484,-0.11571256474590369,-0.4119355013153752,0
1571233445750,-1.8061900308517242,-1.6782146174298822,-0.66020084755371,-0.11199121098412175,-0.41796959610816875,0
1571233446000,-1.8061900308517242,-1.6782146174298822,-0.66020084755371,0.009121938717508963,-0.41595770765695367,0
1571233446250,-1.8932581611398904,-1.6782146174298822,-0.66020084755371,0.05513140340863125,-0.41796959610816875,0
1571233446500,-1.8497240959958072,-1.6456989122784729,-0.66020084755371,0.0711163093399219,-0.41394581920573853,0
1571233446750,-1.6755878354194749,-1.6456989122784729,-0.5204412304814636,0.03212667106307011,-0.41796959610816875,0
1571233447000,-1.5449856399872253,-1.2555104504615608,0.6675155146326309,0.02967396062916837,-0.4260155793521773,0
1571233447250,-1.1967131188345603,-1.2555104504615608,0.4229361847561997,-0.024031940251093856,-0.7176734412225914,0
1571233447500,-0.28249775080881434,-1.6131832071270635,-1.2192393158426957,-0.040355151069819226,-0.6291707666602003,0
1571233447750,-0.5437021416733132,-1.1904790401587422,-1.1493595073065725,-0.047459553705948405,-0.6693991123193915,0
1571233448000,2.024807701827592,0.3052433968060877,-0.7650205603578949,0.19070708704809636,-0.7156615527713763,0
1571233448250,1.4588648549545111,0.4678219225631344,0.07353714207558366,-0.3635208947918381,-0.8202577643826363,0
1571233448500,-0.06482742508839867,1.3132302564997773,0.5976357060965077,-1.4670714376039033,-0.8283021770657932,0
1571233448750,0.28344509606426643,0.3052433968060877,0.4229361847561997,-0.6910000258286496,-0.8081880042361976,0
1571233449000,0.45758135664059896,-0.08494506501082442,1.645832834138356,0.2263136764506009,-0.6673872238681765,0
1571233449250,0.19637696577610014,-0.1499764753136431,0.842215035972939,-0.5949214377971883,-0.48233589149938577,0
1571233449500,0.3705132263524327,0.14266487104904096,0.9819746530451854,1.88350016754959,-0.6271588782089852,0
1571233449750,0.45758135664059896,0.37027480710890637,0.7024554189006925,-1.6915367304168418,-0.586930532549794,0
1571233450000,0.41404729149651587,0.33775910195749703,0.7024554189006925,0.6562991883801335,-0.572850454512992,0
1571233450250,0.3705132263524327,0.33775910195749703,0.7024554189006925,0.5951505799763074,-0.6794569840146153,0
1571233450500,0.3705132263524327,0.33775910195749703,0.6675155146326309,1.9300170895718642,-0.5829067556473638,0
1571233450750,0.2399110309201833,0.14266487104904096,0.8771549402410006,-1.273561041991242,-0.6553190342825894,0
1571233451000,0.19637696577610014,0.240211986503269,0.9120948445090622,-0.4908926849110111,-0.5607806943665531,0
1571233451250,0.15284290063201703,0.630400448320181,0.9120948445090622,-1.2710237553354817,-0.5004381758777663,0
1571233451500,-0.50016807652923,0.20769628135185966,1.016914557313247,0.5252060444991784,-0.41595770765695367,0
1571233451750,-0.7613724673937289,0.37027480710890637,0.9470347487771238,-0.49545980089137986,-0.663365017526598,0
1571233452000,-0.50016807652923,0.33775910195749703,1.0518544615813086,1.3602270829099325,-0.6472730510385809,0
1571233452250,-0.28249775080881434,0.27272769165467836,1.0867943658493702,-0.741745758943858,-0.6050328169281746,0
1571233452500,-0.7178384022496457,0.27272769165467836,1.1566741743854934,1.618015407135191,-0.536644315195379,0
1571233452750,-0.7613724673937289,0.3052433968060877,1.0867943658493702,-0.8052625015597272,-0.4602098302185751,0
1571233453000,-0.3260318159528975,0.27272769165467836,1.0518544615813086,0.4105206876588074,-0.49842628742655115,0
1571233453250,-0.3260318159528975,0.27272769165467836,1.0518544615813086,0.37466036959072674,-0.5265864435001554,0
1571233453500,-0.28249775080881434,0.3052433968060877,1.0518544615813086,0.33803886552591805,-0.472278019804162,0
1571233453750,-0.28249775080881434,0.27272769165467836,1.016914557313247,-0.23234317468902432,-0.43405999203533413,0
1571233454000,-0.3260318159528975,0.27272769165467836,1.016914557313247,0.24399010681906516,-0.5165301423657835,0
1571233454250,-0.3260318159528975,0.3052433968060877,1.016914557313247,-0.10319528391081895,-0.47831211459695555,0
1571233454500,-0.4566340113851469,0.27272769165467836,1.016914557313247,0.6453888557603636,-0.47630022614574047,0
1571233454750,-0.6307702719614795,0.4027905122603157,1.1217342701174318,-0.10505596079170992,-0.4803240030481707,0
1571233455000,-0.7613724673937289,0.4027905122603157,1.016914557313247,0.2513482381207704,-0.472278019804162,0
1571233455250,-0.4566340113851469,0.33775910195749703,1.6108929298702943,-0.09879732037416755,-0.4702661313529469,0
1571233455500,0.6752516823610146,0.630400448320181,0.9120948445090622,-0.381028172716585,-0.48233589149938577,0
1571233455750,0.19637696577610014,0.045117755594812944,0.7723352274368158,-0.10928477188464396,-0.46825581346258366,0
1571233456000,-0.6307702719614795,0.1751805762004503,0.9120948445090622,-0.7563774453254097,-0.47630022614574047,0
1571233456250,-0.4130999462410638,-0.01991365470800574,1.1566741743854934,0.4183862762916647,-0.5607806943665531,0
1571233456500,-0.9790427931141445,0.7604632689258184,1.2265539829216165,-1.382410639523364,-0.4803240030481707,0
1571233456750,-0.6743043371055626,0.5653690380173624,1.1566741743854934,1.3361228596802086,-0.5185404602561468,0
1571233457000,-0.19542962052064808,0.5003376277145437,1.016914557313247,-0.5215938534457122,-0.48635809784096423,0
1571233457250,-0.4130999462410638,0.532853332865953,0.842215035972939,0.7029006866242665,-0.48635809784096423,0
1571233457500,-1.2402471839786433,0.532853332865953,1.191614078653555,-0.3931225724423763,-0.4702661313529469,0
1571233457750,-1.4143834445549759,0.240211986503269,0.7024554189006925,0.504907751253095,-0.48233589149938577,0
1571233458000,-2.6333372685893037,0.4027905122603157,0.5976357060965077,0.5353551911222201,-0.5285983319513704,0
1571233458250,-1.2837812491227265,0.43530621741172504,1.0518544615813086,-0.13634916287942178,-0.4702661313529469,0
1571233458500,0.15284290063201703,0.37027480710890637,0.9120948445090622,0.5908371926615146,-0.4702661313529469,0
1571233458750,-0.4130999462410638,1.3457459616511867,0.8771549402410006,-1.6213384662741368,-0.4702661313529469,0
1571233459000,0.45758135664059896,-0.6051963474333739,0.3530563762200765,2.089781572662912,-0.5084841591217749,0
1571233459250,1.067058268657763,0.3052433968060877,0.4229361847561997,-1.3129735613773872,-0.546700616329751,0
1571233459500,0.7623198126491809,0.11014916589763163,0.49281599329232295,-0.6243539630040092,-0.472278019804162,0
1571233459750,0.5881835520728484,0.045117755594812944,0.3530563762200765,0.15822981785436296,-0.6653769059778132,0
1571233460000,-0.9355087279700615,0.630400448320181,1.2265539829216165,2.171397626756539,-0.6955473799417807,0
1571233460250,-0.23896368566473122,0.0126020504434036,1.0518544615813086,0.11974763690866327,-0.4702661313529469,0
1571233460500,-0.23896368566473122,0.27272769165467836,0.9819746530451854,-2.679133273060656,-0.472278019804162,0
1571233460750,-0.021293359944315533,0.240211986503269,0.9120948445090622,-0.7296513592180666,-0.5185404602561468,0
1571233461000,-0.1083614902324818,0.240211986503269,0.9470347487771238,-0.1716174473944916,-0.5969868336841659,0
1571233461250,-0.23896368566473122,0.240211986503269,1.016914557313247,0.8507399224332404,-0.47831211459695555,0
1571233461500,-0.28249775080881434,0.240211986503269,1.016914557313247,-0.8567694206716636,-0.4702661313529469,0
1571233461750,-0.23896368566473122,0.240211986503269,0.9819746530451854,0.5094748672334637,-0.4742899082553772,0
1571233462000,-0.06482742508839867,0.3052433968060877,0.9819746530451854,-1.1643731395716852,-0.4662439250113685,0
1571233462250,-0.06482742508839867,0.1751805762004503,0.9120948445090622,0.26208941829682286,-0.5004381758777663,0
1571233462500,-0.50016807652923,0.27272769165467836,0.9819746530451854,-1.0187328855310371,-0.5125063654633533,0
1571233462750,-0.6743043371055626,0.20769628135185966,1.1217342701174318,0.6873386618022692,-0.46825581346258366,0
1571233463000,-0.36956588109698063,0.240211986503269,1.0867943658493702,-0.7210245845884812,-0.4662439250113685,0
1571233463250,-0.4566340113851469,0.240211986503269,1.0867943658493702,0.7550842155110725,-0.4662439250113685,0
1571233463500,-0.4130999462410638,0.240211986503269,1.0518544615813086,-0.975852741048686,-0.4662439250113685,0
1571233463750,-0.28249775080881434,0.20769628135185966,1.016914557313247,0.8432972149096764,-0.4702661313529469,0
1571233464000,-0.06482742508839867,0.240211986503269,0.9470347487771238,-0.057354971663414044,-0.46825581346258366,0
1571233464250,-0.06482742508839867,0.240211986503269,0.9120948445090622,0.49365911374589044,-0.46825581346258366,0
1571233464500,-0.06482742508839867,0.240211986503269,0.9470347487771238,-0.17094083761962217,-0.46222014810893836,0
1571233464750,0.022240705199767605,0.27272769165467836,0.9120948445090622,1.449370420748982,-0.46222014810893836,0
1571233465000,0.06577477034385075,0.27272769165467836,0.8771549402410006,0.028151588635712117,-0.46222014810893836,0
1571233465250,0.022240705199767605,0.27272769165467836,0.8771549402410006,0.3721230829349664,-0.46423203656015344,0
1571233465500,0.022240705199767605,0.27272769165467836,0.8771549402410006,-0.5972895720092314,-0.46423203656015344,0
1571233465750,0.022240705199767605,0.27272769165467836,0.9120948445090622,0.04024598836150344,-0.4662439250113685,0
1571233466000,0.06577477034385075,0.27272769165467836,0.8771549402410006,0.323491755366225,-0.46423203656015344,0
1571233466250,0.06577477034385075,0.27272769165467836,0.8771549402410006,-0.7658499821735819,-0.4662439250113685,0
1571233466500,-0.021293359944315533,0.27272769165467836,0.9120948445090622,0.2597212840847798,-0.4662439250113685,0
1571233466750,-0.021293359944315533,0.27272769165467836,0.9120948445090622,-1.1452589134316236,-0.4662439250113685,0
1571233467000,-0.021293359944315533,0.240211986503269,0.9470347487771238,0.8020240186426403,-0.4662439250113685,0
1571233467250,-0.15189555537656493,0.27272769165467836,0.9470347487771238,-0.3561627634901328,-0.4702661313529469,0
1571233467500,0.06577477034385075,0.27272769165467836,1.016914557313247,0.7107662752571238,-0.46825581346258366,0
1571233467750,-0.1083614902324818,0.27272769165467836,0.9819746530451854,0.06570343114096633,-0.46423203656015344,0
1571233468000,-0.15189555537656493,0.240211986503269,0.9819746530451854,-1.335047955282503,-0.4662439250113685,0
1571233468250,-0.15189555537656493,0.27272769165467836,0.9819746530451854,0.9768430692245332,-0.46222014810893836,0
1571233468500,-0.19542962052064808,0.240211986503269,0.9819746530451854,-0.0724095391542592,-0.46825581346258366,0
1571233468750,-0.3260318159528975,0.20769628135185966,1.016914557313247,0.4398686366437696,-0.4662439250113685,0
1571233469000,-0.6307702719614795,0.3052433968060877,1.0518544615813086,0.043713613457709355,-0.4702661313529469,0
1571233469250,-0.06482742508839867,0.11014916589763163,0.842215035972939,-1.2556308829572016,-0.4662439250113685,0
1571233469500,0.45758135664059896,0.5978847431687717,0.5626958018284461,0.7007017048559407,-0.47630022614574047,0
1571233469750,-0.5437021416733132,0.33775910195749703,1.2265539829216165,-0.4674650714561566,-0.5125063654633533,0
1571233470000,-2.415666942868888,0.3052433968060877,0.24823666341589168,-0.2727706087374737,-0.49239219263375766,0
1571233470250,-1.9367922262839736,0.5653690380173624,1.016914557313247,0.7939892775660655,-0.48233589149938577,0
1571233470500,-0.6307702719614795,0.33775910195749703,1.191614078653555,-1.6102589812106496,-0.47831211459695555,0
1571233470750,-0.50016807652923,0.240211986503269,1.0867943658493702,0.8752670267722577,-0.5265864435001554,0
1571233471000,-0.15189555537656493,0.27272769165467836,1.0867943658493702,1.185830913437333,-0.48434620938974904,0
1571233471250,-0.4566340113851469,0.240211986503269,1.1217342701174318,1.657005045412043,-0.4803240030481707,0
1571233471500,-0.4566340113851469,0.240211986503269,1.0867943658493702,-1.2777052768623174,-0.472278019804162,0
1571233471750,-0.50016807652923,0.240211986503269,1.1217342701174318,0.2732534795821686,-0.472278019804162,0
1571233472000,-0.4130999462410638,0.27272769165467836,1.0518544615813086,0.26555704339302877,-0.4702661313529469,0
1571233472250,-0.50016807652923,0.3052433968060877,1.0867943658493702,-0.3376405709030818,-0.46825581346258366,0
1571233472500,-0.021293359944315533,0.532853332865953,0.7024554189006925,-0.12890645535585787,-0.4903803041825426,0
1571233472750,-1.9367922262839736,-0.01991365470800574,1.471133312798048,-1.2726307035507967,-0.472278019804162,0
1571233473000,-0.804906532537812,0.20769628135185966,1.191614078653555,0.025529725758093015,-0.472278019804162,0
1571233473250,-0.804906532537812,0.14266487104904096,1.1566741743854934,-1.1471195903125144,-0.4662439250113685,0
1571233473500,-1.0225768582582277,0.14266487104904096,1.1566741743854934,1.451484826295449,-0.46423203656015344,0
1571233473750,-0.7178384022496457,0.1751805762004503,1.1566741743854934,-2.1949344029197095,-0.48233589149938577,0
1571233474000,-0.5437021416733132,0.240211986503269,1.1217342701174318,-0.10843900966605716,-0.46825581346258366,0
1571233474250,-0.5872362068173963,0.20769628135185966,1.1217342701174318,1.700984680778557,-0.47630022614574047,0
1571233474500,-0.6743043371055626,0.20769628135185966,1.0867943658493702,-0.8776597474707577,-0.46423203656015344,0
1571233474750,-0.5437021416733132,0.240211986503269,1.1566741743854934,0.5269821451582106,-0.46825581346258366,0
1571233475000,-0.50016807652923,0.20769628135185966,1.1217342701174318,-0.7537555824477906,-0.46423203656015344,0
1571233475250,-0.5872362068173963,0.20769628135185966,1.1217342701174318,1.2378452898804218,-0.46222014810893836,0
1571233475500,-0.50016807652923,0.27272769165467836,1.0867943658493702,0.018763628009398563,-0.46423203656015344,0
1571233475750,-0.5437021416733132,0.20769628135185966,1.0867943658493702,0.2797658486652871,-0.46423203656015344,0
1571233476000,0.8929220080814304,0.27272769165467836,1.4012535042619247,-0.06293700230608697,-0.46423203656015344,0
1571233476250,-4.0264273531999635,-0.702743462887602,1.6807727384064175,-1.006892214470822,-0.5969868336841659,0
1571233476500,-1.457917509699059,0.240211986503269,1.0867943658493702,0.11061340494792576,-0.4662439250113685,0
1571233476750,-0.8919746628259783,0.5978847431687717,0.9470347487771238,-1.0563693042581501,-0.47630022614574047,0
1571233477000,-0.804906532537812,0.27272769165467836,1.3313736957258016,-0.4722013398802427,-0.47831211459695555,0
1571233477250,-0.4566340113851469,0.27272769165467836,1.1217342701174318,-1.2900534052536847,-0.472278019804162,0
1571233477500,-0.28249775080881434,0.33775910195749703,1.0867943658493702,-0.3808590202728676,-0.4964159695361879,0
1571233477750,-0.3260318159528975,0.240211986503269,1.1566741743854934,0.7171940681183835,-0.4883699862921793,0
1571233478000,-0.28249775080881434,0.3052433968060877,1.191614078653555,0.08219579440340907,-0.46423203656015344,0
1571233478250,0.10930883548793388,0.3052433968060877,1.016914557313247,0.983270862085793,-0.49842628742655115,0
1571233478500,-0.19542962052064808,0.3052433968060877,1.016914557313247,-0.17457761515954542,-0.4803240030481707,0
1571233478750,-0.1083614902324818,0.27272769165467836,0.9470347487771238,2.3856291967245773,-0.4662439250113685,0
1571233479000,-0.1083614902324818,0.240211986503269,0.9120948445090622,1.2958645780754765,-0.4662439250113685,0
1571233479250,-0.06482742508839867,0.240211986503269,0.9470347487771238,0.8082826590601826,-0.4662439250113685,0
1571233479500,-0.23896368566473122,0.240211986503269,0.9819746530451854,-1.472738044468435,-0.4662439250113685,0
1571233479750,-0.1083614902324818,0.240211986503269,0.9819746530451854,-1.348749303223609,-0.4662439250113685,0
1571233480000,-0.1083614902324818,0.27272769165467836,0.9819746530451854,-1.2754217188721328,-0.4662439250113685,0
1571233480250,-0.021293359944315533,0.240211986503269,0.9120948445090622,-0.15436389813532075,-0.46423203656015344,0
1571233480500,0.022240705199767605,0.240211986503269,0.9120948445090622,-0.9554698715807439,-0.46423203656015344,0
1571233480750,0.022240705199767605,0.240211986503269,0.8771549402410006,0.6634881672381213,-0.46423203656015344,0
1571233481000,0.022240705199767605,0.240211986503269,0.8771549402410006,-0.049320230586839375,-0.46222014810893836,0
1571233481250,0.06577477034385075,0.240211986503269,0.8771549402410006,0.9953652618115842,-0.46423203656015344,0
1571233481500,0.022240705199767605,0.240211986503269,0.9120948445090622,-0.1787218500306208,-0.4602098302185751,0
1571233481750,-0.021293359944315533,0.240211986503269,0.9120948445090622,0.7667557341275704,-0.46222014810893836,0
1571233482000,0.022240705199767605,0.240211986503269,0.9120948445090622,-0.2439301170836636,-0.46423203656015344,0
1571233482250,-0.15189555537656493,0.240211986503269,0.9120948445090622,0.6317720840411161,-0.46423203656015344,0
1571233482500,-0.06482742508839867,0.27272769165467836,0.9470347487771238,0.045489714116741645,-0.46222014810893836,0
1571233482750,-0.06482742508839867,0.27272769165467836,0.9470347487771238,-0.15047339192982145,-0.46423203656015344,0
1571233483000,-0.06482742508839867,0.27272769165467836,0.9470347487771238,0.6159563305535428,-0.46423203656015344,0
1571233483250,-0.06482742508839867,0.27272769165467836,0.9120948445090622,-0.5551706135236084,-0.46222014810893836,0
1571233483500,-0.1083614902324818,0.27272769165467836,0.9120948445090622,0.591260073770808,-0.46423203656015344,0
1571233483750,0.022240705199767605,0.27272769165467836,0.9470347487771238,-0.9009182084818949,-0.46423203656015344,0
1571233484000,-0.1083614902324818,0.27272769165467836,0.9120948445090622,0.2697012782641041,-0.46423203656015344,0
1571233484250,-0.36956588109698063,0.27272769165467836,0.9819746530451854,0.014703969360181887,-0.46222014810893836,0
1571233484500,-0.5872362068173963,0.045117755594812944,1.3313736957258016,-1.1223387573079209,-0.651296827941011,0
1571233484750,-0.7178384022496457,0.5978847431687717,-0.06622247499666276,0.6128270103447715,-0.4702661313529469,0
1571233485000,-0.19542962052064808,0.4027905122603157,0.7723352274368158,-0.3081234694744022,-0.4803240030481707,0
1571233485250,-0.5872362068173963,0.4678219225631344,0.8072751317048774,-1.0822496281469063,-0.47831211459695555,0
1571233485500,-1.3273153142668097,0.27272769165467836,1.1566741743854934,-1.5705081569370698,-0.6593412406241679,0
1571233485750,-0.9355087279700615,0.240211986503269,1.191614078653555,-1.474260416461891,-0.5125063654633533,0
1571233486000,-0.8919746628259783,0.240211986503269,1.1566741743854934,-0.49799708754714034,-0.472278019804162,0
1571233486250,-0.7178384022496457,0.20769628135185966,1.1566741743854934,0.5314646849167207,-0.4702661313529469,0
1571233486500,-0.804906532537812,0.240211986503269,1.1217342701174318,1.6961638361326121,-0.472278019804162,0
1571233486750,-0.3260318159528975,0.14266487104904096,1.0518544615813086,3.618496782758565,-0.6211247834161917,0
1571233487000,-0.19542962052064808,0.3052433968060877,0.7723352274368158,0.28543245552981866,-0.5064722706705598,0
1571233487250,-2.02386035657214,0.33775910195749703,1.191614078653555,1.3955799436468612,-0.5285983319513704,0
1571233487500,-1.8497240959958072,0.33775910195749703,0.8771549402410006,-0.24173113531533788,-0.5426784099881725,0
1571233487750,-1.1967131188345603,0.33775910195749703,1.1566741743854934,0.6639956245692734,-0.4702661313529469,0
1571233488000,-1.0225768582582277,0.1751805762004503,1.1566741743854934,-0.24139283042790316,-0.4742899082553772,0
1571233488250,-0.804906532537812,0.11014916589763163,1.1566741743854934,-2.5919351883243564,-0.472278019804162,0
1571233488500,-0.9355087279700615,0.11014916589763163,1.1566741743854934,0.016987527350366266,-0.4883699862921793,0
1571233488750,-0.804906532537812,0.07763346074622228,1.1566741743854934,-0.18269693245797877,-0.4702661313529469,0
1571233489000,-0.8484405976818952,0.07763346074622228,1.1566741743854934,1.4571514331599806,-0.4702661313529469,0
1571233489250,-0.9790427931141445,0.1751805762004503,1.191614078653555,0.9019085366577421,-0.46825581346258366,0
1571233489500,-0.9790427931141445,0.11014916589763163,1.2265539829216165,0.2359553657424905,-0.46825581346258366,0
1571233489750,-1.109644988546394,0.14266487104904096,1.191614078653555,-0.15233406881071243,-0.4662439250113685,0
1571233490000,-1.1531790536904771,0.14266487104904096,1.191614078653555,-0.5785136507566043,-0.4662439250113685,0
1571233490250,-1.1531790536904771,0.14266487104904096,1.0867943658493702,0.3736454549284226,-0.46423203656015344,0
1571233490500,-1.2402471839786433,0.14266487104904096,1.191614078653555,-1.177651606403498,-0.46825581346258366,0
1571233490750,-1.5014515748431423,0.11014916589763163,1.191614078653555,-0.002465003677130287,-0.46423203656015344,0
1571233491000,-1.7191219005635578,0.14266487104904096,1.1566741743854934,-0.7111291666310156,-0.5084841591217749,0
1571233491250,0.6317176172169315,0.630400448320181,0.7024554189006925,0.3163027765082371,-0.6915251736002023,0
1571233491500,-3.112211985174218,-0.11746077016223377,0.9819746530451854,-0.3126060092329123,-0.5688266776105617,0
1571233491750,-2.5898032034452205,-0.31255500107068984,3.148248717665005,0.6623886763539584,-0.6271588782089852,0
1571233492000,-2.676871333733387,-0.31255500107068984,0.2831765676839533,-0.7784518392305254,-0.4883699862921793,0
1571233492250,-0.6307702719614795,0.3052433968060877,0.5976357060965077,-0.5850260198397227,-0.5487125047809661,0
1571233492500,-1.0225768582582277,-0.41010211652491785,1.0518544615813086,-1.0928216558792414,-0.4883699862921793,0
1571233492750,-1.762655965707641,-0.4426178216763272,1.3663135999938631,-0.40936120703924295,-0.48434620938974904,0
1571233493000,-1.2837812491227265,0.07763346074622228,0.9470347487771238,1.5210064806632846,-0.48233589149938577,0
1571233493250,-0.6743043371055626,0.14266487104904096,1.1217342701174318,-1.1154880833373677,-0.49842628742655115,0
1571233493500,-0.4130999462410638,0.27272769165467836,1.2614938871896781,0.655622578605264,-0.6814673019049786,0
1571233493750,-0.5437021416733132,0.0126020504434036,1.0867943658493702,0.1751450622260991,-0.536644315195379,0
1571233494000,-0.15189555537656493,0.1751805762004503,1.016914557313247,1.3236901550669826,-0.47831211459695555,0
1571233494250,-0.23896368566473122,0.1751805762004503,0.9819746530451854,-0.17728405425902322,-0.47630022614574047,0
1571233494500,-0.23896368566473122,0.1751805762004503,1.016914557313247,0.00607719473059646,-0.4742899082553772,0
1571233494750,-0.4130999462410638,0.1751805762004503,1.0518544615813086,0.0492110678785236,-0.4742899082553772,0
1571233495000,-0.3260318159528975,0.20769628135185966,1.0518544615813086,0.9289729276525199,-0.4742899082553772,0
1571233495250,-0.4130999462410638,0.20769628135185966,1.016914557313247,-0.10471765590427522,-0.4702661313529469,0
1571233495500,-0.4130999462410638,0.20769628135185966,1.0518544615813086,0.02984311307288573,-0.472278019804162,0
1571233495750,-0.4130999462410638,0.20769628135185966,1.016914557313247,-0.001703817680402161,-0.4702661313529469,0
1571233496000,-0.4130999462410638,0.20769628135185966,1.0867943658493702,-0.4019184995156791,-0.472278019804162,0
1571233496250,-0.4130999462410638,0.20769628135185966,1.0867943658493702,-0.09499139039052694,-0.4702661313529469,0
1571233496500,-0.4130999462410638,0.20769628135185966,1.0867943658493702,-0.6076924472978491,-0.4742899082553772,0
1571233496750,-0.4130999462410638,0.1751805762004503,1.0867943658493702,0.1604287996226887,-0.4702661313529469,0
1571233497000,-0.4130999462410638,0.20769628135185966,1.0867943658493702,-0.720009669926177,-0.4702661313529469,0
1571233497250,-0.4130999462410638,0.20769628135185966,1.0867943658493702,0.020201423780996132,-0.46825581346258366,0
1571233497500,-0.50016807652923,0.20769628135185966,1.0867943658493702,-0.8519485760257188,-0.46825581346258366,0
1571233497750,-0.50016807652923,0.20769628135185966,1.0867943658493702,0.024091929986495442,-0.4702661313529469,0
1571233498000,-0.50016807652923,0.1751805762004503,1.0867943658493702,-1.022200510627243,-0.46825581346258366,0
1571233498250,-0.50016807652923,0.1751805762004503,1.0867943658493702,0.11737950269662023,-0.46825581346258366,0
1571233498500,-0.50016807652923,0.20769628135185966,1.0867943658493702,-0.9339875112286391,-0.4702661313529469,0
1571233498750,-0.4566340113851469,0.20769628135185966,1.0867943658493702,0.25075620456775966,-0.4702661313529469,0
1571233499000,-0.4566340113851469,0.20769628135185966,1.0867943658493702,-1.035732706124632,-0.4702661313529469,0
1571233499250,-0.4566340113851469,0.240211986503269,1.0518544615813086,0.414326617642448,-0.46825581346258366,0
1571233499500,-0.4566340113851469,0.20769628135185966,1.0867943658493702,-0.8534709480191751,-0.4702661313529469,0
1571233499750,-0.5437021416733132,0.1751805762004503,1.1217342701174318,0.6830252744874766,-0.46825581346258366,0
1571233500000,-0.50016807652923,0.20769628135185966,1.0867943658493702,-0.23657198578195837,-0.4702661313529469,0
1571233500250,-0.5437021416733132,0.1751805762004503,1.0867943658493702,1.064802339957561,-0.46825581346258366,0
1571233500500,-0.6743043371055626,0.1751805762004503,1.1566741743854934,-0.18794065821321698,-0.46825581346258366,0
1571233500750,-0.7178384022496457,0.240211986503269,1.191614078653555,0.33017327689306075,-0.4702661313529469,0
1571233501000,-0.5872362068173963,0.240211986503269,1.1566741743854934,0.17049337002387166,-0.4702661313529469,0
1571233501250,-0.5437021416733132,0.27272769165467836,1.1566741743854934,-1.0911301314420678,-0.472278019804162,0
1571233501500,-1.1531790536904771,0.27272769165467836,1.191614078653555,0.5510017921660759,-0.472278019804162,0
1571233501750,-0.8484405976818952,0.1751805762004503,1.191614078653555,-0.7074078128692336,-0.472278019804162,0
1571233502000,-0.7613724673937289,0.20769628135185966,1.1217342701174318,0.4901914886496846,-0.472278019804162,0
1571233502250,-0.5437021416733132,0.20769628135185966,1.1217342701174318,0.4035008612445369,-0.4702661313529469,0
1571233502500,-0.5872362068173963,0.20769628135185966,1.0867943658493702,-0.21466674432056007,-0.4702661313529469,0
1571233502750,-0.5872362068173963,0.1751805762004503,1.1566741743854934,-0.09313071350963595,-0.46825581346258366,0
1571233503000,-0.804906532537812,0.0126020504434036,1.3663135999938631,-0.19699031395209582,-0.472278019804162,0
1571233503250,-1.1531790536904771,0.3052433968060877,1.1566741743854934,0.3692474913917712,-0.46423203656015344,0
1571233503500,-1.1967131188345603,0.1751805762004503,1.2265539829216165,-0.6222395574575422,-0.4662439250113685,0
1571233503750,-1.3273153142668097,0.20769628135185966,1.2614938871896781,1.4277189079531598,-0.4662439250113685,0
1571233504000,-1.0661109234023107,0.37027480710890637,1.0867943658493702,0.47564437848999147,-0.472278019804162,0
1571233504250,-1.0225768582582277,0.20769628135185966,1.191614078653555,-0.9357636118876714,-0.46825581346258366,0
1571233504500,-1.1967131188345603,0.240211986503269,1.191614078653555,-0.14032424530677978,-0.4742899082553772,0
1571233504750,-1.1531790536904771,0.27272769165467836,1.1566741743854934,0.3486108932582531,-0.48233589149938577,0
1571233505000,-1.0661109234023107,0.20769628135185966,1.191614078653555,-0.3310436255981047,-0.4662439250113685,0
1571233505250,-1.109644988546394,0.20769628135185966,1.191614078653555,-0.7507108384608782,-0.4662439250113685,0
1571233505500,-1.0225768582582277,0.20769628135185966,1.191614078653555,-0.17584625848742566,-0.46825581346258366,0
1571233505750,-1.0225768582582277,0.20769628135185966,1.191614078653555,-1.4423751808211687,-0.4662439250113685,0
1571233506000,-0.8484405976818952,0.20769628135185966,1.2265539829216165,-0.016504656505671275,-0.4662439250113685,0
1571233506250,-0.8919746628259783,0.33775910195749703,1.1566741743854934,-0.6908308733849322,-0.4662439250113685,0
1571233506500,-0.9355087279700615,0.14266487104904096,1.191614078653555,0.9755744258966529,-0.5788845493057854,0
1571233506750,-0.8919746628259783,0.14266487104904096,1.2265539829216165,1.1245131525897896,-0.4662439250113685,0
1571233507000,-0.8484405976818952,0.14266487104904096,1.2265539829216165,-0.9853252778968582,-0.4662439250113685,0
1571233507250,-0.9790427931141445,0.1751805762004503,1.1566741743854934,0.743581849338292,-0.4662439250113685,0
1571233507500,-1.109644988546394,0.240211986503269,1.191614078653555,0.24229858238189156,-0.47831211459695555,0
1571233507750,-0.9790427931141445,0.1751805762004503,1.191614078653555,1.2401288478706063,-0.4662439250113685,0
1571233508000,0.19637696577610014,0.0126020504434036,1.5060732170661095,-0.01312160763132405,-0.5788845493057854,0
1571233508250,0.6752516823610146,0.6954318586229997,0.8771549402410006,-1.278551039080904,-0.47630022614574047,0
1571233508500,-0.1083614902324818,0.14266487104904096,1.1566741743854934,0.09107629769857054,-0.5406665215369575,0
1571233508750,-0.6307702719614795,0.3052433968060877,1.0518544615813086,-1.2116512475906878,-0.598998722135381,0
1571233509000,-0.9355087279700615,0.27272769165467836,1.2265539829216165,0.4909526746464127,-0.5145182539145684,0
1571233509250,0.8493879429373472,0.5978847431687717,0.5277558975603845,-0.47558438875458997,-0.5004381758777663,0
1571233509500,-1.370849379410893,-0.5076492319791459,1.6108929298702943,2.119636978979026,-0.4883699862921793,0
1571233509750,-1.7191219005635578,0.5003376277145437,0.7373953231687541,0.5060918183591165,-0.4581979417673599,0
1571233510000,-1.4143834445549759,0.37027480710890637,0.8771549402410006,-1.3956891063551768,-0.47831211459695555,0
1571233510250,-1.370849379410893,0.3052433968060877,1.4361934085299863,0.10849899940145875,-0.47630022614574047,0
1571233510500,-1.3273153142668097,0.6629161534715904,0.842215035972939,-1.397465207014209,-0.4742899082553772,0
1571233510750,0.022240705199767605,0.20769628135185966,1.0867943658493702,1.6882136712778963,-0.4702661313529469,0
1571233511000,-0.15189555537656493,0.3052433968060877,0.9470347487771238,-0.24486045552410907,-0.6553190342825894,0
1571233511250,0.10930883548793388,0.27272769165467836,0.842215035972939,0.2927060106096652,-0.4742899082553772,0
1571233511500,0.10930883548793388,0.20769628135185966,0.842215035972939,0.20432385876734394,-0.6090565938306047,0
1571233511750,0.19637696577610014,0.240211986503269,0.8072751317048774,0.7611737034848974,-0.46423203656015344,0
1571233512000,0.2399110309201833,0.20769628135185966,0.8072751317048774,1.8876444024206653,-0.43405999203533413,0
1571233512250,0.2399110309201833,0.20769628135185966,0.7723352274368158,-1.2329644554990753,-0.46423203656015344,0
1571233512500,0.28344509606426643,0.20769628135185966,0.7723352274368158,0.3282280237903111,-0.46423203656015344,0
1571233512750,0.2399110309201833,0.20769628135185966,0.8072751317048774,-0.7342184751984354,-0.46423203656015344,0
1571233513000,0.19637696577610014,0.20769628135185966,0.8072751317048774,-0.17618456337486038,-0.46222014810893836,0
1571233513250,0.28344509606426643,0.20769628135185966,0.7723352274368158,-0.5025642035275091,-0.46222014810893836,0
1571233513500,0.2399110309201833,0.20769628135185966,0.7723352274368158,-0.6875324007324437,-0.4602098302185751,0
1571233513750,0.2399110309201833,0.20769628135185966,0.7723352274368158,-0.1453988186183006,-0.46222014810893836,0
1571233514000,0.2399110309201833,0.20769628135185966,0.8072751317048774,-1.1468658616469385,-0.46222014810893836,0
1571233514250,0.2399110309201833,0.20769628135185966,0.7723352274368158,0.38523239732306186,-0.46222014810893836,0
1571233514500,0.28344509606426643,0.20769628135185966,0.8072751317048774,-0.8388392616376233,-0.4602098302185751,0
1571233514750,0.28344509606426643,0.20769628135185966,0.7723352274368158,1.0231062625812315,-0.46222014810893836,0
1571233515000,0.28344509606426643,0.20769628135185966,0.8072751317048774,-0.12899103157771655,-0.46825581346258366,0
1571233515250,0.2399110309201833,0.20769628135185966,0.8072751317048774,0.9995094966826595,-0.48434620938974904,0
1571233515500,0.2399110309201833,0.1751805762004503,0.7723352274368158,0.1319266128563133,-0.446129752181773,0
1571233515750,0.2399110309201833,0.20769628135185966,0.7723352274368158,-0.8303816394517554,-0.4602098302185751,0
1571233516000,0.2399110309201833,0.20769628135185966,0.7723352274368158,0.33372547821112536,-0.46222014810893836,0
1571233516250,0.2399110309201833,0.20769628135185966,0.7723352274368158,-1.0128125500009295,-0.4602098302185751,0
1571233516500,0.2399110309201833,0.20769628135185966,0.7723352274368158,1.1099660424300966,-0.46222014810893836,0
1571233516750,0.28344509606426643,0.20769628135185966,0.7723352274368158,-0.14429932773413776,-0.4602098302185751,0
1571233517000,0.2399110309201833,0.20769628135185966,0.7723352274368158,0.3641729180802503,-0.4602098302185751,0
1571233517250,0.2399110309201833,0.20769628135185966,0.8072751317048774,0.3171485387268239,-0.4602098302185751,0
1571233517500,-0.021293359944315533,0.27272769165467836,0.842215035972939,-1.3665948860357906,-0.46222014810893836,0
1571233517750,-0.28249775080881434,0.240211986503269,0.842215035972939,0.803123509526803,-0.51049604757299,0
1571233518000,0.8493879429373472,0.07763346074622228,1.0518544615813086,-0.2863873804567213,-0.46825581346258366,0
1571233518250,-0.804906532537812,0.1751805762004503,0.8072751317048774,0.5002560590508676,-0.44009565738897943,0
1571233518500,-0.8919746628259783,0.5003376277145437,0.9120948445090622,-0.7353179660825981,-0.5044603822193446,0
1571233518750,-0.15189555537656493,0.5978847431687717,0.842215035972939,-1.5431900372767158,-0.5909527388913725,0
1571233519000,-0.19542962052064808,0.33775910195749703,1.1217342701174318,0.6421749593297338,-0.5406665215369575,0
1571233519250,-0.1083614902324818,0.33775910195749703,1.016914557313247,1.594756946124054,-0.4521638469745664,0
1571233519500,-0.021293359944315533,0.3052433968060877,1.016914557313247,4.147943931593906,-0.45417573542578155,0
1571233519750,-0.36956588109698063,-0.897837693796058,1.4361934085299863,0.82063078745155,-0.4521638469745664,0
1571233520000,-0.5872362068173963,-0.05242935985941508,-0.10116237926472436,0.1315037317470199,-0.6653769059778132,0
1571233520250,2.5036824184125064,0.8254946792286371,-0.6252609432856484,-1.8584056161440188,-0.637216749904209,0
1571233520500,-3.4169504411828,0.3052433968060877,1.2265539829216165,-2.272659950807837,-0.46423203656015344,0
1571233520750,2.1554098972598412,0.4678219225631344,0.6675155146326309,-2.8355992834992154,-0.4883699862921793,0
1571233521000,-1.109644988546394,-0.2800392959192805,0.49281599329232295,-2.337783641639021,-0.4803240030481707,0
1571233521250,-0.1083614902324818,0.8580103843800464,0.24823666341589168,0.36112817409333786,-0.47630022614574047,0
1571233521500,-0.5437021416733132,0.7604632689258184,0.5277558975603845,0.7171094918965248,-0.4662439250113685,0
1571233521750,0.2399110309201833,0.43530621741172504,0.8771549402410006,0.9645795170550244,-0.51049604757299,0
1571233522000,0.3269791612083496,0.27272769165467836,0.7373953231687541,1.3444959056442178,-0.4662439250113685,0
1571233522250,0.3705132263524327,0.27272769165467836,0.7024554189006925,-0.3663964863350332,-0.4581979417673599,0
1571233522500,0.3269791612083496,0.27272769165467836,0.7024554189006925,3.565721220318748,-0.4581979417673599,0
1571233522750,0.19637696577610014,0.240211986503269,0.8072751317048774,1.2502779944936477,-0.4561860533161448,0
1571233523000,0.41404729149651587,0.27272769165467836,0.7373953231687541,-2.3741514170382536,-0.4581979417673599,0
1571233523250,0.28344509606426643,0.240211986503269,0.7373953231687541,-1.2975806889991073,-0.46222014810893836,0
1571233523500,0.3269791612083496,0.240211986503269,0.7024554189006925,-1.1828107559368777,-0.4581979417673599,0
1571233523750,0.41404729149651587,0.27272769165467836,0.7024554189006925,-0.27243230385003897,-0.4581979417673599,0
1571233524000,0.45758135664059896,0.27272769165467836,0.6675155146326309,-0.16671202652668812,-0.4581979417673599,0
1571233524250,0.41404729149651587,0.27272769165467836,0.6675155146326309,0.3802424002333997,-0.4581979417673599,0
1571233524500,0.41404729149651587,0.27272769165467836,0.6675155146326309,-0.51981775278668,-0.4561860533161448,0
1571233524750,0.45758135664059896,0.27272769165467836,0.6675155146326309,0.6160409067754015,-0.4581979417673599,0
1571233525000,0.45758135664059896,0.27272769165467836,0.6675155146326309,-0.4945294624509344,-0.4561860533161448,0
1571233525250,0.45758135664059896,0.27272769165467836,0.6675155146326309,0.7423977822322704,-0.4561860533161448,0
1571233525500,0.41404729149651587,0.27272769165467836,0.6675155146326309,-0.23606452845080628,-0.4561860533161448,0
1571233525750,0.45758135664059896,0.27272769165467836,0.6675155146326309,0.8380534891544382,-0.4521638469745664,0
1571233526000,0.45758135664059896,0.27272769165467836,0.6675155146326309,-0.133642723779944,-0.45417573542578155,0
1571233526250,0.45758135664059896,0.27272769165467836,0.6675155146326309,0.6793884969475533,-0.4521638469745664,0
1571233526500,0.45758135664059896,0.27272769165467836,0.6675155146326309,-0.2715865416314522,-0.4561860533161448,0
1571233526750,0.45758135664059896,0.27272769165467836,0.6325756103645693,0.744596764000596,-0.4561860533161448,0
1571233527000,0.5011154217846822,0.240211986503269,0.6675155146326309,-0.256531974140607,-0.4561860533161448,0
1571233527250,0.45758135664059896,0.240211986503269,0.6325756103645693,0.16364269605331855,-0.45417573542578155,0
1571233527500,0.5011154217846822,0.240211986503269,0.6325756103645693,0.33068073422421285,-0.45417573542578155,0
1571233527750,0.45758135664059896,0.240211986503269,0.6325756103645693,-0.8293667247894512,-0.47831211459695555,0
1571233528000,0.45758135664059896,0.27272769165467836,0.6325756103645693,0.7772431856380467,-0.45417573542578155,0
1571233528250,0.5011154217846822,0.240211986503269,0.6325756103645693,-0.030121428224918863,-0.4561860533161448,0
1571233528500,0.5011154217846822,0.27272769165467836,0.6325756103645693,-0.8697941588379005,-0.4561860533161448,0
1571233528750,0.5011154217846822,0.27272769165467836,0.6325756103645693,0.3190092156077149,-0.45417573542578155,0
1571233529000,0.5011154217846822,0.14266487104904096,0.6675155146326309,-0.3774759713985204,-0.4561860533161448,0
1571233529250,0.41404729149651587,0.27272769165467836,0.6675155146326309,0.5947276988670139,-0.4521638469745664,0
1571233529500,0.45758135664059896,0.27272769165467836,0.6675155146326309,0.32712853290614824,-0.4561860533161448,0
1571233529750,0.41404729149651587,0.240211986503269,0.6675155146326309,-0.7061391695413534,-0.45417573542578155,0
1571233530000,0.41404729149651587,0.240211986503269,0.6675155146326309,0.6628961336851105,-0.45417573542578155,0
1571233530250,0.45758135664059896,0.240211986503269,0.6675155146326309,-0.29746686552020846,-0.4561860533161448,0
1571233530500,0.45758135664059896,0.240211986503269,0.6675155146326309,-0.533857405615221,-0.45417573542578155,0
1571233530750,0.45758135664059896,0.27272769165467836,0.6675155146326309,0.29710397414631656,-0.4561860533161448,0
1571233531000,0.41404729149651587,0.240211986503269,0.6675155146326309,-0.4787982851852198,-0.4521638469745664,0
1571233531250,0.41404729149651587,0.27272769165467836,0.6675155146326309,0.750178794643269,-0.45417573542578155,0
1571233531500,0.41404729149651587,0.240211986503269,0.6675155146326309,-0.09693664349327658,-0.45417573542578155,0
1571233531750,0.41404729149651587,0.27272769165467836,0.6675155146326309,-0.45579355283965867,-0.4561860533161448,0
1571233532000,0.41404729149651587,0.27272769165467836,0.6675155146326309,0.11289696293811015,-0.45417573542578155,0
1571233532250,0.41404729149651587,0.240211986503269,0.6675155146326309,-1.0462201576351084,-0.4561860533161448,0
1571233532500,0.3705132263524327,0.240211986503269,0.7024554189006925,0.7217611840987523,-0.45417573542578155,0
1571233532750,0.28344509606426643,0.240211986503269,0.7373953231687541,-0.3319739640385502,-0.4521638469745664,0
1571233533000,0.28344509606426643,0.240211986503269,0.7723352274368158,0.8915056613691243,-0.45417573542578155,0
1571233533250,0.28344509606426643,0.240211986503269,0.7723352274368158,0.1083298469577414,-0.4521638469745664,0
1571233533500,0.2399110309201833,0.240211986503269,0.7723352274368158,-1.2662029106895367,-0.45417573542578155,0
1571233533750,0.2399110309201833,0.240211986503269,0.7723352274368158,0.2277514722221985,-0.45417573542578155,0
1571233534000,0.2399110309201833,0.240211986503269,0.8072751317048774,-1.0819113232594715,-0.45417573542578155,0
1571233534250,0.2399110309201833,0.240211986503269,0.8072751317048774,1.0340165952010014,-0.45417573542578155,0
1571233534500,0.3269791612083496,0.240211986503269,0.7723352274368158,0.8424514526910896,-0.4521638469745664,0
1571233534750,0.3269791612083496,0.240211986503269,0.7373953231687541,-1.1468658616469385,-0.4561860533161448,0
1571233535000,0.28344509606426643,0.27272769165467836,0.7373953231687541,0.949609525786038,-0.45417573542578155,0
1571233535250,0.28344509606426643,0.27272769165467836,0.7373953231687541,-0.09558342394353771,-0.45417573542578155,0
1571233535500,0.3269791612083496,0.27272769165467836,0.7373953231687541,0.9063910764162522,-0.45417573542578155,0
1571233535750,0.28344509606426643,0.27272769165467836,0.7373953231687541,0.6592593561451873,-0.4561860533161448,0
1571233536000,0.3269791612083496,0.27272769165467836,0.7373953231687541,-0.7249996670158392,-0.4561860533161448,0
1571233536250,0.3269791612083496,0.27272769165467836,0.7373953231687541,1.1089511277677924,-0.45417573542578155,0
1571233536500,0.3269791612083496,0.240211986503269,0.7373953231687541,0.3672176620671629,-0.4561860533161448,0
1571233536750,0.3269791612083496,0.240211986503269,0.7723352274368158,-1.2300042877340214,-0.45417573542578155,0
1571233537000,0.3269791612083496,0.27272769165467836,0.7373953231687541,1.123329085483768,-0.4561860533161448,0
1571233537250,0.3269791612083496,0.240211986503269,0.7373953231687541,0.2023786056645943,-0.4561860533161448,0
1571233537500,0.3269791612083496,0.240211986503269,0.7373953231687541,-1.6711538609488996,-0.4561860533161448,0
1571233537750,0.3705132263524327,0.240211986503269,0.7373953231687541,0.7234527085359258,-0.4561860533161448,0
1571233538000,0.3705132263524327,0.240211986503269,0.7024554189006925,-0.30448669193447897,-0.4561860533161448,0
1571233538250,0.3705132263524327,0.27272769165467836,0.7024554189006925,0.00726126183661799,-0.4561860533161448,0
1571233538500,0.41404729149651587,0.240211986503269,0.7024554189006925,0.7688701396740374,-0.4561860533161448,0
1571233538750,0.41404729149651587,0.27272769165467836,0.6675155146326309,-0.6788210498809996,-0.4561860533161448,0
1571233539000,0.41404729149651587,0.27272769165467836,0.6675155146326309,1.281994077690653,-0.45417573542578155,0
1571233539250,0.41404729149651587,0.27272769165467836,0.7024554189006925,0.30606905366333675,-0.4561860533161448,0
1571233539500,0.41404729149651587,0.27272769165467836,0.7024554189006925,-1.3266749093184933,-0.45417573542578155,0
1571233539750,0.41404729149651587,0.27272769165467836,0.6675155146326309,0.7978797837715649,-0.45417573542578155,0
1571233540000,0.41404729149651587,0.240211986503269,0.6675155146326309,-0.3811973251603023,-0.4581979417673599,0
1571233540250,0.45758135664059896,0.240211986503269,0.7024554189006925,-0.6175878652553147,-0.45417573542578155,0
1571233540500,0.41404729149651587,0.27272769165467836,0.7024554189006925,0.4126350932052744,-0.4561860533161448,0
1571233540750,0.41404729149651587,0.27272769165467836,0.7024554189006925,-0.7469894846990962,-0.45417573542578155,0
1571233541000,0.45758135664059896,0.27272769165467836,0.6675155146326309,1.1412592445178085,-0.4561860533161448,0
1571233541250,0.41404729149651587,0.27272769165467836,0.6675155146326309,0.033649043056526357,-0.4521638469745664,0
1571233541500,0.45758135664059896,0.240211986503269,0.6675155146326309,-1.69999435260271,-0.4561860533161448,0
1571233541750,0.41404729149651587,0.240211986503269,0.7024554189006925,1.0366384580786203,-0.45417573542578155,0
1571233542000,0.41404729149651587,0.240211986503269,0.6675155146326309,0.19045335838252034,-0.4521638469745664,0
1571233542250,0.41404729149651587,0.240211986503269,0.6675155146326309,-0.38559528869695375,-0.4521638469745664,0
1571233542500,0.45758135664059896,0.27272769165467836,0.6675155146326309,0.1638118484970359,-0.45417573542578155,0
1571233542750,0.41404729149651587,0.27272769165467836,0.6675155146326309,-1.0001261167221274,-0.45417573542578155,0
1571233543000,0.45758135664059896,0.27272769165467836,0.6675155146326309,1.359804201800639,-0.45417573542578155,0
1571233543250,0.45758135664059896,0.27272769165467836,0.6675155146326309,0.3019248187922614,-0.45417573542578155,0
1571233543500,0.45758135664059896,0.27272769165467836,0.6675155146326309,-0.8888238087561037,-0.4521638469745664,0
1571233543750,0.45758135664059896,0.27272769165467836,0.6675155146326309,0.462535064101896,-0.45417573542578155,0
1571233544000,0.45758135664059896,0.27272769165467836,0.6675155146326309,-0.7106217092998635,-0.4521638469745664,0
1571233544250,0.45758135664059896,0.27272769165467836,0.6675155146326309,1.0943194413862407,-0.4521638469745664,0
1571233544500,0.45758135664059896,0.27272769165467836,0.6675155146326309,-0.010922625862998355,-0.4521638469745664,0
1571233544750,0.45758135664059896,0.240211986503269,0.6675155146326309,-1.5000561641287888,-0.45417573542578155,0
1571233545000,0.45758135664059896,0.240211986503269,0.6675155146326309,0.5636882254448781,-0.45417573542578155,0
1571233545250,0.3269791612083496,0.20769628135185966,0.7373953231687541,-0.43490322604056453,-0.45417573542578155,0
1571233545500,-0.15189555537656493,0.20769628135185966,0.9819746530451854,-0.05803158143828349,-0.4702661313529469,0
1571233545750,-0.28249775080881434,0.0126020504434036,1.191614078653555,0.6099514188015766,-0.5829067556473638,0
1571233546000,0.41404729149651587,0.3052433968060877,1.2614938871896781,-0.39286884377680026,-0.4501519585233513,0
1571233546250,-1.1531790536904771,0.1751805762004503,1.1566741743854934,1.4576588904911327,-0.47831211459695555,0
1571233546500,-0.8484405976818952,0.240211986503269,1.1566741743854934,0.30158651390482666,-0.5024500643289814,0
1571233546750,-0.6743043371055626,0.20769628135185966,1.1217342701174318,-3.3592952492481656,-0.4581979417673599,0
1571233547000,-0.5872362068173963,0.20769628135185966,1.1217342701174318,-2.243904035375885,-0.4521638469745664,0
1571233547250,-0.5437021416733132,0.240211986503269,1.016914557313247,0.5227533340652766,-0.45417573542578155,0
1571233547500,-0.6743043371055626,0.20769628135185966,1.1217342701174318,3.1287158819749457,-0.48434620938974904,0
1571233547750,-0.6307702719614795,0.20769628135185966,1.1217342701174318,1.1346622992128315,-0.4883699862921793,0
1571233548000,-0.6307702719614795,0.20769628135185966,1.1217342701174318,-1.1093985953635428,-0.48434620938974904,0
1571233548250,-0.6307702719614795,0.20769628135185966,1.1566741743854934,1.2994167793935412,-0.4561860533161448,0
1571233548500,-0.6743043371055626,0.20769628135185966,1.1566741743854934,0.44764964905476823,-0.45417573542578155,0
1571233548750,-0.6307702719614795,0.20769628135185966,1.1566741743854934,0.24711942702783637,-0.46222014810893836,0
1571233549000,-0.6743043371055626,0.20769628135185966,1.1217342701174318,0.18952301994207482,-0.45417573542578155,0
1571233549250,-0.6743043371055626,0.20769628135185966,1.1217342701174318,-1.2931827254624557,-0.4521638469745664,0
1571233549500,-0.6743043371055626,0.20769628135185966,1.1566741743854934,0.9221222536819668,-0.472278019804162,0
1571233549750,-0.6743043371055626,0.27272769165467836,1.1566741743854934,0.09843442900027576,-0.4702661313529469,0
1571233550000,-0.9355087279700615,0.240211986503269,1.1566741743854934,-1.00317086070904,-0.4521638469745664,0
1571233550250,-0.8484405976818952,0.27272769165467836,1.1566741743854934,0.008276176498922158,-0.4561860533161448,0
1571233550500,-0.7178384022496457,0.240211986503269,1.1566741743854934,-0.8723314454936609,-0.4561860533161448,0
1571233550750,-0.7178384022496457,0.240211986503269,1.1566741743854934,0.9084209057408605,-0.4561860533161448,0
1571233551000,-0.7613724673937289,0.240211986503269,1.1566741743854934,0.42024695317255567,-0.4561860533161448,0
1571233551250,-0.7613724673937289,0.240211986503269,1.1566741743854934,-0.2701487458598546,-0.4561860533161448,0
1571233551500,-0.7178384022496457,0.240211986503269,1.1566741743854934,0.6390456391209627,-0.4561860533161448,0
1571233551750,-0.7613724673937289,0.240211986503269,1.1566741743854934,-0.9284900568078248,-0.45417573542578155,0
1571233552000,-0.7613724673937289,0.240211986503269,1.1566741743854934,0.6045385406026209,-0.45417573542578155,0
1571233552250,-0.7613724673937289,0.240211986503269,1.1566741743854934,-0.2742084045090713,-0.45417573542578155,0
1571233552500,-0.8484405976818952,0.240211986503269,1.1566741743854934,0.12465305777646676,-0.4561860533161448,0
1571233552750,-0.7613724673937289,0.240211986503269,1.1566741743854934,0.10342442608993792,-0.45417573542578155,0
1571233553000,-0.8484405976818952,0.240211986503269,1.1566741743854934,-1.443897552814625,-0.45417573542578155,0
1571233553250,-0.50016807652923,0.630400448320181,1.0867943658493702,0.655622578605264,-0.45417573542578155,0
1571233553500,-0.50016807652923,0.07763346074622228,1.191614078653555,-0.25416383992856395,-0.4561860533161448,0
1571233553750,-0.4566340113851469,0.33775910195749703,1.0867943658493702,0.22149283180465612,-0.4561860533161448,0
1571233554000,-0.19542962052064808,0.3052433968060877,1.0518544615813086,0.6971495035378762,-0.45417573542578155,0
1571233554250,-0.3260318159528975,0.27272769165467836,1.016914557313247,-1.0881699636770141,-0.45417573542578155,0
1571233554500,-0.3260318159528975,0.27272769165467836,1.016914557313247,1.3631872506749865,-0.45417573542578155,0
1571233554750,-0.23896368566473122,0.27272769165467836,1.016914557313247,2.0615331145621125,-0.45417573542578155,0
1571233555000,-0.1083614902324818,0.27272769165467836,0.9819746530451854,-1.430027052429801,-0.4501519585233513,0
1571233555250,-0.06482742508839867,0.240211986503269,0.9120948445090622,-1.2486110565429311,-0.4521638469745664,0
1571233555500,-0.021293359944315533,0.240211986503269,0.9120948445090622,-1.3739530173374959,-0.45417573542578155,0
1571233555750,0.06577477034385075,0.27272769165467836,0.8771549402410006,1.2305717348005751,-0.4521638469745664,0
1571233556000,0.022240705199767605,0.240211986503269,0.8771549402410006,0.36459579918954377,-0.4521638469745664,0
1571233556250,0.06577477034385075,0.240211986503269,0.8771549402410006,-0.5151660605844525,-0.4521638469745664,0
1571233556500,0.06577477034385075,0.240211986503269,0.8771549402410006,0.25371637233281347,-0.45417573542578155,0
1571233556750,0.06577477034385075,0.240211986503269,0.8771549402410006,-1.0063001809178111,-0.4501519585233513,0
1571233557000,0.06577477034385075,0.240211986503269,0.8771549402410006,0.7669248865712878,-0.4521638469745664,0
1571233557250,0.06577477034385075,0.27272769165467836,0.8771549402410006,0.12160831378955426,-0.4501519585233513,0
1571233557500,0.19637696577610014,0.27272769165467836,0.8072751317048774,-0.5034099657460959,-0.4521638469745664,0
1571233557750,0.2399110309201833,0.27272769165467836,0.8072751317048774,0.7306416873939138,-0.4521638469745664,0
1571233558000,0.2399110309201833,0.27272769165467836,0.8072751317048774,-0.4023413806249725,-0.4521638469745664,0
1571233558250,0.2399110309201833,0.27272769165467836,0.8072751317048774,1.3390830274452625,-0.4521638469745664,0
1571233558500,0.19637696577610014,0.27272769165467836,0.8072751317048774,0.4860472537786092,-0.4501519585233513,0
1571233558750,0.2399110309201833,0.27272769165467836,0.8072751317048774,-1.1642039871279677,-0.4521638469745664,0
1571233559000,0.2399110309201833,0.27272769165467836,0.8072751317048774,0.9667784988233502,-0.4501519585233513,0
1571233559250,0.28344509606426643,0.27272769165467836,0.7723352274368158,-0.11875730873281619,-0.4521638469745664,0
1571233559500,0.19637696577610014,0.27272769165467836,0.8072751317048774,-0.9267985323706512,-0.4521638469745664,0
1571233559750,0.2399110309201833,0.27272769165467836,0.8072751317048774,0.45086354548539803,-0.4521638469745664,0
1571233560000,0.2399110309201833,0.3052433968060877,0.8072751317048774,-0.5630362021564658,-0.4521638469745664,0
1571233560250,0.2399110309201833,0.27272769165467836,0.8072751317048774,1.0740211481401571,-0.44814007007213624,0
1571233560500,0.2399110309201833,0.27272769165467836,0.7723352274368158,0.35732224410969726,-0.4501519585233513,0
1571233560750,0.2399110309201833,0.27272769165467836,0.8072751317048774,-1.6355472715463952,-0.4501519585233513,0
1571233561000,0.45758135664059896,0.14266487104904096,1.1217342701174318,0.9776042552212614,-0.4501519585233513,0
1571233561250,-0.7613724673937289,0.4678219225631344,1.191614078653555,-0.16882643207315515,-0.4521638469745664,0
1571233561500,-0.6307702719614795,0.240211986503269,1.3313736957258016,-0.3254615949554318,-0.4581979417673599,0
1571233561750,-1.0225768582582277,0.1751805762004503,1.2964337914577397,-0.009569406313259463,-0.5064722706705598,0
1571233562000,-1.0661109234023107,0.37027480710890637,1.2265539829216165,-1.1152343546717918,-0.4581979417673599,0
1571233562250,-0.6743043371055626,0.27272769165467836,1.1566741743854934,0.9096895490687408,-0.46423203656015344,0
1571233562500,-1.3273153142668097,0.0126020504434036,1.1566741743854934,-0.17051795651032875,-0.4602098302185751,0
1571233562750,-1.762655965707641,-0.05242935985941508,1.1566741743854934,-1.4452507723643637,-0.4561860533161448,0
1571233563000,-0.4130999462410638,0.11014916589763163,1.0867943658493702,1.5225288526567409,-0.4280258972425406,0
1571233563250,0.022240705199767605,0.11014916589763163,1.0518544615813086,-0.6543785217638408,-0.4360718804865492,0
1571233563500,-0.7613724673937289,-0.2150078856164618,0.9120948445090622,1.5842694946135778,-0.48434620938974904,0
1571233563750,-0.19542962052064808,0.4027905122603157,1.0867943658493702,1.0328325280949797,-0.5084841591217749,0
1571233564000,0.10930883548793388,0.1751805762004503,0.9470347487771238,-0.8533863717973165,-0.44009565738897943,0
1571233564250,0.3705132263524327,0.27272769165467836,0.8072751317048774,0.8359390836079712,-0.5084841591217749,0
1571233564500,0.41404729149651587,0.14266487104904096,0.842215035972939,-0.08154377111499671,-0.4581979417673599,0
1571233564750,-1.0661109234023107,0.14266487104904096,1.016914557313247,1.8516149319088673,-0.4300377856937558,0
1571233565000,-0.804906532537812,0.240211986503269,0.9819746530451854,0.30573074877590206,-0.45417573542578155,0
1571233565250,0.8493879429373472,0.4027905122603157,0.4578760890242613,-1.885385430916938,-0.4581979417673599,0
1571233565500,1.415330789810428,0.7279475637744091,-0.3806816134092172,-1.3218540646725487,-0.46222014810893836,0
1571233565750,1.676535180674927,0.5003376277145437,-1.114419603038511,-2.163133743500845,-0.46222014810893836,0
1571233566000,1.067058268657763,0.4027905122603157,-0.5903210390175868,1.4168931515552485,-0.4662439250113685,0
1571233566250,1.371796724666345,0.5653690380173624,-0.45056142194534043,-0.14040882152863846,-0.46423203656015344,0
1571233566500,1.1976604640900124,0.6629161534715904,-0.3806816134092172,1.8686147525024621,-0.46423203656015344,0
1571233566750,1.3282626595222617,0.5653690380173624,-0.4156215176772788,1.9142859123061495,-0.4662439250113685,0
1571233567000,1.0235242035136798,0.532853332865953,-0.031282570728601154,-0.37020241631867384,-0.46423203656015344,0
1571233567250,1.067058268657763,0.532853332865953,0.14341695061170687,-2.1970488084661763,-0.46222014810893836,0
1571233567500,0.8058538777932641,0.532853332865953,0.21329675914783008,-1.5330408906536743,-0.47630022614574047,0
1571233567750,1.371796724666345,0.532853332865953,0.21329675914783008,0.09496680390406985,-0.5084841591217749,0
1571233568000,0.8929220080814304,0.5003376277145437,0.24823666341589168,-1.2753371426502742,-0.46423203656015344,0
1571233568250,1.3282626595222617,0.27272769165467836,0.1783568548797685,0.9703307001414148,-0.48635809784096423,0
1571233568500,1.1976604640900124,0.5653690380173624,-0.10116237926472436,0.19307522126013943,-0.46423203656015344,0
1571233568750,-0.15189555537656493,0.4027905122603157,1.2614938871896781,1.7045368820966216,-0.4702661313529469,0
1571233569000,-0.1083614902324818,0.37027480710890637,1.0867943658493702,-0.5763146689882785,-0.4602098302185751,0
1571233569250,-0.7613724673937289,0.240211986503269,1.191614078653555,-0.7611982899713545,-0.4602098302185751,0
1571233569500,-0.4566340113851469,-0.01991365470800574,1.016914557313247,0.7593130266040066,-0.4581979417673599,0
1571233569750,-0.6307702719614795,-0.11746077016223377,1.0518544615813086,-0.613020749274946,-0.4602098302185751,0
1571233570000,-0.6307702719614795,-0.01991365470800574,1.1217342701174318,1.8838384724370245,-0.4602098302185751,0
1571233570250,-0.28249775080881434,0.27272769165467836,1.1566741743854934,-1.4934592188238116,-0.4581979417673599,0
1571233570500,-1.2837812491227265,0.6629161534715904,1.2614938871896781,-0.04187752306327548,-0.4602098302185751,0
1571233570750,2.590750548700673,-0.1499764753136431,-0.9397200816982029,-0.3222476985248019,-0.4602098302185751,0
1571233571000,1.067058268657763,0.0126020504434036,0.1783568548797685,0.6564683408238509,-0.46423203656015344,0
1571233571250,0.9364560732255135,0.37027480710890637,0.24823666341589168,0.09141460258600526,-0.5808964377570005,0
1571233571500,0.7187857475050978,0.5653690380173624,0.4578760890242613,0.2665719580553329,-0.46423203656015344,0
1571233571750,0.8493879429373472,0.4027905122603157,0.3181164719520149,0.45103269792911543,-0.46222014810893836,0
1571233572000,0.8493879429373472,0.4027905122603157,0.3181164719520149,-1.100856396955816,-0.46423203656015344,0
1571233572250,0.8058538777932641,0.43530621741172504,0.3879962804881381,-0.3921922340019308,-0.46222014810893836,0
1571233572500,0.8058538777932641,0.4027905122603157,0.3879962804881381,-0.8628589086454886,-0.46222014810893836,0
1571233572750,0.8493879429373472,0.43530621741172504,0.3530563762200765,0.6938510308853876,-0.46423203656015344,0
1571233573000,0.7623198126491809,0.43530621741172504,0.3181164719520149,-0.8109291084242587,-0.46423203656015344,0
1571233573250,0.8929220080814304,0.43530621741172504,0.2831765676839533,1.2342930885623573,-0.46423203656015344,0
1571233573500,0.8929220080814304,0.43530621741172504,0.2831765676839533,-0.004833137889173346,-0.46423203656015344,0
1571233573750,0.9799901383695966,0.43530621741172504,0.24823666341589168,0.9283808940995091,-0.46222014810893836,0
1571233574000,0.7187857475050978,0.43530621741172504,0.3181164719520149,-0.05295700812676264,-0.46423203656015344,0
1571233574250,0.9799901383695966,0.43530621741172504,0.3181164719520149,0.8790729567558984,-0.46222014810893836,0
1571233574500,0.8493879429373472,0.43530621741172504,0.3181164719520149,-0.2652433249920511,-0.46423203656015344,0
1571233574750,0.8493879429373472,0.4027905122603157,0.3181164719520149,0.6462346179789504,-0.46222014810893836,0
1571233575000,0.8493879429373472,0.43530621741172504,0.3181164719520149,-0.40310256662170063,-0.46222014810893836,0
1571233575250,0.8929220080814304,0.4027905122603157,0.2831765676839533,0.06646461713769446,-0.46423203656015344,0
1571233575500,0.9364560732255135,0.43530621741172504,0.2831765676839533,-0.1865874386634781,-0.46222014810893836,0
1571233575750,0.8493879429373472,0.4027905122603157,0.3181164719520149,-0.304740420600055,-0.46423203656015344,0
1571233576000,0.7623198126491809,0.4027905122603157,0.3181164719520149,-0.12036425694813113,-0.46222014810893836,0
1571233576250,0.8493879429373472,0.43530621741172504,0.2831765676839533,-0.5489119731060661,-0.46222014810893836,0
1571233576500,0.8929220080814304,0.4027905122603157,0.2831765676839533,-0.08035970400897517,-0.46222014810893836,0
1571233576750,0.8929220080814304,0.43530621741172504,0.3181164719520149,-0.7802279398895576,-0.46222014810893836,0
1571233577000,0.9364560732255135,0.4027905122603157,0.3181164719520149,0.18884641016720538,-0.46222014810893836,0
1571233577250,0.9364560732255135,0.4027905122603157,0.2831765676839533,-0.5884936449359286,-0.4602098302185751,0
1571233577500,0.8493879429373472,0.4027905122603157,0.3530563762200765,0.3987645928204508,-0.46222014810893836,0
1571233577750,0.7623198126491809,0.4027905122603157,0.3879962804881381,-0.33823260445609254,-0.4602098302185751,0
1571233578000,0.7187857475050978,0.33775910195749703,0.4578760890242613,0.8345858640582322,-0.46222014810893836,0
1571233578250,0.7187857475050978,0.37027480710890637,0.49281599329232295,-0.5566084092952059,-0.46222014810893836,0
1571233578500,1.415330789810428,0.045117755594812944,0.1783568548797685,0.6502942766281672,-0.46222014810893836,0
1571233578750,-0.7178384022496457,1.0531046152885024,0.7373953231687541,0.13226491774374802,-0.4602098302185751,0
1571233579000,-0.36956588109698063,0.630400448320181,1.0867943658493702,1.0938119840550886,-0.4602098302185751,0
1571233579250,-0.36956588109698063,0.4027905122603157,0.9120948445090622,0.052847845418446865,-0.4602098302185751,0
1571233579500,-0.36956588109698063,-0.01991365470800574,0.9120948445090622,0.5501560299474892,-0.4561860533161448,0
1571233579750,-0.19542962052064808,0.240211986503269,1.1217342701174318,-0.20358725925707288,-0.4602098302185751,0
1571233580000,-0.4130999462410638,0.20769628135185966,1.0518544615813086,1.4387138167947884,-0.4561860533161448,0
1571233580250,-0.06482742508839867,0.240211986503269,1.0518544615813086,-0.5019721699744983,-0.4561860533161448,0
1571233580500,-0.5437021416733132,0.1751805762004503,1.0867943658493702,-1.2773669719748828,-0.4561860533161448,0
1571233580750,-0.28249775080881434,0.240211986503269,1.016914557313247,-0.06335988341538037,-0.45417573542578155,0
1571233581000,-0.3260318159528975,0.240211986503269,1.016914557313247,-1.1428062029977215,-0.4561860533161448,0
1571233581250,-0.15189555537656493,0.20769628135185966,0.9819746530451854,-0.260253327902389,-0.4561860533161448,0
1571233581500,-0.19542962052064808,0.20769628135185966,0.9819746530451854,-1.0632199782287033,-0.4561860533161448,0
1571233581750,-0.15189555537656493,0.20769628135185966,0.9819746530451854,0.6348168280280286,-0.4561860533161448,0
1571233582000,-0.19542962052064808,0.240211986503269,0.9819746530451854,-0.4619676170353424,-0.4561860533161448,0
1571233582250,-0.23896368566473122,0.20769628135185966,1.016914557313247,1.0263201590118614,-0.4561860533161448,0
1571233582500,-0.15189555537656493,0.20769628135185966,0.9819746530451854,-0.34516785464850436,-0.4561860533161448,0
1571233582750,-0.19542962052064808,0.20769628135185966,0.9819746530451854,1.1826170170067032,-0.4561860533161448,0
1571233583000,-0.28249775080881434,0.20769628135185966,0.9819746530451854,-0.21094539055877812,-0.45417573542578155,0
1571233583250,-0.19542962052064808,0.20769628135185966,0.9819746530451854,0.9680471421512303,-0.45417573542578155,0
1571233583500,-0.15189555537656493,0.20769628135185966,0.9819746530451854,-0.09473766172495088,-0.4561860533161448,0
1571233583750,-0.19542962052064808,0.20769628135185966,0.9819746530451854,0.48241047623868594,-0.45417573542578155,0
1571233584000,-0.1083614902324818,0.20769628135185966,0.9819746530451854,0.1760754006665446,-0.4561860533161448,0
1571233584250,-0.1083614902324818,0.20769628135185966,0.9470347487771238,-0.7812428545518618,-0.45417573542578155,0
1571233584500,-0.15189555537656493,0.240211986503269,0.9819746530451854,0.39216764751547367,-0.4561860533161448,0
1571233584750,-0.15189555537656493,0.20769628135185966,0.9819746530451854,-0.6794130834340103,-0.45417573542578155,0
1571233585000,-0.15189555537656493,0.20769628135185966,0.9819746530451854,1.045265232708206,-0.45417573542578155,0
1571233585250,-0.19542962052064808,0.20769628135185966,0.9819746530451854,-0.20942301856532186,-0.4561860533161448,0
1571233585500,-0.15189555537656493,0.20769628135185966,0.9819746530451854,-0.19732861883953054,-0.45417573542578155,0
1571233585750,-0.19542962052064808,0.20769628135185966,0.9819746530451854,0.23494045108018635,-0.4561860533161448,0
1571233586000,-0.23896368566473122,0.20769628135185966,0.9819746530451854,-1.202009558298798,-0.4521638469745664,0
1571233586250,-0.19542962052064808,0.20769628135185966,0.9819746530451854,0.6267820869514539,-0.45417573542578155,0
1571233586500,-0.19542962052064808,0.20769628135185966,0.9819746530451854,-0.32892922005163766,-0.45417573542578155,0
1571233586750,-0.19542962052064808,0.20769628135185966,0.9819746530451854,0.9831017096420755,-0.4561860533161448,0
1571233587000,-0.19542962052064808,0.20769628135185966,0.9819746530451854,0.15628456475161331,-0.4561860533161448,0
1571233587250,-0.19542962052064808,0.20769628135185966,0.9819746530451854,-1.0108672968981798,-0.45417573542578155,0
1571233587500,-0.1083614902324818,0.20769628135185966,0.9819746530451854,0.3421831003969934,-0.45417573542578155,0
1571233587750,-0.19542962052064808,0.20769628135185966,0.9819746530451854,-0.531743000068754,-0.45417573542578155,0
1571233588000,-0.19542962052064808,0.20769628135185966,0.9819746530451854,0.9545149466538415,-0.45417573542578155,0
1571233588250,-0.19542962052064808,0.20769628135185966,0.9819746530451854,0.24136824394144607,-0.4521638469745664,0
1571233588500,-0.1083614902324818,0.20769628135185966,0.9819746530451854,-1.370739120906866,-0.45417573542578155,0
1571233588750,-0.15189555537656493,0.20769628135185966,0.9819746530451854,0.47226132961564427,-0.45417573542578155,0
1571233589000,-0.19542962052064808,0.20769628135185966,0.9819746530451854,-0.3767147854017922,-0.45417573542578155,0
1571233589250,-0.19542962052064808,0.20769628135185966,0.9819746530451854,0.967370532376361,-0.4521638469745664,0
1571233589500,-0.19542962052064808,0.20769628135185966,1.016914557313247,0.22893553932822,-0.45417573542578155,0
1571233589750,-0.19542962052064808,0.20769628135185966,0.9819746530451854,-1.1006872445120988,-0.45417573542578155,0
1571233590000,-0.19542962052064808,0.20769628135185966,0.9819746530451854,0.33541700264829893,-0.45417573542578155,0
1571233590250,-0.19542962052064808,0.20769628135185966,0.9819746530451854,-0.46213676947905974,-0.4521638469745664,0
1571233590500,-0.19542962052064808,0.20769628135185966,0.9819746530451854,0.9611118919588186,-0.45417573542578155,0
1571233590750,-0.15189555537656493,0.20769628135185966,0.9819746530451854,-0.13110543712418357,-0.45417573542578155,0
1571233591000,-0.23896368566473122,0.20769628135185966,0.9819746530451854,-0.2572085839154764,-0.45417573542578155,0
1571233591250,-0.19542962052064808,0.20769628135185966,0.9819746530451854,0.026629216642255864,-0.4521638469745664,0
1571233591500,-0.15189555537656493,0.20769628135185966,0.9819746530451854,-1.0888465734518833,-0.4521638469745664,0
1571233591750,-0.19542962052064808,0.20769628135185966,1.016914557313247,0.351571061023307,-0.45417573542578155,0
1571233592000,-0.28249775080881434,0.20769628135185966,0.9819746530451854,-0.7133281483993412,-0.45417573542578155,0
1571233592250,-1.8061900308517242,0.240211986503269,1.2265539829216165,0.9030080275419049,-0.4581979417673599,0
1571233592500,-1.109644988546394,0.37027480710890637,1.4012535042619247,-0.1258617113689454,-0.45417573542578155,0
1571233592750,-1.2402471839786433,0.33775910195749703,0.9470347487771238,1.0245440583528291,-0.4662439250113685,0
1571233593000,-1.1967131188345603,0.240211986503269,1.2614938871896781,0.49348996130217315,-0.4581979417673599,0
1571233593250,-0.7613724673937289,0.20769628135185966,1.2614938871896781,-1.0035937418183332,-0.4521638469745664,0
1571233593500,-0.804906532537812,0.240211986503269,1.1566741743854934,-0.24875096172960837,-0.45417573542578155,0
1571233593750,-0.6743043371055626,0.240211986503269,1.1566741743854934,0.04667378122276318,-0.4521638469745664,0
1571233594000,-0.6307702719614795,0.240211986503269,1.1217342701174318,2.031254827136705,-0.4521638469745664,0
1571233594250,-0.6743043371055626,0.20769628135185966,1.1217342701174318,-0.8452670544988831,-0.4501519585233513,0
1571233594500,-0.6307702719614795,0.20769628135185966,1.1566741743854934,-2.251685047786884,-0.4521638469745664,0
1571233594750,-0.6743043371055626,0.20769628135185966,1.1217342701174318,0.18098082153434808,-0.4521638469745664,0
1571233595000,-0.6743043371055626,0.20769628135185966,1.1217342701174318,-0.4909772611328699,-0.45417573542578155,0
1571233595250,-0.6307702719614795,0.20769628135185966,1.1217342701174318,0.9106198875091862,-0.4501519585233513,0
1571233595500,-0.7178384022496457,0.20769628135185966,1.1566741743854934,0.32755141401544163,-0.45417573542578155,0
1571233595750,-0.7178384022496457,0.20769628135185966,1.1566741743854934,-1.1520250111803179,-0.4521638469745664,0
1571233596000,-0.7178384022496457,0.20769628135185966,1.1566741743854934,0.7807953869561114,-0.4521638469745664,0
1571233596250,-0.6743043371055626,0.20769628135185966,1.1566741743854934,-0.1278915406935537,-0.4501519585233513,0
1571233596500,-0.7178384022496457,0.240211986503269,1.1566741743854934,0.8641875417087704,-0.4521638469745664,0
1571233596750,-0.804906532537812,0.20769628135185966,1.1566741743854934,-0.033758205764842134,-0.4521638469745664,0
1571233597000,-0.6307702719614795,0.20769628135185966,1.1566741743854934,-0.9457436060669958,-0.44814007007213624,0
1571233597250,-0.7178384022496457,0.20769628135185966,1.1217342701174318,0.16787150714625257,-0.4521638469745664,0
1571233597500,-0.7178384022496457,0.20769628135185966,1.1217342701174318,-0.9541166520310052,-0.4521638469745664,0
1571233597750,-0.6307702719614795,0.20769628135185966,1.1217342701174318,0.9019931128796007,-0.4521638469745664,0
1571233598000,-0.6743043371055626,0.20769628135185966,1.1566741743854934,-0.21551250653914686,-0.4521638469745664,0
1571233598250,-0.6307702719614795,0.20769628135185966,1.1217342701174318,1.068269965053767,-0.4501519585233513,0
1571233598500,-0.5872362068173963,0.20769628135185966,1.0867943658493702,-0.2632134956674428,-0.4521638469745664,0
1571233598750,-0.5872362068173963,0.20769628135185966,1.1217342701174318,0.5017784310443238,-0.4501519585233513,0
1571233599000,-0.6307702719614795,0.20769628135185966,1.0867943658493702,-0.12112544294485926,-0.4521638469745664,0
1571233599250,-0.5872362068173963,0.20769628135185966,1.1217342701174318,-0.485902687821349,-0.4501519585233513,0
1571233599500,-0.5872362068173963,0.20769628135185966,1.1217342701174318,0.18326437952453245,-0.4521638469745664,0
1571233599750,-0.5872362068173963,0.20769628135185966,1.1217342701174318,-1.221377513104436,-0.4521638469745664,0
1571233600000,-0.804906532537812,0.1751805762004503,1.1566741743854934,0.6136727725633584,-0.4501519585233513,0
1571233600250,-0.36956588109698063,0.240211986503269,1.0867943658493702,-0.2509499434979341,-0.4521638469745664,0
1571233600500,-0.50016807652923,0.27272769165467836,1.1566741743854934,1.3044067764832035,-0.4521638469745664,0
1571233600750,-0.15189555537656493,0.8580103843800464,1.3663135999938631,-0.33874006178724464,-0.4521638469745664,0
1571233601000,0.9799901383695966,0.4027905122603157,0.4229361847561997,-0.45833083949541914,-0.44814007007213624,0
1571233601250,0.8929220080814304,-0.1499764753136431,0.5277558975603845,1.0659864070635825,-0.4561860533161448,0
1571233601500,1.5459329852426775,0.5978847431687717,0.6325756103645693,-0.07249411537611787,-0.4602098302185751,0
1571233601750,-0.3260318159528975,0.5978847431687717,1.1217342701174318,2.6368205756448586,-0.45417573542578155,0
1571233602000,0.28344509606426643,0.3052433968060877,0.842215035972939,-1.2399842819133458,-0.47630022614574047,0
1571233602250,0.2399110309201833,0.3052433968060877,0.8072751317048774,-1.5175634420535355,-0.4521638469745664,0
1571233602500,0.2399110309201833,0.3052433968060877,0.7723352274368158,-3.004582574772859,-0.4521638469745664,0
1571233602750,0.2399110309201833,0.27272769165467836,0.7723352274368158,1.23091003968801,-0.4501519585233513,0
1571233603000,0.28344509606426643,0.3052433968060877,0.7723352274368158,2.143825778430609,-0.4521638469745664,0
1571233603250,0.28344509606426643,0.27272769165467836,0.7723352274368158,-2.6614568426921914,-0.4521638469745664,0
1571233603500,0.28344509606426643,0.3052433968060877,0.7723352274368158,0.3606207167621858,-0.4501519585233513,0
1571233603750,0.28344509606426643,0.27272769165467836,0.7723352274368158,-0.6011800782147306,-0.4501519585233513,0
1571233604000,0.2399110309201833,0.27272769165467836,0.7723352274368158,1.273790184170361,-0.44814007007213624,0
1571233604250,0.28344509606426643,0.3052433968060877,0.7723352274368158,-0.056678361888544596,-0.4501519585233513,0
1571233604500,0.28344509606426643,0.27272769165467836,0.7723352274368158,1.018454570379004,-0.44814007007213624,0
1571233604750,0.28344509606426643,0.27272769165467836,0.7373953231687541,0.07585257776400801,-0.4501519585233513,0
1571233605000,0.3269791612083496,0.27272769165467836,0.7723352274368158,-0.17812981647761003,-0.4501519585233513,0
1571233605250,0.3269791612083496,0.27272769165467836,0.7373953231687541,0.3091983738721079,-0.44814007007213624,0
1571233605500,0.3269791612083496,0.3052433968060877,0.7373953231687541,-1.4958273530358548,-0.4501519585233513,0
1571233605750,0.3269791612083496,0.27272769165467836,0.7373953231687541,0.7004479761903647,-0.44814007007213624,0
1571233606000,0.3269791612083496,0.27272769165467836,0.7373953231687541,-0.2768302673866904,-0.4501519585233513,0
1571233606250,0.3269791612083496,0.27272769165467836,0.7373953231687541,1.27641204704798,-0.446129752181773,0
1571233606500,0.3269791612083496,0.27272769165467836,0.7373953231687541,-0.021325501151616074,-0.4501519585233513,0
1571233606750,0.3269791612083496,0.27272769165467836,0.7723352274368158,0.5333253617976117,-0.44814007007213624,0
1571233607000,0.3269791612083496,0.27272769165467836,0.7373953231687541,-0.0164200802838126,-0.44814007007213624,0
1571233607250,0.3269791612083496,0.27272769165467836,0.7373953231687541,-0.45782338216426705,-0.4501519585233513,0
1571233607500,0.28344509606426643,0.27272769165467836,0.7373953231687541,0.03872361636804719,-0.44814007007213624,0
1571233607750,0.3269791612083496,0.27272769165467836,0.7373953231687541,-1.534732415090848,-0.4501519585233513,0
1571233608000,0.3269791612083496,0.27272769165467836,0.7373953231687541,0.5439819657518055,-0.446129752181773,0
1571233608250,0.41404729149651587,0.1751805762004503,0.8771549402410006,-0.5531407841990001,-0.4501519585233513,0
1571233608500,0.022240705199767605,0.33775910195749703,0.5976357060965077,1.1425278878456886,-0.44814007007213624,0
1571233608750,-1.2837812491227265,0.5653690380173624,1.645832834138356,-0.2135672534363972,-0.45417573542578155,0
1571233609000,-1.1967131188345603,0.20769628135185966,1.0867943658493702,0.5017784310443238,-0.48434620938974904,0
1571233609250,-1.7191219005635578,0.5978847431687717,0.7373953231687541,0.3199395540481604,-0.41595770765695367,0
1571233609500,-0.5437021416733132,0.27272769165467836,1.191614078653555,-1.6697160651773022,-0.41796959610816875,0
1571233609750,-0.4566340113851469,0.27272769165467836,1.0867943658493702,0.8975951493429494,-0.4501519585233513,0
1571233610000,-0.36956588109698063,0.240211986503269,1.0518544615813086,-2.1598352708483564,-0.4521638469745664,0
1571233610250,-0.36956588109698063,0.27272769165467836,1.0518544615813086,0.9469876629084188,-0.4501519585233513,0
1571233610500,-0.4130999462410638,0.27272769165467836,1.0518544615813086,1.3872914739047104,-0.4521638469745664,0
1571233610750,-0.23896368566473122,0.27272769165467836,1.0518544615813086,-1.9268277796276916,-0.4501519585233513,0
1571233611000,-0.6743043371055626,0.3052433968060877,1.1217342701174318,1.18346277922529,-0.4521638469745664,0
1571233611250,-0.6307702719614795,0.240211986503269,1.1217342701174318,-0.16053796233100442,-0.4501519585233513,0
1571233611500,-0.6307702719614795,0.27272769165467836,1.0867943658493702,0.5511709446097934,-0.4501519585233513,0
1571233611750,-0.5437021416733132,0.240211986503269,1.1217342701174318,0.4327642340076404,-0.4501519585233513,0
1571233612000,-0.50016807652923,0.27272769165467836,1.0867943658493702,-0.6764529156689565,-0.4501519585233513,0
1571233612250,-0.4566340113851469,0.27272769165467836,1.0867943658493702,0.34336716750301494,-0.44814007007213624,0
1571233612500,-0.4566340113851469,0.240211986503269,1.0867943658493702,-0.7147659441709389,-0.4501519585233513,0
1571233612750,-0.4566340113851469,0.27272769165467836,1.0867943658493702,1.2380990185459977,-0.44814007007213624,0
1571233613000,-0.4566340113851469,0.27272769165467836,1.0867943658493702,-0.28080534981404837,-0.4501519585233513,0
1571233613250,-0.4130999462410638,0.240211986503269,1.0518544615813086,0.2801041535527218,-0.44814007007213624,0
1571233613500,-0.3260318159528975,0.27272769165467836,1.0518544615813086,-0.46205219325720104,-0.44814007007213624,0
1571233613750,-0.36956588109698063,0.240211986503269,1.0867943658493702,-1.021439324630515,-0.4501519585233513,0
1571233614000,-0.4566340113851469,0.27272769165467836,1.0867943658493702,0.47217675339378556,-0.44814007007213624,0
1571233614250,-0.4130999462410638,0.27272769165467836,1.0867943658493702,-0.4552015192866479,-0.44814007007213624,0
1571233614500,-0.3260318159528975,0.27272769165467836,1.0518544615813086,1.0604889526427683,-0.4441178637305578,0
1571233614750,-0.23896368566473122,0.240211986503269,1.016914557313247,-0.21314437232710381,-0.44814007007213624,0
1571233615000,-0.28249775080881434,0.27272769165467836,1.016914557313247,0.12389187177973864,-0.44814007007213624,0
1571233615250,-0.3260318159528975,0.240211986503269,1.016914557313247,0.05352445519331631,-0.4501519585233513,0
1571233615500,-0.15189555537656493,0.27272769165467836,1.016914557313247,-1.3797887766457448,-0.44814007007213624,0
1571233615750,-0.3260318159528975,0.27272769165467836,1.016914557313247,0.6448813984292115,-0.44814007007213624,0
1571233616000,-0.23896368566473122,0.27272769165467836,1.016914557313247,-0.34592904064523244,-0.44814007007213624,0
1571233616250,-0.50016807652923,0.1751805762004503,1.0867943658493702,1.2579744306827876,-0.4441178637305578,0
1571233616500,-0.4130999462410638,0.27272769165467836,1.0867943658493702,-0.1795676122492076,-0.4501519585233513,0
1571233616750,-0.6307702719614795,0.37027480710890637,1.1217342701174318,-0.2751387429495168,-0.4501519585233513,0
1571233617000,-0.4130999462410638,0.5003376277145437,1.0867943658493702,0.0365246345997215,-0.4501519585233513,0
1571233617250,-0.4566340113851469,0.33775910195749703,1.0867943658493702,-1.4156490947138256,-0.4521638469745664,0
1571233617500,-0.36956588109698063,0.240211986503269,1.0518544615813086,0.6420058068860164,-0.4521638469745664,0
1571233617750,0.022240705199767605,0.4027905122603157,0.9470347487771238,-0.5386782502611658,-0.4521638469745664,0
1571233618000,-0.021293359944315533,0.4027905122603157,0.842215035972939,1.2839393307934026,-0.4501519585233513,0
1571233618250,0.3705132263524327,0.1751805762004503,0.842215035972939,-0.21864182674791807,-0.4501519585233513,0
1571233618500,-0.36956588109698063,0.20769628135185966,1.1566741743854934,0.7241293183107954,-0.4501519585233513,0
1571233618750,-1.9367922262839736,0.4027905122603157,1.0867943658493702,0.007176685614759309,-0.45417573542578155,0
1571233619000,-1.1531790536904771,0.4027905122603157,1.2964337914577397,-0.8104216510931067,-0.45417573542578155,0
1571233619250,0.2399110309201833,0.33775910195749703,0.8771549402410006,-0.4343111924875538,-0.4521638469745664,0
1571233619500,-0.7613724673937289,0.240211986503269,1.191614078653555,-1.048165410737858,-0.4521638469745664,0
1571233619750,-0.7178384022496457,0.3052433968060877,1.1566741743854934,1.0302952414392192,-0.4521638469745664,0
1571233620000,-0.4566340113851469,0.240211986503269,1.0867943658493702,-0.9032863426939379,-0.4501519585233513,0
1571233620250,-0.3260318159528975,0.20769628135185966,1.0518544615813086,0.7303879587283377,-0.4501519585233513,0
1571233620500,-0.28249775080881434,0.27272769165467836,1.016914557313247,-0.9891312078804989,-0.4521638469745664,0
1571233620750,-0.19542962052064808,0.27272769165467836,1.016914557313247,1.4760119306344663,-0.4501519585233513,0
1571233621000,-0.15189555537656493,0.27272769165467836,0.9819746530451854,1.6983628179009378,-0.4501519585233513,0
1571233621250,-0.19542962052064808,0.27272769165467836,0.9819746530451854,0.29295973927524127,-0.4501519585233513,0
1571233621500,-0.23896368566473122,0.27272769165467836,0.9819746530451854,-1.1062692751547716,-0.44814007007213624,0
1571233621750,-0.1083614902324818,0.27272769165467836,0.9819746530451854,0.42988864246444525,-0.44814007007213624,0
1571233622000,-0.28249775080881434,0.27272769165467836,0.9819746530451854,-0.687955281841737,-0.44814007007213624,0
1571233622250,-0.1083614902324818,0.240211986503269,0.9470347487771238,0.07128546178363926,-0.44814007007213624,0
1571233622500,-0.06482742508839867,0.27272769165467836,0.9470347487771238,-0.08864817375112588,-0.4501519585233513,0
1571233622750,-0.06482742508839867,0.240211986503269,0.9470347487771238,-0.5983890628933942,-0.44814007007213624,0
1571233623000,-0.1083614902324818,0.240211986503269,0.9819746530451854,0.2658107720586048,-0.44814007007213624,0
1571233623250,-0.19542962052064808,0.240211986503269,0.9819746530451854,-1.2432827545658345,-0.446129752181773,0
1571233623500,-0.15189555537656493,0.27272769165467836,0.9819746530451854,0.6003097295096869,-0.44814007007213624,0
1571233623750,-0.1083614902324818,0.27272769165467836,0.9819746530451854,-0.7240693285753936,-0.4501519585233513,0
1571233624000,-0.1083614902324818,0.27272769165467836,0.9470347487771238,1.1266275581362566,-0.44814007007213624,0
1571233624250,-0.06482742508839867,0.27272769165467836,0.9120948445090622,-0.20172658237618193,-0.44814007007213624,0
1571233624500,-0.23896368566473122,0.240211986503269,0.9819746530451854,1.2748896750545238,-0.44814007007213624,0
1571233624750,-0.15189555537656493,0.240211986503269,0.9819746530451854,0.01867905178753988,-0.4501519585233513,0
1571233625000,-0.15189555537656493,0.27272769165467836,0.9819746530451854,0.4026550990259501,-0.44814007007213624,0
1571233625250,-0.15189555537656493,0.240211986503269,0.9819746530451854,0.12389187177973864,-0.4501519585233513,0
1571233625500,-0.1083614902324818,0.240211986503269,0.9819746530451854,-1.4297733237642252,-0.44814007007213624,0
1571233625750,-0.021293359944315533,0.240211986503269,0.9470347487771238,0.5021167359317585,-0.4501519585233513,0
1571233626000,0.19637696577610014,0.20769628135185966,1.1217342701174318,-0.5415538418043608,-0.44814007007213624,0
1571233626250,-0.3260318159528975,0.240211986503269,1.2614938871896781,1.2071441213457206,-0.44814007007213624,0
1571233626500,-1.457917509699059,0.11014916589763163,1.1566741743854934,-0.057101242997837996,-0.4501519585233513,0
1571233626750,-1.3273153142668097,0.4027905122603157,1.191614078653555,0.004470246515281528,-0.44814007007213624,0
1571233627000,-1.2837812491227265,0.1751805762004503,1.2964337914577397,0.7036618726209947,-0.4501519585233513,0
1571233627250,-1.1967131188345603,0.5003376277145437,1.016914557313247,-0.6845722329673898,-0.44814007007213624,0
1571233627500,-1.762655965707641,-0.05242935985941508,1.2614938871896781,-0.2836809413572435,-0.4501519585233513,0
1571233627750,-2.067394421716223,0.27272769165467836,1.191614078653555,0.6563837646019921,-0.4501519585233513,0
1571233628000,-1.6755878354194749,0.27272769165467836,1.1217342701174318,0.07526054421099725,-0.4521638469745664,0
1571233628250,-1.2402471839786433,0.33775910195749703,1.016914557313247,-0.743860164490325,-0.4581979417673599,0
1571233628500,-0.7613724673937289,0.240211986503269,1.191614078653555,-1.001563912493725,-0.4521638469745664,0
1571233628750,-0.6743043371055626,0.240211986503269,1.0867943658493702,0.3570685154441212,-0.4561860533161448,0
1571233629000,-0.5872362068173963,0.240211986503269,1.1217342701174318,-0.4732162545425469,-0.4501519585233513,0
1571233629250,-0.36956588109698063,0.240211986503269,1.0518544615813086,-0.6217321001263901,-0.4501519585233513,0
1571233629500,-0.28249775080881434,0.240211986503269,1.0518544615813086,-0.8942366869550592,-0.4521638469745664,0
1571233629750,-0.3260318159528975,0.240211986503269,1.0518544615813086,-1.5178171707191117,-0.4501519585233513,0
1571233630000,-0.28249775080881434,0.240211986503269,1.0518544615813086,1.5054444558412872,-0.4501519585233513,0
1571233630250,-0.28249775080881434,0.240211986503269,1.0518544615813086,0.2768056809002332,-0.4501519585233513,0
1571233630500,-0.4130999462410638,0.240211986503269,1.0518544615813086,1.5658318782483853,-0.4501519585233513,0
1571233630750,-0.3260318159528975,0.240211986503269,1.0518544615813086,0.4848631866725877,-0.4521638469745664,0
1571233631000,-0.36956588109698063,0.240211986503269,1.0518544615813086,-0.4294057716197503,-0.44814007007213624,0
1571233631250,-0.36956588109698063,0.240211986503269,1.0518544615813086,0.41703305674192576,-0.4501519585233513,0
1571233631500,-0.36956588109698063,0.240211986503269,1.0518544615813086,-0.6309509083089864,-0.44814007007213624,0
1571233631750,-0.4130999462410638,0.240211986503269,1.0518544615813086,1.150900933809698,-0.4501519585233513,0
1571233632000,-1.0225768582582277,0.1751805762004503,1.1566741743854934,0.02595260686738642,-0.44814007007213624,0
1571233632250,-0.4130999462410638,0.240211986503269,1.1217342701174318,-0.6450751373593859,-0.44814007007213624,0
1571233632500,-0.50016807652923,0.20769628135185966,1.0867943658493702,0.3002332943550878,-0.446129752181773,0
1571233632750,-0.4566340113851469,0.20769628135185966,1.0867943658493702,-0.48336540116558857,-0.446129752181773,0
1571233633000,-0.4566340113851469,0.20769628135185966,1.0867943658493702,1.310327112013311,-0.446129752181773,0
1571233633250,-0.50016807652923,0.240211986503269,1.0867943658493702,0.6299959833820837,-0.446129752181773,0
1571233633500,-0.50016807652923,0.20769628135185966,1.0867943658493702,-1.205223454729428,-0.446129752181773,0
1571233633750,-0.50016807652923,0.20769628135185966,1.0867943658493702,-0.1796521884710663,-0.446129752181773,0
1571233634000,-0.50016807652923,0.20769628135185966,1.0867943658493702,-0.840784514740373,-0.446129752181773,0
1571233634250,-0.50016807652923,0.20769628135185966,1.0867943658493702,0.9150178510458375,-0.4421059752793427,0
1571233634500,-0.4566340113851469,0.20769628135185966,1.0867943658493702,-0.34855090352285156,-0.446129752181773,0
1571233634750,-0.50016807652923,0.20769628135185966,1.0867943658493702,-0.036887525973613326,-0.446129752181773,0
1571233635000,-0.4566340113851469,0.20769628135185966,1.0518544615813086,0.0763600350951601,-0.446129752181773,0
1571233635250,-0.3260318159528975,0.20769628135185966,1.1217342701174318,-1.2909837436941303,-0.446129752181773,0
1571233635500,-0.5437021416733132,0.240211986503269,1.0867943658493702,0.6940201833291051,-0.446129752181773,0
1571233635750,-0.804906532537812,0.14266487104904096,1.1217342701174318,-0.28647195667858,-0.44814007007213624,0
1571233636000,-0.4130999462410638,0.630400448320181,1.0867943658493702,0.7964419879999673,-0.446129752181773,0
1571233636250,-0.5872362068173963,0.3052433968060877,1.1566741743854934,-0.22676114404635142,-0.446129752181773,0
1571233636500,-0.7613724673937289,0.4027905122603157,1.1217342701174318,-1.272715279772655,-0.44814007007213624,0
1571233636750,-0.6743043371055626,0.37027480710890637,1.191614078653555,0.6172249738814231,-0.4521638469745664,0
1571233637000,-0.8919746628259783,0.43530621741172504,1.2265539829216165,-0.7011491724516913,-0.4501519585233513,0
1571233637250,-1.6320537702753917,0.4678219225631344,1.2265539829216165,1.7396360141679743,-0.4521638469745664,0
1571233637500,-0.19542962052064808,0.4027905122603157,1.5060732170661095,-0.027584141569158442,-0.45417573542578155,0
1571233637750,-1.0661109234023107,0.33775910195749703,1.191614078653555,0.5016938548224652,-0.4501519585233513,0
1571233638000,-0.8919746628259783,0.4027905122603157,1.1217342701174318,-0.15275694992000582,-0.45417573542578155,0
1571233638250,-0.7613724673937289,0.3052433968060877,1.2265539829216165,-1.9336784535982445,-0.4501519585233513,0
1571233638500,-0.50016807652923,0.4027905122603157,1.0518544615813086,1.200208871153309,-0.4501519585233513,0
1571233638750,-0.6307702719614795,0.27272769165467836,1.1217342701174318,-0.3883017277964315,-0.44814007007213624,0
1571233639000,-0.50016807652923,0.27272769165467836,1.1217342701174318,0.9479180013488644,-0.44814007007213624,0
1571233639250,-0.4130999462410638,0.240211986503269,1.0867943658493702,0.2989646510272076,-0.446129752181773,0
1571233639500,-0.36956588109698063,0.20769628135185966,1.0518544615813086,0.6908908631203339,-0.44814007007213624,0
1571233639750,-0.15189555537656493,0.20769628135185966,0.9819746530451854,-0.4566393150582455,-0.446129752181773,0
1571233640000,-0.23896368566473122,0.20769628135185966,1.016914557313247,-1.5059764996588962,-0.446129752181773,0
1571233640250,-0.19542962052064808,0.20769628135185966,0.9819746530451854,0.0290819270761576,-0.446129752181773,0
1571233640500,-0.23896368566473122,0.20769628135185966,1.016914557313247,-0.730835426324088,-0.4441178637305578,0
1571233640750,-0.23896368566473122,0.20769628135185966,0.9819746530451854,0.7982180886589996,-0.446129752181773,0
1571233641000,-0.23896368566473122,0.20769628135185966,1.016914557313247,0.10300154498064451,-0.4421059752793427,0
1571233641250,-0.23896368566473122,0.20769628135185966,1.016914557313247,0.6000560008441108,-0.4441178637305578,0
1571233641500,-0.23896368566473122,0.20769628135185966,1.016914557313247,-0.29053161532779664,-0.4421059752793427,0
1571233641750,-0.23896368566473122,0.20769628135185966,1.016914557313247,0.39115273285316954,-0.4441178637305578,0
1571233642000,-0.23896368566473122,0.240211986503269,0.9819746530451854,-0.27107908430030014,-0.4441178637305578,0
1571233642250,-0.23896368566473122,0.240211986503269,0.9819746530451854,-0.25069621483235804,-0.446129752181773,0
1571233642500,-0.15189555537656493,0.20769628135185966,0.9819746530451854,-0.16265236787747145,-0.4421059752793427,0
1571233642750,-0.23896368566473122,0.1751805762004503,0.9819746530451854,-0.8193021543882681,-0.4421059752793427,0
1571233643000,-0.15189555537656493,0.20769628135185966,0.9819746530451854,0.15239405854611401,-0.4441178637305578,0
1571233643250,-0.15189555537656493,0.20769628135185966,1.016914557313247,-1.0046932327024962,-0.4421059752793427,0
1571233643500,-0.1083614902324818,0.240211986503269,0.9470347487771238,0.29964126080207704,-0.4421059752793427,0
1571233643750,-0.28249775080881434,0.240211986503269,0.9819746530451854,-1.259521389162701,-0.4421059752793427,0
1571233644000,-0.15189555537656493,0.240211986503269,0.9819746530451854,0.5316338373604381,-0.4441178637305578,0
1571233644250,-0.15189555537656493,0.240211986503269,0.9819746530451854,-0.8560082346749356,-0.4441178637305578,0
1571233644500,-0.1083614902324818,0.20769628135185966,0.9819746530451854,1.1295031496794519,-0.4421059752793427,0
1571233644750,-0.19542962052064808,0.20769628135185966,1.016914557313247,-0.2819894169200699,-0.4441178637305578,0
1571233645000,-0.15189555537656493,0.240211986503269,0.9819746530451854,1.0927124931709258,-0.4421059752793427,0
1571233645250,-0.28249775080881434,0.20769628135185966,0.9819746530451854,0.06638004091583577,-0.4421059752793427,0
1571233645500,-0.15189555537656493,0.20769628135185966,0.9819746530451854,-1.1807809266122693,-0.4421059752793427,0
1571233645750,-0.23896368566473122,0.20769628135185966,0.9819746530451854,0.54626552374199,-0.4421059752793427,0
1571233646000,-0.28249775080881434,0.240211986503269,0.9819746530451854,-0.3827196971537586,-0.4421059752793427,0
1571233646250,-0.23896368566473122,0.20769628135185966,1.016914557313247,1.1203689177187142,-0.44009565738897943,0
1571233646500,-0.23896368566473122,0.20769628135185966,1.016914557313247,0.2817956779898954,-0.4421059752793427,0
1571233646750,-0.23896368566473122,0.240211986503269,0.9819746530451854,-1.024906949726721,-0.44009565738897943,0
1571233647000,-0.19542962052064808,0.20769628135185966,1.016914557313247,1.4217985724230522,-0.4421059752793427,0
1571233647250,-0.19542962052064808,0.240211986503269,1.016914557313247,0.3194320967170083,-0.4421059752793427,0
1571233647500,-0.23896368566473122,0.240211986503269,0.9819746530451854,-1.918454733663682,-0.4421059752793427,0
1571233647750,-0.15189555537656493,0.20769628135185966,1.016914557313247,0.9107044637310449,-0.4421059752793427,0
1571233648000,-0.19542962052064808,0.20769628135185966,1.016914557313247,0.259129250531769,-0.44009565738897943,0
1571233648250,-0.06482742508839867,0.240211986503269,1.0867943658493702,-1.4842404106412155,-0.4421059752793427,0
1571233648500,-0.8919746628259783,0.11014916589763163,1.5410131213341711,0.5540465361529886,-0.4441178637305578,0
1571233648750,-1.5014515748431423,0.1751805762004503,0.9120948445090622,-0.2219402994004066,-0.446129752181773,0
1571233649000,-0.7178384022496457,0.27272769165467836,0.9470347487771238,0.13911559171430116,-0.45417573542578155,0
1571233649250,-0.4566340113851469,0.6629161534715904,0.9470347487771238,0.6831098507093352,-0.5829067556473638,0
1571233649500,-0.021293359944315533,0.532853332865953,0.5277558975603845,0.19916470923396443,-0.47630022614574047,0
1571233649750,1.5023989200985943,0.8580103843800464,-0.2758619006050324,1.1958109076166574,-0.45417573542578155,0
1571233650000,-0.7178384022496457,0.43530621741172504,0.7024554189006925,-2.7664159340188146,-0.4662439250113685,0
1571233650250,1.110592333801846,-0.01991365470800574,1.5060732170661095,-1.601716782802923,-0.4581979417673599,0
1571233650500,1.0235242035136798,0.5978847431687717,-0.6252609432856484,2.4889813398358847,-0.4602098302185751,0
1571233650750,1.067058268657763,0.8254946792286371,-1.1842994115746341,0.20466216365477868,-0.4360718804865492,0
1571233651000,1.110592333801846,0.5653690380173624,-1.289119124378819,0.1559462598641786,-0.4581979417673599,0
1571233651250,0.9364560732255135,0.8254946792286371,-1.114419603038511,0.3578297014408493,-0.4602098302185751,0
1571233651500,1.763603310963093,0.5003376277145437,-0.9047801774301413,0.5961654946386115,-0.4602098302185751,0
1571233651750,1.415330789810428,0.5978847431687717,-1.289119124378819,0.29482041615613225,-0.4581979417673599,0
1571233652000,1.6330011155308437,1.2156831410455493,-1.114419603038511,-0.685587147629694,-0.45417573542578155,0
1571233652250,1.2411945292340956,1.7034187183166893,-0.4156215176772788,0.9888528927284659,-0.4602098302185751,0
1571233652500,1.415330789810428,-0.05242935985941508,-1.3939388371830037,0.9428434280373436,-0.4602098302185751,0
1571233652750,1.371796724666345,0.4027905122603157,-0.66020084755371,-2.032378904507325,-0.46222014810893836,0
1571233653000,1.2847285943781785,0.6629161534715904,-0.9397200816982029,0.1620357478380036,-0.46222014810893836,0
1571233653250,1.415330789810428,0.5978847431687717,-1.0445397945023878,-1.7531082199299615,-0.4742899082553772,0
1571233653500,1.415330789810428,0.630400448320181,-0.8698402731620797,0.8443121295719805,-0.4803240030481707,0
1571233653750,1.371796724666345,0.6629161534715904,-0.8698402731620797,-0.844252139836579,-0.46423203656015344,0
1571233654000,1.371796724666345,0.630400448320181,-0.7300806560898333,1.0006935637886811,-0.46423203656015344,0
1571233654250,1.371796724666345,0.630400448320181,-0.66020084755371,0.34235225284071075,-0.4602098302185751,0
1571233654500,1.371796724666345,0.630400448320181,-0.6252609432856484,0.6036082021621755,-0.46222014810893836,0
1571233654750,1.110592333801846,0.5003376277145437,0.003657333539460452,0.6826023933781831,-0.46222014810893836,0
1571233655000,1.371796724666345,0.532853332865953,0.21329675914783008,-1.5480108819226608,-0.5225642371585769,0
1571233655250,0.3269791612083496,0.5003376277145437,0.7024554189006925,0.6601896945856328,-0.46825581346258366,0
1571233655500,0.7187857475050978,0.5003376277145437,0.6325756103645693,-0.26101451389911706,-0.46222014810893836,0
1571233655750,0.10930883548793388,0.5003376277145437,0.8771549402410006,-0.18675659110719545,-0.46222014810893836,0
1571233656000,0.9799901383695966,0.5978847431687717,0.4578760890242613,0.146304570572289,-0.4602098302185751,0
1571233656250,0.6752516823610146,0.5653690380173624,0.49281599329232295,-0.6782290163279887,-0.46222014810893836,0
1571233656500,0.7187857475050978,0.5978847431687717,0.4578760890242613,0.7605816699318867,-0.4581979417673599,0
1571233656750,0.7187857475050978,0.532853332865953,0.4578760890242613,0.23883095728568565,-0.4602098302185751,0
1571233657000,0.7187857475050978,0.532853332865953,0.4229361847561997,0.7536464197394749,-0.4602098302185751,0
1571233657250,0.7187857475050978,0.5003376277145437,0.4229361847561997,-0.04238498039442756,-0.4602098302185751,0
1571233657500,0.7187857475050978,0.5003376277145437,0.4229361847561997,-0.6748459674536416,-0.4602098302185751,0
1571233657750,0.7187857475050978,0.532853332865953,0.4229361847561997,0.22352266112926447,-0.4581979417673599,0
1571233658000,0.6317176172169315,0.5003376277145437,0.49281599329232295,-1.0062156046959523,-0.4602098302185751,0
1571233658250,0.5446494869287652,0.4027905122603157,0.5277558975603845,0.4934053850803144,-0.4602098302185751,0
1571233658500,0.7187857475050978,0.4678219225631344,0.4229361847561997,-0.16679660274854682,-0.4602098302185751,0
1571233658750,0.7623198126491809,0.5978847431687717,0.3530563762200765,1.0220067716970687,-0.4602098302185751,0
1571233659000,1.3282626595222617,0.6954318586229997,-0.17104218780084757,-0.019464824270725097,-0.4602098302185751,0
1571233659250,1.2411945292340956,0.6629161534715904,-0.13610228353278597,0.09936476744072124,-0.4602098302185751,0
1571233659500,1.110592333801846,0.5978847431687717,0.003657333539460452,0.23138824976212177,-0.4602098302185751,0
1571233659750,1.1541263989459292,0.5978847431687717,0.003657333539460452,-0.9942903574138784,-0.46222014810893836,0
1571233660000,1.2411945292340956,0.8254946792286371,-0.24092199633697078,0.7209999981020242,-0.4581979417673599,0
1571233660250,1.067058268657763,0.5653690380173624,0.3181164719520149,-0.3681725869940655,-0.45417573542578155,0
1571233660500,0.2399110309201833,0.532853332865953,0.842215035972939,0.608767351695555,-0.4581979417673599,0
1571233660750,-0.7613724673937289,0.37027480710890637,1.191614078653555,0.9180625950327501,-0.4581979417673599,0
1571233661000,-0.4130999462410638,0.11014916589763163,1.0518544615813086,1.5184691940075241,-0.4602098302185751,0
1571233661250,-0.23896368566473122,0.6954318586229997,0.9819746530451854,-1.7090440083415888,-0.4561860533161448,0
1571233661500,-0.4130999462410638,0.5978847431687717,0.14341695061170687,-3.3534594899399166,-0.4602098302185751,0
1571233661750,0.9799901383695966,0.3052433968060877,0.7024554189006925,-0.3793366482794113,-0.4602098302185751,0
1571233662000,0.8493879429373472,0.43530621741172504,0.5976357060965077,-0.23445758023549135,-0.46423203656015344,0
1571233662250,0.9799901383695966,0.8254946792286371,0.21329675914783008,2.581846031436716,-0.472278019804162,0
1571233662500,-1.5449856399872253,0.07763346074622228,0.9819746530451854,1.2682081535276881,-0.46423203656015344,0
1571233662750,-0.4130999462410638,0.045117755594812944,1.0867943658493702,-2.6256811008459695,-0.4662439250113685,0
1571233663000,-0.4566340113851469,0.33775910195749703,1.191614078653555,-0.784879632091785,-0.4602098302185751,0
1571233663250,-0.4130999462410638,0.14266487104904096,1.3663135999938631,0.3612973265370552,-0.4581979417673599,0
1571233663500,-0.3260318159528975,0.3052433968060877,1.191614078653555,0.5488028103977504,-0.4561860533161448,0
1571233663750,-0.36956588109698063,0.3052433968060877,1.2614938871896781,-0.20925386612160451,-0.4602098302185751,0
1571233664000,-0.6307702719614795,0.5653690380173624,0.9470347487771238,1.2633027326598845,-0.4561860533161448,0
1571233664250,-0.6307702719614795,0.27272769165467836,1.2265539829216165,-0.9923451043111288,-0.4561860533161448,0
1571233664500,-0.4130999462410638,0.33775910195749703,1.0867943658493702,1.3443267532005008,-0.47630022614574047,0
1571233664750,-0.4566340113851469,0.3052433968060877,1.0867943658493702,0.3020093950141201,-0.45417573542578155,0
1571233665000,-0.4130999462410638,0.37027480710890637,1.0867943658493702,-0.9479425878353214,-0.45417573542578155,0
1571233665250,-0.4566340113851469,0.3052433968060877,1.0867943658493702,0.4813109853545231,-0.4501519585233513,0
1571233665500,-0.4130999462410638,0.3052433968060877,1.0518544615813086,-1.0488420205127276,-0.45417573542578155,0
1571233665750,-0.4130999462410638,0.3052433968060877,1.0518544615813086,0.31182023674972703,-0.4501519585233513,0
1571233666000,-0.36956588109698063,0.3052433968060877,1.0867943658493702,0.14689660412529976,-0.4521638469745664,0
1571233666250,-0.36956588109698063,0.3052433968060877,1.0518544615813086,-0.7098605233031354,-0.4501519585233513,0
1571233666500,-0.36956588109698063,0.3052433968060877,1.0867943658493702,0.35715309166597986,-0.4521638469745664,0
1571233666750,-0.36956588109698063,0.3052433968060877,1.0867943658493702,-0.5559317995203366,-0.4501519585233513,0
1571233667000,-0.06482742508839867,0.3052433968060877,0.9819746530451854,0.8706153345700303,-0.4521638469745664,0
1571233667250,-0.3260318159528975,0.3052433968060877,1.1217342701174318,0.04777327210692603,-0.4521638469745664,0
1571233667500,-0.9790427931141445,0.630400448320181,1.5410131213341711,-0.8662419575198359,-0.4521638469745664,0
1571233667750,-0.3260318159528975,0.4027905122603157,1.2964337914577397,0.36755596695459763,-0.4561860533161448,0
1571233668000,0.41404729149651587,0.240211986503269,1.016914557313247,-0.5644739979280632,-0.45417573542578155,0
1571233668250,-0.4130999462410638,0.33775910195749703,1.1217342701174318,0.6914828966733446,-0.4561860533161448,0
1571233668500,-0.9355087279700615,0.4027905122603157,1.1566741743854934,0.14486677480069143,-0.4561860533161448,0
1571233668750,-0.9355087279700615,0.43530621741172504,1.1566741743854934,-0.7814120069955792,-0.4561860533161448,0
1571233669000,-0.3260318159528975,0.4678219225631344,1.0867943658493702,2.1455173028677827,-0.4561860533161448,0
1571233669250,-0.5437021416733132,0.5003376277145437,1.0518544615813086,-0.8823114396729853,-0.45417573542578155,0
1571233669500,-0.36956588109698063,0.532853332865953,0.9819746530451854,-0.8493267131480997,-0.4581979417673599,0
1571233669750,-0.19542962052064808,0.5003376277145437,1.2614938871896781,1.701999595440861,-0.4602098302185751,0
1571233670000,-0.7178384022496457,0.7604632689258184,1.191614078653555,-0.17846812136504475,-0.4581979417673599,0
1571233670250,-0.804906532537812,0.7279475637744091,1.4361934085299863,-0.5756380592134092,-0.4561860533161448,0
1571233670500,-0.4130999462410638,0.3052433968060877,1.2614938871896781,-0.500196069315466,-0.45417573542578155,0
1571233670750,0.41404729149651587,-0.2150078856164618,1.1566741743854934,-0.8975351596075477,-0.4581979417673599,0
1571233671000,-2.415666942868888,-0.2150078856164618,0.4578760890242613,2.007996366125568,-0.4602098302185751,0
1571233671250,-3.1557460503183012,-0.5726806422819646,0.7723352274368158,0.8365311171609819,-0.4581979417673599,0
1571233671500,-2.9816097897419684,-0.6051963474333739,0.7373953231687541,-0.17652286826229507,-0.47831211459695555,0
1571233671750,-0.5872362068173963,-0.4426178216763272,1.3313736957258016,-1.5946123801667937,-0.46222014810893836,0
1571233672000,-0.9790427931141445,0.045117755594812944,0.5277558975603845,-2.3313558487777613,-0.46423203656015344,0
1571233672250,-1.8061900308517242,-0.5401649371305552,0.7024554189006925,1.5610110336024405,-0.4602098302185751,0
1571233672500,-0.9790427931141445,0.6954318586229997,0.3530563762200765,0.2465273934748256,-0.4581979417673599,0
1571233672750,0.3705132263524327,0.7604632689258184,1.6807727384064175,1.9444796235096988,-0.45417573542578155,0
1571233673000,-0.4130999462410638,0.43530621741172504,1.0867943658493702,0.9803952705425978,-0.4521638469745664,0
1571233673250,-1.370849379410893,0.27272769165467836,1.0867943658493702,0.1975577610186495,-0.4501519585233513,0
1571233673500,-0.7178384022496457,0.27272769165467836,1.1566741743854934,-2.2120187997351626,-0.4501519585233513,0
1571233673750,-0.804906532537812,0.27272769165467836,1.1566741743854934,0.04295242746098123,-0.44814007007213624,0
1571233674000,-1.1531790536904771,0.20769628135185966,1.191614078653555,0.9768430692245332,-0.4501519585233513,0
1571233674250,-1.1531790536904771,0.1751805762004503,1.191614078653555,-1.5594286718735826,-0.446129752181773,0
1571233674500,-1.1531790536904771,0.240211986503269,1.2265539829216165,0.45881371034011403,-0.44814007007213624,0
1571233674750,-1.1967131188345603,0.20769628135185966,1.2265539829216165,-0.24435299819295697,-0.44814007007213624,0
1571233675000,-1.109644988546394,0.240211986503269,1.191614078653555,0.6121504005699021,-0.44814007007213624,0
1571233675250,-0.9355087279700615,0.240211986503269,1.191614078653555,0.17641370555397934,-0.44814007007213624,0
1571233675500,-0.9355087279700615,0.240211986503269,1.1566741743854934,-1.2974115365553898,-0.44814007007213624,0
1571233675750,-0.9355087279700615,0.240211986503269,1.191614078653555,0.7188855925555572,-0.44814007007213624,0
1571233676000,-0.804906532537812,0.240211986503269,1.1566741743854934,-0.5227779205517338,-0.446129752181773,0
1571233676250,-0.8484405976818952,0.240211986503269,1.1566741743854934,1.0696231846035058,-0.44814007007213624,0
1571233676500,-0.7613724673937289,0.240211986503269,1.191614078653555,0.04278327501726387,-0.446129752181773,0
1571233676750,-0.804906532537812,0.4027905122603157,1.0518544615813086,-1.6174479600686376,-0.44814007007213624,0
1571233677000,-0.19542962052064808,0.43530621741172504,1.0867943658493702,0.5364546820063829,-0.44814007007213624,0
1571233677250,-0.50016807652923,0.3052433968060877,1.1217342701174318,-0.4465747446570625,-0.44814007007213624,0
1571233677500,-1.0661109234023107,0.4027905122603157,1.0867943658493702,1.4485246585303952,-0.4501519585233513,0
1571233677750,-1.2402471839786433,0.7604632689258184,1.191614078653555,0.5999714246222522,-0.4501519585233513,0
1571233678000,-0.5872362068173963,0.240211986503269,0.9819746530451854,0.1604287996226887,-0.4521638469745664,0
1571233678250,-0.8919746628259783,0.1751805762004503,1.1566741743854934,-0.9983500160630951,-0.44814007007213624,0
1571233678500,-0.804906532537812,0.14266487104904096,1.1566741743854934,-1.9431509904464168,-0.446129752181773,0
1571233678750,-0.8919746628259783,0.1751805762004503,1.191614078653555,0.29422838260312145,-0.4602098302185751,0
1571233679000,-0.9790427931141445,0.20769628135185966,1.1566741743854934,0.7693775970051895,-0.44814007007213624,0
1571233679250,-0.804906532537812,0.20769628135185966,1.2265539829216165,2.4598871195164986,-0.44814007007213624,0
1571233679500,-0.4130999462410638,0.4027905122603157,1.1566741743854934,0.5787427929357233,-0.44814007007213624,0
1571233679750,-1.2837812491227265,0.33775910195749703,1.191614078653555,-1.2896305241443913,-0.4521638469745664,0
1571233680000,0.6752516823610146,0.1751805762004503,1.471133312798048,-0.3353570129128974,-0.45417573542578155,0
1571233680250,-1.2402471839786433,0.14266487104904096,1.191614078653555,-2.0285729745236845,-0.4521638469745664,0
1571233680500,-0.5437021416733132,0.14266487104904096,1.1566741743854934,0.935823601623073,-0.446129752181773,0
1571233680750,-0.6743043371055626,0.11014916589763163,1.1217342701174318,0.4144111938643067,-0.446129752181773,0
1571233681000,-0.804906532537812,0.20769628135185966,1.191614078653555,-0.19546794195863956,-0.446129752181773,0
1571233681250,-1.0661109234023107,0.07763346074622228,1.0867943658493702,0.5943893939795792,-0.446129752181773,0
1571233681500,-1.2402471839786433,0.11014916589763163,0.9470347487771238,-0.18574167644489128,-0.44814007007213624,0
1571233681750,-0.9355087279700615,0.14266487104904096,1.1566741743854934,0.9069831099692629,-0.4300377856937558,0
1571233682000,-1.457917509699059,0.11014916589763163,1.1566741743854934,-0.2840192462446782,-0.44814007007213624,0
1571233682250,-0.9790427931141445,0.11014916589763163,1.1566741743854934,0.79179029579774,-0.49239219263375766,0
1571233682500,-0.7613724673937289,0.20769628135185966,1.191614078653555,0.5078679190181488,-0.4441178637305578,0
1571233682750,-1.0225768582582277,0.14266487104904096,1.191614078653555,-0.14040882152863846,-0.446129752181773,0
1571233683000,-1.0661109234023107,0.1751805762004503,1.2265539829216165,-0.056932090554120636,-0.47630022614574047,0
1571233683250,-1.370849379410893,0.20769628135185966,1.2265539829216165,-1.2063229456135909,-0.46423203656015344,0
1571233683500,-1.1967131188345603,0.14266487104904096,1.2265539829216165,0.41906288606653413,-0.44814007007213624,0
1571233683750,-1.1531790536904771,0.20769628135185966,1.2265539829216165,-0.7926606445027837,-0.446129752181773,0
1571233684000,-1.2837812491227265,0.27272769165467836,1.1566741743854934,0.6304188644913771,-0.446129752181773,0
1571233684250,-1.3273153142668097,0.1751805762004503,1.191614078653555,0.667547825887338,-0.446129752181773,0
1571233684500,-1.2402471839786433,0.1751805762004503,1.2265539829216165,0.3680634242857497,-0.446129752181773,0
1571233684750,-1.0661109234023107,0.0126020504434036,1.1566741743854934,-0.17313981938794787,-0.446129752181773,0
1571233685000,-1.109644988546394,-0.01991365470800574,1.1566741743854934,-1.3325106686267423,-0.446129752181773,0
1571233685250,-1.109644988546394,0.14266487104904096,1.2614938871896781,0.33753140819476596,-0.446129752181773,0
1571233685500,0.28344509606426643,0.4678219225631344,0.7723352274368158,-1.1437365414381673,-0.4441178637305578,0
1571233685750,-0.5872362068173963,0.045117755594812944,1.1566741743854934,0.7753825087571558,-0.44814007007213624,0
1571233686000,-0.7178384022496457,0.43530621741172504,-0.031282570728601154,-0.5174496185746369,-0.4501519585233513,0
1571233686250,-0.5872362068173963,0.7604632689258184,-0.13610228353278597,0.25946755541920374,-0.4521638469745664,0
1571233686500,-0.28249775080881434,0.5003376277145437,0.9120948445090622,-0.760267951530909,-0.4501519585233513,0
1571233686750,-0.4130999462410638,0.27272769165467836,1.0518544615813086,-0.01565889428708447,-0.4501519585233513,0
1571233687000,-0.28249775080881434,0.3052433968060877,0.9819746530451854,1.1496322904818177,-0.4501519585233513,0
1571233687250,-0.50016807652923,0.11014916589763163,1.016914557313247,-1.1839102468210405,-0.4501519585233513,0
1571233687500,-0.19542962052064808,0.1751805762004503,1.2964337914577397,1.3219986306298088,-0.4501519585233513,0
1571233687750,-0.6307702719614795,0.14266487104904096,1.1217342701174318,-0.34516785464850436,-0.446129752181773,0
1571233688000,-0.3260318159528975,0.27272769165467836,1.0518544615813086,0.18098082153434808,-0.446129752181773,0
1571233688250,-0.021293359944315533,0.27272769165467836,0.9819746530451854,0.14884185722804943,-0.4441178637305578,0
1571233688500,-0.1083614902324818,0.27272769165467836,0.9819746530451854,1.850853745912139,-0.446129752181773,0
1571233688750,0.022240705199767605,0.27272769165467836,0.9120948445090622,0.8769585512094313,-0.446129752181773,0
1571233689000,0.022240705199767605,0.27272769165467836,0.9470347487771238,-0.5340265580589383,-0.446129752181773,0
1571233689250,-0.1083614902324818,0.240211986503269,0.9470347487771238,-0.732696103204979,-0.4441178637305578,0
1571233689500,-0.1083614902324818,0.240211986503269,0.9470347487771238,-1.3177944060233318,-0.446129752181773,0
1571233689750,-0.021293359944315533,0.240211986503269,0.9120948445090622,0.7129652570254494,-0.4441178637305578,0
1571233690000,-0.021293359944315533,0.27272769165467836,0.9120948445090622,-0.21373640588011458,-0.4441178637305578,0
1571233690250,-0.021293359944315533,0.27272769165467836,0.9120948445090622,0.10579256030198096,-0.446129752181773,0
1571233690500,-0.021293359944315533,0.27272769165467836,0.9120948445090622,-0.1904779448689774,-0.4421059752793427,0
1571233690750,-0.021293359944315533,0.27272769165467836,0.9120948445090622,-0.8768985614740297,-0.446129752181773,0
1571233691000,0.022240705199767605,0.27272769165467836,0.9120948445090622,0.2796812724434284,-0.4441178637305578,0
1571233691250,0.022240705199767605,0.27272769165467836,0.9120948445090622,-0.5892548309326567,-0.4441178637305578,0
1571233691500,0.022240705199767605,0.27272769165467836,0.9120948445090622,0.8460036540091542,-0.4441178637305578,0
1571233691750,0.022240705199767605,0.27272769165467836,0.8771549402410006,-0.23826351021913197,-0.4441178637305578,0
1571233692000,0.022240705199767605,0.27272769165467836,0.8771549402410006,0.154254735427005,-0.4441178637305578,0
1571233692250,0.06577477034385075,0.27272769165467836,0.9120948445090622,0.01368905469787772,-0.4421059752793427,0
1571233692500,0.022240705199767605,0.240211986503269,0.8771549402410006,-1.3053617014101058,-0.4441178637305578,0
1571233692750,0.022240705199767605,0.240211986503269,0.9120948445090622,0.47031607651289464,-0.4421059752793427,0
1571233693000,0.06577477034385075,0.27272769165467836,0.9120948445090622,-0.5204097863396907,-0.4421059752793427,0
1571233693250,0.06577477034385075,0.240211986503269,0.8771549402410006,1.0595586142023228,-0.44009565738897943,0
1571233693500,0.022240705199767605,0.27272769165467836,0.8771549402410006,-0.10429477479498181,-0.4421059752793427,0
1571233693750,0.06577477034385075,0.27272769165467836,0.8771549402410006,0.05716123273323958,-0.4421059752793427,0
1571233694000,0.06577477034385075,0.27272769165467836,0.8771549402410006,0.31731769117054126,-0.4421059752793427,0
1571233694250,0.06577477034385075,0.240211986503269,0.8771549402410006,-1.3120432229369416,-0.44009565738897943,0
1571233694500,0.022240705199767605,0.240211986503269,0.8771549402410006,0.7984718173245756,-0.43808376893776435,0
1571233694750,0.10930883548793388,0.3052433968060877,0.9120948445090622,-0.33874006178724464,-0.4421059752793427,0
1571233695000,-0.36956588109698063,0.1751805762004503,1.0867943658493702,0.7870540273736538,-0.44009565738897943,0
1571233695250,-0.6743043371055626,0.5653690380173624,1.5410131213341711,0.3138500660743354,-0.446129752181773,0
1571233695500,-0.804906532537812,0.045117755594812944,1.2614938871896781,-1.225098866866218,-0.4421059752793427,0
1571233695750,-0.9355087279700615,0.27272769165467836,1.191614078653555,0.33110361533350624,-0.446129752181773,0
1571233696000,-1.457917509699059,0.240211986503269,1.016914557313247,-1.7154718012028485,-0.4421059752793427,0
1571233696250,-1.370849379410893,0.27272769165467836,1.3313736957258016,-0.5226087681080164,-0.4421059752793427,0
1571233696500,-1.370849379410893,0.20769628135185966,1.1217342701174318,2.4005991879935635,-0.4421059752793427,0
1571233696750,-1.1531790536904771,0.20769628135185966,1.3663135999938631,-0.6335727711866054,-0.44009565738897943,0
1571233697000,-1.2837812491227265,0.20769628135185966,1.3313736957258016,1.3291030332659381,-0.4421059752793427,0
1571233697250,-1.3273153142668097,0.240211986503269,1.1566741743854934,0.7137264430221777,-0.4421059752793427,0
1571233697500,-1.0661109234023107,0.27272769165467836,1.2265539829216165,0.5542156885967059,-0.4501519585233513,0
1571233697750,-1.0661109234023107,0.27272769165467836,1.2614938871896781,-1.8033464957140177,-0.4421059752793427,0
1571233698000,-1.2402471839786433,0.33775910195749703,1.1566741743854934,-0.2601687516805303,-0.4421059752793427,0
1571233698250,-1.109644988546394,0.33775910195749703,1.2964337914577397,0.4939128424114665,-0.44009565738897943,0
1571233698500,-0.9790427931141445,0.240211986503269,1.2265539829216165,-0.6460900520216901,-0.45417573542578155,0
1571233698750,-1.109644988546394,0.27272769165467836,1.1217342701174318,0.2528706101142266,-0.44009565738897943,0
1571233699000,-0.9790427931141445,0.3052433968060877,1.2614938871896781,-0.7384472862913694,-0.44009565738897943,0
1571233699250,-1.1531790536904771,0.27272769165467836,1.2265539829216165,1.1838856603345835,-0.44009565738897943,0
1571233699500,-1.0661109234023107,0.27272769165467836,1.1217342701174318,-0.059384800988022374,-0.4421059752793427,0
1571233699750,-1.0661109234023107,0.3052433968060877,1.0867943658493702,0.3323722586613864,-0.44009565738897943,0
1571233700000,0.10930883548793388,0.11014916589763163,0.9470347487771238,-0.49402200511978234,-0.4441178637305578,0
1571233700250,1.067058268657763,0.8905260895314557,0.2831765676839533,-0.1803287982459357,-0.44814007007213624,0
1571233700500,2.764886809277005,-0.3775864113735085,1.5410131213341711,-0.21128369544621284,-0.4441178637305578,0
1571233700750,0.5446494869287652,0.5003376277145437,0.842215035972939,-1.7082828223448605,-0.4521638469745664,0
1571233701000,-1.0661109234023107,0.27272769165467836,1.016914557313247,-1.45768347697759,-0.4501519585233513,0
1571233701250,-0.15189555537656493,0.3052433968060877,1.016914557313247,-1.3801270815331794,-0.446129752181773,0
1571233701500,-0.28249775080881434,0.3052433968060877,1.016914557313247,1.3157399902122666,-0.44814007007213624,0
1571233701750,-0.23896368566473122,0.27272769165467836,0.9819746530451854,0.9681317183730891,-0.446129752181773,0
1571233702000,-0.15189555537656493,0.3052433968060877,0.9819746530451854,2.2769487516361724,-0.4441178637305578,0
1571233702250,-0.19542962052064808,0.33775910195749703,0.9819746530451854,0.7456116786629002,-0.4441178637305578,0
1571233702500,-0.50016807652923,0.1751805762004503,1.1217342701174318,-0.24968130017005388,-0.4441178637305578,0
1571233702750,-0.23896368566473122,0.27272769165467836,1.016914557313247,-0.16163745321516731,-0.446129752181773,0
1571233703000,-0.021293359944315533,0.27272769165467836,0.9470347487771238,-0.2617756998958452,-0.4441178637305578,0
1571233703250,0.022240705199767605,0.27272769165467836,0.9120948445090622,0.7780043716347749,-0.4441178637305578,0
1571233703500,0.06577477034385075,0.3052433968060877,0.8771549402410006,-0.651672082664363,-0.446129752181773,0
1571233703750,0.10930883548793388,0.27272769165467836,0.8771549402410006,0.8701078772388782,-0.4441178637305578,0
1571233704000,0.10930883548793388,0.240211986503269,0.8771549402410006,-0.7424223687187274,-0.4441178637305578,0
1571233704250,0.022240705199767605,0.240211986503269,0.8771549402410006,0.3553769910069476,-0.44009565738897943,0
1571233704500,0.06577477034385075,0.240211986503269,0.8771549402410006,-0.13685662021057388,-0.4421059752793427,0
1571233704750,0.022240705199767605,0.240211986503269,0.8771549402410006,0.6700851125430984,-0.4441178637305578,0
1571233705000,0.06577477034385075,0.27272769165467836,0.8771549402410006,-0.03747955952662408,-0.4441178637305578,0
1571233705250,0.06577477034385075,0.240211986503269,0.8771549402410006,0.16947845536156753,-0.4421059752793427,0
1571233705500,0.06577477034385075,0.27272769165467836,0.8771549402410006,0.05851445228297847,-0.4441178637305578,0
1571233705750,0.06577477034385075,0.240211986503269,0.8771549402410006,-0.5101760634947904,-0.4421059752793427,0
1571233706000,0.10930883548793388,0.240211986503269,0.8771549402410006,0.14562796079741958,-0.4421059752793427,0
1571233706250,0.10930883548793388,0.27272769165467836,0.9120948445090622,-0.9028634615846446,-0.4421059752793427,0
1571233706500,0.06577477034385075,0.20769628135185966,0.9120948445090622,0.33677022219803787,-0.4441178637305578,0
1571233706750,0.06577477034385075,0.27272769165467836,0.8771549402410006,-0.5599068819476946,-0.44009565738897943,0
1571233707000,0.10930883548793388,0.27272769165467836,0.8771549402410006,0.7876460609266644,-0.4421059752793427,0
1571233707250,0.06577477034385075,0.27272769165467836,0.8771549402410006,-0.13516509577340025,-0.44009565738897943,0
1571233707500,0.022240705199767605,0.27272769165467836,0.9120948445090622,0.21954757870190644,-0.4421059752793427,0
1571233707750,0.10930883548793388,0.27272769165467836,0.8771549402410006,0.27215398869800583,-0.4421059752793427,0
1571233708000,0.10930883548793388,0.27272769165467836,0.8771549402410006,-1.1468658616469385,-0.4441178637305578,0
1571233708250,0.06577477034385075,0.27272769165467836,0.8771549402410006,0.23451756997089293,-0.4421059752793427,0
1571233708500,0.022240705199767605,0.27272769165467836,0.842215035972939,-0.701741206004702,-0.4421059752793427,0
1571233708750,-0.3260318159528975,0.37027480710890637,0.9819746530451854,0.8874460027199077,-0.446129752181773,0
1571233709000,-0.15189555537656493,-0.1499764753136431,1.2265539829216165,0.28120364443688467,-0.4441178637305578,0
1571233709250,0.10930883548793388,0.9555574998342745,0.2831765676839533,-0.7209400083666224,-0.446129752181773,0
1571233709500,0.022240705199767605,0.240211986503269,1.0867943658493702,0.2680097538269305,-0.44814007007213624,0
1571233709750,-0.5872362068173963,0.20769628135185966,1.0518544615813086,-0.7753225190217542,-0.446129752181773,0
1571233710000,-0.021293359944315533,0.43530621741172504,0.9120948445090622,1.477195997740488,-0.4441178637305578,0
1571233710250,-0.28249775080881434,0.3052433968060877,0.9819746530451854,-0.3482971748572755,-0.4421059752793427,0
1571233710500,-0.3260318159528975,0.43530621741172504,1.1217342701174318,0.35131733235773094,-0.4441178637305578,0
1571233710750,-0.6307702719614795,0.37027480710890637,1.016914557313247,1.0397677782873915,-0.446129752181773,0
1571233711000,-0.4130999462410638,0.532853332865953,0.9819746530451854,-0.43025153383833714,-0.44814007007213624,0
1571233711250,-0.5872362068173963,0.4027905122603157,1.191614078653555,-0.005678900107760152,-0.446129752181773,0
1571233711500,-0.6307702719614795,0.4678219225631344,1.0867943658493702,-0.04187752306327548,-0.4441178637305578,0
1571233711750,-0.4566340113851469,0.5003376277145437,1.0867943658493702,1.7326161877537036,-0.4421059752793427,0
1571233712000,-0.5872362068173963,0.5653690380173624,1.0867943658493702,-0.687701553176161,-0.4441178637305578,0
1571233712250,-0.4566340113851469,0.4027905122603157,1.1217342701174318,-0.196144551733509,-0.4421059752793427,0
1571233712500,-0.4130999462410638,0.4027905122603157,1.1217342701174318,-0.8934755009583311,-0.4441178637305578,0
1571233712750,-0.5437021416733132,0.37027480710890637,1.191614078653555,-0.7465666035898026,-0.4441178637305578,0
1571233713000,-0.5437021416733132,0.43530621741172504,0.9819746530451854,-0.16096084344029785,-0.4441178637305578,0
1571233713250,-0.7613724673937289,0.43530621741172504,1.0867943658493702,-0.71789526437971,-0.4441178637305578,0
1571233713500,-0.4566340113851469,0.37027480710890637,0.9819746530451854,0.1970503036874974,-0.4441178637305578,0
1571233713750,-0.6743043371055626,0.43530621741172504,1.1566741743854934,-0.3877096942434208,-0.4441178637305578,0
1571233714000,-0.5437021416733132,0.4027905122603157,1.1217342701174318,0.13514050928694316,-0.4421059752793427,0
1571233714250,-0.4566340113851469,0.4027905122603157,1.0867943658493702,-0.5157580941374633,-0.44009565738897943,0
1571233714500,-0.5437021416733132,0.37027480710890637,1.0867943658493702,0.553623655043695,-0.43808376893776435,0
1571233714750,-0.5872362068173963,0.37027480710890637,1.016914557313247,0.43733134998800915,-0.4441178637305578,0
1571233715000,-0.36956588109698063,0.4027905122603157,1.1217342701174318,-0.19512963707120481,-0.44009565738897943,0
1571233715250,-0.36956588109698063,0.4027905122603157,1.0518544615813086,-0.13482679088596553,-0.4421059752793427,0
1571233715500,-0.7178384022496457,0.4027905122603157,1.0867943658493702,-0.9181717577410659,-0.44009565738897943,0
1571233715750,-1.2837812491227265,0.37027480710890637,0.6325756103645693,0.6988410279750498,-0.44814007007213624,0
1571233716000,-0.36956588109698063,0.43530621741172504,0.9120948445090622,0.2795966962215697,-0.446129752181773,0
1571233716250,-0.4566340113851469,0.07763346074622228,1.1217342701174318,0.7018011957401037,-0.4501519585233513,0
1571233716500,-0.9790427931141445,0.045117755594812944,1.2265539829216165,-1.6149106734128773,-0.4441178637305578,0
1571233716750,-0.28249775080881434,0.27272769165467836,1.1566741743854934,-2.991896141494057,-0.4421059752793427,0
1571233717000,1.371796724666345,0.5653690380173624,1.0867943658493702,0.010813463154682576,-0.4441178637305578,0
1571233717250,-0.6743043371055626,-0.05242935985941508,1.2614938871896781,0.16457303449376404,-0.4441178637305578,0
1571233717500,-0.1083614902324818,0.33775910195749703,0.9120948445090622,2.8569724811430044,-0.44814007007213624,0
1571233717750,0.022240705199767605,0.3052433968060877,0.8771549402410006,0.5135345258826804,-0.446129752181773,0
1571233718000,0.15284290063201703,0.3052433968060877,0.842215035972939,-0.33899379045282063,-0.4421059752793427,0
1571233718250,0.19637696577610014,0.3052433968060877,0.842215035972939,1.8634556029690825,-0.44009565738897943,0
1571233718500,0.10930883548793388,0.3052433968060877,0.842215035972939,2.272466211877662,-0.44009565738897943,0
1571233718750,0.15284290063201703,0.27272769165467836,0.842215035972939,2.812569964667197,-0.44009565738897943,0
1571233719000,0.19637696577610014,0.27272769165467836,0.842215035972939,-0.561090949053716,-0.44009565738897943,0
1571233719250,0.19637696577610014,0.27272769165467836,0.8072751317048774,-2.1260047821048844,-0.43808376893776435,0
1571233719500,0.10930883548793388,0.27272769165467836,0.842215035972939,-1.7920978582068132,-0.43808376893776435,0
1571233719750,0.2399110309201833,0.27272769165467836,0.8072751317048774,0.022738710436756553,-0.44009565738897943,0
1571233720000,0.19637696577610014,0.27272769165467836,0.8072751317048774,-1.046558462522543,-0.43808376893776435,0
1571233720250,0.19637696577610014,0.27272769165467836,0.8072751317048774,0.4557689663532016,-0.4421059752793427,0
1571233720500,0.15284290063201703,0.27272769165467836,0.842215035972939,-0.47837540407592644,-0.43808376893776435,0
1571233720750,0.06577477034385075,0.27272769165467836,0.842215035972939,0.8169940099116266,-0.43808376893776435,0
1571233721000,0.15284290063201703,0.27272769165467836,0.8771549402410006,-0.3254615949554318,-0.43808376893776435,0
1571233721250,0.15284290063201703,0.27272769165467836,0.842215035972939,0.7637955663625167,-0.43808376893776435,0
1571233721500,0.15284290063201703,0.27272769165467836,0.842215035972939,-0.2469748610705761,-0.43808376893776435,0
1571233721750,0.15284290063201703,0.27272769165467836,0.842215035972939,0.6447968222073529,-0.4360718804865492,0
1571233722000,0.19637696577610014,0.3052433968060877,0.8072751317048774,0.19848809945909499,-0.43808376893776435,0
1571233722250,0.15284290063201703,0.27272769165467836,0.842215035972939,-1.5617968060856258,-0.43405999203533413,0
1571233722500,0.15284290063201703,0.27272769165467836,0.842215035972939,0.33550157887015764,-0.43808376893776435,0
1571233722750,0.15284290063201703,0.27272769165467836,0.842215035972939,-0.5787673794221804,-0.4360718804865492,0
1571233723000,-0.021293359944315533,0.20769628135185966,0.8771549402410006,1.0361310007474684,-0.4360718804865492,0
1571233723250,0.19637696577610014,0.27272769165467836,0.842215035972939,0.144190165025822,-0.43808376893776435,0
1571233723500,-0.19542962052064808,0.240211986503269,0.842215035972939,-1.5807418797819701,-0.4360718804865492,0
1571233723750,-0.5872362068173963,0.4027905122603157,0.8072751317048774,0.7868848749299363,-0.44009565738897943,0
1571233724000,-0.50016807652923,0.240211986503269,1.1566741743854934,-0.07486224958816093,-0.43808376893776435,0
1571233724250,-1.5449856399872253,0.5003376277145437,1.1566741743854934,0.5156489314291475,-0.4421059752793427,0
1571233724500,-0.8484405976818952,0.20769628135185966,1.2265539829216165,-1.3072223782909969,-0.44009565738897943,0
1571233724750,-0.7613724673937289,0.27272769165467836,1.191614078653555,-1.7400834817637245,-0.44009565738897943,0
1571233725000,-0.7613724673937289,0.240211986503269,1.1566741743854934,0.4395303317563348,-0.44009565738897943,0
1571233725250,-0.7613724673937289,0.1751805762004503,1.191614078653555,2.264600623244805,-0.44009565738897943,0
1571233725500,-0.8919746628259783,0.1751805762004503,1.191614078653555,0.6674632496654793,-0.43204967414497086,0
1571233725750,-1.0225768582582277,0.14266487104904096,1.191614078653555,0.40544611434728656,-0.43204967414497086,0
1571233726000,-0.8484405976818952,0.07763346074622228,1.1566741743854934,-0.5632899308220418,-0.4280258972425406,0
1571233726250,-0.8919746628259783,0.11014916589763163,1.1566741743854934,0.9220376774601081,-0.4300377856937558,0
1571233726500,-0.9790427931141445,0.14266487104904096,1.1566741743854934,-0.3656353003383051,-0.4280258972425406,0
1571233726750,-0.8919746628259783,0.1751805762004503,1.1566741743854934,0.6136727725633584,-0.4280258972425406,0
1571233727000,-0.8484405976818952,0.20769628135185966,1.1566741743854934,-0.19293065530287914,-0.43204967414497086,0
1571233727250,-0.9355087279700615,0.1751805762004503,1.1566741743854934,-1.4005945272229803,-0.4300377856937558,0
1571233727500,-0.5437021416733132,0.07763346074622228,1.2614938871896781,0.23113452109654573,-0.43405999203533413,0
1571233727750,-0.4566340113851469,0.3052433968060877,1.0518544615813086,-0.6206326092422272,-0.4360718804865492,0
1571233728000,-0.19542962052064808,0.240211986503269,0.8072751317048774,0.08870816348652748,-0.4421059752793427,0
1571233728250,0.3269791612083496,0.43530621741172504,1.1566741743854934,0.025698878201810375,-0.4421059752793427,0
1571233728500,-1.7191219005635578,0.37027480710890637,1.191614078653555,-1.2701779931168946,-0.43808376893776435,0
1571233728750,-2.5898032034452205,0.240211986503269,0.5277558975603845,0.8368694220484167,-0.44009565738897943,0
1571233729000,1.2411945292340956,0.630400448320181,-0.3806816134092172,-0.7789592965616775,-0.4602098302185751,0
1571233729250,0.9364560732255135,0.43530621741172504,-1.3939388371830037,0.5170021509788864,-0.446129752181773,0
1571233729500,0.28344509606426643,0.630400448320181,-2.6517753908332216,1.59052813503112,-0.446129752181773,0
1571233729750,0.8058538777932641,0.7279475637744091,-2.2324965396164824,-1.14035349256382,-0.4521638469745664,0
1571233730000,0.45758135664059896,0.9555574998342745,-2.8264749121735298,-1.3199088115697988,-0.4521638469745664,0
1571233730250,-0.06482742508839867,0.14266487104904096,-1.638518167059435,1.2360691892213893,-0.45417573542578155,0
1571233730500,0.9799901383695966,0.8905260895314557,-2.022857114008113,3.8422008895747752,-0.42400369090096224,0
1571233730750,1.371796724666345,0.630400448320181,-1.5686383585233117,0.19146827304482447,-0.44814007007213624,0
1571233731000,1.371796724666345,0.630400448320181,-1.4987585499871885,-0.4672113427905806,-0.4561860533161448,0
1571233731250,1.3282626595222617,0.630400448320181,-1.4987585499871885,-0.910982778883078,-0.45417573542578155,0
1571233731500,1.3282626595222617,0.6954318586229997,-1.463818645719127,-4.276439799083699,-0.4561860533161448,0
1571233731750,1.3282626595222617,0.630400448320181,-1.4288787414510653,1.369953348423681,-0.45417573542578155,0
1571233732000,1.3282626595222617,0.6629161534715904,-1.3939388371830037,0.07289240999895419,-0.4561860533161448,0
1571233732250,1.371796724666345,0.6629161534715904,-1.4288787414510653,1.0121113537396031,-0.45417573542578155,0
1571233732500,1.3282626595222617,0.6629161534715904,-1.3939388371830037,-0.18092083179894647,-0.4561860533161448,0
1571233732750,1.371796724666345,0.6629161534715904,-1.4288787414510653,1.0763047061303417,-0.4521638469745664,0
1571233733000,1.3282626595222617,0.6629161534715904,-1.4288787414510653,0.09217578858273338,-0.4561860533161448,0
1571233733250,1.371796724666345,0.630400448320181,-1.4288787414510653,0.22166198424837347,-0.45417573542578155,0
1571233733500,1.4588648549545111,0.630400448320181,-1.463818645719127,0.022484981771180513,-0.4521638469745664,0
1571233733750,1.1976604640900124,0.6629161534715904,-1.2192393158426957,-0.49461403867279313,-0.4561860533161448,0
1571233734000,1.371796724666345,0.5653690380173624,-1.2192393158426957,0.2965119405933058,-0.45417573542578155,0
1571233734250,1.371796724666345,0.5978847431687717,-1.3939388371830037,-0.9990266258379645,-0.4561860533161448,0
1571233734500,1.371796724666345,0.5978847431687717,-1.4288787414510653,0.7249750805293822,-0.4501519585233513,0
1571233734750,1.371796724666345,0.532853332865953,-1.3939388371830037,-0.27674569116483166,-0.45417573542578155,0
1571233735000,1.371796724666345,0.6629161534715904,-1.3589989329149421,0.7693775970051895,-0.4521638469745664,0
1571233735250,1.2847285943781785,0.37027480710890637,-1.4288787414510653,0.058345299839261115,-0.4561860533161448,0
1571233735500,1.3282626595222617,0.5003376277145437,-1.4987585499871885,-0.4871713311492292,-0.4561860533161448,0
1571233735750,1.371796724666345,0.532853332865953,-1.4987585499871885,0.46727133252598213,-0.4561860533161448,0
1571233736000,1.415330789810428,0.5978847431687717,-1.4987585499871885,-1.013996617106951,-0.4561860533161448,0
1571233736250,1.371796724666345,0.5653690380173624,-1.3939388371830037,0.538822816218426,-0.4521638469745664,0
1571233736500,1.371796724666345,0.5653690380173624,-1.4288787414510653,0.07661376376073614,-0.4561860533161448,0
1571233736750,1.371796724666345,0.5653690380173624,-1.3939388371830037,0.05335530274959895,-0.45417573542578155,0
1571233737000,1.371796724666345,0.5978847431687717,-1.3589989329149421,-0.46526608968783095,-0.4561860533161448,0
1571233737250,1.371796724666345,0.5978847431687717,-1.3589989329149421,-0.8792666956860727,-0.4521638469745664,0
1571233737500,1.415330789810428,0.5978847431687717,-1.3939388371830037,0.8880380362729184,-0.45417573542578155,0
1571233737750,1.371796724666345,0.5978847431687717,-1.3939388371830037,0.05047971120640381,-0.4561860533161448,0
1571233738000,1.371796724666345,0.5978847431687717,-1.3939388371830037,0.24898010390872732,-0.4561860533161448,0
1571233738250,1.371796724666345,0.5978847431687717,-1.3939388371830037,0.028405317301288157,-0.45417573542578155,0
1571233738500,1.371796724666345,0.5653690380173624,-1.3939388371830037,-0.7125669624026131,-0.4561860533161448,0
1571233738750,1.371796724666345,0.5978847431687717,-1.3939388371830037,0.5780661831608538,-0.4561860533161448,0
1571233739000,1.371796724666345,0.5653690380173624,-1.3589989329149421,-0.16087626721843917,-0.45417573542578155,0
1571233739250,1.371796724666345,0.5978847431687717,-1.3939388371830037,0.5057535134716818,-0.45417573542578155,0
1571233739500,1.371796724666345,0.5978847431687717,-1.3589989329149421,0.08109630351924621,-0.45417573542578155,0
1571233739750,1.371796724666345,0.5978847431687717,-1.3939388371830037,-0.6868557909575742,-0.45417573542578155,0
1571233740000,1.415330789810428,0.5978847431687717,-1.3589989329149421,0.6242448002956935,-0.45417573542578155,0
1571233740250,1.371796724666345,0.5978847431687717,-1.3589989329149421,-0.2736163709560605,-0.45417573542578155,0
1571233740500,1.371796724666345,0.5978847431687717,-1.3939388371830037,0.3300887006712021,-0.4561860533161448,0
1571233740750,1.415330789810428,0.5978847431687717,-1.3939388371830037,-0.055917175891816474,-0.45417573542578155,0
1571233741000,1.371796724666345,0.5978847431687717,-1.3589989329149421,-0.7861482754196653,-0.4561860533161448,0
1571233741250,1.371796724666345,0.5978847431687717,-1.3589989329149421,0.4291274564677171,-0.45417573542578155,0
1571233741500,1.371796724666345,0.5978847431687717,-1.3589989329149421,-0.17787608781203398,-0.45417573542578155,0
1571233741750,1.371796724666345,0.5978847431687717,-1.3589989329149421,0.3048849865573152,-0.45417573542578155,0
1571233742000,1.371796724666345,0.5978847431687717,-1.3589989329149421,0.08524053839032157,-0.4561860533161448,0
1571233742250,1.371796724666345,0.5978847431687717,-1.3589989329149421,-0.5110218257133772,-0.4561860533161448,0
1571233742500,1.415330789810428,0.5978847431687717,-1.4288787414510653,0.6318566602629747,-0.4561860533161448,0
1571233742750,1.2847285943781785,0.630400448320181,-1.5686383585233117,0.025445149536234335,-0.45417573542578155,0
1571233743000,1.2847285943781785,0.5003376277145437,-1.638518167059435,-0.6510800491113523,-0.45417573542578155,0
1571233743250,1.2847285943781785,0.37027480710890637,-1.7083979755955583,0.23443299374903426,-0.4581979417673599,0
1571233743500,1.3282626595222617,0.5653690380173624,-1.4987585499871885,-0.42526153674867495,-0.4561860533161448,0
1571233743750,1.371796724666345,0.7279475637744091,-1.53369845425525,0.48097268046708835,-0.4561860533161448,0
1571233744000,1.3282626595222617,0.5978847431687717,-1.6035782627913733,0.9726142581315992,-0.4561860533161448,0
1571233744250,1.3282626595222617,0.5978847431687717,-1.5686383585233117,-0.656154622422873,-0.45417573542578155,0
1571233744500,1.3282626595222617,0.5978847431687717,-1.638518167059435,0.7842630120523173,-0.4561860533161448,0
1571233744750,1.3282626595222617,0.5978847431687717,-1.6035782627913733,0.46084353966472236,-0.45417573542578155,0
1571233745000,1.2847285943781785,0.5978847431687717,-1.6035782627913733,-0.10108087836435194,-0.4561860533161448,0
1571233745250,1.371796724666345,0.5978847431687717,-1.638518167059435,0.005485161177585695,-0.4521638469745664,0
1571233745500,1.371796724666345,0.630400448320181,-1.5686383585233117,-0.3351032842473214,-0.4521638469745664,0
1571233745750,1.3282626595222617,0.630400448320181,-1.4288787414510653,-0.15275694992000582,-0.4521638469745664,0
1571233746000,1.3282626595222617,0.630400448320181,-1.3939388371830037,-0.15656287990364645,-0.45417573542578155,0
1571233746250,1.3282626595222617,0.630400448320181,-1.3589989329149421,-0.15749321834409194,-0.45417573542578155,0
1571233746500,1.3282626595222617,0.5978847431687717,-1.3939388371830037,-0.42128645432131695,-0.45417573542578155,0
1571233746750,1.1541263989459292,0.630400448320181,-1.7083979755955583,-0.4387937322460639,-0.45417573542578155,0
1571233747000,1.1541263989459292,0.6629161534715904,-1.987917209740051,0.05809157117368507,-0.45417573542578155,0
1571233747250,1.1976604640900124,0.6629161534715904,-1.7083979755955583,0.1104442525042084,-0.45417573542578155,0
1571233747500,1.2847285943781785,0.6629161534715904,-1.638518167059435,0.04853445810365415,-0.4521638469745664,0
1571233747750,1.2411945292340956,0.6954318586229997,-1.9180374012039278,-0.13203577556462906,-0.45417573542578155,0
1571233748000,1.110592333801846,0.630400448320181,-2.1276768268122974,0.024599387317647527,-0.45417573542578155,0
1571233748250,1.2411945292340956,0.6629161534715904,-1.638518167059435,0.012927868701149594,-0.45417573542578155,0
1571233748500,1.3282626595222617,0.6629161534715904,-1.53369845425525,0.012843292479290913,-0.45417573542578155,0
1571233748750,1.2847285943781785,0.6629161534715904,-1.6734580713274967,0.1524786347679727,-0.45417573542578155,0
1571233749000,1.2411945292340956,0.630400448320181,-1.7433378798636199,0.5817875369226357,-0.45417573542578155,0
1571233749250,0.8493879429373472,0.7604632689258184,-2.0577970182761742,-0.2376714766661212,-0.4521638469745664,0
1571233749500,1.110592333801846,0.6954318586229997,-1.9180374012039278,-0.27124823674401743,-0.4561860533161448,0
1571233749750,1.067058268657763,0.6629161534715904,-1.987917209740051,-0.11841900384538147,-0.45417573542578155,0
1571233750000,1.2411945292340956,0.6954318586229997,-1.9180374012039278,-0.2685417976445396,-0.4561860533161448,0
1571233750250,1.1976604640900124,0.6954318586229997,-1.813217688399743,-0.9909073085395311,-0.4561860533161448,0
1571233750500,1.2847285943781785,0.5653690380173624,-1.289119124378819,-1.2512329194205503,-0.4581979417673599,0
1571233750750,1.3282626595222617,0.6629161534715904,-1.3939388371830037,-1.2128353146967092,-0.4561860533161448,0
1571233751000,1.371796724666345,0.5978847431687717,-1.2192393158426957,1.5218522428818715,-0.4581979417673599,0
1571233751250,1.415330789810428,0.630400448320181,-1.1493595073065725,0.5413601028741863,-0.4521638469745664,0
1571233751500,1.415330789810428,0.630400448320181,-1.114419603038511,0.8431280624659591,-0.45417573542578155,0
1571233751750,1.371796724666345,0.630400448320181,-1.114419603038511,0.881018209858648,-0.4581979417673599,0
1571233752000,1.415330789810428,0.630400448320181,-1.114419603038511,0.27105449781384294,-0.45417573542578155,0
1571233752250,1.415330789810428,0.630400448320181,-1.114419603038511,-0.9502261458255058,-0.4581979417673599,0
1571233752500,1.415330789810428,0.630400448320181,-1.114419603038511,-0.32064075030948697,-0.4581979417673599,0
1571233752750,1.415330789810428,0.630400448320181,-1.114419603038511,0.8268894278690924,-0.4561860533161448,0
1571233753000,1.415330789810428,0.630400448320181,-1.1493595073065725,-0.08408105777075713,-0.4561860533161448,0
1571233753250,1.6330011155308437,0.6954318586229997,-1.3589989329149421,0.5843248235783962,-0.4561860533161448,0
1571233753500,1.371796724666345,0.630400448320181,-1.114419603038511,0.13903101549244246,-0.4561860533161448,0
1571233753750,1.371796724666345,0.630400448320181,-1.114419603038511,0.2626814518498336,-0.45417573542578155,0
1571233754000,1.371796724666345,0.630400448320181,-1.0794796987704494,0.7529698099646055,-0.4561860533161448,0
1571233754250,1.371796724666345,0.630400448320181,-1.114419603038511,1.5254890204217946,-0.4521638469745664,0
1571233754500,1.371796724666345,0.630400448320181,-1.114419603038511,-0.2879097524501775,-0.4561860533161448,0
1571233754750,1.415330789810428,0.6629161534715904,-1.1842994115746341,-2.0743287105492305,-0.45417573542578155,0
1571233755000,1.371796724666345,0.6629161534715904,-0.9746599859662645,-0.64930394845232,-0.4561860533161448,0
1571233755250,1.4588648549545111,0.6629161534715904,-0.9746599859662645,-0.05507141367322966,-0.4561860533161448,0
1571233755500,1.415330789810428,0.6954318586229997,-1.0794796987704494,-0.3351032842473214,-0.45417573542578155,0
1571233755750,1.415330789810428,0.6954318586229997,-1.0445397945023878,0.3815110435612799,-0.4561860533161448,0
1571233756000,1.371796724666345,0.6954318586229997,-1.0445397945023878,0.19070708704809636,-0.45417573542578155,0
1571233756250,1.415330789810428,0.7279475637744091,-1.114419603038511,-0.07469309714444357,-0.4561860533161448,0
1571233756500,1.371796724666345,0.7279475637744091,-1.114419603038511,0.9126497168337945,-0.4521638469745664,0
1571233756750,1.371796724666345,0.6954318586229997,-1.0794796987704494,0.11653374047803342,-0.4561860533161448,0
1571233757000,1.371796724666345,0.7279475637744091,-1.0794796987704494,-0.17753778292459926,-0.4561860533161448,0
1571233757250,1.371796724666345,0.6954318586229997,-1.0445397945023878,-0.18202032268310936,-0.45417573542578155,0
1571233757500,1.371796724666345,0.6954318586229997,-1.0445397945023878,-0.2830043315823741,-0.45417573542578155,0
1571233757750,1.371796724666345,0.6954318586229997,-1.0095998902343262,0.005569737399444376,-0.45417573542578155,0
1571233758000,1.415330789810428,0.6954318586229997,-1.0095998902343262,-0.15478677924461415,-0.4561860533161448,0
1571233758250,1.371796724666345,0.6954318586229997,-1.0445397945023878,-0.2863028042348626,-0.4561860533161448,0
1571233758500,1.371796724666345,0.6954318586229997,-1.0095998902343262,-0.7957053884896962,-0.4561860533161448,0
1571233758750,1.415330789810428,0.6954318586229997,-1.0095998902343262,-0.9879471407744773,-0.45417573542578155,0
1571233759000,1.371796724666345,0.6954318586229997,-1.0095998902343262,0.5223304529559832,-0.45417573542578155,0
1571233759250,1.415330789810428,0.6954318586229997,-1.0095998902343262,-0.42619187518912044,-0.4521638469745664,0
1571233759500,1.371796724666345,0.6954318586229997,-1.0095998902343262,0.8118348603782471,-0.45417573542578155,0
1571233759750,1.3282626595222617,0.7279475637744091,-1.0445397945023878,0.2822185590991888,-0.4561860533161448,0
1571233760000,1.371796724666345,0.6954318586229997,-1.2192393158426957,0.5159872363165822,-0.45417573542578155,0
1571233760250,1.5894670503867605,0.7604632689258184,-1.3939388371830037,-0.055240566116947026,-0.45417573542578155,0
1571233760500,1.2411945292340956,0.7604632689258184,-1.9529773054719894,-0.49224590446075006,-0.4561860533161448,0
1571233760750,1.1541263989459292,0.7929789740772277,-1.987917209740051,0.1663491351527963,-0.4561860533161448,0
1571233761000,1.5023989200985943,0.5978847431687717,-1.1493595073065725,-0.40690849660534123,-0.4561860533161448,0
1571233761250,1.110592333801846,0.6629161534715904,-1.2541792201107573,0.2930443154970999,-0.4561860533161448,0
1571233761500,1.415330789810428,0.6629161534715904,-0.9397200816982029,0.4994102968322807,-0.45417573542578155,0
1571233761750,1.3282626595222617,0.5978847431687717,-0.7300806560898333,2.6153382152927533,-0.4521638469745664,0
1571233762000,1.415330789810428,0.630400448320181,-0.7999604646259565,-0.15317983102929925,-0.4521638469745664,0
1571233762250,1.371796724666345,0.6954318586229997,-0.7999604646259565,-1.9172706665576607,-0.4521638469745664,0
1571233762500,1.3282626595222617,0.5653690380173624,-0.6951407518217716,-0.1152051074147516,-0.45417573542578155,0
1571233762750,1.371796724666345,0.5978847431687717,-0.7300806560898333,-1.0695631948681044,-0.45417573542578155,0
1571233763000,1.371796724666345,0.6629161534715904,-0.8349003688940181,0.03804700659317775,-0.4561860533161448,0
1571233763250,1.371796724666345,0.6629161534715904,-0.8349003688940181,0.1830952270808151,-0.45417573542578155,0
1571233763500,1.371796724666345,0.6954318586229997,-0.8698402731620797,0.09801154789098235,-0.4521638469745664,0
1571233763750,1.371796724666345,0.6629161534715904,-0.8698402731620797,1.9526835170299908,-0.4521638469745664,0
1571233764000,1.371796724666345,0.6629161534715904,-0.8698402731620797,-0.7260991579000021,-0.4521638469745664,0
1571233764250,1.371796724666345,0.6629161534715904,-0.9047801774301413,-1.1461892518720689,-0.4521638469745664,0
1571233764500,1.371796724666345,0.6629161534715904,-0.8698402731620797,-0.6602142810720898,-0.4501519585233513,0
1571233764750,1.371796724666345,0.6954318586229997,-0.9047801774301413,-0.9262064988176405,-0.4521638469745664,0
1571233765000,1.371796724666345,0.6954318586229997,-0.9047801774301413,0.5241065536150156,-0.44814007007213624,0
1571233765250,1.371796724666345,0.6954318586229997,-0.8698402731620797,-0.17229405716936105,-0.4521638469745664,0
1571233765500,1.371796724666345,0.6954318586229997,-0.9047801774301413,0.020286000002854812,-0.4521638469745664,0
1571233765750,1.371796724666345,0.6954318586229997,-0.9397200816982029,0.5482953530665983,-0.4501519585233513,0
1571233766000,1.371796724666345,0.7279475637744091,-0.9397200816982029,-0.667318683708219,-0.4501519585233513,0
1571233766250,1.371796724666345,0.6954318586229997,-0.9397200816982029,0.6795576493912706,-0.446129752181773,0
1571233766500,1.371796724666345,0.6954318586229997,-0.9397200816982029,0.6609508805823608,-0.4501519585233513,0
1571233766750,1.415330789810428,0.6954318586229997,-0.9397200816982029,-0.5723395865609205,-0.4501519585233513,0
1571233767000,1.371796724666345,0.6954318586229997,-0.9047801774301413,0.7359699893710107,-0.4501519585233513,0
1571233767250,1.371796724666345,0.6954318586229997,-0.9047801774301413,0.09809612411284102,-0.44814007007213624,0
1571233767500,1.371796724666345,0.6954318586229997,-0.9047801774301413,-0.12560798270336931,-0.4501519585233513,0
1571233767750,1.371796724666345,0.6954318586229997,-0.9047801774301413,0.2083835174165606,-0.4501519585233513,0
1571233768000,1.371796724666345,0.6954318586229997,-0.9397200816982029,-0.7124823861807543,-0.4521638469745664,0
1571233768250,1.371796724666345,0.6954318586229997,-0.9397200816982029,0.2891538092916006,-0.4521638469745664,0
1571233768500,1.371796724666345,0.6954318586229997,-0.9047801774301413,-0.04881277325568729,-0.4501519585233513,0
1571233768750,1.371796724666345,0.6954318586229997,-0.9397200816982029,0.07999681263508338,-0.4521638469745664,0
1571233769000,1.371796724666345,0.6954318586229997,-0.9397200816982029,0.4468038868361814,-0.4501519585233513,0
1571233769250,1.371796724666345,0.6954318586229997,-0.9047801774301413,-0.4240774696426534,-0.4501519585233513,0
1571233769500,1.371796724666345,0.6954318586229997,-0.9047801774301413,0.3678096956201736,-0.44814007007213624,0
1571233769750,1.371796724666345,0.6954318586229997,-0.9397200816982029,-0.19986590549529096,-0.4501519585233513,0
1571233770000,1.371796724666345,0.6954318586229997,-0.9047801774301413,-0.4986736973220098,-0.4501519585233513,0
1571233770250,1.371796724666345,0.6954318586229997,-0.9397200816982029,0.1761599768884033,-0.44814007007213624,0
1571233770500,1.415330789810428,0.6954318586229997,-0.9047801774301413,-0.29146195376824213,-0.4521638469745664,0
1571233770750,1.3282626595222617,0.6954318586229997,-0.9397200816982029,0.3381234417477767,-0.4501519585233513,0
1571233771000,1.2847285943781785,0.6954318586229997,-0.8698402731620797,0.0829569804001372,-0.4501519585233513,0
1571233771250,1.676535180674927,0.3052433968060877,-0.6951407518217716,-0.3055861828186418,-0.44814007007213624,0
1571233771500,1.110592333801846,0.37027480710890637,-0.3806816134092172,0.15129456766195115,-0.45417573542578155,0
1571233771750,1.067058268657763,0.5003376277145437,0.003657333539460452,-0.6202943043547925,-0.4581979417673599,0
1571233772000,1.1976604640900124,0.5653690380173624,-0.17104218780084757,-0.6131053254968046,-0.4602098302185751,0
1571233772250,1.2411945292340956,0.5653690380173624,-0.2758619006050324,-0.7086764561971138,-0.46222014810893836,0
1571233772500,0.7187857475050978,1.0531046152885024,-0.6951407518217716,-0.03739498330476541,-0.4602098302185751,0
1571233772750,1.8071373761071763,1.0856203204399117,-0.9047801774301413,1.969852490067303,-0.4602098302185751,0
1571233773000,1.4588648549545111,0.7279475637744091,-1.0095998902343262,-0.18108998424266384,-0.4561860533161448,0
1571233773250,1.2847285943781785,0.6954318586229997,-0.7999604646259565,0.24601993614367354,-0.45417573542578155,0
1571233773500,1.371796724666345,0.6954318586229997,-0.7999604646259565,-0.41206764613872077,-0.45417573542578155,0
1571233773750,1.371796724666345,0.630400448320181,-0.7650205603578949,-0.37713766651108566,-0.45417573542578155,0
1571233774000,1.2847285943781785,0.6954318586229997,-0.9047801774301413,1.9306936993467336,-0.4501519585233513,0
1571233774250,1.371796724666345,0.7279475637744091,-0.9397200816982029,-0.9232463310525866,-0.4501519585233513,0
1571233774500,1.371796724666345,0.7279475637744091,-0.9397200816982029,0.1061308651894157,-0.44814007007213624,0
1571233774750,1.415330789810428,0.7279475637744091,-0.9397200816982029,0.7125423759161561,-0.4501519585233513,0
1571233775000,1.415330789810428,0.7279475637744091,-0.9047801774301413,-0.3755307182957707,-0.44814007007213624,0
1571233775250,1.415330789810428,0.6954318586229997,-0.9746599859662645,-0.346859379085678,-0.446129752181773,0
1571233775500,1.415330789810428,0.7279475637744091,-0.9047801774301413,0.08913104459582089,-0.44814007007213624,0
1571233775750,1.415330789810428,0.6954318586229997,-0.9047801774301413,0.30716854454749964,-0.4441178637305578,0
1571233776000,1.371796724666345,0.7279475637744091,-0.9746599859662645,-0.34482954976106966,-0.446129752181773,0
1571233776250,1.371796724666345,0.7279475637744091,-0.9397200816982029,-0.14480678506528982,-0.4441178637305578,0
1571233776500,1.3282626595222617,0.7279475637744091,-0.9397200816982029,-0.0518575172425998,-0.44814007007213624,0
1571233776750,1.4588648549545111,0.6954318586229997,-0.7999604646259565,-0.43168932960993467,-0.44814007007213624,0
1571233777000,1.2847285943781785,0.6629161534715904,-0.6951407518217716,0.5066838519121273,-0.4521638469745664,0
1571233777250,1.371796724666345,0.6954318586229997,-0.7650205603578949,-0.31827261609744395,-0.4501519585233513,0
1571233777500,1.371796724666345,0.6954318586229997,-0.66020084755371,-0.5437528235726865,-0.4521638469745664,0
1571233777750,1.3282626595222617,0.7279475637744091,-0.6252609432856484,-0.0251314311352567,-0.4501519585233513,0
1571233778000,1.371796724666345,0.7604632689258184,-0.66020084755371,0.08574799572147365,-0.4501519585233513,0
1571233778250,1.2411945292340956,0.7604632689258184,-0.66020084755371,0.6330407273689962,-0.44814007007213624,0
1571233778500,1.415330789810428,0.6629161534715904,-0.66020084755371,0.011067191820258619,-0.44814007007213624,0
1571233778750,1.676535180674927,0.630400448320181,-0.7300806560898333,0.38362544910774693,-0.4501519585233513,0
1571233779000,1.2411945292340956,0.8254946792286371,-0.8349003688940181,0.10469306941781813,-0.3998657411689364,0
1571233779250,1.5023989200985943,0.8580103843800464,-0.7999604646259565,-0.44040068046137876,-0.41796959610816875,0
1571233779500,1.371796724666345,0.7929789740772277,-0.8349003688940181,0.285601607973536,-0.4300377856937558,0
1571233779750,1.415330789810428,0.6954318586229997,-0.7650205603578949,1.8172769858342428,-0.5969868336841659,0
1571233780000,1.5894670503867605,0.7279475637744091,-0.8349003688940181,0.6989256041969085,-0.4441178637305578,0
1571233780250,1.371796724666345,0.7279475637744091,-0.9397200816982029,-2.198571180459632,-0.4441178637305578,0
1571233780500,1.3282626595222617,0.7604632689258184,-0.9397200816982029,-1.2704317217824708,-0.446129752181773,0
1571233780750,1.415330789810428,0.6629161534715904,-0.8349003688940181,-0.3434763302113307,-0.4441178637305578,0
1571233781000,1.3282626595222617,0.7279475637744091,-0.8349003688940181,0.061051738938738886,-0.446129752181773,0
1571233781250,1.415330789810428,0.7279475637744091,-0.7650205603578949,0.06984766601204169,-0.4441178637305578,0
1571233781500,1.5894670503867605,0.5978847431687717,-0.7650205603578949,0.2189555451488957,-0.446129752181773,0
1571233781750,1.4588648549545111,0.6954318586229997,-0.8698402731620797,0.2932134679408173,-0.4501519585233513,0
1571233782000,1.4588648549545111,0.7279475637744091,-0.8349003688940181,-0.12408561070991307,-0.44814007007213624,0
1571233782250,1.371796724666345,0.7604632689258184,-0.7999604646259565,0.19070708704809636,-0.446129752181773,0
1571233782500,1.371796724666345,0.6629161534715904,-0.7999604646259565,-0.423400859867784,-0.44814007007213624,0
1571233782750,1.3282626595222617,0.7604632689258184,-0.7300806560898333,-0.10108087836435194,-0.44814007007213624,0
1571233783000,1.3282626595222617,0.7929789740772277,-0.9397200816982029,0.49822622972625924,-0.446129752181773,0
1571233783250,1.4588648549545111,0.7604632689258184,-0.9047801774301413,0.3517402134670243,-0.446129752181773,0
1571233783500,1.371796724666345,0.7279475637744091,-0.9397200816982029,-0.17102541384148084,-0.4421059752793427,0
1571233783750,1.415330789810428,0.7279475637744091,-1.0095998902343262,-0.3331580311445717,-0.4421059752793427,0
1571233784000,1.371796724666345,0.7604632689258184,-1.1493595073065725,0.24466671659393463,-0.43808376893776435,0
1571233784250,1.3282626595222617,0.6954318586229997,-1.114419603038511,0.1480806712313213,-0.44009565738897943,0
1571233784500,1.3282626595222617,0.7279475637744091,-1.1842994115746341,0.12955847864427023,-0.43808376893776435,0
1571233784750,1.371796724666345,0.6954318586229997,-1.1842994115746341,0.0684944464623028,-0.44009565738897943,0
1571233785000,1.415330789810428,0.7279475637744091,-1.1842994115746341,0.8619039837185861,-0.44009565738897943,0
1571233785250,1.415330789810428,0.6954318586229997,-1.2192393158426957,0.8245212936570493,-0.44009565738897943,0
1571233785500,1.3282626595222617,0.7604632689258184,-1.2192393158426957,-0.48192760539399104,-0.43808376893776435,0
1571233785750,1.371796724666345,0.6954318586229997,-1.2192393158426957,-1.3043467867478018,-0.43808376893776435,0
1571233786000,1.3282626595222617,0.7604632689258184,-1.289119124378819,-2.1375917244995235,-0.43808376893776435,0
1571233786250,1.371796724666345,0.6954318586229997,-1.2541792201107573,0.7887455518108274,-0.4360718804865492,0
1571233786500,1.3282626595222617,0.7604632689258184,-1.3240590286468805,0.24534332636880407,-0.43808376893776435,0
1571233786750,1.5023989200985943,0.7279475637744091,-1.1493595073065725,0.418555428735382,-0.4360718804865492,0
1571233787000,1.2847285943781785,0.7604632689258184,-1.3240590286468805,0.8167402812460506,-0.43405999203533413,0
1571233787250,1.4588648549545111,0.7279475637744091,-1.2541792201107573,-1.070408957086691,-0.4441178637305578,0
1571233787500,2.286012092692091,1.8009658337709173,-0.9397200816982029,0.015972612688062097,-0.44009565738897943,0
1571233787750,1.4588648549545111,0.9555574998342745,-1.463818645719127,-2.4214295250572557,-0.43204967414497086,0
1571233788000,0.06577477034385075,1.3457459616511867,-1.8481575926678047,1.245203421182127,-0.4521638469745664,0
1571233788250,-0.021293359944315533,1.3457459616511867,-1.3939388371830037,0.3677251193983149,-0.4501519585233513,0
1571233788500,1.067058268657763,1.573355897711052,-1.8830974969358663,-2.5762885872805,-0.4581979417673599,0
1571233788750,-0.50016807652923,1.4432930771054147,-3.3505734761944534,-1.272715279772655,-0.4561860533161448,0
1571233789000,-0.15189555537656493,1.3457459616511867,-2.686715295101283,0.26437297628700723,-0.4521638469745664,0
1571233789250,-0.15189555537656493,1.118136025591321,-3.0710542420499607,1.6126871051580944,-0.45417573542578155,0
1571233789500,0.2399110309201833,0.14266487104904096,-2.5469556780290366,1.6926962110364063,-0.4521638469745664,0
1571233789750,0.7623198126491809,0.5653690380173624,-2.1276768268122974,1.7019150192190025,-0.4521638469745664,0
1571233790000,1.2411945292340956,0.6954318586229997,-1.8830974969358663,1.1803334590165189,-0.4501519585233513,0
1571233790250,1.067058268657763,0.7604632689258184,-1.8830974969358663,-1.4923597279396488,-0.4521638469745664,0
1571233790500,1.2411945292340956,0.7279475637744091,-1.813217688399743,-0.5900160169293849,-0.4501519585233513,0
1571233790750,1.110592333801846,0.6629161534715904,-1.5686383585233117,0.28551703175167736,-0.45417573542578155,0
1571233791000,1.3282626595222617,0.7279475637744091,-1.638518167059435,1.1054835026715863,-0.4521638469745664,0
1571233791250,1.3282626595222617,0.7929789740772277,-1.6035782627913733,-0.30736228347767414,-0.4521638469745664,0
1571233791500,1.415330789810428,0.8580103843800464,-1.463818645719127,-0.11630459829891446,-0.45417573542578155,0
1571233791750,1.4588648549545111,0.6954318586229997,-1.1842994115746341,-0.14632915705874608,-0.4501519585233513,0
1571233792000,1.371796724666345,0.7279475637744091,-1.2541792201107573,-0.9266293799269338,-0.446129752181773,0
1571233792250,1.3282626595222617,0.6954318586229997,-1.2541792201107573,0.2451741739250867,-0.4441178637305578,0
1571233792500,1.2847285943781785,0.7279475637744091,-1.3240590286468805,0.47369912538724185,-0.446129752181773,0
1571233792750,0.6752516823610146,0.8254946792286371,-0.8698402731620797,0.7328406691622394,-0.4441178637305578,0
1571233793000,1.6330011155308437,0.630400448320181,-0.10116237926472436,-0.6702788514732728,-0.4521638469745664,0
1571233793250,1.5023989200985943,0.7279475637744091,-0.3457417091411556,-0.21872640296977675,-0.44814007007213624,0
1571233793500,1.2411945292340956,0.8254946792286371,-0.4156215176772788,0.3665410522922934,-0.4521638469745664,0
1571233793750,1.2847285943781785,0.7929789740772277,-0.5553811347495252,-0.6145431212684022,-0.44814007007213624,0
1571233794000,1.371796724666345,0.7929789740772277,-0.5553811347495252,-0.9361019167751061,-0.4501519585233513,0
1571233794250,1.3282626595222617,0.7604632689258184,-0.45056142194534043,0.4208389867255664,-0.4521638469745664,0
1571233794500,1.1541263989459292,0.7279475637744091,-0.24092199633697078,0.5600514479049549,-0.4521638469745664,0
1571233794750,0.9364560732255135,0.6954318586229997,0.07353714207558366,-0.23530334245407813,-0.4521638469745664,0
1571233795000,1.0235242035136798,0.6954318586229997,0.07353714207558366,-0.699373071792659,-0.446129752181773,0
1571233795250,1.8506714412512595,0.630400448320181,0.7723352274368158,0.22589079534130752,-0.44814007007213624,0
1571233795500,1.1541263989459292,0.6629161534715904,-0.17104218780084757,0.10562340785826362,-0.44814007007213624,0
1571233795750,1.1976604640900124,0.6954318586229997,-0.3457417091411556,0.34776513103966633,-0.4501519585233513,0
1571233796000,2.1554098972598412,0.9880732049856839,-0.5204412304814636,-0.40690849660534123,-0.4501519585233513,0
1571233796250,1.2411945292340956,0.6954318586229997,-0.5903210390175868,0.16144371428499285,-0.4501519585233513,0
1571233796500,1.2847285943781785,0.6954318586229997,-0.8349003688940181,2.3079882250583084,-0.4501519585233513,0
1571233796750,1.676535180674927,0.6954318586229997,-0.7999604646259565,-0.05168836479888244,-0.4501519585233513,0
1571233797000,1.4588648549545111,0.6954318586229997,-0.8698402731620797,-1.6371542197617102,-0.44814007007213624,0
1571233797250,1.1976604640900124,0.6954318586229997,-0.7999604646259565,1.158597369998838,-0.446129752181773,0
1571233797500,1.415330789810428,0.7604632689258184,-0.9397200816982029,0.46566438431066715,-0.4501519585233513,0
1571233797750,1.2847285943781785,0.7929789740772277,-1.114419603038511,-0.0802751277871165,-0.446129752181773,0
1571233798000,1.371796724666345,0.7279475637744091,-1.0794796987704494,-0.01591262295266051,-0.44814007007213624,0
1571233798250,1.3282626595222617,0.6954318586229997,-1.0794796987704494,-1.6032391547963791,-0.446129752181773,0
1571233798500,1.371796724666345,0.7604632689258184,-1.2192393158426957,0.5618275485639871,-0.4521638469745664,0
1571233798750,1.3282626595222617,0.7279475637744091,-1.2192393158426957,1.175005157039422,-0.44814007007213624,0
1571233799000,1.3282626595222617,0.6954318586229997,-1.1842994115746341,-1.429519595098649,-0.4501519585233513,0
1571233799250,1.415330789810428,0.7279475637744091,-1.1842994115746341,-1.085040643468243,-0.44814007007213624,0
1571233799500,1.371796724666345,0.6954318586229997,-1.1842994115746341,0.40375458991011287,-0.4441178637305578,0
1571233799750,1.371796724666345,0.6954318586229997,-1.2192393158426957,0.5277433311549388,-0.446129752181773,0
1571233800000,1.415330789810428,0.7279475637744091,-1.2541792201107573,-0.8653116190793904,-0.4441178637305578,0
1571233800250,1.415330789810428,0.7279475637744091,-1.2541792201107573,0.4842711531195769,-0.446129752181773,0
1571233800500,1.371796724666345,0.7279475637744091,-1.289119124378819,-0.020141434045594545,-0.4441178637305578,0
1571233800750,1.371796724666345,0.6954318586229997,-1.2541792201107573,0.14968761944663625,-0.44814007007213624,0
1571233801000,1.3282626595222617,0.7279475637744091,-1.289119124378819,0.24728857947155372,-0.446129752181773,0
1571233801250,1.371796724666345,0.7604632689258184,-1.3240590286468805,-0.12510052537221725,-0.446129752181773,0
1571233801500,1.371796724666345,0.7279475637744091,-1.2541792201107573,0.168294388255546,-0.44814007007213624,0
1571233801750,1.371796724666345,0.7604632689258184,-1.2541792201107573,-0.1594384714468416,-0.44814007007213624,0
1571233802000,1.3282626595222617,0.7604632689258184,-1.2192393158426957,0.1646576107156227,-0.44814007007213624,0
1571233802250,1.371796724666345,0.7279475637744091,-1.2192393158426957,-0.011599235637867798,-0.446129752181773,0
1571233802500,1.3282626595222617,0.7279475637744091,-1.2192393158426957,-0.2439301170836636,-0.44814007007213624,0
1571233802750,1.371796724666345,0.7604632689258184,-1.2541792201107573,-0.7190793314857314,-0.446129752181773,0
1571233803000,1.371796724666345,0.7604632689258184,-1.2192393158426957,-2.2120187997351626,-0.44814007007213624,0
1571233803250,1.676535180674927,0.7279475637744091,-1.53369845425525,-0.01582804673080183,-0.44814007007213624,0
1571233803500,1.3282626595222617,0.6954318586229997,-1.2541792201107573,0.33677022219803787,-0.4501519585233513,0
1571233803750,1.3282626595222617,0.7279475637744091,-1.289119124378819,0.38168019600499725,-0.4501519585233513,0
1571233804000,1.371796724666345,0.6954318586229997,-1.3240590286468805,1.1801643065728016,-0.44814007007213624,0
1571233804250,1.371796724666345,0.6954318586229997,-1.3240590286468805,-0.5079770817264646,-0.446129752181773,0
1571233804500,1.3282626595222617,0.7604632689258184,-1.3240590286468805,0.424391188043631,-0.44814007007213624,0
1571233804750,1.3282626595222617,0.7604632689258184,-1.3240590286468805,1.3788338517188423,-0.44814007007213624,0
1571233805000,1.3282626595222617,0.7604632689258184,-1.3240590286468805,0.7914519909103052,-0.446129752181773,0
1571233805250,1.5023989200985943,0.7604632689258184,-1.3240590286468805,0.8109890981596604,-0.4501519585233513,0
1571233805500,1.2847285943781785,0.7604632689258184,-1.3589989329149421,0.2691092447110933,-0.446129752181773,0
1571233805750,1.3282626595222617,0.6954318586229997,-1.2541792201107573,-0.17609998715300168,-0.4501519585233513,0
1571233806000,1.371796724666345,0.7279475637744091,-1.2541792201107573,0.08811612993351671,-0.4501519585233513,0
1571233806250,1.371796724666345,0.7279475637744091,-1.2192393158426957,0.5784044880482886,-0.4521638469745664,0
1571233806500,1.3282626595222617,0.6954318586229997,-1.1493595073065725,-0.3938837584391044,-0.4561860533161448,0
1571233806750,1.3282626595222617,0.6954318586229997,-1.1842994115746341,-0.7444521980433357,-0.4561860533161448,0
1571233807000,1.2847285943781785,0.6954318586229997,-0.9746599859662645,-1.216894973345926,-0.4561860533161448,0
1571233807250,1.415330789810428,0.6954318586229997,-1.114419603038511,-0.6663037690459148,-0.45417573542578155,0
1571233807500,1.371796724666345,0.6629161534715904,-1.0794796987704494,0.20474673987663733,-0.4521638469745664,0
1571233807750,1.415330789810428,0.630400448320181,-1.0794796987704494,0.3640883418583917,-0.4521638469745664,0
1571233808000,1.8071373761071763,0.6954318586229997,-1.53369845425525,-0.2603379041242476,-0.45417573542578155,0
1571233808250,1.2411945292340956,0.6954318586229997,-1.6035782627913733,-1.2739839231005354,-0.4521638469745664,0
1571233808500,1.2847285943781785,0.6954318586229997,-1.5686383585233117,0.4151723798610348,-0.45417573542578155,0
1571233808750,1.3282626595222617,0.7279475637744091,-1.463818645719127,-0.4190028963311326,-0.45417573542578155,0
1571233809000,1.110592333801846,0.6629161534715904,-1.3939388371830037,0.857421443960076,-0.45417573542578155,0
1571233809250,1.3282626595222617,0.6629161534715904,-1.0445397945023878,-0.008639067872813976,-0.45417573542578155,0
1571233809500,1.371796724666345,0.7279475637744091,-1.114419603038511,0.4429133806306821,-0.45417573542578155,0
1571233809750,1.415330789810428,0.6954318586229997,-1.1842994115746341,-0.1751696487125562,-0.45417573542578155,0
1571233810000,1.371796724666345,0.6954318586229997,-1.289119124378819,-0.5792748367533324,-0.45417573542578155,0
1571233810250,1.2847285943781785,0.5978847431687717,-1.289119124378819,0.5735836434023437,-0.45417573542578155,0
1571233810500,1.415330789810428,0.6629161534715904,-1.6035782627913733,-0.3353570129128974,-0.4501519585233513,0
1571233810750,1.1976604640900124,0.7604632689258184,-1.7433378798636199,0.4151723798610348,-0.45417573542578155,0
1571233811000,1.3282626595222617,0.6954318586229997,-1.638518167059435,0.30471583411359787,-0.45417573542578155,0
1571233811250,1.2847285943781785,0.7279475637744091,-1.7083979755955583,0.2037318252143332,-0.45417573542578155,0
1571233811500,1.3282626595222617,0.6954318586229997,-1.4987585499871885,0.6519858010653408,-0.45417573542578155,0
1571233811750,1.3282626595222617,0.630400448320181,-1.53369845425525,-0.565066031481074,-0.45417573542578155,0
1571233812000,1.067058268657763,0.7279475637744091,-1.813217688399743,-0.09025512196644081,-0.4561860533161448,0
1571233812250,1.067058268657763,0.7604632689258184,-2.0577970182761742,-0.10091172592063458,-0.4521638469745664,0
1571233812500,1.2411945292340956,0.6954318586229997,-2.0577970182761742,0.1371703386115515,-0.4441178637305578,0
1571233812750,1.110592333801846,0.6629161534715904,-1.289119124378819,0.4896840313185325,-0.4521638469745664,0
1571233813000,1.110592333801846,0.5003376277145437,-1.8481575926678047,0.6652642678971535,-0.44814007007213624,0
1571233813250,1.0235242035136798,0.7929789740772277,-2.3023763481526056,1.3149788042155386,-0.4441178637305578,0
1571233813500,1.9812736366835089,0.6629161534715904,-1.7433378798636199,0.06781783668743335,-0.4521638469745664,0
1571233813750,1.5459329852426775,0.8580103843800464,-0.2059820920689092,-0.15960762389055896,-0.4602098302185751,0
1571233814000,1.5894670503867605,0.5978847431687717,-1.1493595073065725,-0.5439219760164039,-0.46825581346258366,0
1571233814250,1.371796724666345,0.7279475637744091,-1.4288787414510653,-1.9545687803973388,-0.45417573542578155,0
1571233814500,1.2847285943781785,0.6954318586229997,-1.3240590286468805,-0.23378097046062188,-0.4521638469745664,0
1571233814750,1.4588648549545111,0.8254946792286371,-0.9746599859662645,-0.19563709440235694,-0.45417573542578155,0
1571233815000,1.3282626595222617,0.6629161534715904,-1.0794796987704494,-0.026569226906854277,-0.4521638469745664,0
1571233815250,1.3282626595222617,0.6629161534715904,-1.53369845425525,-0.5609217966099987,-0.45417573542578155,0
1571233815500,1.3282626595222617,0.7279475637744091,-1.53369845425525,-0.08890190241670191,-0.4521638469745664,0
1571233815750,1.2411945292340956,0.7279475637744091,-1.3939388371830037,-0.605831770416958,-0.4521638469745664,0
1571233816000,1.5459329852426775,0.630400448320181,-1.4288787414510653,0.5288428220391016,-0.4521638469745664,0
1571233816250,1.1541263989459292,0.6954318586229997,-1.638518167059435,0.34201394795327605,-0.45417573542578155,0
1571233816500,1.371796724666345,0.6629161534715904,-1.638518167059435,1.1826170170067032,-0.45417573542578155,0
1571233816750,1.2847285943781785,0.6954318586229997,-1.7083979755955583,0.7029852628461253,-0.4561860533161448,0
1571233817000,1.2411945292340956,0.6629161534715904,-1.6734580713274967,-0.033758205764842134,-0.4561860533161448,0
1571233817250,1.2411945292340956,0.630400448320181,-1.5686383585233117,0.5110818154487787,-0.45417573542578155,0
1571233817500,1.3282626595222617,0.6954318586229997,-1.5686383585233117,-0.3222476985248019,-0.4581979417673599,0
1571233817750,1.1976604640900124,0.6629161534715904,-1.53369845425525,0.1266828871010751,-0.4561860533161448,0
1571233818000,1.1541263989459292,0.630400448320181,-1.8481575926678047,-1.04740422474113,-0.4561860533161448,0
1571233818250,1.1541263989459292,0.6954318586229997,-2.1276768268122974,0.23020418265610024,-0.45417573542578155,0
1571233818500,0.9364560732255135,0.630400448320181,-2.442135965224852,-0.43202763449736936,-0.45417573542578155,0
1571233818750,0.3705132263524327,0.6954318586229997,-2.512015773760975,0.5374695966686871,-0.45417573542578155,0
1571233819000,0.7623198126491809,0.7279475637744091,-2.40719606095679,0.6672095209999033,-0.4581979417673599,0
1571233819250,0.7623198126491809,0.6629161534715904,-2.4770758694929134,0.627289544282606,-0.45417573542578155,0
1571233819500,0.8058538777932641,0.6629161534715904,-2.4770758694929134,0.04616632389161109,-0.45417573542578155,0
1571233819750,0.6752516823610146,0.630400448320181,-2.512015773760975,-2.2459338647004934,-0.4521638469745664,0
1571233820000,0.7623198126491809,0.6629161534715904,-2.512015773760975,1.3461874300813916,-0.4521638469745664,0
1571233820250,0.6317176172169315,0.6629161534715904,-2.512015773760975,0.012251258926280149,-0.45417573542578155,0
1571233820500,0.7187857475050978,0.6954318586229997,-2.4770758694929134,-0.12620001625638008,-0.4521638469745664,0
1571233820750,0.6752516823610146,0.5978847431687717,-2.5469556780290366,-0.1978360761706826,-0.45417573542578155,0
1571233821000,0.7623198126491809,0.630400448320181,-2.512015773760975,-0.8226852032626153,-0.4521638469745664,0
1571233821250,0.6752516823610146,0.6629161534715904,-2.512015773760975,0.4747986162714047,-0.4521638469745664,0
1571233821500,0.6752516823610146,0.6629161534715904,-2.512015773760975,-0.7925760682809251,-0.4501519585233513,0
1571233821750,0.5446494869287652,0.6629161534715904,-2.5818955822970984,0.5712155091903006,-0.4521638469745664,0
1571233822000,0.5446494869287652,0.630400448320181,-2.6168354865651597,0.19392098347872624,-0.4501519585233513,0
1571233822250,0.6317176172169315,0.630400448320181,-2.7216551993693447,0.22851265821892663,-0.4521638469745664,0
1571233822500,0.5881835520728484,0.6629161534715904,-2.686715295101283,-0.1874332008820649,-0.4521638469745664,0
1571233822750,0.6752516823610146,0.6629161534715904,-2.6168354865651597,-0.07181750560124843,-0.4521638469745664,0
1571233823000,0.5881835520728484,0.6629161534715904,-2.6168354865651597,0.3222231120383448,-0.4501519585233513,0
1571233823250,0.6317176172169315,0.6629161534715904,-2.5818955822970984,-0.9009182084818949,-0.4501519585233513,0
1571233823500,0.5881835520728484,0.6629161534715904,-2.5818955822970984,0.013773630919736402,-0.4521638469745664,0
1571233823750,0.6317176172169315,0.6629161534715904,-2.5818955822970984,-0.17449303893768675,-0.4521638469745664,0
1571233824000,0.5881835520728484,0.6629161534715904,-2.5818955822970984,0.8186009581269416,-0.4501519585233513,0
1571233824250,0.6752516823610146,0.6629161534715904,-2.6517753908332216,-0.12958306513072732,-0.4501519585233513,0
1571233824500,0.5446494869287652,0.6629161534715904,-2.5469556780290366,-0.548150787109338,-0.4521638469745664,0
1571233824750,0.7187857475050978,0.6629161534715904,-2.5818955822970984,0.26826348249250653,-0.4501519585233513,0
1571233825000,0.6752516823610146,0.6629161534715904,-2.5469556780290366,-0.7042784926604624,-0.4521638469745664,0
1571233825250,0.6317176172169315,0.6629161534715904,-2.5469556780290366,0.7542384532924856,-0.4501519585233513,0
1571233825500,0.6317176172169315,0.6629161534715904,-2.5818955822970984,0.5095594434553224,-0.4521638469745664,0
1571233825750,0.6752516823610146,0.6954318586229997,-2.5469556780290366,-0.1300905224618794,-0.4521638469745664,0
1571233826000,0.5881835520728484,0.6954318586229997,-2.4770758694929134,0.1620357478380036,-0.4521638469745664,0
1571233826250,0.6317176172169315,0.6629161534715904,-2.4770758694929134,-0.7178106881578513,-0.4521638469745664,0
1571233826500,0.6752516823610146,0.6629161534715904,-2.512015773760975,0.4457043959520185,-0.4521638469745664,0
1571233826750,0.6752516823610146,0.6954318586229997,-2.5469556780290366,-0.3020339815005772,-0.4521638469745664,0
1571233827000,0.7187857475050978,0.6954318586229997,-2.5469556780290366,-0.10953850055021999,-0.4501519585233513,0
1571233827250,0.7187857475050978,0.6954318586229997,-2.5818955822970984,1.2937501725290095,-0.4501519585233513,0
1571233827500,0.6317176172169315,0.6629161534715904,-2.5469556780290366,-0.6420303933724734,-0.44814007007213624,0
1571233827750,0.6752516823610146,0.6629161534715904,-2.5818955822970984,0.37288426893169446,-0.4501519585233513,0
1571233828000,0.6752516823610146,0.6629161534715904,-2.512015773760975,0.27443754668819015,-0.44814007007213624,0
1571233828250,0.7187857475050978,0.6629161534715904,-2.5469556780290366,-0.3673268247754787,-0.4501519585233513,0
1571233828500,0.7623198126491809,0.6629161534715904,-2.4770758694929134,0.2965119405933058,-0.4501519585233513,0
1571233828750,0.7187857475050978,0.6629161534715904,-2.442135965224852,-0.606931261301121,-0.4501519585233513,0
1571233829000,0.8058538777932641,0.6629161534715904,-2.442135965224852,0.23773146640152282,-0.4501519585233513,0
1571233829250,1.110592333801846,0.6629161534715904,-2.40719606095679,0.2904224526194808,-0.4501519585233513,0
1571233829500,0.9799901383695966,0.7279475637744091,-1.638518167059435,-0.9733154543929255,-0.4501519585233513,0
1571233829750,1.110592333801846,0.6629161534715904,-0.6951407518217716,0.2346867224146103,-0.45417573542578155,0
1571233830000,1.5459329852426775,0.7604632689258184,-0.6951407518217716,0.11695662158732682,-0.4581979417673599,0
1571233830250,0.8929220080814304,0.5653690380173624,-0.5204412304814636,-0.0496585354742741,-0.4581979417673599,0
1571233830500,1.5894670503867605,0.5978847431687717,-0.2059820920689092,-0.5266684267572331,-0.472278019804162,0
1571233830750,1.2411945292340956,0.6629161534715904,-0.3806816134092172,-0.3647049618978596,-0.46222014810893836,0
1571233831000,1.2847285943781785,0.6629161534715904,-0.3806816134092172,1.1662938061879777,-0.4581979417673599,0
1571233831250,1.1541263989459292,0.6954318586229997,-0.48550132621340203,0.16474218693748138,-0.4561860533161448,0
1571233831500,1.067058268657763,0.5653690380173624,-0.6951407518217716,-0.028007022678451846,-0.4602098302185751,0
1571233831750,1.415330789810428,0.532853332865953,-0.5903210390175868,0.1324340701874654,-0.4581979417673599,0
1571233832000,1.5459329852426775,0.5978847431687717,-0.06622247499666276,-0.5506880737650983,-0.4581979417673599,0
1571233832250,1.1976604640900124,0.37027480710890637,-0.4156215176772788,0.012674140035573551,-0.45417573542578155,0
1571233832500,1.3282626595222617,0.630400448320181,-0.4156215176772788,0.6923286588919314,-0.4501519585233513,0
1571233832750,1.5023989200985943,0.630400448320181,-0.3806816134092172,0.3480188597052424,-0.4421059752793427,0
1571233833000,1.2411945292340956,0.5978847431687717,-0.310801804873094,-0.24266147375578337,-0.43808376893776435,0
1571233833250,1.2411945292340956,0.630400448320181,-0.3457417091411556,-0.7823423454360247,-0.4421059752793427,0
1571233833500,1.067058268657763,0.5978847431687717,-0.031282570728601154,0.16524964426863348,-0.4421059752793427,0
1571233833750,1.110592333801846,0.6629161534715904,-0.13610228353278597,0.08608630060890837,-0.4501519585233513,0
1571233834000,1.110592333801846,0.5653690380173624,-0.310801804873094,0.17734404399442483,-0.4521638469745664,0
1571233834250,1.4588648549545111,0.7279475637744091,-0.2758619006050324,0.9059681953069588,-0.4521638469745664,0
1571233834500,1.371796724666345,0.4678219225631344,-0.5903210390175868,0.5006789401601609,-0.4521638469745664,0
1571233834750,1.8071373761071763,0.9880732049856839,-0.8698402731620797,-0.6015183831021654,-0.4521638469745664,0
1571233835000,1.2411945292340956,0.7929789740772277,-0.9746599859662645,0.18639369973330366,-0.4501519585233513,0
1571233835250,0.8493879429373472,0.7604632689258184,-1.1842994115746341,-0.4313510247225,-0.4501519585233513,0
1571233835500,1.2411945292340956,0.14266487104904096,-0.8349003688940181,-0.5125441977068333,-0.45417573542578155,0
1571233835750,1.2411945292340956,0.532853332865953,-1.0445397945023878,-0.13499594332968287,-0.45417573542578155,0
1571233836000,1.2847285943781785,0.532853332865953,-1.114419603038511,0.2913527910599263,-0.45417573542578155,0
1571233836250,1.5023989200985943,0.6954318586229997,-1.289119124378819,1.0077133902029516,-0.4521638469745664,0
1571233836500,1.415330789810428,0.4027905122603157,-0.9047801774301413,1.0195540612631668,-0.45417573542578155,0
1571233836750,1.2847285943781785,0.630400448320181,-0.5204412304814636,-0.7386164387350868,-0.44814007007213624,0
1571233837000,1.110592333801846,0.37027480710890637,-0.06622247499666276,-0.9867630736684558,-0.4501519585233513,0
1571233837250,1.1541263989459292,0.4678219225631344,-0.06622247499666276,-0.3297749822702245,-0.446129752181773,0
1571233837500,1.1976604640900124,0.4678219225631344,-0.2758619006050324,-0.2273531775993622,-0.5165301423657835,0
1571233837750,1.415330789810428,0.4678219225631344,-0.48550132621340203,-0.3422922631053092,-0.4903803041825426,0
1571233838000,1.371796724666345,0.4678219225631344,-0.5204412304814636,0.7527160812990294,-0.4903803041825426,0
1571233838250,1.371796724666345,0.7279475637744091,-0.8349003688940181,-0.5454443480098601,-0.4702661313529469,0
1571233838500,1.415330789810428,0.5978847431687717,-0.66020084755371,1.3125260937816368,-0.4662439250113685,0
1571233838750,1.415330789810428,0.5978847431687717,-0.6951407518217716,-0.2846958560195477,-0.4662439250113685,0
1571233839000,1.371796724666345,0.630400448320181,-0.6252609432856484,0.5433899321987947,-0.46423203656015344,0
1571233839250,1.2847285943781785,0.5653690380173624,-0.6252609432856484,-0.7992575898077607,-0.46423203656015344,0
1571233839500,1.415330789810428,0.630400448320181,-0.7300806560898333,-0.16358270631791696,-0.46423203656015344,0
1571233839750,1.371796724666345,0.5978847431687717,-0.6252609432856484,-0.39988867019107077,-0.46423203656015344,0
1571233840000,1.371796724666345,0.5653690380173624,-0.6252609432856484,0.6084290468081202,-0.46222014810893836,0
1571233840250,1.371796724666345,0.5978847431687717,-0.66020084755371,0.22183113669209084,-0.46423203656015344,0
1571233840500,1.3282626595222617,0.5653690380173624,-0.5204412304814636,0.4956889430704988,-0.46222014810893836,0
1571233840750,1.371796724666345,0.5653690380173624,-0.5553811347495252,-0.12552340648151064,-0.46423203656015344,0
1571233841000,1.3282626595222617,0.5653690380173624,-0.5204412304814636,-0.15377186458231,-0.46222014810893836,0
1571233841250,1.371796724666345,0.5978847431687717,-0.6252609432856484,-0.11808069895794675,-0.46423203656015344,0
1571233841500,1.4588648549545111,0.6629161534715904,-0.8349003688940181,-0.5882399162703525,-0.46222014810893836,0
1571233841750,1.2847285943781785,0.5978847431687717,-0.6252609432856484,0.18867725772348803,-0.46222014810893836,0
1571233842000,1.415330789810428,0.5978847431687717,-0.7300806560898333,-0.3909235906740506,-0.4602098302185751,0
1571233842250,1.3282626595222617,0.5978847431687717,-0.7300806560898333,0.37076986338522744,-0.46423203656015344,0
1571233842500,1.3282626595222617,0.6629161534715904,-0.7650205603578949,-0.5906926267042543,-0.46423203656015344,0
1571233842750,1.371796724666345,0.630400448320181,-0.6951407518217716,0.06181292493546702,-0.46423203656015344,0
1571233843000,1.2847285943781785,0.5978847431687717,-0.7300806560898333,-0.015066860734073708,-0.4662439250113685,0
1571233843250,1.415330789810428,0.5978847431687717,-0.5903210390175868,0.9018239604358834,-0.4662439250113685,0
1571233843500,1.415330789810428,0.6629161534715904,-0.5903210390175868,-0.23462673267920872,-0.46222014810893836,0
1571233843750,1.1976604640900124,0.6629161534715904,-0.48550132621340203,1.0725833523685597,-0.44814007007213624,0
1571233844000,1.5023989200985943,0.4678219225631344,-0.7300806560898333,1.345257091640946,-0.446129752181773,0
1571233844250,1.110592333801846,0.630400448320181,-0.7999604646259565,0.013942783363453762,-0.44814007007213624,0
1571233844500,1.371796724666345,0.5653690380173624,-0.9047801774301413,-0.8249687612527997,-0.446129752181773,0
1571233844750,1.415330789810428,0.630400448320181,-0.8349003688940181,-0.872838902824813,-0.446129752181773,0
1571233845000,1.371796724666345,0.630400448320181,-0.8349003688940181,-0.2939992404240026,-0.4521638469745664,0
1571233845250,1.371796724666345,0.6629161534715904,-0.8349003688940181,-1.7767049858285333,-0.4521638469745664,0
1571233845500,1.415330789810428,0.6954318586229997,-0.8349003688940181,0.10858357562331743,-0.4521638469745664,0
1571233845750,1.371796724666345,0.630400448320181,-0.6951407518217716,-0.7449596553744878,-0.45417573542578155,0
1571233846000,1.415330789810428,0.5978847431687717,-0.66020084755371,0.7855316553801975,-0.4521638469745664,0
1571233846250,1.371796724666345,0.5978847431687717,-0.66020084755371,0.20178657211158355,-0.45417573542578155,0
1571233846500,1.3282626595222617,0.5978847431687717,-0.5903210390175868,0.7066220403860485,-0.45417573542578155,0
1571233846750,1.371796724666345,0.5978847431687717,-0.6951407518217716,0.13607084772738867,-0.4561860533161448,0
1571233847000,1.371796724666345,0.5978847431687717,-0.66020084755371,-0.1519957639232777,-0.4521638469745664,0
1571233847250,1.3282626595222617,0.5978847431687717,-0.66020084755371,0.04692750988833922,-0.4521638469745664,0
1571233847500,1.3282626595222617,0.5978847431687717,-0.66020084755371,-1.0490957491783035,-0.4521638469745664,0
1571233847750,1.371796724666345,0.5978847431687717,-0.66020084755371,0.6605279994730674,-0.4521638469745664,0
1571233848000,1.371796724666345,0.5978847431687717,-0.6252609432856484,-0.32630735717401854,-0.4521638469745664,0
1571233848250,1.371796724666345,0.5978847431687717,-0.6951407518217716,0.2931288917189586,-0.4521638469745664,0
1571233848500,1.415330789810428,0.630400448320181,-0.7650205603578949,-0.25932298946194343,-0.4521638469745664,0
1571233848750,1.415330789810428,0.5978847431687717,-0.7999604646259565,0.5966729519697636,-0.4521638469745664,0
1571233849000,1.371796724666345,0.630400448320181,-0.7999604646259565,-0.003141613451999732,-0.45417573542578155,0
1571233849250,1.415330789810428,0.630400448320181,-0.8349003688940181,0.48579352511303314,-0.45417573542578155,0
1571233849500,1.371796724666345,0.630400448320181,-0.8349003688940181,0.7670940390150052,-0.45417573542578155,0
1571233849750,1.2847285943781785,0.630400448320181,-0.8698402731620797,-0.08044428023083386,-0.4521638469745664,0
1571233850000,1.371796724666345,0.630400448320181,-0.7650205603578949,0.12558339621691225,-0.4521638469745664,0
1571233850250,1.371796724666345,0.5978847431687717,-0.7300806560898333,-0.9931908665297156,-0.4501519585233513,0
1571233850500,1.415330789810428,0.630400448320181,-0.7999604646259565,0.3132580325213246,-0.4521638469745664,0
1571233850750,1.3282626595222617,0.630400448320181,-0.7650205603578949,-0.2281143635960903,-0.4521638469745664,0
1571233851000,1.371796724666345,0.630400448320181,-0.7999604646259565,0.5019475834880412,-0.4561860533161448,0
1571233851250,1.2847285943781785,0.630400448320181,-0.6951407518217716,-0.9837183296815434,-0.45417573542578155,0
1571233851500,1.371796724666345,0.6629161534715904,-1.0095998902343262,0.17286150423591473,-0.45417573542578155,0
1571233851750,1.371796724666345,0.5978847431687717,-0.8698402731620797,-0.050588873914719584,-0.4561860533161448,0
1571233852000,1.1976604640900124,0.6629161534715904,-0.9047801774301413,-0.5939910993567429,-0.4561860533161448,0
1571233852250,1.4588648549545111,0.6629161534715904,-1.114419603038511,0.09547426123522193,-0.4561860533161448,0
1571233852500,1.415330789810428,0.6629161534715904,-0.9397200816982029,-0.8467894264923393,-0.45417573542578155,0
1571233852750,1.5459329852426775,0.7604632689258184,-1.0794796987704494,0.28450211708937323,-0.4561860533161448,0
1571233853000,1.3282626595222617,0.6954318586229997,-0.9746599859662645,0.7094976319292436,-0.4561860533161448,0
1571233853250,1.3282626595222617,0.532853332865953,-0.6252609432856484,1.147179580047916,-0.4561860533161448,0
1571233853500,1.4588648549545111,0.5653690380173624,-0.4156215176772788,-1.3573760778531945,-0.4581979417673599,0
1571233853750,1.371796724666345,0.5978847431687717,-0.5204412304814636,-0.23361181801690453,-0.4561860533161448,0
1571233854000,1.2847285943781785,0.5978847431687717,-0.3806816134092172,0.617732431212575,-0.4561860533161448,0
1571233854250,1.2847285943781785,0.5653690380173624,-0.3806816134092172,-0.1642593160927864,-0.4561860533161448,0
1571233854500,1.1541263989459292,0.5978847431687717,-0.45056142194534043,0.32306887425693154,-0.4561860533161448,0
1571233854750,1.371796724666345,0.5978847431687717,-0.45056142194534043,-0.7869094614163935,-0.4561860533161448,0
1571233855000,1.2411945292340956,0.532853332865953,-0.17104218780084757,0.16127456184127548,-0.4581979417673599,0
1571233855250,1.1541263989459292,0.5653690380173624,-0.17104218780084757,-0.6632590250590022,-0.4581979417673599,0
1571233855500,1.1541263989459292,0.5978847431687717,-0.24092199633697078,0.2697012782641041,-0.4561860533161448,0
1571233855750,1.3282626595222617,0.6629161534715904,-0.45056142194534043,0.4391074506470415,-0.4581979417673599,0
1571233856000,1.2847285943781785,0.5003376277145437,-0.48550132621340203,1.5660856069139615,-0.4561860533161448,0
1571233856250,1.1976604640900124,0.5003376277145437,-0.3806816134092172,-1.4638575411732735,-0.4581979417673599,0
1571233856500,1.3282626595222617,0.5653690380173624,-0.5903210390175868,-0.027245836681723718,-0.4581979417673599,0
1571233856750,1.2847285943781785,0.532853332865953,-0.48550132621340203,0.35503868611951284,-0.4561860533161448,0
1571233857000,1.2411945292340956,0.5653690380173624,-0.5903210390175868,0.5643648352197476,-0.4561860533161448,0
1571233857250,1.371796724666345,0.532853332865953,-0.6252609432856484,-0.29298432576169836,-0.45417573542578155,0
1571233857500,1.3282626595222617,0.5653690380173624,-0.5903210390175868,0.26378094273399644,-0.4521638469745664,0
1571233857750,1.3282626595222617,0.5653690380173624,-0.5553811347495252,-0.31285973789848837,-0.45417573542578155,0
1571233858000,1.2847285943781785,0.5978847431687717,-0.5553811347495252,-0.2281143635960903,-0.45417573542578155,0
1571233858250,1.3282626595222617,0.5653690380173624,-0.5204412304814636,0.025106844648799614,-0.4521638469745664,0
1571233858500,1.3282626595222617,0.5653690380173624,-0.5204412304814636,-0.7419149113875753,-0.4521638469745664,0
1571233858750,1.2847285943781785,0.532853332865953,-0.48550132621340203,0.04117632680194894,-0.4521638469745664,0
1571233859000,1.371796724666345,0.5978847431687717,-0.5553811347495252,-0.4628133792539291,-0.45417573542578155,0
1571233859250,1.371796724666345,0.5978847431687717,-0.5553811347495252,0.256761116319726,-0.4521638469745664,0
1571233859500,1.3282626595222617,0.5653690380173624,-0.5204412304814636,-0.48581811159949034,-0.45417573542578155,0
1571233859750,1.415330789810428,0.6629161534715904,-0.6252609432856484,0.5837327900253855,-0.45417573542578155,0
1571233860000,1.2411945292340956,0.43530621741172504,-0.3806816134092172,-0.07308614892912864,-0.45417573542578155,0
1571233860250,0.5881835520728484,0.532853332865953,-0.5553811347495252,0.3395612375193743,-0.4521638469745664,0
1571233860500,1.2847285943781785,0.7604632689258184,-0.5553811347495252,0.09623544723195006,-0.4561860533161448,0
1571233860750,1.7200692458190099,0.4678219225631344,-0.7999604646259565,-1.093751994319687,-0.46222014810893836,0
1571233861000,0.7623198126491809,0.33775910195749703,-0.031282570728601154,-0.2293830069239705,-0.46222014810893836,0
1571233861250,0.9799901383695966,0.9880732049856839,-0.4156215176772788,-0.30871550302741296,-0.4581979417673599,0
1571233861500,1.2847285943781785,0.3052433968060877,-0.031282570728601154,1.4135946789027602,-0.4581979417673599,0
1571233861750,0.9364560732255135,0.240211986503269,0.3181164719520149,0.44655015817060534,-0.4581979417673599,0
1571233862000,1.6330011155308437,0.37027480710890637,-0.5553811347495252,-0.3018648290568599,-0.446129752181773,0
1571233862250,0.5446494869287652,0.07763346074622228,0.4229361847561997,0.8783117707591701,-0.46423203656015344,0
1571233862500,1.9812736366835089,0.3052433968060877,0.9470347487771238,1.302630675824171,-0.4521638469745664,0
1571233862750,-1.0661109234023107,-1.2880261556129702,0.4229361847561997,1.6640248718263135,-0.4561860533161448,0
1571233863000,-0.15189555537656493,-1.3205418607643795,0.5277558975603845,-0.8025560624602494,-0.45417573542578155,0
1571233863250,-0.23896368566473122,-1.5481517968242449,-0.5553811347495252,-2.7569433971706423,-0.4521638469745664,0
1571233863500,-1.8497240959958072,-0.6377120525847833,0.6675155146326309,-0.22650741538077535,-0.4521638469745664,0
1571233863750,-0.1083614902324818,-0.995384809250286,-1.1493595073065725,-0.17533880115627354,-0.4602098302185751,0
1571233864000,-0.9790427931141445,-2.1009187843982033,-1.53369845425525,0.8376306080451448,-0.4602098302185751,0
1571233864250,-0.6743043371055626,-1.9058245534897476,-1.1842994115746341,-1.3653262427079105,-0.4581979417673599,0
1571233864500,0.022240705199767605,-0.9628691040988767,-1.0794796987704494,-0.08712580175766964,-0.4581979417673599,0
1571233864750,1.9377395715394257,-0.9628691040988767,-0.3457417091411556,-1.0387774501115445,-0.4561860533161448,0
1571233865000,-1.2837812491227265,-1.5156360916728355,-0.4156215176772788,0.08853901104281012,-0.4521638469745664,0
1571233865250,1.110592333801846,-0.5401649371305552,0.7024554189006925,-0.6933681600406926,-0.4521638469745664,0
1571233865500,1.110592333801846,2.3537328213448765,-0.7300806560898333,2.083015474914218,-0.4521638469745664,0
1571233865750,-0.9355087279700615,-0.9628691040988767,0.9819746530451854,-0.2157662352047229,-0.4561860533161448,0
1571233866000,1.1541263989459292,0.33775910195749703,1.0518544615813086,-0.2680343403133876,-0.45417573542578155,0
1571233866250,-0.8919746628259783,0.27272769165467836,0.9470347487771238,0.48655471110976134,-0.446129752181773,0
1571233866500,-0.36956588109698063,0.532853332865953,0.14341695061170687,2.283884001828584,-0.446129752181773,0
1571233866750,1.2411945292340956,0.11014916589763163,0.7723352274368158,-1.0446132094197935,-0.44814007007213624,0
1571233867000,1.9812736366835089,-0.3775864113735085,-1.8830974969358663,1.3893213032293188,-0.446129752181773,0
1571233867250,0.28344509606426643,0.630400448320181,0.6675155146326309,-0.6896468062789107,-0.4501519585233513,0
1571233867500,1.0235242035136798,-0.01991365470800574,1.2964337914577397,-0.35920750747704533,-0.446129752181773,0
1571233867750,0.06577477034385075,0.37027480710890637,0.9819746530451854,1.023529143690525,-0.4501519585233513,0
1571233868000,-0.6307702719614795,0.3052433968060877,0.9120948445090622,-1.5797269651196661,-0.4441178637305578,0
1571233868250,-0.7178384022496457,0.1751805762004503,1.2265539829216165,-1.5027626032282666,-0.4421059752793427,0
1571233868500,-0.7613724673937289,0.0126020504434036,1.5410131213341711,1.414947898452499,-0.44009565738897943,0
1571233868750,0.06577477034385075,0.27272769165467836,0.9120948445090622,-0.2648204438827577,-0.4441178637305578,0
1571233869000,-0.021293359944315533,0.240211986503269,0.9120948445090622,1.057359632433997,-0.4441178637305578,0
1571233869250,-0.19542962052064808,0.20769628135185966,0.9819746530451854,-1.0529862553838027,-0.4421059752793427,0
1571233869500,-0.19542962052064808,0.240211986503269,1.016914557313247,-0.8862865221003432,-0.4421059752793427,0
1571233869750,-0.15189555537656493,0.20769628135185966,0.9819746530451854,0.802869780861227,-0.43808376893776435,0
1571233870000,-0.1083614902324818,0.20769628135185966,0.9470347487771238,2.175626437849473,-0.44009565738897943,0
1571233870250,-0.021293359944315533,0.20769628135185966,0.9120948445090622,1.473982101309858,-0.43808376893776435,0
1571233870500,-0.021293359944315533,0.20769628135185966,0.9120948445090622,-0.9767830794891315,-0.44009565738897943,0
1571233870750,0.022240705199767605,0.20769628135185966,0.9120948445090622,-1.9090667730373685,-0.43808376893776435,0
1571233871000,0.022240705199767605,0.20769628135185966,0.8771549402410006,-0.40910747837366696,-0.4360718804865492,0
1571233871250,0.022240705199767605,0.20769628135185966,0.8771549402410006,-0.6927761264876818,-0.4360718804865492,0
1571233871500,0.06577477034385075,0.1751805762004503,0.8771549402410006,0.38032697645525837,-0.4360718804865492,0
1571233871750,0.06577477034385075,0.20769628135185966,0.8771549402410006,-0.762636085742952,-0.43808376893776435,0
1571233872000,0.022240705199767605,0.20769628135185966,0.8771549402410006,0.4637191312079175,-0.43405999203533413,0
1571233872250,0.022240705199767605,0.20769628135185966,0.8771549402410006,-0.9216393828372716,-0.4360718804865492,0
1571233872500,0.06577477034385075,0.20769628135185966,0.8771549402410006,0.4696394667380252,-0.4360718804865492,0
1571233872750,0.06577477034385075,0.20769628135185966,0.8771549402410006,-0.9113210837705127,-0.43808376893776435,0
1571233873000,0.06577477034385075,0.20769628135185966,0.8771549402410006,0.38870002241926777,-0.43405999203533413,0
1571233873250,0.06577477034385075,0.20769628135185966,0.8771549402410006,-1.1192094370991497,-0.43808376893776435,0
1571233873500,0.06577477034385075,0.20769628135185966,0.8771549402410006,0.6714383320928373,-0.4360718804865492,0
1571233873750,0.06577477034385075,0.20769628135185966,0.8771549402410006,-0.7814120069955792,-0.43808376893776435,0
1571233874000,-0.06482742508839867,0.20769628135185966,0.9120948445090622,0.9326942814143019,-0.43405999203533413,0
1571233874250,-1.0661109234023107,0.27272769165467836,0.7723352274368158,-0.4810818431754042,-0.43808376893776435,0
1571233874500,-1.8061900308517242,1.020588910137093,0.6675155146326309,0.9063910764162522,-0.4421059752793427,0
1571233874750,-0.021293359944315533,-0.11746077016223377,0.9819746530451854,-0.3776451238422377,-0.4421059752793427,0
1571233875000,-1.109644988546394,0.630400448320181,0.8771549402410006,-1.4707082151438267,-0.446129752181773,0
1571233875250,0.2399110309201833,0.5978847431687717,0.9470347487771238,-1.827873600053035,-0.446129752181773,0
1571233875500,-0.9790427931141445,0.43530621741172504,1.3313736957258016,-0.09752867704628734,-0.446129752181773,0
1571233875750,-0.6307702719614795,0.1751805762004503,1.1566741743854934,2.496085742472014,-0.4421059752793427,0
1571233876000,-0.9790427931141445,0.14266487104904096,1.191614078653555,0.09589714234451532,-0.4421059752793427,0
1571233876250,-0.9355087279700615,0.1751805762004503,1.191614078653555,0.8504016175458056,-0.43808376893776435,0
1571233876500,-0.8484405976818952,0.14266487104904096,1.1217342701174318,3.3642606598513707,-0.44009565738897943,0
1571233876750,-0.9790427931141445,0.14266487104904096,1.191614078653555,-0.10336443635453632,-0.44009565738897943,0
1571233877000,-0.8919746628259783,0.1751805762004503,1.1566741743854934,-0.11199121098412175,-0.4360718804865492,0
1571233877250,-0.9355087279700615,0.1751805762004503,1.1566741743854934,-1.1919449878976152,-0.4360718804865492,0
1571233877500,-0.8484405976818952,0.1751805762004503,1.1566741743854934,0.1744684524512297,-0.4360718804865492,0
1571233877750,-0.9355087279700615,0.20769628135185966,1.1566741743854934,-0.4618830408134837,-0.43405999203533413,0
1571233878000,-0.9355087279700615,0.240211986503269,1.1566741743854934,0.6264437820640192,-0.43405999203533413,0
1571233878250,-0.804906532537812,0.240211986503269,1.1566741743854934,-0.24714401351429346,-0.4360718804865492,0
1571233878500,-0.7613724673937289,0.27272769165467836,1.1566741743854934,0.20686114542310435,-0.43405999203533413,0
1571233878750,-0.7178384022496457,0.240211986503269,1.1566741743854934,-0.27708399605226647,-0.4360718804865492,0
1571233879000,-0.7178384022496457,0.11014916589763163,1.1566741743854934,-0.5297977469660042,-0.4360718804865492,0
1571233879250,-0.8484405976818952,0.3052433968060877,1.191614078653555,-0.04729040126223104,-0.43405999203533413,0
1571233879500,-0.804906532537812,0.20769628135185966,1.191614078653555,-0.7855562418666545,-0.43405999203533413,0
1571233879750,-0.8484405976818952,0.27272769165467836,1.1566741743854934,0.4490874448263658,-0.4360718804865492,0
1571233880000,-0.7178384022496457,0.240211986503269,1.1566741743854934,-0.810590803536824,-0.4360718804865492,0
1571233880250,-0.4130999462410638,0.20769628135185966,1.1566741743854934,0.6100359950234351,-0.43405999203533413,0
1571233880500,-0.804906532537812,0.240211986503269,1.191614078653555,-0.3978588408664624,-0.43405999203533413,0
1571233880750,0.28344509606426643,0.11014916589763163,1.016914557313247,0.803377238192379,-0.43405999203533413,0
1571233881000,-1.1531790536904771,0.27272769165467836,0.9470347487771238,-0.3022031339442946,-0.4360718804865492,0
1571233881250,0.6317176172169315,0.20769628135185966,0.7723352274368158,-0.11266782075899119,-0.43405999203533413,0
1571233881500,0.06577477034385075,0.20769628135185966,0.5626958018284461,-0.28977042933106856,-0.44009565738897943,0
1571233881750,0.45758135664059896,0.1751805762004503,1.645832834138356,-1.4347633208538872,-0.4360718804865492,0
1571233882000,0.6752516823610146,0.4027905122603157,0.7373953231687541,0.09217578858273338,-0.4421059752793427,0
1571233882250,0.3269791612083496,0.4678219225631344,0.6675155146326309,-2.3609575264282996,-0.44009565738897943,0
1571233882500,0.10930883548793388,0.532853332865953,0.8072751317048774,1.106667569777608,-0.44009565738897943,0
1571233882750,-1.1967131188345603,0.37027480710890637,0.4229361847561997,0.6091902328048483,-0.4421059752793427,0
1571233883000,-1.2837812491227265,0.0126020504434036,1.4012535042619247,0.44967947837937655,-0.4421059752793427,0
1571233883250,-0.7613724673937289,0.1751805762004503,1.1217342701174318,1.918176418511649,-0.43808376893776435,0
1571233883500,-0.7613724673937289,0.240211986503269,1.1217342701174318,-0.4644203274692441,-0.4360718804865492,0
1571233883750,-0.6743043371055626,0.240211986503269,1.0518544615813086,-0.18235862757054405,-0.4360718804865492,0
1571233884000,-0.7178384022496457,0.20769628135185966,1.0867943658493702,0.24069163416657663,-0.43405999203533413,0
1571233884250,-0.7613724673937289,0.1751805762004503,1.1566741743854934,2.292679928901887,-0.4360718804865492,0
1571233884500,-0.6743043371055626,0.20769628135185966,1.2265539829216165,-0.07317072515098733,-0.43405999203533413,0
1571233884750,-0.8919746628259783,-0.3775864113735085,2.1000515896231566,-1.8370078320137726,-0.4360718804865492,0
1571233885000,-0.15189555537656493,0.07763346074622228,1.1566741743854934,-0.3315510829292568,-0.43808376893776435,0
1571233885250,-0.5437021416733132,0.27272769165467836,0.9819746530451854,-0.18794065821321698,-0.43808376893776435,0
1571233885500,-0.28249775080881434,0.27272769165467836,1.016914557313247,0.8912519327035483,-0.4360718804865492,0
1571233885750,-0.36956588109698063,0.20769628135185966,1.016914557313247,0.6552842737178294,-0.43405999203533413,0
1571233886000,-0.15189555537656493,0.20769628135185966,1.016914557313247,-1.0406381269924354,-0.4360718804865492,0
1571233886250,-0.1083614902324818,0.20769628135185966,0.9120948445090622,1.489121245022562,-0.43204967414497086,0
1571233886500,-0.06482742508839867,0.240211986503269,0.9120948445090622,1.1028616397939672,-0.43405999203533413,0
1571233886750,-0.021293359944315533,0.240211986503269,0.9120948445090622,-0.4825196389470018,-0.43204967414497086,0
1571233887000,-0.021293359944315533,0.240211986503269,0.9120948445090622,-1.6093286427702043,-0.43405999203533413,0
1571233887250,-0.06482742508839867,0.240211986503269,0.9120948445090622,-0.5754689067696918,-0.43204967414497086,0
1571233887500,-0.06482742508839867,0.240211986503269,0.9470347487771238,-0.25796976991220455,-0.43204967414497086,0
1571233887750,-0.021293359944315533,0.240211986503269,0.9120948445090622,-1.1072841898170758,-0.43204967414497086,0
1571233888000,-0.021293359944315533,0.240211986503269,0.9120948445090622,0.37449121714700945,-0.43204967414497086,0
1571233888250,0.022240705199767605,0.240211986503269,0.9470347487771238,-0.22126368962553714,-0.43204967414497086,0
1571233888500,-0.021293359944315533,0.20769628135185966,0.9120948445090622,0.7040001775084294,-0.4300377856937558,0
1571233888750,-0.021293359944315533,0.20769628135185966,0.9120948445090622,-0.028260751344027887,-0.43204967414497086,0
1571233889000,-0.021293359944315533,0.20769628135185966,0.9120948445090622,-0.5377479118207202,-0.4300377856937558,0
1571233889250,-0.021293359944315533,0.20769628135185966,0.9120948445090622,-0.05963852965359842,-0.4300377856937558,0
1571233889500,-0.021293359944315533,0.20769628135185966,0.9120948445090622,-0.7852179369792198,-0.4300377856937558,0
1571233889750,-0.021293359944315533,0.20769628135185966,0.9120948445090622,0.7491638799809648,-0.43204967414497086,0
1571233890000,-0.021293359944315533,0.20769628135185966,0.9120948445090622,-0.08746410664510434,-0.4300377856937558,0
1571233890250,-0.021293359944315533,0.20769628135185966,0.9120948445090622,-0.01295245518760669,-0.4300377856937558,0
1571233890500,-0.23896368566473122,0.240211986503269,0.9120948445090622,0.12093170401468481,-0.43204967414497086,0
1571233890750,-0.021293359944315533,0.240211986503269,0.8771549402410006,-0.7012337486735498,-0.43204967414497086,0
1571233891000,0.10930883548793388,0.27272769165467836,0.8771549402410006,0.9174705614797394,-0.4300377856937558,0
1571233891250,0.2399110309201833,0.240211986503269,0.8771549402410006,-0.016081775396377875,-0.43204967414497086,0
1571233891500,0.022240705199767605,0.20769628135185966,0.8771549402410006,-0.2961982221923283,-0.4360718804865492,0
1571233891750,0.15284290063201703,0.240211986503269,0.842215035972939,-0.5961900811250684,-0.4300377856937558,0
1571233892000,0.06577477034385075,0.1751805762004503,0.8072751317048774,-0.8823114396729853,-0.43204967414497086,0
1571233892250,0.45758135664059896,0.20769628135185966,0.842215035972939,2.2322079302729305,-0.4280258972425406,0
1571233892500,0.28344509606426643,-0.2800392959192805,1.5410131213341711,0.6041156594933275,-0.43405999203533413,0
1571233892750,0.2399110309201833,0.6954318586229997,0.5277558975603845,-1.1057618178236195,-0.4360718804865492,0
1571233893000,-0.4566340113851469,0.240211986503269,1.1566741743854934,0.3004024467988051,-0.43808376893776435,0
1571233893250,-2.2850647474366386,0.20769628135185966,1.016914557313247,-1.9545687803973388,-0.43808376893776435,0
1571233893500,-1.0225768582582277,0.4678219225631344,1.1566741743854934,-2.4387676505382854,-0.4360718804865492,0
1571233893750,-1.1531790536904771,0.14266487104904096,1.2265539829216165,-0.4650123610222549,-0.4360718804865492,0
1571233894000,-1.1531790536904771,0.20769628135185966,1.2265539829216165,0.8477797546681864,-0.43808376893776435,0
1571233894250,-1.1531790536904771,0.1751805762004503,1.191614078653555,3.200098213223672,-0.43204967414497086,0
1571233894500,-1.1967131188345603,0.1751805762004503,1.191614078653555,0.8991175213364057,-0.4300377856937558,0
1571233894750,-1.0661109234023107,0.14266487104904096,1.1566741743854934,2.5714431561480984,-0.43405999203533413,0
1571233895000,-0.9355087279700615,0.07763346074622228,1.191614078653555,0.15645371719533072,-0.43204967414497086,0
1571233895250,-1.2402471839786433,0.240211986503269,1.1566741743854934,0.42938118513329315,-0.43204967414497086,0
1571233895500,-1.109644988546394,0.14266487104904096,1.2265539829216165,-1.1128662204597486,-0.4300377856937558,0
1571233895750,-1.0661109234023107,0.1751805762004503,1.1566741743854934,-0.6293439600936713,-0.43204967414497086,0
1571233896000,-1.370849379410893,0.20769628135185966,1.191614078653555,0.2361245181862079,-0.43204967414497086,0
1571233896250,-1.109644988546394,0.1751805762004503,1.191614078653555,-0.6120058346126418,-0.4300377856937558,0
1571233896500,-1.0661109234023107,0.1751805762004503,1.191614078653555,0.3304270055586368,-0.43204967414497086,0
1571233896750,-1.109644988546394,0.1751805762004503,1.191614078653555,-0.9612210546671343,-0.4300377856937558,0
1571233897000,-1.1531790536904771,0.14266487104904096,1.191614078653555,0.23967671950427247,-0.43204967414497086,0
1571233897250,-1.0661109234023107,0.1751805762004503,1.1566741743854934,-0.94354462429867,-0.4280258972425406,0
1571233897500,-1.0661109234023107,0.1751805762004503,1.191614078653555,0.8383072178200143,-0.43204967414497086,0
1571233897750,-1.0661109234023107,0.1751805762004503,1.191614078653555,-0.1756771060437083,-0.43204967414497086,0
1571233898000,-1.0661109234023107,0.1751805762004503,1.2265539829216165,0.8189392630143764,-0.43204967414497086,0
1571233898250,-1.0661109234023107,0.1751805762004503,1.191614078653555,0.002609569634390553,-0.4300377856937558,0
1571233898500,-1.0225768582582277,0.20769628135185966,1.191614078653555,-0.2762382338336796,-0.43204967414497086,0
1571233898750,-1.109644988546394,0.14266487104904096,1.191614078653555,0.07957393152578997,-0.43204967414497086,0
1571233899000,-1.109644988546394,0.1751805762004503,1.1566741743854934,-1.324898808659461,-0.4300377856937558,0
1571233899250,-0.8919746628259783,0.20769628135185966,1.2265539829216165,0.7488255750935301,-0.4300377856937558,0
1571233899500,-1.1967131188345603,0.3052433968060877,1.191614078653555,-0.21695030231074444,-0.4300377856937558,0
1571233899750,2.1554098972598412,0.5653690380173624,-0.13610228353278597,1.2052834444648297,-0.4360718804865492,0
1571233900000,0.5446494869287652,0.5653690380173624,0.4229361847561997,-0.2167811498670271,-0.43405999203533413,0
1571233900250,0.8493879429373472,-0.11746077016223377,2.309691015231526,-0.772446927478559,-0.43808376893776435,0
1571233900500,-0.8484405976818952,0.43530621741172504,0.842215035972939,-0.08619546331722414,-0.4421059752793427,0
1571233900750,-1.1531790536904771,0.3052433968060877,1.2964337914577397,-2.3630719319747664,-0.44009565738897943,0
1571233901000,-0.5437021416733132,0.532853332865953,1.0867943658493702,1.3935501143222528,-0.44009565738897943,0
1571233901250,-0.7178384022496457,0.37027480710890637,1.0518544615813086,-0.13837899220403013,-0.43808376893776435,0
1571233901500,-0.50016807652923,0.3052433968060877,0.8771549402410006,1.2572978209079184,-0.4360718804865492,0
1571233901750,-0.4566340113851469,0.33775910195749703,1.1566741743854934,-0.08069800889640989,-0.43808376893776435,0
1571233902000,-1.2837812491227265,0.33775910195749703,0.9120948445090622,0.2680943300487892,-0.43808376893776435,0
1571233902250,-0.5437021416733132,0.240211986503269,1.0518544615813086,1.2280344481448149,-0.4360718804865492,0
1571233902500,-0.021293359944315533,0.27272769165467836,0.9470347487771238,0.02240040554932183,-0.43405999203533413,0
1571233902750,-0.06482742508839867,0.240211986503269,0.9470347487771238,-0.15884643789383082,-0.4360718804865492,0
1571233903000,-0.021293359944315533,0.27272769165467836,0.9120948445090622,-1.8388685088946635,-0.4300377856937558,0
1571233903250,0.022240705199767605,0.27272769165467836,0.8771549402410006,3.726246889406524,-0.4300377856937558,0
1571233903500,0.10930883548793388,0.240211986503269,0.8771549402410006,1.7498697370128744,-0.4300377856937558,0
1571233903750,0.10930883548793388,0.27272769165467836,0.8771549402410006,-0.9937829000827263,-0.43204967414497086,0
1571233904000,0.10930883548793388,0.240211986503269,0.842215035972939,-2.336092117201847,-0.4300377856937558,0
1571233904250,0.10930883548793388,0.240211986503269,0.842215035972939,-0.08348902421774636,-0.4280258972425406,0
1571233904500,0.15284290063201703,0.27272769165467836,0.842215035972939,-0.3449141259829283,-0.4280258972425406,0
1571233904750,0.10930883548793388,0.240211986503269,0.842215035972939,0.042106665242394425,-0.4280258972425406,0
1571233905000,0.15284290063201703,0.240211986503269,0.842215035972939,-0.23953215354701218,-0.4260155793521773,0
1571233905250,0.15284290063201703,0.240211986503269,0.842215035972939,-0.08864817375112588,-0.4280258972425406,0
1571233905500,0.15284290063201703,0.27272769165467836,0.842215035972939,-0.28647195667858,-0.4280258972425406,0
1571233905750,0.19637696577610014,0.240211986503269,0.8072751317048774,-0.260253327902389,-0.4280258972425406,0
1571233906000,0.19637696577610014,0.240211986503269,0.8072751317048774,-0.17220948094750238,-0.4280258972425406,0
1571233906250,0.19637696577610014,0.240211986503269,0.8072751317048774,-0.6739156290131961,-0.4260155793521773,0
1571233906500,0.19637696577610014,0.240211986503269,0.8072751317048774,0.14393643636024597,-0.4260155793521773,0
1571233906750,0.2399110309201833,0.240211986503269,0.8072751317048774,-1.1982036283151576,-0.4280258972425406,0
1571233907000,0.19637696577610014,0.240211986503269,0.8072751317048774,0.8846549873985712,-0.4260155793521773,0
1571233907250,0.19637696577610014,0.240211986503269,0.8072751317048774,-0.25500960214715074,-0.4280258972425406,0
1571233907500,0.19637696577610014,0.240211986503269,0.8072751317048774,1.0395140496218156,-0.4260155793521773,0
1571233907750,0.19637696577610014,0.240211986503269,0.8072751317048774,0.17142370846431718,-0.4260155793521773,0
1571233908000,0.19637696577610014,0.240211986503269,0.8072751317048774,-1.3792813193145927,-0.4280258972425406,0
1571233908250,0.28344509606426643,0.240211986503269,0.8072751317048774,0.48148013779824045,-0.4260155793521773,0
1571233908500,0.19637696577610014,0.240211986503269,0.8072751317048774,-0.5489965493279246,-0.4260155793521773,0
1571233908750,-0.1083614902324818,0.27272769165467836,0.8771549402410006,1.3488938691808694,-0.42400369090096224,0
1571233909000,0.06577477034385075,0.240211986503269,0.9120948445090622,0.3631580034179462,-0.4280258972425406,0
1571233909250,0.15284290063201703,0.240211986503269,0.842215035972939,-1.3100133936123333,-0.4260155793521773,0
1571233909500,0.19637696577610014,0.240211986503269,0.8072751317048774,1.2363229178869655,-0.4280258972425406,0
1571233909750,0.2399110309201833,0.240211986503269,0.8072751317048774,-1.4872005784062692,-0.4280258972425406,0
1571233910000,0.2399110309201833,0.27272769165467836,0.8072751317048774,-0.9441366578516808,-0.4280258972425406,0
1571233910250,0.2399110309201833,0.240211986503269,0.8072751317048774,0.7842630120523173,-0.4260155793521773,0
1571233910500,0.19637696577610014,0.27272769165467836,0.8072751317048774,-1.0831799665873518,-0.42400369090096224,0
1571233910750,0.2399110309201833,0.240211986503269,0.8072751317048774,0.8047304577421179,-0.4280258972425406,0
1571233911000,0.2399110309201833,0.240211986503269,0.8072751317048774,-0.36047615080492557,-0.4260155793521773,0
1571233911250,0.19637696577610014,0.240211986503269,0.8072751317048774,1.2365766465525414,-0.4280258972425406,0
1571233911500,0.19637696577610014,0.240211986503269,0.8072751317048774,-0.019126519383290377,-0.4280258972425406,0
1571233911750,0.28344509606426643,0.240211986503269,0.8072751317048774,-0.02978312333748414,-0.4280258972425406,0
1571233912000,0.19637696577610014,0.240211986503269,0.8072751317048774,0.4121276358741223,-0.4280258972425406,0
1571233912250,0.2399110309201833,0.240211986503269,0.7723352274368158,-1.2866703563793376,-0.42400369090096224,0
1571233912500,0.28344509606426643,0.240211986503269,0.7723352274368158,1.1398214487462108,-0.4260155793521773,0
1571233912750,0.2399110309201833,0.240211986503269,0.7723352274368158,-0.1551250841320489,-0.4260155793521773,0
1571233913000,0.28344509606426643,0.240211986503269,0.7723352274368158,0.10147917298718825,-0.4260155793521773,0
1571233913250,0.28344509606426643,0.240211986503269,0.7723352274368158,0.3961427299428317,-0.4260155793521773,0
1571233913500,0.2399110309201833,0.240211986503269,0.7723352274368158,-0.9846486681219888,-0.4260155793521773,0
1571233913750,0.28344509606426643,0.240211986503269,0.7723352274368158,1.1595277084392834,-0.4280258972425406,0
1571233914000,0.2399110309201833,0.240211986503269,0.7723352274368158,0.21202029495648386,-0.4260155793521773,0
1571233914250,0.19637696577610014,0.240211986503269,0.8072751317048774,-1.4628426265109693,-0.4260155793521773,0
1571233914500,0.19637696577610014,0.240211986503269,0.8072751317048774,0.5838173662472441,-0.42400369090096224,0
1571233914750,0.19637696577610014,0.240211986503269,0.8072751317048774,-0.3356107415784734,-0.4260155793521773,0
1571233915000,0.28344509606426643,0.240211986503269,0.7723352274368158,0.3737300311502813,-0.42400369090096224,0
1571233915250,0.3269791612083496,0.240211986503269,0.7373953231687541,0.23705485662665335,-0.4260155793521773,0
1571233915500,0.28344509606426643,0.240211986503269,0.7373953231687541,-1.0037628942620507,-0.4260155793521773,0
1571233915750,0.28344509606426643,0.240211986503269,0.7723352274368158,1.066916745504028,-0.4260155793521773,0
1571233916000,0.19637696577610014,0.240211986503269,0.8072751317048774,0.3992720501516029,-0.42400369090096224,0
1571233916250,-0.06482742508839867,0.240211986503269,0.9470347487771238,-1.3195705066823642,-0.4260155793521773,0
1571233916500,0.06577477034385075,0.5978847431687717,0.4578760890242613,0.7360545655928693,-0.4280258972425406,0
1571233916750,0.022240705199767605,0.27272769165467836,1.1217342701174318,-0.33637192757520157,-0.43405999203533413,0
1571233917000,-1.109644988546394,0.045117755594812944,1.7506525469425407,0.7919594482414573,-0.43204967414497086,0
1571233917250,-0.7178384022496457,-0.18249218046505244,1.0867943658493702,-0.20477132636309442,-0.43204967414497086,0
1571233917500,0.15284290063201703,0.240211986503269,0.9470347487771238,-2.815216414031273,-0.4300377856937558,0
1571233917750,0.022240705199767605,0.27272769165467836,0.9120948445090622,1.7109646749578813,-0.4300377856937558,0
1571233918000,-0.23896368566473122,0.33775910195749703,0.9819746530451854,0.6305034407132358,-0.43204967414497086,0
1571233918250,-0.06482742508839867,0.33775910195749703,0.9470347487771238,0.13742406727712755,-0.43204967414497086,0
1571233918500,0.06577477034385075,0.3052433968060877,0.9120948445090622,0.9123114119463599,-0.43204967414497086,0
1571233918750,-0.021293359944315533,0.27272769165467836,0.9120948445090622,-1.4798424471045641,-0.4300377856937558,0
1571233919000,0.022240705199767605,0.3052433968060877,0.9120948445090622,0.11864814602450043,-0.4300377856937558,0
1571233919250,0.28344509606426643,0.37027480710890637,0.842215035972939,-0.13702577265429122,-0.43204967414497086,0
1571233919500,-0.021293359944315533,0.240211986503269,0.9120948445090622,2.0178917840830333,-0.4300377856937558,0
1571233919750,-0.021293359944315533,0.240211986503269,0.9120948445090622,-0.7773523483463625,-0.4300377856937558,0
1571233920000,0.022240705199767605,0.240211986503269,0.9120948445090622,-0.6524332686610912,-0.4300377856937558,0
1571233920250,-0.021293359944315533,0.240211986503269,0.9120948445090622,0.7659099719089836,-0.4300377856937558,0
1571233920500,0.022240705199767605,0.240211986503269,0.9120948445090622,0.04811157699436075,-0.4300377856937558,0
1571233920750,0.022240705199767605,0.240211986503269,0.9120948445090622,0.2806116108838739,-0.4280258972425406,0
1571233921000,0.022240705199767605,0.27272769165467836,0.9120948445090622,-0.27962128270802683,-0.4280258972425406,0
1571233921250,0.022240705199767605,0.27272769165467836,0.9120948445090622,-1.3725152215658984,-0.4260155793521773,0
1571233921500,0.022240705199767605,0.27272769165467836,0.8771549402410006,0.41703305674192576,-0.4260155793521773,0
1571233921750,0.022240705199767605,0.240211986503269,0.9120948445090622,-0.3948140968795499,-0.4280258972425406,0
1571233922000,-0.021293359944315533,0.1751805762004503,0.9470347487771238,0.8601278830595539,-0.4280258972425406,0
1571233922250,0.022240705199767605,0.3052433968060877,0.9819746530451854,0.2036472489924745,-0.4280258972425406,0
1571233922500,-0.19542962052064808,0.37027480710890637,0.9470347487771238,-1.4762902457864995,-0.43204967414497086,0
1571233922750,-0.23896368566473122,0.33775910195749703,0.9819746530451854,0.8515011084299684,-0.4300377856937558,0
1571233923000,-0.23896368566473122,0.33775910195749703,1.016914557313247,0.16592625404350292,-0.4300377856937558,0
1571233923250,-0.36956588109698063,0.37027480710890637,1.0518544615813086,-0.49706674910669485,-0.4300377856937558,0
1571233923500,-0.6307702719614795,0.27272769165467836,1.1566741743854934,0.08989223059254901,-0.4280258972425406,0
1571233923750,-0.7178384022496457,0.27272769165467836,1.1566741743854934,-0.35286429083764426,-0.4300377856937558,0
1571233924000,-1.2837812491227265,0.240211986503269,0.9470347487771238,0.0767829162044535,-0.4280258972425406,0
1571233924250,-0.7178384022496457,0.240211986503269,1.2265539829216165,0.39893374526416814,-0.4300377856937558,0
1571233924500,-0.6307702719614795,0.1751805762004503,1.0867943658493702,-0.16721948385784022,-0.42400369090096224,0
1571233924750,-0.804906532537812,0.20769628135185966,1.1566741743854934,0.6880998477989974,-0.4280258972425406,0
1571233925000,-0.6307702719614795,0.20769628135185966,1.1566741743854934,-1.6457809943912955,-0.4300377856937558,0
1571233925250,-0.5437021416733132,0.240211986503269,1.1566741743854934,0.7950887684502285,-0.4280258972425406,0
1571233925500,-0.6307702719614795,0.1751805762004503,1.1217342701174318,1.1465029702730465,-0.4280258972425406,0
1571233925750,-0.5872362068173963,0.27272769165467836,1.0867943658493702,-1.360420821840107,-0.42400369090096224,0
1571233926000,-0.4566340113851469,0.27272769165467836,1.0867943658493702,0.110021371394915,-0.4260155793521773,0
1571233926250,-0.28249775080881434,0.240211986503269,1.0867943658493702,-0.6875324007324437,-0.42400369090096224,0
1571233926500,-0.5437021416733132,0.27272769165467836,1.0867943658493702,0.9375151260602467,-0.4260155793521773,0
1571233926750,-0.5437021416733132,0.27272769165467836,1.0867943658493702,-0.455455247952224,-0.42400369090096224,0
1571233927000,-0.1083614902324818,0.27272769165467836,1.016914557313247,0.43454033466667263,-0.4280258972425406,0
1571233927250,-0.36956588109698063,0.0126020504434036,1.4361934085299863,0.0829569804001372,-0.4280258972425406,0
1571233927500,0.19637696577610014,0.7279475637744091,0.3879962804881381,-1.2096214182660794,-0.43405999203533413,0
1571233927750,0.022240705199767605,0.3052433968060877,0.9120948445090622,0.25143281434262904,-0.43405999203533413,0
1571233928000,-0.15189555537656493,0.3052433968060877,0.9819746530451854,-1.1884773628014091,-0.4300377856937558,0
1571233928250,-0.021293359944315533,0.4027905122603157,0.9470347487771238,-0.14184661730023604,-0.4300377856937558,0
1571233928500,-0.06482742508839867,0.37027480710890637,0.9470347487771238,-1.0101061109014517,-0.4300377856937558,0
1571233928750,0.06577477034385075,0.43530621741172504,0.9120948445090622,0.08887731593024484,-0.43204967414497086,0
1571233929000,0.06577477034385075,-0.3775864113735085,1.9602919725509103,1.2600042600073962,-0.4300377856937558,0
1571233929250,0.022240705199767605,0.5003376277145437,0.7373953231687541,-0.06648920362415156,-0.43204967414497086,0
1571233929500,-0.1083614902324818,0.33775910195749703,0.9819746530451854,1.5363147768197056,-0.4300377856937558,0
1571233929750,-0.23896368566473122,0.3052433968060877,0.9470347487771238,0.6160409067754015,-0.4280258972425406,0
1571233930000,-0.1083614902324818,0.27272769165467836,0.9819746530451854,-0.79096912006561,-0.43204967414497086,0
1571233930250,-0.06482742508839867,0.3052433968060877,0.9470347487771238,0.3677251193983149,-0.4300377856937558,0
1571233930500,0.022240705199767605,0.3052433968060877,0.9120948445090622,0.9698232428102627,-0.4300377856937558,0
1571233930750,0.022240705199767605,0.27272769165467836,0.9120948445090622,-1.6393532015300358,-0.4280258972425406,0
1571233931000,0.022240705199767605,0.27272769165467836,0.9120948445090622,-0.17288609072237182,-0.4300377856937558,0
1571233931250,-0.021293359944315533,0.27272769165467836,0.9120948445090622,0.2316419784276978,-0.4260155793521773,0
1571233931500,-0.021293359944315533,0.3052433968060877,0.9120948445090622,0.5704543231935726,-0.4280258972425406,0
1571233931750,-0.021293359944315533,0.3052433968060877,0.9120948445090622,-0.10530968945728597,-0.4280258972425406,0
1571233932000,-0.021293359944315533,0.3052433968060877,0.9120948445090622,-1.0997569060716532,-0.4280258972425406,0
1571233932250,-0.021293359944315533,0.27272769165467836,0.9120948445090622,0.6031853210528819,-0.4260155793521773,0
1571233932500,-0.021293359944315533,0.3052433968060877,0.9120948445090622,-0.17584625848742566,-0.4280258972425406,0
1571233932750,-0.021293359944315533,0.27272769165467836,0.9120948445090622,0.495096909517488,-0.4280258972425406,0
1571233933000,-0.021293359944315533,0.3052433968060877,0.9120948445090622,-0.10666290900702485,-0.4260155793521773,0
1571233933250,-0.021293359944315533,0.27272769165467836,0.9120948445090622,-1.0997569060716532,-0.4280258972425406,0
1571233933500,-0.06482742508839867,0.3052433968060877,0.9120948445090622,0.30860634031909717,-0.4260155793521773,0
1571233933750,0.06577477034385075,0.3052433968060877,0.9120948445090622,-0.5471358724470337,-0.4280258972425406,0
1571233934000,0.022240705199767605,0.3052433968060877,0.9120948445090622,0.9166247992611525,-0.4260155793521773,0
1571233934250,0.022240705199767605,0.3052433968060877,0.9120948445090622,0.16169744295056887,-0.4300377856937558,0
1571233934500,0.022240705199767605,0.3052433968060877,0.9120948445090622,-0.6048168557546539,-0.4260155793521773,0
1571233934750,0.022240705199767605,0.3052433968060877,0.9120948445090622,-0.30626279259351125,-0.4280258972425406,0
1571233935000,0.022240705199767605,0.3052433968060877,0.9120948445090622,-1.0617821824571056,-0.4260155793521773,0
1571233935250,0.022240705199767605,0.3052433968060877,0.9120948445090622,1.1974178558319724,-0.4260155793521773,0
1571233935500,0.022240705199767605,0.3052433968060877,0.9120948445090622,0.08574799572147365,-0.4280258972425406,0
1571233935750,-0.021293359944315533,0.3052433968060877,0.9120948445090622,1.0475487906983902,-0.4260155793521773,0
1571233936000,0.022240705199767605,0.3052433968060877,0.9120948445090622,0.14588168946299562,-0.4280258972425406,0
1571233936250,0.022240705199767605,0.3052433968060877,0.9120948445090622,-1.4853399015253783,-0.4260155793521773,0
1571233936500,-0.23896368566473122,0.3052433968060877,0.9819746530451854,0.7785964051877857,-0.4300377856937558,0
1571233936750,-0.28249775080881434,0.4678219225631344,0.9120948445090622,-0.004917714111032027,-0.4300377856937558,0
1571233937000,-0.15189555537656493,0.14266487104904096,1.0867943658493702,-1.19803447587144,-0.4300377856937558,0
1571233937250,-0.5437021416733132,0.20769628135185966,1.0867943658493702,0.6508863101811778,-0.4300377856937558,0
1571233937500,-0.4566340113851469,0.33775910195749703,1.1217342701174318,-0.09135461285060367,-0.4260155793521773,0
1571233937750,-0.36956588109698063,0.3052433968060877,1.0867943658493702,-0.5971204195655141,-0.4280258972425406,0
1571233938000,-0.6743043371055626,0.3052433968060877,1.0867943658493702,0.060290552942010765,-0.4280258972425406,0
1571233938250,-0.8484405976818952,0.3052433968060877,1.0867943658493702,0.44029151775306297,-0.4280258972425406,0
1571233938500,-0.6307702719614795,0.240211986503269,1.1566741743854934,0.5937973604265684,-0.4280258972425406,0
1571233938750,-0.7178384022496457,0.27272769165467836,1.1566741743854934,0.5713846616340181,-0.4300377856937558,0
1571233939000,-0.6743043371055626,0.27272769165467836,1.1217342701174318,-1.0363247396776427,-0.4300377856937558,0
1571233939250,-0.7613724673937289,0.3052433968060877,1.191614078653555,0.5920212597675362,-0.4300377856937558,0
1571233939500,-0.6743043371055626,0.27272769165467836,1.1217342701174318,-0.14201576974395339,-0.4300377856937558,0
1571233939750,-0.5872362068173963,0.3052433968060877,1.1217342701174318,0.35673021055668647,-0.4260155793521773,0
1571233940000,-0.7613724673937289,0.27272769165467836,1.1566741743854934,-0.15419474569160338,-0.4280258972425406,0
1571233940250,-0.8484405976818952,0.27272769165467836,1.1566741743854934,-1.6135574538631383,-0.4260155793521773,0
1571233940500,-0.7613724673937289,0.27272769165467836,1.1217342701174318,0.26987043070782146,-0.4280258972425406,0
1571233940750,0.3705132263524327,0.045117755594812944,0.5277558975603845,-0.47034066299935173,-0.4260155793521773,0
1571233941000,-1.0661109234023107,0.43530621741172504,0.842215035972939,1.2528152811494082,-0.43405999203533413,0
1571233941250,-1.457917509699059,0.4027905122603157,0.9819746530451854,0.2036472489924745,-0.43204967414497086,0
1571233941500,-1.6755878354194749,0.43530621741172504,0.9120948445090622,-1.394589615471014,-0.44009565738897943,0
1571233941750,-1.0661109234023107,0.43530621741172504,0.9819746530451854,-0.7710937079288201,-0.43808376893776435,0
1571233942000,-0.8919746628259783,0.43530621741172504,0.9470347487771238,-1.6944123219600369,-0.44009565738897943,0
1571233942250,-0.4130999462410638,0.045117755594812944,1.2614938871896781,2.528647587887606,-0.4360718804865492,0
1571233942500,-0.28249775080881434,0.20769628135185966,1.0518544615813086,1.1739056661552592,-0.4300377856937558,0
1571233942750,-0.15189555537656493,0.240211986503269,0.9819746530451854,0.7658253956871249,-0.4280258972425406,0
1571233943000,-0.28249775080881434,0.20769628135185966,1.016914557313247,-1.1395923065670917,-0.4260155793521773,0
1571233943250,-0.19542962052064808,0.240211986503269,0.9819746530451854,2.007150603906981,-0.4280258972425406,0
1571233943500,-0.15189555537656493,0.240211986503269,0.9819746530451854,2.460225424403933,-0.4260155793521773,0
1571233943750,-0.1083614902324818,0.240211986503269,0.9819746530451854,-1.2627352855933307,-0.4260155793521773,0
1571233944000,-0.15189555537656493,0.20769628135185966,0.9470347487771238,-1.3564457394127492,-0.4260155793521773,0
1571233944250,-0.15189555537656493,0.240211986503269,0.9819746530451854,-0.8010336904667932,-0.4260155793521773,0
1571233944500,-0.1083614902324818,0.240211986503269,1.016914557313247,0.2692783971548107,-0.4280258972425406,0
1571233944750,-0.23896368566473122,0.20769628135185966,0.9819746530451854,-0.1191801898421096,-0.4280258972425406,0
1571233945000,-0.15189555537656493,0.240211986503269,0.9819746530451854,-0.5203252101178321,-0.4300377856937558,0
1571233945250,-0.06482742508839867,0.240211986503269,0.9470347487771238,-0.15267237369814712,-0.4260155793521773,0
1571233945500,-0.1083614902324818,0.240211986503269,0.9470347487771238,-1.8648334090052785,-0.4280258972425406,0
1571233945750,-0.06482742508839867,0.240211986503269,0.9470347487771238,-0.2612682425646931,-0.4280258972425406,0
1571233946000,-0.06482742508839867,0.240211986503269,0.9470347487771238,0.7231144036484912,-0.4280258972425406,0
1571233946250,-0.021293359944315533,0.240211986503269,0.9120948445090622,0.645558008204081,-0.4280258972425406,0
1571233946500,0.022240705199767605,0.240211986503269,0.9120948445090622,0.4654952318669498,-0.4280258972425406,0
1571233946750,0.06577477034385075,0.240211986503269,0.8771549402410006,-1.1133736777909007,-0.4300377856937558,0
1571233947000,0.022240705199767605,0.240211986503269,0.8771549402410006,0.7483181177623781,-0.4280258972425406,0
1571233947250,0.06577477034385075,0.20769628135185966,0.8771549402410006,-0.23192029357973093,-0.4280258972425406,0
1571233947500,0.15284290063201703,0.240211986503269,0.842215035972939,1.1904826056395605,-0.4280258972425406,0
1571233947750,0.15284290063201703,0.240211986503269,0.842215035972939,0.311566508084151,-0.4280258972425406,0
1571233948000,0.15284290063201703,0.240211986503269,0.842215035972939,-1.1645422920154027,-0.4260155793521773,0
1571233948250,0.15284290063201703,0.240211986503269,0.842215035972939,0.54626552374199,-0.4280258972425406,0
1571233948500,0.15284290063201703,0.240211986503269,0.842215035972939,-0.20722403679699616,-0.4280258972425406,0
1571233948750,0.15284290063201703,0.20769628135185966,0.8072751317048774,0.8719685541197691,-0.4260155793521773,0
1571233949000,0.10930883548793388,0.27272769165467836,0.8771549402410006,0.13767779594270357,-0.4260155793521773,0
1571233949250,-0.28249775080881434,0.27272769165467836,0.9819746530451854,-1.0472350722974126,-0.4280258972425406,0
1571233949500,0.022240705199767605,0.11014916589763163,1.3313736957258016,0.6928361162230835,-0.4300377856937558,0
1571233949750,-0.4130999462410638,0.4678219225631344,0.842215035972939,0.06959393734646564,-0.43405999203533413,0
1571233950000,-1.9803262914280568,0.4027905122603157,1.0867943658493702,-0.6701942752514141,-0.43204967414497086,0
1571233950250,-0.36956588109698063,0.045117755594812944,1.3313736957258016,-0.030628885556070948,-0.43204967414497086,0
1571233950500,-1.1967131188345603,-0.01991365470800574,1.191614078653555,-1.911604059693129,-0.4260155793521773,0
1571233950750,-0.804906532537812,0.1751805762004503,1.1566741743854934,1.0121959299614616,-0.4260155793521773,0
1571233951000,-0.8919746628259783,0.1751805762004503,1.191614078653555,1.7103726414048706,-0.4260155793521773,0
1571233951250,-0.8919746628259783,0.1751805762004503,1.1566741743854934,-1.0899460643360461,-0.4260155793521773,0
1571233951500,-1.0225768582582277,0.27272769165467836,1.2265539829216165,2.2015067617382296,-0.4260155793521773,0
1571233951750,-1.109644988546394,0.1751805762004503,1.1566741743854934,-0.030798037999788308,-0.42400369090096224,0
1571233952000,-0.8484405976818952,0.14266487104904096,1.1566741743854934,0.7995713082087385,-0.42400369090096224,0
1571233952250,-1.4143834445549759,0.240211986503269,1.191614078653555,-0.8326651974419397,-0.4219918024497472,0
1571233952500,-1.370849379410893,0.3052433968060877,1.1566741743854934,-1.0289666083759375,-0.4219918024497472,0
1571233952750,-0.6743043371055626,0.240211986503269,1.191614078653555,-0.21458216809870137,-0.42400369090096224,0
1571233953000,-0.8484405976818952,0.20769628135185966,1.1566741743854934,-0.712313233737037,-0.4219918024497472,0
1571233953250,-0.804906532537812,0.1751805762004503,1.1566741743854934,0.5228379102871353,-0.42400369090096224,0
1571233953500,-0.804906532537812,0.3052433968060877,1.1566741743854934,-0.2561936692531723,-0.4260155793521773,0
1571233953750,-0.7613724673937289,0.20769628135185966,1.191614078653555,0.033057009503515596,-0.4280258972425406,0
1571233954000,-0.7178384022496457,0.1751805762004503,1.1566741743854934,0.059106485835989236,-0.42400369090096224,0
1571233954250,-0.8919746628259783,0.1751805762004503,1.1566741743854934,-1.3698933586882793,-0.4260155793521773,0
1571233954500,-0.8919746628259783,0.20769628135185966,1.1566741743854934,-0.4766838796387528,-0.42400369090096224,0
1571233954750,-0.804906532537812,0.27272769165467836,1.1217342701174318,1.1229907805963333,-0.42400369090096224,0
1571233955000,-0.3260318159528975,0.4027905122603157,1.1566741743854934,1.8826544053310033,-0.4260155793521773,0
1571233955250,-0.1083614902324818,0.5978847431687717,1.2265539829216165,0.38328714422031224,-0.4280258972425406,0
1571233955500,-0.4130999462410638,0.27272769165467836,1.1217342701174318,-1.3093367838374639,-0.4300377856937558,0
1571233955750,-0.6743043371055626,0.240211986503269,1.1217342701174318,-0.6824578274209228,-0.4280258972425406,0
1571233956000,-0.50016807652923,0.240211986503269,1.0867943658493702,-1.7663866867617743,-0.4280258972425406,0
1571233956250,-0.5437021416733132,0.20769628135185966,1.0867943658493702,-0.7820886167704486,-0.4260155793521773,0
1571233956500,-0.3260318159528975,0.240211986503269,1.0518544615813086,2.0060511130228185,-0.4300377856937558,0
1571233956750,-0.28249775080881434,0.240211986503269,1.016914557313247,-0.032404986215103244,-0.4280258972425406,0
1571233957000,-0.19542962052064808,0.240211986503269,1.016914557313247,0.6466574990882438,-0.4260155793521773,0
1571233957250,-0.23896368566473122,0.240211986503269,1.016914557313247,-0.6780598638842714,-0.4260155793521773,0
1571233957500,-0.23896368566473122,0.240211986503269,1.016914557313247,1.390336217891623,-0.4260155793521773,0
1571233957750,-0.3260318159528975,0.240211986503269,1.016914557313247,0.17548336711353385,-0.4260155793521773,0
1571233958000,-0.23896368566473122,0.240211986503269,1.016914557313247,0.6562146121582748,-0.4260155793521773,0
1571233958250,-0.23896368566473122,0.240211986503269,1.0518544615813086,0.577474149607843,-0.4260155793521773,0
1571233958500,-0.28249775080881434,0.240211986503269,1.016914557313247,-0.9429525907456592,-0.4260155793521773,0
1571233958750,-0.23896368566473122,0.240211986503269,1.016914557313247,0.6742293474141737,-0.4260155793521773,0
1571233959000,-0.28249775080881434,0.240211986503269,1.016914557313247,-0.33112820181996333,-0.4260155793521773,0
1571233959250,-0.28249775080881434,0.240211986503269,1.016914557313247,0.25946755541920374,-0.42400369090096224,0
1571233959500,-0.5437021416733132,0.240211986503269,1.016914557313247,0.1292201737568355,-0.4219918024497472,0
1571233959750,-0.23896368566473122,0.27272769165467836,1.016914557313247,-1.080219798822298,-0.42400369090096224,0
1571233960000,-0.23896368566473122,0.27272769165467836,1.0867943658493702,0.4769130218178717,-0.42400369090096224,0
1571233960250,-0.28249775080881434,0.240211986503269,1.0518544615813086,-0.07520055447559566,-0.42400369090096224,0
1571233960500,-0.1083614902324818,0.240211986503269,0.9819746530451854,-0.6081153284071426,-0.4260155793521773,0
1571233960750,-0.3260318159528975,0.240211986503269,1.0867943658493702,0.10655374629870909,-0.4260155793521773,0
1571233961000,-0.28249775080881434,0.37027480710890637,1.0867943658493702,-0.37899834339197663,-0.4260155793521773,0
1571233961250,-0.28249775080881434,0.33775910195749703,0.9120948445090622,0.1437672839165286,-0.42400369090096224,0
1571233961500,-0.021293359944315533,0.33775910195749703,1.016914557313247,0.6512246150686126,-0.42400369090096224,0
1571233961750,-0.15189555537656493,0.37027480710890637,1.016914557313247,-0.16442846853650375,-0.42400369090096224,0
1571233962000,-0.15189555537656493,0.37027480710890637,0.9819746530451854,0.9382763120569748,-0.42400369090096224,0
1571233962250,-0.28249775080881434,0.33775910195749703,1.016914557313247,0.315287861845933,-0.4219918024497472,0
1571233962500,-0.1083614902324818,0.33775910195749703,0.9819746530451854,0.5893148206680583,-0.42400369090096224,0
1571233962750,-0.23896368566473122,0.37027480710890637,1.016914557313247,-0.7465666035898026,-0.42400369090096224,0
1571233963000,0.2399110309201833,0.37027480710890637,1.1566741743854934,-0.6138665114935328,-0.42400369090096224,0
1571233963250,-0.06482742508839867,0.4027905122603157,1.191614078653555,-0.17390100538467598,-0.4300377856937558,0
1571233963500,-0.7613724673937289,0.33775910195749703,1.0518544615813086,-1.1255526537385507,-0.4280258972425406,0
1571233963750,-0.5872362068173963,0.37027480710890637,1.1217342701174318,-0.10801612855676375,-0.4300377856937558,0
1571233964000,-0.5872362068173963,0.4678219225631344,1.0867943658493702,-1.3836792828512443,-0.4280258972425406,0
1571233964250,-0.6743043371055626,0.4027905122603157,1.191614078653555,0.693766454663529,-0.4280258972425406,0
1571233964500,-0.7178384022496457,0.33775910195749703,1.1217342701174318,0.1419911832574963,-0.4260155793521773,0
1571233964750,-0.6743043371055626,0.37027480710890637,1.1566741743854934,1.728218224217052,-0.4300377856937558,0
1571233965000,-0.7613724673937289,0.37027480710890637,1.1217342701174318,-0.12873730291214053,-0.4280258972425406,0
1571233965250,-0.1083614902324818,0.33775910195749703,1.0867943658493702,0.2791738151122763,-0.4260155793521773,0
1571233965500,-0.19542962052064808,0.4027905122603157,0.4229361847561997,-0.31057617990830394,-0.42400369090096224,0
1571233965750,0.2399110309201833,0.6629161534715904,0.003657333539460452,-1.553508336343475,-0.4280258972425406,0
1571233966000,0.6752516823610146,1.3132302564997773,0.7373953231687541,-0.47786794674477434,-0.4360718804865492,0
1571233966250,0.2399110309201833,0.7279475637744091,0.8072751317048774,-1.9774043602991824,-0.43405999203533413,0
1571233966500,-0.15189555537656493,-0.3775864113735085,0.7373953231687541,-0.5256535120949288,-0.43405999203533413,0
1571233966750,-0.7613724673937289,-0.05242935985941508,1.016914557313247,0.8548841573043157,-0.4300377856937558,0
1571233967000,-0.5437021416733132,0.37027480710890637,1.1217342701174318,-0.7094376421938419,-0.4280258972425406,0
1571233967250,-0.7178384022496457,-0.18249218046505244,1.016914557313247,2.4923643887102322,-0.4260155793521773,0
1571233967500,-0.7613724673937289,0.07763346074622228,1.0518544615813086,1.2486710462783328,-0.4300377856937558,0
1571233967750,-0.19542962052064808,0.33775910195749703,1.0867943658493702,-0.0876332590888217,-0.4300377856937558,0
1571233968000,-0.021293359944315533,0.240211986503269,0.9120948445090622,0.7375769375863255,-0.4280258972425406,0
1571233968250,0.022240705199767605,0.27272769165467836,0.9120948445090622,-0.9452361487358436,-0.4260155793521773,0
1571233968500,-0.021293359944315533,0.240211986503269,0.9120948445090622,0.8187701105706591,-0.42400369090096224,0
1571233968750,-0.021293359944315533,0.240211986503269,0.9120948445090622,0.5754443202832347,-0.4280258972425406,0
1571233969000,-0.1083614902324818,0.240211986503269,0.9470347487771238,0.9856389962978359,-0.4260155793521773,0
1571233969250,-0.15189555537656493,0.240211986503269,0.9470347487771238,-0.39430663954839784,-0.4280258972425406,0
1571233969500,-0.1083614902324818,0.240211986503269,0.9470347487771238,-0.4004807037440815,-0.4280258972425406,0
1571233969750,-0.1083614902324818,0.240211986503269,0.9470347487771238,-0.06750411828645572,-0.4260155793521773,0
1571233970000,-0.1083614902324818,0.240211986503269,0.9470347487771238,-1.1127816442378902,-0.4260155793521773,0
1571233970250,-0.1083614902324818,0.240211986503269,0.9470347487771238,0.1493493145592015,-0.4260155793521773,0
1571233970500,-0.1083614902324818,0.240211986503269,0.9470347487771238,-0.7078306939785269,-0.42400369090096224,0
1571233970750,0.022240705199767605,0.27272769165467836,0.9120948445090622,0.4950123332956294,-0.4260155793521773,0
1571233971000,0.2399110309201833,0.27272769165467836,0.9470347487771238,-0.49655929177554275,-0.4260155793521773,0
1571233971250,-0.15189555537656493,0.27272769165467836,1.016914557313247,0.6683090118840661,-0.42400369090096224,0
1571233971500,-0.23896368566473122,0.27272769165467836,0.9819746530451854,-0.3361181989096255,-0.4280258972425406,0
1571233971750,-0.19542962052064808,0.27272769165467836,0.9819746530451854,0.46828624718828626,-0.4260155793521773,0
1571233972000,-0.19542962052064808,0.27272769165467836,1.016914557313247,-0.5769067025412894,-0.4260155793521773,0
1571233972250,-0.19542962052064808,0.27272769165467836,0.9819746530451854,-0.661229195734394,-0.42400369090096224,0
1571233972500,-0.15189555537656493,0.27272769165467836,0.9819746530451854,0.19730403235307345,-0.4260155793521773,0
1571233972750,-0.19542962052064808,0.27272769165467836,0.9819746530451854,-1.0230462728458298,-0.42400369090096224,0
1571233973000,-0.19542962052064808,0.27272769165467836,0.9819746530451854,0.5991256624036654,-0.4260155793521773,0
1571233973250,-0.19542962052064808,0.27272769165467836,0.9819746530451854,-0.4417539000111177,-0.4260155793521773,0
1571233973500,-0.19542962052064808,0.27272769165467836,0.9819746530451854,1.0876379198594048,-0.4260155793521773,0
1571233973750,-0.19542962052064808,0.27272769165467836,0.9819746530451854,-0.11241409209341514,-0.42400369090096224,0
1571233974000,-0.15189555537656493,0.27272769165467836,0.9819746530451854,0.5784044880482886,-0.4260155793521773,0
1571233974250,-0.15189555537656493,0.27272769165467836,0.9819746530451854,0.19146827304482447,-0.42400369090096224,0
1571233974500,-0.15189555537656493,0.27272769165467836,0.9819746530451854,-1.1189557084335737,-0.4219918024497472,0
1571233974750,-0.15189555537656493,0.27272769165467836,0.9819746530451854,0.5130270685515284,-0.4260155793521773,0
1571233975000,-0.15189555537656493,0.27272769165467836,0.9819746530451854,-0.27826806315828795,-0.42400369090096224,0
1571233975250,-0.15189555537656493,0.27272769165467836,0.9819746530451854,0.9620422303992641,-0.42400369090096224,0
1571233975500,-0.15189555537656493,0.27272769165467836,0.9819746530451854,0.05589258940535937,-0.42400369090096224,0
1571233975750,-0.15189555537656493,0.27272769165467836,0.9819746530451854,-0.8347796029884067,-0.4260155793521773,0
1571233976000,-0.19542962052064808,0.240211986503269,0.9819746530451854,0.2143038529466683,-0.42400369090096224,0
1571233976250,-0.15189555537656493,0.27272769165467836,0.9819746530451854,-0.4829425200562952,-0.4260155793521773,0
1571233976500,-0.15189555537656493,0.27272769165467836,0.9819746530451854,0.8803416000837786,-0.42400369090096224,0
1571233976750,-0.15189555537656493,0.27272769165467836,0.9819746530451854,-0.06166835897820676,-0.4260155793521773,0
1571233977000,-0.19542962052064808,0.27272769165467836,0.9819746530451854,-0.4491120313128229,-0.42400369090096224,0
1571233977250,-0.23896368566473122,0.33775910195749703,0.9470347487771238,0.1585681227417977,-0.42400369090096224,0
1571233977500,-0.7613724673937289,0.37027480710890637,1.0518544615813086,-0.6497268295616134,-0.4280258972425406,0
1571233977750,-0.50016807652923,0.5653690380173624,0.7373953231687541,0.9042766708697851,-0.4280258972425406,0
1571233978000,-0.3260318159528975,0.240211986503269,1.1566741743854934,0.09826527655655838,-0.4300377856937558,0
1571233978250,-0.19542962052064808,0.4027905122603157,1.1217342701174318,-0.0247085500259633,-0.4280258972425406,0
1571233978500,0.15284290063201703,0.43530621741172504,0.842215035972939,1.9771260451471493,-0.4300377856937558,0
1571233978750,-1.762655965707641,0.5653690380173624,0.7723352274368158,-2.3336394067679453,-0.43204967414497086,0
1571233979000,-1.8932581611398904,0.07763346074622228,1.3313736957258016,0.1494338907810602,-0.4280258972425406,0
1571233979250,-0.9790427931141445,0.1751805762004503,1.0867943658493702,-0.16096084344029785,-0.42400369090096224,0
1571233979500,-0.9790427931141445,0.14266487104904096,1.2614938871896781,-0.8752916132587146,-0.4219918024497472,0
1571233979750,-1.2402471839786433,0.1751805762004503,1.191614078653555,-0.18667201488533675,-0.42400369090096224,0
1571233980000,-1.1531790536904771,0.14266487104904096,1.191614078653555,-0.6708708850262836,-0.4219918024497472,0
1571233980250,-1.1967131188345603,0.1751805762004503,1.191614078653555,1.531240203508185,-0.4219918024497472,0
1571233980500,-1.0225768582582277,0.1751805762004503,1.1566741743854934,0.16973218402714355,-0.4219918024497472,0
1571233980750,-1.0225768582582277,0.1751805762004503,1.191614078653555,1.1081053655492055,-0.4219918024497472,0
1571233981000,-0.804906532537812,0.1751805762004503,1.191614078653555,-0.7924069158372077,-0.419979913998532,0
1571233981250,-1.0225768582582277,0.20769628135185966,1.1566741743854934,0.6787118871726838,-0.419979913998532,0
1571233981500,-1.0661109234023107,0.20769628135185966,1.191614078653555,-0.3438992113206242,-0.4219918024497472,0
1571233981750,-0.8919746628259783,0.37027480710890637,1.1566741743854934,0.41068984010252474,-0.42400369090096224,0
1571233982000,-0.8484405976818952,-0.4751335268277365,1.645832834138356,0.12828983531639002,-0.4260155793521773,0
1571233982250,-0.1083614902324818,0.5978847431687717,0.7024554189006925,-1.1507563678524375,-0.4280258972425406,0
1571233982500,-0.06482742508839867,0.240211986503269,1.0867943658493702,-0.29205398732125293,-0.4300377856937558,0
1571233982750,-0.5437021416733132,0.240211986503269,1.0867943658493702,-1.8860620406918074,-0.4260155793521773,0
1571233983000,-0.36956588109698063,0.27272769165467836,1.0518544615813086,1.1390602627494826,-0.4260155793521773,0
1571233983250,-0.36956588109698063,0.240211986503269,1.016914557313247,-0.058285310103859525,-0.42400369090096224,0
1571233983500,-0.23896368566473122,0.27272769165467836,1.016914557313247,0.9666093463796328,-0.4260155793521773,0
1571233983750,-0.1083614902324818,0.27272769165467836,0.9819746530451854,0.6640802007911321,-0.4260155793521773,0
1571233984000,-0.15189555537656493,0.27272769165467836,0.9819746530451854,-0.32292430829967134,-0.4260155793521773,0
1571233984250,-0.19542962052064808,0.27272769165467836,0.9819746530451854,0.4715001436189161,-0.4260155793521773,0
1571233984500,-0.19542962052064808,0.240211986503269,0.9819746530451854,-0.6472741191277116,-0.4260155793521773,0
1571233984750,-0.19542962052064808,0.27272769165467836,0.9819746530451854,0.7654025145778315,-0.42400369090096224,0
1571233985000,-0.23896368566473122,0.240211986503269,0.9819746530451854,-0.31277516167662966,-0.42400369090096224,0
1571233985250,-0.19542962052064808,0.27272769165467836,0.9819746530451854,0.890829051594255,-0.42400369090096224,0
1571233985500,-0.15189555537656493,0.27272769165467836,0.9819746530451854,-0.06547428896184739,-0.42400369090096224,0
1571233985750,-0.15189555537656493,0.27272769165467836,0.9819746530451854,0.3214619260416166,-0.4260155793521773,0
1571233986000,-0.19542962052064808,0.27272769165467836,0.9819746530451854,-0.010584320975563631,-0.4260155793521773,0
1571233986250,-0.28249775080881434,0.27272769165467836,1.016914557313247,-0.7657654059517233,-0.42400369090096224,0
1571233986500,-0.23896368566473122,0.27272769165467836,0.9470347487771238,0.16601083026536162,-0.4260155793521773,0
1571233986750,-0.6743043371055626,0.3052433968060877,1.2614938871896781,-0.8379089231971779,-0.4260155793521773,0
1571233987000,-0.36956588109698063,-0.31255500107068984,1.8205323554786639,0.766079124352701,-0.4260155793521773,0
1571233987250,0.8493879429373472,0.20769628135185966,0.8072751317048774,0.07686749242631218,-0.4280258972425406,0
1571233987500,-0.7613724673937289,-0.3450707062220992,1.3663135999938631,1.2635564613254606,-0.4260155793521773,0
1571233987750,-0.4566340113851469,0.5653690380173624,1.0518544615813086,0.7611737034848974,-0.43204967414497086,0
1571233988000,-0.6307702719614795,0.532853332865953,1.4012535042619247,-2.4802945754708974,-0.43204967414497086,0
1571233988250,-1.2837812491227265,0.20769628135185966,1.016914557313247,-1.3901070757125038,-0.4300377856937558,0
1571233988500,-0.9790427931141445,0.07763346074622228,1.0867943658493702,-0.6247768441133026,-0.4300377856937558,0
1571233988750,-0.36956588109698063,0.8254946792286371,0.9819746530451854,0.8765356701001379,-0.4280258972425406,0
1571233989000,0.19637696577610014,0.240211986503269,0.5976357060965077,0.33770056063848336,-0.43204967414497086,0
1571233989250,1.5023989200985943,0.5003376277145437,-0.13610228353278597,0.25067162834590095,-0.4300377856937558,0
1571233989500,0.9364560732255135,0.5003376277145437,0.2831765676839533,0.10469306941781813,-0.43204967414497086,0
1571233989750,0.45758135664059896,0.4678219225631344,0.6675155146326309,-1.0310810139224045,-0.4280258972425406,0
1571233990000,0.5011154217846822,0.4678219225631344,0.6675155146326309,1.7114721322890334,-0.4300377856937558,0
1571233990250,0.5011154217846822,0.4678219225631344,0.6325756103645693,1.6776416435455612,-0.4260155793521773,0
1571233990500,0.41404729149651587,0.43530621741172504,0.6325756103645693,-0.6798359645433036,-0.4280258972425406,0
1571233990750,0.5881835520728484,0.4678219225631344,0.6325756103645693,-1.525429030686393,-0.4280258972425406,0
1571233991000,0.45758135664059896,0.43530621741172504,0.6325756103645693,-0.9262064988176405,-0.4280258972425406,0
1571233991250,0.5446494869287652,0.43530621741172504,0.6325756103645693,0.7392684620234992,-0.4280258972425406,0
1571233991500,0.5446494869287652,0.4678219225631344,0.5976357060965077,-0.10920019566278528,-0.4300377856937558,0
1571233991750,0.5011154217846822,0.4678219225631344,0.5976357060965077,0.9963801764738884,-0.4260155793521773,0
1571233992000,0.5011154217846822,0.43530621741172504,0.5976357060965077,0.12118543268026086,-0.4260155793521773,0
1571233992250,0.5011154217846822,0.43530621741172504,0.5976357060965077,-0.06344445963723905,-0.4260155793521773,0
1571233992500,0.5446494869287652,0.4678219225631344,0.5976357060965077,0.1769211628851314,-0.4260155793521773,0
1571233992750,0.45758135664059896,0.4678219225631344,0.5976357060965077,-1.1074533422607933,-0.4280258972425406,0
1571233993000,0.6317176172169315,0.4678219225631344,0.5626958018284461,0.33304886843625586,-0.42400369090096224,0
1571233993250,0.5446494869287652,0.4678219225631344,0.5976357060965077,-0.4097840881485364,-0.4260155793521773,0
1571233993500,0.6317176172169315,0.43530621741172504,0.6325756103645693,0.8331480682866348,-0.4260155793521773,0
1571233993750,0.5446494869287652,0.4678219225631344,0.5976357060965077,-0.11072256765624153,-0.4280258972425406,0
1571233994000,0.5881835520728484,0.4678219225631344,0.6325756103645693,-0.06014598698475051,-0.4280258972425406,0
1571233994250,0.5011154217846822,0.4678219225631344,0.5976357060965077,0.14512050346626745,-0.4260155793521773,0
1571233994500,0.5011154217846822,0.4678219225631344,0.6325756103645693,-0.8682717868444442,-0.42400369090096224,0
1571233994750,0.5446494869287652,0.5003376277145437,0.5976357060965077,0.6782044298415317,-0.4260155793521773,0
1571233995000,0.6317176172169315,0.4678219225631344,0.5976357060965077,-0.28029789248289627,-0.4280258972425406,0
1571233995250,0.5881835520728484,0.43530621741172504,0.5976357060965077,0.20550792587336547,-0.4260155793521773,0
1571233995500,0.28344509606426643,0.4678219225631344,0.5976357060965077,-0.03223583377138588,-0.4280258972425406,0
1571233995750,0.5446494869287652,0.43530621741172504,0.5976357060965077,-1.289968829031826,-0.42400369090096224,0
1571233996000,0.5881835520728484,0.43530621741172504,0.5976357060965077,1.0421359124994347,-0.4280258972425406,0
1571233996250,0.5446494869287652,0.43530621741172504,0.5976357060965077,0.19561250791589985,-0.4280258972425406,0
1571233996500,0.41404729149651587,0.43530621741172504,0.5976357060965077,-0.2588155321307914,-0.4280258972425406,0
1571233996750,0.41404729149651587,0.43530621741172504,0.6675155146326309,0.24424383548464124,-0.4280258972425406,0
1571233997000,0.5881835520728484,0.43530621741172504,0.5976357060965077,-0.47820625163220903,-0.4280258972425406,0
1571233997250,0.5881835520728484,0.43530621741172504,0.5976357060965077,0.9653407030517526,-0.4280258972425406,0
1571233997500,0.5881835520728484,0.43530621741172504,0.5626958018284461,0.16321981494402513,-0.4280258972425406,0
1571233997750,0.5446494869287652,0.43530621741172504,0.5976357060965077,-0.7569694788784205,-0.4280258972425406,0
1571233998000,0.5446494869287652,0.43530621741172504,0.5976357060965077,0.26445755250886593,-0.4260155793521773,0
1571233998250,0.5011154217846822,0.4678219225631344,0.6675155146326309,-0.28359636513538483,-0.4280258972425406,0
1571233998500,0.45758135664059896,0.43530621741172504,0.6325756103645693,0.7908599573572944,-0.4260155793521773,0
1571233998750,0.5446494869287652,0.43530621741172504,0.6325756103645693,0.13260322263118274,-0.4280258972425406,0
1571233999000,0.45758135664059896,0.43530621741172504,0.6325756103645693,-0.810337074871248,-0.4280258972425406,0
1571233999250,0.7187857475050978,0.43530621741172504,0.49281599329232295,0.4696394667380252,-0.4280258972425406,0
1571233999500,0.7187857475050978,0.7929789740772277,0.5976357060965077,-0.27184027029702823,-0.4300377856937558,0
1571233999750,0.7623198126491809,0.4027905122603157,0.21329675914783008,0.37136189693823823,-0.43405999203533413,0
1571234000000,1.3282626595222617,0.07763346074622228,0.003657333539460452,-0.034011934430418174,-0.4360718804865492,0
1571234000250,-0.3260318159528975,0.7929789740772277,2.0651116853550953,-0.8999878700414494,-0.43405999203533413,0
1571234000500,-1.457917509699059,0.5653690380173624,1.8205323554786639,0.30412380056058713,-0.43204967414497086,0
1571234000750,-3.1992801154623844,-0.08494506501082442,1.5759530256022327,-0.2553479070345855,-0.4300377856937558,0
1571234001000,-0.8919746628259783,0.4678219225631344,1.0518544615813086,0.5300268891451232,-0.43405999203533413,0
1571234001250,-0.7613724673937289,0.4678219225631344,0.9470347487771238,0.4507789692635394,-0.4280258972425406,0
1571234001500,-0.5437021416733132,0.3052433968060877,1.1217342701174318,0.5307034989199926,-0.43204967414497086,0
1571234001750,-0.06482742508839867,0.240211986503269,0.9470347487771238,-0.36521241922901165,-0.4260155793521773,0
1571234002000,-0.06482742508839867,0.240211986503269,0.9470347487771238,-2.8929419619194006,-0.4280258972425406,0
1571234002250,0.022240705199767605,0.240211986503269,0.9470347487771238,0.3267056517968548,-0.4280258972425406,0
1571234002500,-0.021293359944315533,0.240211986503269,0.9120948445090622,-0.51660385635605,-0.4260155793521773,0
1571234002750,-0.021293359944315533,0.240211986503269,0.9120948445090622,1.7502926181221679,-0.4260155793521773,0
1571234003000,-0.021293359944315533,0.20769628135185966,0.9120948445090622,0.09056884036741845,-0.4260155793521773,0
1571234003250,-0.06482742508839867,0.240211986503269,0.9120948445090622,-0.40022697507850546,-0.4260155793521773,0
1571234003500,-0.021293359944315533,0.240211986503269,0.9120948445090622,0.058683604726695836,-0.4260155793521773,0
1571234003750,0.022240705199767605,0.240211986503269,0.9120948445090622,-1.051041002281053,-0.42400369090096224,0
1571234004000,0.06577477034385075,0.240211986503269,0.9120948445090622,0.5432207797550774,-0.42400369090096224,0
1571234004250,0.022240705199767605,0.240211986503269,0.8771549402410006,-0.19648285662094372,-0.42400369090096224,0
1571234004500,0.06577477034385075,0.240211986503269,0.8771549402410006,0.9013165031047313,-0.4260155793521773,0
1571234004750,0.06577477034385075,0.240211986503269,0.8771549402410006,-0.39007782845546385,-0.42400369090096224,0
1571234005000,0.022240705199767605,0.240211986503269,0.9120948445090622,0.47462946382768734,-0.4260155793521773,0
1571234005250,0.06577477034385075,0.240211986503269,0.8771549402410006,-0.12467764426292384,-0.42400369090096224,0
1571234005500,0.06577477034385075,0.240211986503269,0.8771549402410006,-0.3813664776040197,-0.4260155793521773,0
1571234005750,0.022240705199767605,0.240211986503269,0.8771549402410006,0.19857267568095366,-0.42400369090096224,0
1571234006000,0.19637696577610014,0.11014916589763163,0.9819746530451854,-1.0260910168327424,-0.42400369090096224,0
1571234006250,-0.804906532537812,0.27272769165467836,1.0518544615813086,0.4773359029271651,-0.4260155793521773,0
1571234006500,-0.50016807652923,0.240211986503269,1.0518544615813086,-0.7365866094104785,-0.4219918024497472,0
1571234006750,0.022240705199767605,0.27272769165467836,1.0867943658493702,0.875689907881551,-0.42400369090096224,0
1571234007000,-0.28249775080881434,0.240211986503269,0.9819746530451854,-0.19470675596191145,-0.4219918024497472,0
1571234007250,-0.19542962052064808,0.27272769165467836,0.9470347487771238,1.5101807242653733,-0.4260155793521773,0
1571234007500,-0.15189555537656493,0.27272769165467836,0.9470347487771238,-0.04593718171249215,-0.42400369090096224,0
1571234007750,-0.23896368566473122,0.240211986503269,0.9819746530451854,-1.0596677769106386,-0.42400369090096224,0
1571234008000,-0.15189555537656493,0.240211986503269,0.9819746530451854,-0.015320589399649748,-0.4219918024497472,0
1571234008250,-0.1083614902324818,0.240211986503269,0.9819746530451854,-0.5685336565772799,-0.419979913998532,0
1571234008500,-0.06482742508839867,0.240211986503269,0.9470347487771238,0.27663652845651593,-0.4219918024497472,0
1571234008750,-0.15189555537656493,0.240211986503269,0.9819746530451854,-0.7620440521899413,-0.4219918024497472,0
1571234009000,-0.1083614902324818,0.240211986503269,0.9470347487771238,0.7188855925555572,-0.4219918024497472,0
1571234009250,-0.1083614902324818,0.240211986503269,0.9819746530451854,-0.3988737555287666,-0.419979913998532,0
1571234009500,-0.06482742508839867,0.240211986503269,0.9470347487771238,0.9775196789994026,-0.4219918024497472,0
1571234009750,-0.021293359944315533,0.240211986503269,0.9470347487771238,-0.1240010344880544,-0.42400369090096224,0
1571234010000,-0.1083614902324818,0.240211986503269,0.9470347487771238,0.7734372556544062,-0.42400369090096224,0
1571234010250,-0.021293359944315533,0.240211986503269,0.9470347487771238,-0.0702105573859335,-0.42400369090096224,0
1571234010500,-0.021293359944315533,0.240211986503269,0.9470347487771238,-0.018534485830279612,-0.4219918024497472,0
1571234010750,-0.06482742508839867,0.27272769165467836,0.9120948445090622,0.08989223059254901,-0.4219918024497472,0
1571234011000,0.022240705199767605,0.240211986503269,0.9120948445090622,-1.2016712534113634,-0.4219918024497472,0
1571234011250,0.022240705199767605,0.240211986503269,0.9120948445090622,0.36890918650433646,-0.42400369090096224,0
1571234011500,-0.021293359944315533,0.240211986503269,0.9120948445090622,-0.6143739688246849,-0.419979913998532,0
1571234011750,0.022240705199767605,0.240211986503269,0.9120948445090622,0.9609427395151012,-0.4219918024497472,0
1571234012000,-0.021293359944315533,0.240211986503269,0.9120948445090622,-0.1962291279553677,-0.419979913998532,0
1571234012250,-0.06482742508839867,0.240211986503269,0.9470347487771238,0.8884609173822119,-0.4219918024497472,0
1571234012500,-0.06482742508839867,0.240211986503269,0.9120948445090622,-0.0929615610659186,-0.42400369090096224,0
1571234012750,-0.06482742508839867,0.20769628135185966,0.9470347487771238,-0.5511955310962504,-0.4219918024497472,0
1571234013000,-0.021293359944315533,0.240211986503269,0.9470347487771238,0.07162376667107398,-0.42400369090096224,0
1571234013250,-0.021293359944315533,0.240211986503269,0.9470347487771238,-1.1294431599440502,-0.419979913998532,0
1571234013500,-0.06482742508839867,0.240211986503269,0.9470347487771238,0.6545230877211011,-0.4219918024497472,0
1571234013750,-0.1083614902324818,0.240211986503269,0.9819746530451854,-0.20874640879045245,-0.419979913998532,0
1571234014000,-0.23896368566473122,0.20769628135185966,1.016914557313247,1.011350167742875,-0.4219918024497472,0
1571234014250,-0.7613724673937289,0.1751805762004503,1.2614938871896781,-0.232427750910883,-0.419979913998532,0
1571234014500,-1.5449856399872253,0.11014916589763163,1.1217342701174318,-0.3842420691472148,-0.419979913998532,0
1571234014750,-1.1531790536904771,0.3052433968060877,1.2265539829216165,0.26826348249250653,-0.419979913998532,0
1571234015000,-0.6307702719614795,0.27272769165467836,1.0867943658493702,-0.95572360024632,-0.42400369090096224,0
1571234015250,-0.36956588109698063,0.240211986503269,1.0518544615813086,1.444887880990472,-0.4219918024497472,0
1571234015500,-0.5872362068173963,0.240211986503269,1.0867943658493702,-0.5352106251649598,-0.4219918024497472,0
1571234015750,-0.5437021416733132,0.240211986503269,1.1217342701174318,0.2747758515756249,-0.419979913998532,0
1571234016000,-0.50016807652923,0.20769628135185966,1.1217342701174318,-0.3547249677185353,-0.41796959610816875,0
1571234016250,-0.6307702719614795,0.20769628135185966,1.1217342701174318,0.1222849235644237,-0.41796959610816875,0
1571234016500,-0.6307702719614795,0.20769628135185966,1.0867943658493702,0.154254735427005,-0.41796959610816875,0
1571234016750,-0.4566340113851469,0.240211986503269,1.1217342701174318,-0.5577079001793688,-0.419979913998532,0
1571234017000,-0.50016807652923,0.240211986503269,1.1217342701174318,0.11188204827580599,-0.41796959610816875,0
1571234017250,-0.50016807652923,0.20769628135185966,1.0867943658493702,-1.1381545107954942,-0.41595770765695367,0
1571234017500,-0.4566340113851469,0.240211986503269,1.0867943658493702,0.2625968756279749,-0.41796959610816875,0
1571234017750,-0.50016807652923,0.240211986503269,1.0867943658493702,-0.8013719953542278,-0.419979913998532,0
1571234018000,-0.4566340113851469,0.20769628135185966,1.0867943658493702,0.78087996317797,-0.41796959610816875,0
1571234018250,-0.4130999462410638,0.20769628135185966,1.0867943658493702,-0.2687955263101157,-0.41796959610816875,0
1571234018500,-0.36956588109698063,0.240211986503269,1.0518544615813086,1.0811255507762865,-0.41796959610816875,0
1571234018750,-0.36956588109698063,0.240211986503269,1.0518544615813086,0.01250498759185619,-0.41796959610816875,0
1571234019000,-0.4130999462410638,0.240211986503269,1.0518544615813086,0.6645030819004254,-0.41796959610816875,0
1571234019250,-0.36956588109698063,0.240211986503269,1.0518544615813086,-0.08628003953908281,-0.41394581920573853,0
1571234019500,-0.36956588109698063,0.240211986503269,1.0518544615813086,-0.6405080213790172,-0.41796959610816875,0
1571234019750,-0.36956588109698063,0.240211986503269,1.0518544615813086,0.13547881417437788,-0.41595770765695367,0
1571234020000,-0.36956588109698063,0.240211986503269,1.0518544615813086,-1.1465275567595035,-0.41595770765695367,0
1571234020250,-0.3260318159528975,0.240211986503269,1.0518544615813086,0.6414983495548643,-0.41595770765695367,0
1571234020500,-0.28249775080881434,0.240211986503269,1.0518544615813086,-0.3572622543742957,-0.41394581920573853,0
1571234020750,-0.3260318159528975,0.240211986503269,1.0518544615813086,1.1355926376532768,-0.41394581920573853,0
1571234021000,-0.28249775080881434,0.20769628135185966,1.0518544615813086,-0.11622002207705578,-0.41595770765695367,0
1571234021250,-0.28249775080881434,0.240211986503269,1.0518544615813086,-0.08661834442651754,-0.41595770765695367,0
1571234021500,-0.28249775080881434,0.240211986503269,1.0518544615813086,0.1769211628851314,-0.41595770765695367,0
1571234021750,-0.28249775080881434,0.20769628135185966,1.016914557313247,-1.2420986874598128,-0.41595770765695367,0
1571234022000,-0.28249775080881434,0.20769628135185966,1.016914557313247,0.8212228210045607,-0.41394581920573853,0
1571234022250,-0.23896368566473122,0.240211986503269,0.9819746530451854,-0.20113454882317117,-0.41595770765695367,0
1571234022500,-0.19542962052064808,0.240211986503269,0.9819746530451854,0.8881226124947772,-0.41595770765695367,0
1571234022750,-0.28249775080881434,0.240211986503269,1.016914557313247,0.014957698025757929,-0.41595770765695367,0
1571234023000,-0.19542962052064808,0.240211986503269,1.016914557313247,-0.9442212340735394,-0.41394581920573853,0
1571234023250,-0.23896368566473122,0.240211986503269,1.016914557313247,0.1366628812803994,-0.41595770765695367,0
1571234023500,-0.19542962052064808,0.240211986503269,1.016914557313247,-1.0589911671357692,-0.41595770765695367,0
1571234023750,-0.19542962052064808,0.240211986503269,1.016914557313247,0.9585746053030582,-0.41595770765695367,0
1571234024000,-0.23896368566473122,0.240211986503269,1.016914557313247,-0.11588171718962105,-0.41595770765695367,0
1571234024250,-0.23896368566473122,0.240211986503269,1.016914557313247,0.9630571450615683,-0.4119355013153752,0
1571234024500,-0.23896368566473122,0.240211986503269,1.016914557313247,-0.11249866831527383,-0.41595770765695367,0
1571234024750,-0.28249775080881434,0.20769628135185966,1.016914557313247,-0.3415310771085811,-0.41394581920573853,0
1571234025000,-0.6743043371055626,0.1751805762004503,1.2265539829216165,0.11298153915996882,-0.41595770765695367,0
1571234025250,-0.8919746628259783,0.5003376277145437,1.0867943658493702,-1.1892385487981374,-0.41796959610816875,0
1571234025500,-0.36956588109698063,0.4027905122603157,0.6675155146326309,0.5486336579540331,-0.41796959610816875,0
1571234025750,-1.2402471839786433,0.240211986503269,1.0867943658493702,-0.18684116732905415,-0.4219918024497472,0
1571234026000,-0.9790427931141445,0.37027480710890637,1.016914557313247,2.3756492025452527,-0.4219918024497472,0
1571234026250,-0.28249775080881434,0.3052433968060877,1.191614078653555,1.1047223166748583,-0.4219918024497472,0
1571234026500,-1.2402471839786433,0.6629161534715904,1.0518544615813086,-2.1852081374059606,-0.42400369090096224,0
1571234026750,-1.1967131188345603,-0.4751335268277365,1.191614078653555,-2.7054364780587052,-0.42400369090096224,0
1571234027000,-1.2402471839786433,-1.3855732710671982,0.07353714207558366,-1.328873891086819,-0.4219918024497472,0
1571234027250,-0.3260318159528975,-1.5806675019756542,-0.5204412304814636,0.42168474894415325,-0.41796959610816875,0
1571234027500,-0.4566340113851469,-1.5806675019756542,-0.6252609432856484,-0.6855025714078352,-0.3777396798881257,0
1571234027750,-0.28249775080881434,-1.6131832071270635,-0.6951407518217716,2.4921952362665145,-0.19469866540969819,0
1571234028000,-0.6307702719614795,-1.6456989122784729,-0.7650205603578949,0.9136646314960988,-0.1564822082017221,0
1571234028250,-0.7178384022496457,-1.9708559637925664,-0.9746599859662645,2.224004036752638,-0.20274464865370687,0
1571234028500,-1.9803262914280568,-2.003371668943976,-2.966234529245776,1.3425506525414683,-0.3576255070585301,0
1571234028750,0.41404729149651587,-0.8653219886446487,0.038597237807522056,0.034917686384406565,-0.8122117811386277,0
1571234029000,0.3269791612083496,-1.0929319247045142,-0.2059820920689092,-0.2815665358107765,-0.5849186440985789,0
1571234029250,0.7623198126491809,-1.3855732710671982,-0.13610228353278597,-0.7265220390092955,-0.43204967414497086,0
1571234029500,0.19637696577610014,-1.0604162195531048,-0.6252609432856484,-2.241282172498266,-0.7800278481625934,0
1571234029750,0.6752516823610146,-1.3530575659157889,-0.4156215176772788,-3.5942479935715808,-0.8081880042361976,0
1571234030000,0.3705132263524327,-0.995384809250286,-0.3457417091411556,0.8834709202925497,-0.6452611625873658,0
1571234030250,-0.3260318159528975,-2.26349731015525,-0.9746599859662645,1.971713166948194,-0.8202577643826363,0
1571234030500,-0.50016807652923,-1.7432460277327009,-1.289119124378819,0.9734600203501859,-0.8262918591754298,0
1571234030750,-0.15189555537656493,-1.6782146174298822,-0.5204412304814636,-0.4274605185170006,-0.7518676920889892,0
1571234031000,-0.19542962052064808,-1.6456989122784729,-0.6252609432856484,-0.6307817558652689,-0.7196853296738065,0
1571234031250,-0.5437021416733132,-1.6456989122784729,-0.7300806560898333,-1.037001349452512,-0.7317535192593935,0
1571234031500,-0.23896368566473122,-1.6456989122784729,-0.4156215176772788,-0.057439547885272724,-0.7277313129178151,0
1571234031750,-0.3260318159528975,-1.8082774380355195,-0.9047801774301413,0.9534154557696787,-0.7116393464297979,0
1571234032000,-1.0661109234023107,-1.4506046813700169,-0.24092199633697078,0.3450586919401885,-0.7357772961618237,0
1571234032250,-0.50016807652923,-2.458591541063706,-0.5204412304814636,0.36603359496114135,-0.5426784099881725,0
1571234032500,-0.804906532537812,-1.4506046813700169,-0.6252609432856484,-0.8435755300617094,-0.586930532549794,0
1571234032750,0.3705132263524327,-1.2229947453101515,-0.7999604646259565,0.963902907280155,-0.5829067556473638,0
1571234033000,-0.4130999462410638,-2.26349731015525,-0.7999604646259565,-0.842137734290112,-0.5306102204025855,0
1571234033250,-0.6743043371055626,-1.8082774380355195,-1.0445397945023878,0.19933386167768177,-0.6271588782089852,0
1571234033500,-0.06482742508839867,-1.5481517968242449,-0.310801804873094,-1.2037010827359718,-0.5064722706705598,0
1571234033750,-1.2837812491227265,-2.1009187843982033,-1.0794796987704494,0.6732990089737283,-0.4964159695361879,0
1571234034000,-0.3260318159528975,-2.165950194701022,-1.3240590286468805,-0.9091221020021869,-0.4441178637305578,0
1571234034250,-0.6307702719614795,-1.6131832071270635,-0.9746599859662645,0.1668565924839484,-0.44814007007213624,0
1571234034500,-1.5014515748431423,-1.4831203865214262,0.07353714207558366,-0.44581355866033434,-0.44009565738897943,0
1571234034750,-0.7178384022496457,-1.5156360916728355,-0.7999604646259565,1.1122496004202809,-0.4219918024497472,0
1571234035000,-0.5437021416733132,-1.5481517968242449,-0.6951407518217716,-0.9108136264393606,-0.42400369090096224,0
1571234035250,-0.5437021416733132,-1.8407931431869289,-0.8349003688940181,0.4782662413676106,-0.4219918024497472,0
1571234035500,-0.7178384022496457,-1.3205418607643795,-1.0445397945023878,0.8305262054090157,-0.42400369090096224,0
1571234035750,-0.50016807652923,-1.1904790401587422,-0.3457417091411556,0.7492484562028235,-0.4219918024497472,0
1571234036000,0.3269791612083496,-0.995384809250286,0.1783568548797685,-1.9431509904464168,-0.42400369090096224,0
1571234036250,0.6752516823610146,-2.0684030792467945,-0.9746599859662645,-0.01286787896574801,-0.42400369090096224,0
1571234036500,-0.06482742508839867,-0.7677748731904207,-1.0095998902343262,-0.6695176654765446,-0.5688266776105617,0
1571234036750,1.763603310963093,-1.0929319247045142,-1.3589989329149421,1.078588264120526,-0.4903803041825426,0
1571234037000,0.45758135664059896,-0.6051963474333739,-1.2541792201107573,0.24881095146500998,-0.4219918024497472,0
1571234037250,1.110592333801846,-0.9303533989474674,-0.8349003688940181,0.22411469468227524,-0.43204967414497086,0
1571234037500,0.06577477034385075,-1.1254476298559235,-1.0794796987704494,-1.4451661961425049,-0.5688266776105617,0
1571234037750,0.3269791612083496,-1.1579633350073328,-0.9746599859662645,2.572542647032261,-0.7297416308081784,0
1571234038000,-1.0661109234023107,-1.7432460277327009,-1.114419603038511,1.6270650628740702,-0.5688266776105617,0
1571234038250,-0.021293359944315533,-0.7677748731904207,-0.4156215176772788,-0.5408772320294915,-0.5064722706705598,0
1571234038500,-0.6307702719614795,-0.8653219886446487,-1.463818645719127,-1.6408755735234921,-0.3978554232785731,0
1571234038750,0.5011154217846822,-1.4831203865214262,-1.0095998902343262,-1.079966070156722,-0.4219918024497472,0
1571234039000,0.9364560732255135,-1.8407931431869289,-1.3589989329149421,-1.3495104892203371,-0.41796959610816875,0
1571234039250,-0.4130999462410638,-0.6702277577361927,-0.7300806560898333,0.9704152763632734,-0.4581979417673599,0
1571234039500,1.2411945292340956,-1.6131832071270635,-0.5204412304814636,-1.1941439696659408,-0.4441178637305578,0
1571234039750,-0.19542962052064808,-1.4506046813700169,-1.289119124378819,1.1354234852095593,-0.407911724412945,0
1571234040000,0.5881835520728484,-1.5481517968242449,-0.5903210390175868,-0.24333808353065284,-0.4944040810849728,0
1571234040250,1.5894670503867605,-1.6131832071270635,-0.17104218780084757,1.1273041679111262,-0.6492849394897959,0
1571234040500,1.5023989200985943,-1.0279005144016955,0.5277558975603845,0.17556794333539252,-0.6211247834161917,0
1571234040750,0.28344509606426643,-1.4506046813700169,-0.8698402731620797,1.5898515252562506,-0.40388951807136664,0
1571234041000,0.3269791612083496,-1.3205418607643795,-0.66020084755371,2.123612061406384,-0.5406665215369575,0
1571234041250,-1.8497240959958072,-1.8733088483383382,-1.3240590286468805,-0.46551981835340694,-0.4119355013153752,0
1571234041500,-0.50016807652923,-0.6702277577361927,-0.7650205603578949,-2.0365231393784002,-0.5668163597201984,0
1571234041750,-0.021293359944315533,-1.3205418607643795,-1.1493595073065725,-0.16146830077144994,-0.5225642371585769,0
1571234042000,-0.28249775080881434,-1.8407931431869289,-0.9397200816982029,1.3406899756605775,-0.5044603822193446,0
1571234042250,0.8929220080814304,-2.26349731015525,-1.2541792201107573,1.345595396528381,-0.5285983319513704,0
1571234042500,-0.50016807652923,-1.0929319247045142,-0.9746599859662645,-0.44344542444829127,-0.44814007007213624,0
1571234042750,2.111875832115758,-1.7432460277327009,0.038597237807522056,-0.9129280319858276,-0.41595770765695367,0
1571234043000,0.022240705199767605,-1.4180889762186075,-0.9746599859662645,-0.7613674424150718,-0.41595770765695367,0
1571234043250,0.45758135664059896,-1.4180889762186075,-1.0445397945023878,0.1882543766141946,-0.46222014810893836,0
1571234043500,-1.2402471839786433,-1.5806675019756542,-1.289119124378819,0.9890220451721832,-0.3455573174729431,0
1571234043750,-0.1083614902324818,-0.8328062834932394,-0.5204412304814636,-1.2181636166738063,-0.42400369090096224,0
1571234044000,-0.6743043371055626,-1.1254476298559235,-1.0445397945023878,-0.41705764322838296,-0.41394581920573853,0
1571234044250,0.022240705199767605,-1.6456989122784729,-1.1842994115746341,-0.41147561258570997,-0.41595770765695367,0
1571234044500,0.45758135664059896,-2.0684030792467945,-0.9746599859662645,0.6973186559815936,-0.41595770765695367,0
1571234044750,-0.7178384022496457,-1.0604162195531048,-0.5903210390175868,0.10410103586480736,-0.4521638469745664,0
1571234045000,1.067058268657763,-2.165950194701022,0.3530563762200765,-0.0899168170790061,-0.41394581920573853,0
1571234045250,0.10930883548793388,-1.5156360916728355,-1.1493595073065725,0.3029397334545656,-0.41394581920573853,0
1571234045500,0.5881835520728484,-1.1904790401587422,-0.9746599859662645,0.9539229131008307,-0.41394581920573853,0
1571234045750,-1.2837812491227265,-1.6131832071270635,-1.0794796987704494,2.4008529166591397,-0.41595770765695367,0
1571234046000,0.19637696577610014,-0.6702277577361927,-0.45056142194534043,-0.9959818818510521,-0.41394581920573853,0
1571234046250,0.7623198126491809,-1.9058245534897476,-1.1842994115746341,-2.414832579752279,-0.41394581920573853,0
1571234046500,-0.23896368566473122,-1.9383402586411569,-1.53369845425525,-0.03223583377138588,-0.41595770765695367,0
1571234046750,0.3269791612083496,-1.8407931431869289,-0.9746599859662645,0.760497093710028,-0.41796959610816875,0
1571234047000,-0.36956588109698063,-1.6456989122784729,-1.5686383585233117,-0.8560928108967942,-0.41796959610816875,0
1571234047250,-0.4566340113851469,-0.995384809250286,-0.5903210390175868,-0.913350913095121,-0.41595770765695367,0
1571234047500,0.3705132263524327,-1.4831203865214262,-1.53369845425525,-0.5728470438920726,-0.41595770765695367,0
1571234047750,0.022240705199767605,-1.2880261556129702,-0.9746599859662645,0.6930898448886595,-0.41394581920573853,0
1571234048000,1.1541263989459292,-1.8733088483383382,-0.7650205603578949,0.5511709446097934,-0.4119355013153752,0
1571234048250,0.3269791612083496,-1.1904790401587422,-0.6951407518217716,0.5572604325836185,-0.41394581920573853,0
1571234048500,-0.28249775080881434,-1.2229947453101515,-0.2758619006050324,-1.0970504669721755,-0.44009565738897943,0
1571234048750,-0.9355087279700615,-1.4506046813700169,-1.9529773054719894,0.8111582506033778,-0.41595770765695367,0
1571234049000,-0.23896368566473122,-1.3855732710671982,-0.9397200816982029,0.25506959188255235,-0.41595770765695367,0
1571234049250,-1.7191219005635578,-1.8082774380355195,-1.1842994115746341,2.326933298754653,-0.41595770765695367,0
1571234049500,-0.50016807652923,-0.6702277577361927,-0.7999604646259565,-0.1231552722694676,-0.41595770765695367,0
1571234049750,-0.50016807652923,-0.7352591680390114,-1.2541792201107573,-4.356448904962011,-0.41394581920573853,0
1571234050000,-0.06482742508839867,-1.4831203865214262,-0.9746599859662645,0.08135003218482226,-0.41796959610816875,0
1571234050250,-0.06482742508839867,-2.003371668943976,-1.2541792201107573,0.7276815196288599,-0.41394581920573853,0
1571234050500,-0.50016807652923,-0.7677748731904207,-0.8698402731620797,1.713671114057359,-0.4300377856937558,0
1571234050750,0.3705132263524327,-1.8733088483383382,-1.2192393158426957,-1.8322715635896865,-0.41394581920573853,0
1571234051000,-0.1083614902324818,-1.7432460277327009,-1.3589989329149421,0.42160017272229455,-0.41796959610816875,0
1571234051250,0.5011154217846822,-1.3530575659157889,-0.9047801774301413,0.7467111695470631,-0.4119355013153752,0
1571234051500,-0.7613724673937289,-1.9383402586411569,-1.1842994115746341,2.3330227867284776,-0.41394581920573853,0
1571234051750,-0.1083614902324818,-0.897837693796058,-0.3457417091411556,-1.1577761942667082,-0.41394581920573853,0
1571234052000,-0.5872362068173963,-0.8653219886446487,-1.2541792201107573,-1.0699860759773976,-0.41394581920573853,0
1571234052250,-0.15189555537656493,-1.4831203865214262,-1.0095998902343262,0.46676387519483004,-0.41394581920573853,0
1571234052500,0.3269791612083496,-1.8082774380355195,-0.9397200816982029,1.2635564613254606,-0.41394581920573853,0
1571234052750,0.10930883548793388,-1.6456989122784729,-0.9047801774301413,0.0021021123032384692,-0.41595770765695367,0
1571234053000,0.28344509606426643,-1.2229947453101515,-0.45056142194534043,-3.8198127772686825,-0.41394581920573853,0
1571234053250,-0.8919746628259783,-1.0929319247045142,-1.4288787414510653,0.19628911769076926,-0.41394581920573853,0
1571234053500,0.06577477034385075,-1.2880261556129702,-1.3240590286468805,0.28593991286097076,-0.41394581920573853,0
1571234053750,0.6752516823610146,-1.9383402586411569,-1.2192393158426957,2.287689931812225,-0.4280258972425406,0
1571234054000,0.022240705199767605,-0.995384809250286,-0.3457417091411556,-0.9314502245728786,-0.41394581920573853,0
1571234054250,1.7200692458190099,-1.6456989122784729,-0.3457417091411556,-1.1905071921260175,-0.41394581920573853,0
1571234054500,-0.3260318159528975,-1.4831203865214262,-1.7433378798636199,-0.04289243772557965,-0.4119355013153752,0
1571234054750,-0.5437021416733132,-1.3855732710671982,-1.0445397945023878,2.337167021599553,-0.41595770765695367,0
1571234055000,-0.6307702719614795,-1.1579633350073328,-1.3240590286468805,2.7963313300703305,-0.41394581920573853,0
1571234055250,-0.3260318159528975,-0.5726806422819646,-0.7650205603578949,-0.13550340066083497,-0.41394581920573853,0
1571234055500,-0.021293359944315533,-1.5806675019756542,-1.0095998902343262,-3.7793853432202327,-0.4119355013153752,0
1571234055750,-0.15189555537656493,-1.9383402586411569,-0.9047801774301413,-1.5506327448002797,-0.4119355013153752,0
1571234056000,0.3269791612083496,-1.3205418607643795,-0.8349003688940181,1.0719067425936901,-0.41394581920573853,0
1571234056250,-0.15189555537656493,-1.1904790401587422,-0.8698402731620797,1.0905135114026,-0.4119355013153752,0
1571234056500,-0.19542962052064808,-0.702743462887602,-0.6252609432856484,0.3040392243387284,-0.41595770765695367,0
1571234056750,0.022240705199767605,-1.4180889762186075,-0.8698402731620797,-1.1100752051384124,-0.4119355013153752,0
1571234057000,-0.021293359944315533,-1.4180889762186075,-1.0445397945023878,0.552608740381391,-0.41394581920573853,0
1571234057250,0.19637696577610014,-1.3855732710671982,-1.0095998902343262,0.6359163189121914,-0.4099236128641601,0
1571234057500,0.28344509606426643,-1.3855732710671982,-1.0445397945023878,1.548409176545497,-0.41394581920573853,0
1571234057750,0.2399110309201833,-1.3530575659157889,-1.1493595073065725,-1.1854326188144968,-0.4119355013153752,0
1571234058000,0.2399110309201833,-1.3855732710671982,-1.2192393158426957,-0.08441936265819185,-0.41394581920573853,0
1571234058250,0.28344509606426643,-1.3530575659157889,-1.2192393158426957,0.04117632680194894,-0.4119355013153752,0
1571234058500,0.3269791612083496,-1.3205418607643795,-1.2192393158426957,0.456699304793647,-0.41394581920573853,0
1571234058750,0.45758135664059896,-1.2555104504615608,-1.1493595073065725,0.20779148386354984,-0.4119355013153752,0
1571234059000,0.3705132263524327,-1.2880261556129702,-1.0095998902343262,0.30657651099448885,-0.41394581920573853,0
1571234059250,-0.5437021416733132,-1.7757617328841102,-1.0794796987704494,-0.06183751142192411,-0.41796959610816875,0
1571234059500,0.15284290063201703,-1.1254476298559235,-0.7300806560898333,-0.056932090554120636,-0.41394581920573853,0
1571234059750,0.8058538777932641,-1.4831203865214262,-0.2758619006050324,0.18723946195189045,-0.41595770765695367,0
1571234060000,-0.6307702719614795,-1.0604162195531048,-1.1842994115746341,0.08963850192697297,-0.41394581920573853,0
1571234060250,0.2399110309201833,-1.3855732710671982,-1.3240590286468805,0.3452278443839059,-0.4119355013153752,0
1571234060500,0.19637696577610014,-1.6782146174298822,-1.463818645719127,-1.0103598395670277,-0.4119355013153752,0
1571234060750,0.022240705199767605,-1.5806675019756542,-1.3939388371830037,0.062151229822901735,-0.41595770765695367,0
1571234061000,-0.1083614902324818,-1.4831203865214262,-1.289119124378819,-0.8900078758621252,-0.41394581920573853,0
1571234061250,0.06577477034385075,-1.6456989122784729,-1.0794796987704494,0.2543929821076829,-0.41595770765695367,0
1571234061500,0.3705132263524327,-1.2555104504615608,-0.66020084755371,-0.4407389853488135,-0.41394581920573853,0
1571234061750,0.10930883548793388,-0.995384809250286,0.4578760890242613,0.3098749836469774,-0.41595770765695367,0
1571234062000,-0.7178384022496457,0.9555574998342745,0.21329675914783008,-0.031390071552799076,-0.4219918024497472,0
1571234062250,1.1541263989459292,-0.6377120525847833,0.4229361847561997,0.8357699311642538,-0.419979913998532,0
1571234062500,-1.0225768582582277,-0.9628691040988767,1.191614078653555,0.8209690923389846,-0.41595770765695367,0
1571234062750,-0.4566340113851469,-0.4751335268277365,0.9120948445090622,0.3558844483380997,-0.41796959610816875,0
1571234063000,-0.5437021416733132,-0.2800392959192805,0.9470347487771238,-1.7561529639168738,-0.419979913998532,0
1571234063250,1.3282626595222617,0.07763346074622228,0.2831765676839533,1.6969250221293404,-0.419979913998532,0
1571234063500,0.9364560732255135,0.7929789740772277,-0.2059820920689092,0.9025005702107528,-0.42400369090096224,0
1571234063750,1.371796724666345,1.0531046152885024,-0.7999604646259565,-1.8536693477199326,-0.42400369090096224,0
1571234064000,1.1541263989459292,1.18316743589414,-1.114419603038511,-2.279933505887683,-0.42400369090096224,0
1571234064250,1.2411945292340956,1.4107773719540053,-1.0445397945023878,-0.1975823475051066,-0.4260155793521773,0
1571234064500,0.8929220080814304,1.020588910137093,-0.24092199633697078,-0.7696559121572225,-0.42400369090096224,0
1571234064750,1.067058268657763,0.9230417946828652,-0.2059820920689092,0.9151024272676963,-0.42400369090096224,0
1571234065000,1.1541263989459292,0.8254946792286371,-0.24092199633697078,-0.23234317468902432,-0.4260155793521773,0
1571234065250,1.1976604640900124,0.8580103843800464,-0.2758619006050324,-0.18870184420994512,-0.4219918024497472,0
1571234065500,1.067058268657763,0.8254946792286371,-0.2059820920689092,-2.5134484544395006,-0.4260155793521773,0
1571234065750,1.067058268657763,0.8905260895314557,-0.2758619006050324,0.307591425656793,-0.4260155793521773,0
1571234066000,1.2411945292340956,0.8580103843800464,-0.4156215176772788,-0.6563237748665905,-0.4260155793521773,0
1571234066250,1.3282626595222617,0.9555574998342745,-0.5553811347495252,1.0984636762573161,-0.42400369090096224,0
1571234066500,1.1541263989459292,0.8905260895314557,-0.5903210390175868,-0.4866638738180771,-0.4260155793521773,0
1571234066750,1.2847285943781785,0.9555574998342745,-0.6951407518217716,0.7687855634521786,-0.4260155793521773,0
1571234067000,1.1976604640900124,0.9555574998342745,-0.66020084755371,-0.9898078176553683,-0.4260155793521773,0
1571234067250,1.2411945292340956,0.9555574998342745,-0.66020084755371,0.816655705024192,-0.4260155793521773,0
1571234067500,1.1976604640900124,0.9555574998342745,-0.8349003688940181,-0.6174187128115973,-0.4260155793521773,0
1571234067750,1.3282626595222617,1.020588910137093,-0.7650205603578949,0.8377997604888622,-0.4280258972425406,0
1571234068000,1.2411945292340956,1.0531046152885024,-0.7999604646259565,-0.6093839717350227,-0.4260155793521773,0
1571234068250,1.1976604640900124,1.0856203204399117,-0.7650205603578949,0.8728988925602146,-0.4280258972425406,0
1571234068500,1.2411945292340956,1.0856203204399117,-0.7999604646259565,0.10646917007685042,-0.4260155793521773,0
1571234068750,1.1541263989459292,1.1506517307427304,-0.6951407518217716,1.2456263022914202,-0.4280258972425406,0
1571234069000,1.067058268657763,1.2156831410455493,-0.5903210390175868,-0.3501578517381665,-0.4260155793521773,0
1571234069250,1.110592333801846,1.3457459616511867,-0.66020084755371,0.7617657370379082,-0.4300377856937558,0
1571234069500,1.415330789810428,1.4432930771054147,-0.7300806560898333,-0.7534172775603558,-0.4260155793521773,0
1571234069750,0.41404729149651587,1.4432930771054147,-0.031282570728601154,-0.03485769664900498,-0.4280258972425406,0
1571234070000,0.5881835520728484,1.475808782256824,-0.031282570728601154,-0.6846568091892485,-0.4260155793521773,0
1571234070250,0.5011154217846822,1.5083244874082333,0.07353714207558366,0.8565756817414892,-0.42400369090096224,0
1571234070500,0.7187857475050978,1.475808782256824,-0.2758619006050324,0.3004024467988051,-0.4280258972425406,0
1571234070750,1.0235242035136798,0.7929789740772277,-0.031282570728601154,0.584916857131407,-0.4260155793521773,0
1571234071000,1.1541263989459292,0.6954318586229997,-0.310801804873094,-0.5248077498763422,-0.4260155793521773,0
1571234071250,1.371796724666345,0.5978847431687717,0.003657333539460452,0.6147722634475212,-0.4260155793521773,0
1571234071500,0.022240705199767605,1.4432930771054147,0.003657333539460452,-0.7149350966146562,-0.4260155793521773,0
1571234071750,0.8929220080814304,0.7929789740772277,0.1783568548797685,0.86038161172513,-0.42400369090096224,0
1571234072000,0.10930883548793388,1.0531046152885024,0.07353714207558366,-0.01701211383682336,-0.4280258972425406,0
1571234072250,1.5023989200985943,-0.08494506501082442,-0.6951407518217716,0.780626234512394,-0.4280258972425406,0
1571234072500,0.8493879429373472,-1.2880261556129702,-0.3806816134092172,0.31579531917708503,-0.4280258972425406,0
1571234072750,0.06577477034385075,-1.6456989122784729,-0.5204412304814636,-0.2756462002806689,-0.4280258972425406,0
1571234073000,-0.36956588109698063,-1.5806675019756542,-0.7650205603578949,-0.7060545933194947,-0.4280258972425406,0
1571234073250,-0.4566340113851469,-1.5156360916728355,-0.6252609432856484,0.6569757981550028,-0.4280258972425406,0
1571234073500,-0.23896368566473122,-1.5806675019756542,-0.5204412304814636,0.06747953179999862,-0.4280258972425406,0
1571234073750,-0.3260318159528975,-1.5481517968242449,-0.6951407518217716,-1.5963039046039673,-0.4280258972425406,0
1571234074000,-0.4566340113851469,-1.5806675019756542,-0.7300806560898333,0.3416756430658413,-0.4280258972425406,0
1571234074250,-0.50016807652923,-1.6782146174298822,-0.7999604646259565,-0.5159272465811806,-0.4300377856937558,0
1571234074500,-0.4566340113851469,-1.6131832071270635,-0.8349003688940181,0.29126821483806764,-0.4260155793521773,0
1571234074750,-0.3260318159528975,-1.6131832071270635,-0.8349003688940181,-0.4066547679397652,-0.4280258972425406,0
1571234075000,-0.4566340113851469,-1.6456989122784729,-0.9047801774301413,0.45044066437610464,-0.4260155793521773,0
1571234075250,-0.4130999462410638,-1.5481517968242449,-0.8349003688940181,-0.17153287117263294,-0.42400369090096224,0
1571234075500,-0.28249775080881434,-1.5806675019756542,-0.48550132621340203,0.46727133252598213,-0.4260155793521773,0
1571234075750,-0.28249775080881434,-1.6456989122784729,-0.3806816134092172,0.01242041136999751,-0.4260155793521773,0
1571234076000,-0.4566340113851469,-1.3530575659157889,-0.6252609432856484,0.40933662055278586,-0.4280258972425406,0
1571234076250,-0.6743043371055626,-1.7107303225812915,-0.6951407518217716,0.05716123273323958,-0.4260155793521773,0
1571234076500,-0.6743043371055626,-1.5806675019756542,-0.6252609432856484,0.6482644473035587,-0.4300377856937558,0
1571234076750,-0.5437021416733132,-1.6782146174298822,-0.66020084755371,1.1934427734046145,-0.4280258972425406,0
1571234077000,-0.5437021416733132,-1.7757617328841102,-0.48550132621340203,5.665241351738636,-0.4260155793521773,0
1571234077250,1.3282626595222617,-1.2229947453101515,-1.3939388371830037,-4.574909286022984,-0.4280258972425406,0
1571234077500,-0.5872362068173963,-1.2229947453101515,-0.2059820920689092,-1.709297737007165,-0.4300377856937558,0
1571234077750,-0.1083614902324818,-1.2229947453101515,-0.48550132621340203,-0.20866183256859375,-0.4300377856937558,0
1571234078000,-0.23896368566473122,-1.9708559637925664,-1.0095998902343262,0.16702574492766578,-0.4260155793521773,0
1571234078250,-0.6307702719614795,-1.6456989122784729,-0.2059820920689092,0.0369475157090149,-0.4260155793521773,0
1571234078500,-0.7613724673937289,-1.8733088483383382,-0.7650205603578949,0.7478106604312259,-0.4260155793521773,0
1571234078750,-0.5872362068173963,-2.1009187843982033,-0.9746599859662645,0.7451887975536068,-0.4260155793521773,0
1571234079000,-0.804906532537812,-1.5481517968242449,-0.17104218780084757,0.30082532790809857,-0.4260155793521773,0
1571234079250,-0.7178384022496457,-1.5156360916728355,-0.06622247499666276,-1.6610892905477166,-0.42400369090096224,0
1571234079500,-2.3285988125807218,-0.5726806422819646,-1.2192393158426957,-1.2557154591790605,-0.42400369090096224,0
1571234079750,-1.5014515748431423,-1.7107303225812915,-1.5686383585233117,-0.9598678351173954,-0.42400369090096224,0
1571234080000,-1.0661109234023107,-1.7432460277327009,-1.289119124378819,0.8501478888802295,-0.4219918024497472,0
1571234080250,-0.06482742508839867,-2.4260758359122967,-0.10116237926472436,1.0175242319385587,-0.42400369090096224,0
1571234080500,-0.9790427931141445,-1.1579633350073328,-0.8349003688940181,-0.9900615463209443,-0.42400369090096224,0
1571234080750,0.7187857475050978,-1.9383402586411569,-0.6252609432856484,2.4947325229222748,-0.42400369090096224,0
1571234081000,0.3269791612083496,-1.5156360916728355,-0.66020084755371,-0.040185998626101865,-0.4219918024497472,0
1571234081250,-0.36956588109698063,-1.9383402586411569,-1.4987585499871885,-2.707973764714466,-0.42400369090096224,0
1571234081500,-1.4143834445549759,-1.2555104504615608,-0.10116237926472436,-1.542344275058129,-0.4219918024497472,0
1571234081750,-0.23896368566473122,-1.5156360916728355,-1.1842994115746341,-0.6350105669582029,-0.42400369090096224,0
1571234082000,-0.36956588109698063,-2.1334344895496127,-1.463818645719127,-0.7545167684445188,-0.42400369090096224,0
1571234082250,-2.02386035657214,-1.9383402586411569,-1.3589989329149421,0.6175632787688576,-0.42400369090096224,0
1571234082500,-0.7178384022496457,-1.9708559637925664,-0.3806816134092172,-1.1565075509388278,-0.42400369090096224,0
1571234082750,-0.5437021416733132,-1.6131832071270635,-0.13610228353278597,0.3604515643184684,-0.42400369090096224,0
1571234083000,-0.23896368566473122,-3.1414213492433025,-1.0794796987704494,-0.026315498241278233,-0.4219918024497472,0
1571234083250,0.15284290063201703,-1.7107303225812915,-1.0095998902343262,0.5219921480685485,-0.419979913998532,0
1571234083500,-0.5437021416733132,-1.6131832071270635,-0.7999604646259565,-0.6484581862337332,-0.42400369090096224,0
1571234083750,-0.6307702719614795,-1.7432460277327009,-0.7300806560898333,0.8359390836079712,-0.4219918024497472,0
1571234084000,-0.50016807652923,-1.5481517968242449,-0.8349003688940181,-1.8632264607899636,-0.42400369090096224,0
1571234084250,-0.6307702719614795,-1.6782146174298822,-1.0794796987704494,-0.6020258404333175,-0.419979913998532,0
1571234084500,-0.50016807652923,-1.6131832071270635,-0.9047801774301413,-0.18514964289188052,-0.42400369090096224,0
1571234084750,-0.5872362068173963,-1.6131832071270635,-0.66020084755371,-0.09938935392717832,-0.4219918024497472,0
1571234085000,-0.7613724673937289,-1.6456989122784729,-0.8698402731620797,0.6224686996366612,-0.4260155793521773,0
1571234085250,-0.9790427931141445,-1.7432460277327009,-0.3806816134092172,1.1590202511081313,-0.4219918024497472,0
1571234085500,-0.7613724673937289,-1.5481517968242449,-0.2758619006050324,-0.9282363281422488,-0.42400369090096224,0
1571234085750,-0.021293359944315533,-1.9383402586411569,-0.48550132621340203,-0.469494900780765,-0.4219918024497472,0
1571234086000,-0.50016807652923,-1.4831203865214262,-0.5204412304814636,0.7393530382453579,-0.4219918024497472,0
1571234086250,-0.9790427931141445,-1.6456989122784729,-0.9397200816982029,0.23274146931186065,-0.419979913998532,0
1571234086500,-1.1531790536904771,-1.6131832071270635,-0.2059820920689092,1.6619950425017054,-0.419979913998532,0
1571234086750,-1.109644988546394,-1.7107303225812915,0.10847704634364527,-1.8894450895661545,-0.4219918024497472,0
1571234087000,-1.0661109234023107,-1.2229947453101515,-0.24092199633697078,-0.7491884664674218,-0.4219918024497472,0
1571234087250,-0.50016807652923,-2.3935601307608874,-0.5903210390175868,-0.3241929516275515,-0.42400369090096224,0
1571234087500,-0.4130999462410638,-1.8407931431869289,-0.7999604646259565,0.9065602288599696,-0.4280258972425406,0
1571234087750,-0.804906532537812,-1.4831203865214262,-0.7999604646259565,2.2506455466381223,-0.4260155793521773,0
1571234088000,-0.8484405976818952,-1.9708559637925664,-0.3806816134092172,1.0512701444601722,-0.42400369090096224,0
1571234088250,-0.4130999462410638,-1.4506046813700169,-0.3457417091411556,-1.6045923743461181,-0.42400369090096224,0
1571234088500,-0.6307702719614795,-1.4180889762186075,-0.4156215176772788,-3.4890351735793823,-0.42400369090096224,0
1571234088750,-0.5437021416733132,-1.3530575659157889,-0.7650205603578949,-2.5534530073786565,-0.42400369090096224,0
1571234089000,-0.4130999462410638,-1.1579633350073328,-0.5903210390175868,-1.022707967958395,-0.42400369090096224,0
1571234089250,-0.6743043371055626,-1.8082774380355195,-0.45056142194534043,1.2204225881775335,-0.42400369090096224,0
1571234089500,-0.804906532537812,-1.0929319247045142,-0.7300806560898333,-1.078612850606983,-0.4219918024497472,0
1571234089750,-1.109644988546394,-1.5481517968242449,-0.10116237926472436,0.7291193154004575,-0.4219918024497472,0
1571234090000,-0.5872362068173963,-1.7432460277327009,-0.48550132621340203,0.1861399710677276,-0.42400369090096224,0
1571234090250,-0.804906532537812,-1.3205418607643795,-0.6951407518217716,1.7874215795181285,-0.419979913998532,0
1571234090500,-0.7613724673937289,-1.7107303225812915,-0.3457417091411556,-0.47651472719503546,-0.4219918024497472,0
1571234090750,-0.9355087279700615,-1.6456989122784729,-0.4156215176772788,0.148418976118756,-0.4219918024497472,0
1571234091000,-0.7178384022496457,-1.1579633350073328,-0.3457417091411556,-1.2775361244185999,-0.42400369090096224,0
1571234091250,-0.6743043371055626,-2.0684030792467945,-0.17104218780084757,-0.16671202652668812,-0.4219918024497472,0
1571234091500,-0.7178384022496457,-2.003371668943976,-0.7300806560898333,1.3973560443058932,-0.42400369090096224,0
1571234091750,-0.9355087279700615,-1.5806675019756542,-0.7300806560898333,-0.45477863817735453,-0.4219918024497472,0
1571234092000,-0.8484405976818952,-1.5156360916728355,0.3181164719520149,0.3120739654153031,-0.4219918024497472,0
1571234092250,-0.1083614902324818,-1.1254476298559235,-0.3806816134092172,1.1563983882305122,-0.419979913998532,0
1571234092500,-0.6743043371055626,-1.6131832071270635,-0.17104218780084757,-0.5657426412559434,-0.4219918024497472,0
1571234092750,-0.8919746628259783,-1.4831203865214262,-0.8698402731620797,0.34192937173141735,-0.42400369090096224,0
1571234093000,-0.50016807652923,-2.588654361669344,-0.5204412304814636,0.7630343803657884,-0.4219918024497472,0
1571234093250,-0.4566340113851469,-0.9303533989474674,-0.3457417091411556,0.9255898787781727,-0.4219918024497472,0
1571234093500,-0.5872362068173963,-2.458591541063706,-1.0794796987704494,-2.5740896055121745,-0.419979913998532,0
1571234093750,-1.0225768582582277,-1.9383402586411569,-1.1493595073065725,-1.1251297726292575,-0.42400369090096224,0
1571234094000,-0.23896368566473122,-1.1254476298559235,-0.7650205603578949,1.3133718560002237,-0.419979913998532,0
1571234094250,-0.19542962052064808,-2.165950194701022,-0.4156215176772788,0.33753140819476596,-0.4219918024497472,0
1571234094500,-0.5872362068173963,-1.4506046813700169,0.038597237807522056,-0.24782062328916288,-0.419979913998532,0
1571234094750,-0.804906532537812,-1.2880261556129702,-0.5903210390175868,-0.9134354893169797,-0.419979913998532,0
1571234095000,-0.3260318159528975,-1.7757617328841102,-0.6252609432856484,0.9327788576361605,-0.4219918024497472,0
1571234095250,-0.9355087279700615,-1.9058245534897476,-0.9397200816982029,1.175512614370574,-0.4219918024497472,0
1571234095500,0.28344509606426643,-2.361044425609478,-0.5553811347495252,-0.9206244681749676,-0.4219918024497472,0
1571234095750,-0.6307702719614795,-1.6131832071270635,-1.2541792201107573,-1.1958354941031144,-0.419979913998532,0
1571234096000,-0.5437021416733132,-1.8733088483383382,-0.3806816134092172,-0.4354106833717167,-0.4219918024497472,0
1571234096250,-0.23896368566473122,-1.8407931431869289,-0.5553811347495252,-0.43312712538153225,-0.419979913998532,0
1571234096500,-0.6743043371055626,-1.3530575659157889,-0.9397200816982029,2.2548743577310564,-0.4219918024497472,0
1571234096750,-0.8919746628259783,-1.7432460277327009,-0.8698402731620797,-2.4744588161626484,-0.4219918024497472,0
1571234097000,-0.50016807652923,-1.8407931431869289,-0.24092199633697078,0.01741040845965967,-0.4219918024497472,0
1571234097250,-0.19542962052064808,-1.9058245534897476,-0.66020084755371,0.16778693092439392,-0.4219918024497472,0
1571234097500,-0.804906532537812,-1.3530575659157889,-0.9746599859662645,-0.31852634476302,-0.4219918024497472,0
1571234097750,-0.9790427931141445,-1.4506046813700169,0.24823666341589168,0.22394554223855784,-0.42400369090096224,0
1571234098000,-0.19542962052064808,-1.6131832071270635,0.1783568548797685,-0.41291340835730755,-0.4219918024497472,0
1571234098250,-0.50016807652923,-1.8082774380355195,-0.5903210390175868,0.10317069742436186,-0.4219918024497472,0
1571234098500,-1.109644988546394,-1.4831203865214262,-0.7999604646259565,0.6343939469187352,-0.4219918024497472,0
1571234098750,-0.6743043371055626,-1.8733088483383382,-0.17104218780084757,0.589399396889917,-0.42400369090096224,0
1571234099000,-0.5437021416733132,-1.5156360916728355,-0.66020084755371,1.2447805400728336,-0.4219918024497472,0
1571234099250,-0.5872362068173963,-2.1009187843982033,-0.5553811347495252,-3.5097563479347587,-0.4219918024497472,0
1571234099500,-0.7178384022496457,-1.6782146174298822,-0.6951407518217716,-0.7976506415924459,-0.419979913998532,0
1571234099750,-0.9790427931141445,-1.7432460277327009,-0.9397200816982029,0.788322670701534,-0.4219918024497472,0
1571234100000,-0.50016807652923,-1.8082774380355195,-0.5204412304814636,1.3044913527050621,-0.42400369090096224,0
1571234100250,-0.36956588109698063,-1.4831203865214262,-0.5903210390175868,-2.3135102659655793,-0.419979913998532,0
1571234100500,-0.50016807652923,-1.6456989122784729,-0.3457417091411556,-0.47558438875458997,-0.4219918024497472,0
1571234100750,-0.8484405976818952,-1.6456989122784729,-1.0095998902343262,0.22978130154680682,-0.4219918024497472,0
1571234101000,-0.7613724673937289,-1.6456989122784729,-0.2059820920689092,0.5435590846425121,-0.42400369090096224,0
1571234101250,-0.4130999462410638,-1.4506046813700169,-0.48550132621340203,-0.08162834733685538,-0.419979913998532,0
1571234101500,-0.8484405976818952,-2.4260758359122967,-0.6252609432856484,-0.11385188786501271,-0.4219918024497472,0
1571234101750,-1.3273153142668097,-1.8733088483383382,-0.6252609432856484,-0.3138746525607925,-0.419979913998532,0
1571234102000,-0.19542962052064808,-1.4831203865214262,-0.5553811347495252,0.6356625902466153,-0.4219918024497472,0
1571234102250,-0.7178384022496457,-1.6456989122784729,-0.7650205603578949,1.6892285859402005,-0.419979913998532,0
1571234102500,-0.3260318159528975,-2.1009187843982033,-0.4156215176772788,-1.8863157693573835,-0.42400369090096224,0
1571234102750,-0.6743043371055626,-2.003371668943976,-0.4156215176772788,-1.6282737164665486,-0.4219918024497472,0
1571234103000,-1.109644988546394,-0.995384809250286,-0.3806816134092172,1.24757155539417,-0.419979913998532,0
1571234103250,-0.7178384022496457,-1.9383402586411569,-0.2059820920689092,-1.8778581471715154,-0.419979913998532,0
1571234103500,-0.3260318159528975,-1.4180889762186075,0.14341695061170687,-1.128428245281746,-0.4219918024497472,0
1571234103750,-0.19542962052064808,-1.9058245534897476,-0.5903210390175868,-1.0199169526370586,-0.42400369090096224,0
1571234104000,0.06577477034385075,-0.897837693796058,-0.5204412304814636,2.893593985207813,-0.4219918024497472,0
1571234104250,-1.0225768582582277,-1.8733088483383382,0.038597237807522056,2.1125325763428973,-0.4219918024497472,0
1571234104500,-0.7613724673937289,-2.165950194701022,-0.7650205603578949,-0.16053796233100442,-0.419979913998532,0
1571234104750,-0.06482742508839867,-1.1254476298559235,0.4578760890242613,-3.3109176503450004,-0.42400369090096224,0
1571234105000,-0.3260318159528975,-1.6131832071270635,-0.5553811347495252,-0.583080766736973,-0.4219918024497472,0
1571234105250,-0.9790427931141445,-1.7107303225812915,-0.6951407518217716,0.033649043056526357,-0.4219918024497472,0
1571234105500,-1.1967131188345603,-2.1009187843982033,-0.9047801774301413,0.7247213518638062,-0.4219918024497472,0
1571234105750,0.5011154217846822,0.20769628135185966,-0.24092199633697078,-2.3026845095676682,-0.4219918024497472,0
1571234106000,-2.415666942868888,-2.816264297729209,-0.7999604646259565,-0.47634557475131806,-0.40187762962015144,0
1571234106250,-0.021293359944315533,-1.4831203865214262,-0.7650205603578949,-0.2716711178533109,-0.3334891278873561,0
1571234106500,-0.1083614902324818,-1.5156360916728355,-0.8698402731620797,0.22817435333149189,-0.029761505870503274,0
1571234106750,-0.4566340113851469,-1.6456989122784729,-1.0794796987704494,1.0966875755982837,0.34637839478157545,0
1571234107000,-0.6307702719614795,-1.6782146174298822,-0.4156215176772788,2.941802431667261,0.8677590513298444,0
1571234107250,-1.0661109234023107,-1.7757617328841102,-0.7999604646259565,2.2908192520209956,-0.24848095122032307,0
1571234107500,-1.9367922262839736,-1.6782146174298822,-0.7650205603578949,-0.0863646157609415,-0.43967631764153653,0
1571234107750,-1.8061900308517242,-1.5806675019756542,-0.2059820920689092,-0.7530789726729212,-0.6388092986079812,0
1571234108000,-2.02386035657214,-1.4180889762186075,0.038597237807522056,-2.64039736344938,-0.5563391482775317,0
1571234108250,-1.7191219005635578,-1.5156360916728355,-0.2758619006050324,-8.60801100157603,-0.5704192263143338,0
1571234108500,-1.0661109234023107,-1.0929319247045142,0.5976357060965077,7.684414072392779,-0.6790376442671723,0
1571234108750,-0.50016807652923,-0.897837693796058,0.7723352274368158,2.1492386566295645,-0.8842047200264106,0
1571234109000,0.2399110309201833,-0.80029057834183,0.2831765676839533,-0.6564929273103078,-0.7981317031018256,0
1571234109250,-0.23896368566473122,-1.0604162195531048,0.21329675914783008,-0.026653803128712954,-0.4280258972425406,0
1571234109500,0.06577477034385075,-0.80029057834183,0.4578760890242613,0.19958759034325782,-0.3455573174729431,0
1571234109750,0.3705132263524327,-0.4426178216763272,0.6675155146326309,0.5262209591614825,-0.41394581920573853,0
1571234110000,0.7623198126491809,-0.41010211652491785,0.7024554189006925,1.1857463372154744,-0.4662439250113685,0
1571234110250,-0.36956588109698063,-0.4751335268277365,0.842215035972939,2.6895115618628167,-0.3998657411689364,0
1571234110500,-0.6307702719614795,-0.41010211652491785,0.49281599329232295,0.8626651697153143,-0.4280258972425406,0
1571234110750,-0.4566340113851469,-0.4751335268277365,0.6675155146326309,-1.16919398421763,-0.3173971613993388,0
1571234111000,0.022240705199767605,-0.6051963474333739,0.6325756103645693,-0.8958436351703741,-0.36567149030253865,0
1571234111250,-0.1083614902324818,-0.702743462887602,0.5976357060965077,0.6266975107295952,-0.3576255070585301,0
1571234111500,-0.15189555537656493,-0.7677748731904207,0.5976357060965077,0.48401742445400087,-0.3696952672049689,0
1571234111750,-0.1083614902324818,-0.7677748731904207,0.5626958018284461,-1.0161955988752767,-0.7317535192593935,0
1571234112000,-0.1083614902324818,-0.7677748731904207,0.5626958018284461,-0.15267237369814712,-0.7518676920889892,0
1571234112250,-0.1083614902324818,-0.7352591680390114,0.5976357060965077,0.0728078337770955,-0.7438217088449806,0
1571234112500,-0.15189555537656493,-0.7677748731904207,0.6675155146326309,0.11272781049439279,-0.5627925828177682,0
1571234112750,-0.3260318159528975,-0.6702277577361927,0.8771549402410006,0.1629660862784491,-0.723707536015385,0
1571234113000,-0.9790427931141445,-0.5401649371305552,0.7723352274368158,-0.28765602378460153,-0.4561860533161448,0
1571234113250,0.10930883548793388,-0.4751335268277365,0.49281599329232295,-0.6732390192383266,-0.383775345241771,0
1571234113500,-1.9367922262839736,-1.0604162195531048,1.471133312798048,0.4984799583918353,-0.6653769059778132,0
1571234113750,-0.9355087279700615,-0.8653219886446487,0.8072751317048774,1.0559218366623995,-0.7941079261993955,0
1571234114000,-0.9790427931141445,-0.8328062834932394,0.7373953231687541,1.4398978839008096,-0.7920976083090321,0
1571234114250,-1.109644988546394,-0.8328062834932394,0.7024554189006925,-1.2665412155769715,-0.7659477701257913,0
1571234114500,-1.1531790536904771,-0.897837693796058,0.842215035972939,2.517568102824119,-0.7418113909546172,0
1571234114750,-1.109644988546394,-0.8653219886446487,0.8072751317048774,-1.3558537058597382,-0.6714110007706067,0
1571234115000,-1.0225768582582277,-0.897837693796058,0.8072751317048774,0.3992720501516029,-0.6472730510385809,0
1571234115250,-0.9790427931141445,-0.9303533989474674,0.6325756103645693,-0.5244694449889074,-0.43808376893776435,0
1571234115500,-0.4130999462410638,-0.7677748731904207,0.7024554189006925,0.2740146655788968,-0.3918197579249278,0
1571234115750,-0.8484405976818952,-0.8653219886446487,0.4578760890242613,-0.8247150325872237,-0.5788845493057854,0
1571234116000,-0.021293359944315533,-0.8328062834932394,0.7373953231687541,0.22487588067900335,-0.3938316463761429,0
1571234116250,-0.7178384022496457,-0.2800392959192805,0.6325756103645693,-0.38068986782915026,-0.3938316463761429,0
1571234116500,-0.3260318159528975,-0.5076492319791459,0.3530563762200765,0.36704850962344554,-0.3938316463761429,0
1571234116750,-0.804906532537812,-0.8653219886446487,0.7024554189006925,-1.296312045671227,-0.39584353482735807,0
1571234117000,-0.8919746628259783,-1.0279005144016955,0.5976357060965077,-0.3484663273009929,-0.3978554232785731,0
1571234117250,-0.804906532537812,-0.7677748731904207,0.7723352274368158,0.8650333039273573,-0.3978554232785731,0
1571234117500,-1.0661109234023107,-0.41010211652491785,1.0518544615813086,1.2095968317796224,-0.47630022614574047,0
1571234117750,-0.7613724673937289,-0.7677748731904207,0.842215035972939,-0.2763228100555383,-0.3998657411689364,0
1571234118000,-0.4130999462410638,0.43530621741172504,1.0867943658493702,2.378778522754024,-0.7820397366138084,0
1571234118250,-0.4130999462410638,0.20769628135185966,0.6325756103645693,-0.4464901684352038,-0.8202577643826363,0
1571234118500,-0.23896368566473122,0.0126020504434036,1.2964337914577397,0.47403743027467654,-0.536644315195379,0
1571234118750,-0.6307702719614795,0.37027480710890637,1.8554722597467255,0.5236836725057221,-0.8122117811386277,0
1571234119000,0.5446494869287652,0.6629161534715904,1.3313736957258016,0.6035236259403167,-0.7961198146506105,0
1571234119250,0.45758135664059896,0.9555574998342745,0.6325756103645693,0.006838380727324586,-0.7337654077106086,0
1571234119500,-0.6743043371055626,1.0531046152885024,0.8771549402410006,3.273510373797007,-0.446129752181773,0
1571234119750,0.15284290063201703,1.5083244874082333,0.49281599329232295,-1.576005611357884,-0.5567584880249746,0
1571234120000,-0.021293359944315533,1.5083244874082333,0.5277558975603845,2.266461300125696,-0.3978554232785731,0
1571234120250,0.022240705199767605,1.5083244874082333,0.49281599329232295,0.3856552784323553,-0.39584353482735807,0
1571234120500,0.022240705199767605,1.5408401925596427,0.49281599329232295,-0.4010727372970923,-0.39584353482735807,0
1571234120750,-0.021293359944315533,1.5408401925596427,0.49281599329232295,-1.6722533518330627,-0.39584353482735807,0
1571234121000,0.022240705199767605,1.5408401925596427,0.4578760890242613,0.6360854713559088,-0.3978554232785731,0
1571234121250,0.022240705199767605,1.5408401925596427,0.4578760890242613,-0.7951979311585441,-0.3978554232785731,0
1571234121500,-0.021293359944315533,1.5408401925596427,0.4578760890242613,1.3639484366717145,-0.3978554232785731,0
1571234121750,0.022240705199767605,1.5408401925596427,0.4578760890242613,-0.6365329389516592,-0.3978554232785731,0
1571234122000,-0.021293359944315533,1.5408401925596427,0.4578760890242613,0.9641566359457311,-0.3978554232785731,0
1571234122250,-0.021293359944315533,1.5408401925596427,0.4578760890242613,-0.3257998998428665,-0.39584353482735807,0
1571234122500,-0.021293359944315533,1.5408401925596427,0.4229361847561997,-0.23132826002672016,-0.3978554232785731,0
1571234122750,-0.021293359944315533,1.5408401925596427,0.4229361847561997,0.2833180499833517,-0.3978554232785731,0
1571234123000,0.022240705199767605,1.5408401925596427,0.4229361847561997,-1.3668486147013668,-0.3998657411689364,0
1571234123250,-0.021293359944315533,1.5408401925596427,0.4229361847561997,1.2436810491886707,-0.3978554232785731,0
1571234123500,0.022240705199767605,1.573355897711052,0.4229361847561997,-1.6523779396962726,-0.3998657411689364,0
1571234123750,0.022240705199767605,1.573355897711052,0.4229361847561997,2.0607719285653845,-0.3998657411689364,0
1571234124000,0.022240705199767605,1.573355897711052,0.4229361847561997,-0.7545167684445188,-0.3978554232785731,0
1571234124250,0.06577477034385075,1.573355897711052,0.4229361847561997,2.129701549380209,-0.3978554232785731,0
1571234124500,-0.021293359944315533,1.475808782256824,0.5626958018284461,-0.27818348693642925,-0.4099236128641601,0
1571234124750,-0.19542962052064808,1.4107773719540053,0.6675155146326309,0.43809253598473724,-0.3978554232785731,0
1571234125000,-0.28249775080881434,1.378261666802596,0.7723352274368158,0.01867905178753988,-0.3978554232785731,0
1571234125250,-0.28249775080881434,1.280714551348368,0.7373953231687541,-1.6018859352466401,-0.40187762962015144,0
1571234125500,-0.15189555537656493,1.378261666802596,0.6675155146326309,1.1615575377638916,-0.40388951807136664,0
1571234125750,-0.19542962052064808,1.4432930771054147,0.6325756103645693,-2.556751480031145,-0.4561860533161448,0
1571234126000,-0.19542962052064808,1.4432930771054147,0.6325756103645693,1.3256354081697321,-0.40187762962015144,0
1571234126250,-0.15189555537656493,1.4432930771054147,0.6325756103645693,-0.6693485130328273,-0.40187762962015144,0
1571234126500,-0.1083614902324818,1.4432930771054147,0.5976357060965077,1.8704754293833532,-0.40187762962015144,0
1571234126750,-0.19542962052064808,1.4432930771054147,0.5976357060965077,-0.22126368962553714,-0.40187762962015144,0
1571234127000,-0.15189555537656493,1.4432930771054147,0.6325756103645693,0.8708690632356063,-0.40187762962015144,0
1571234127250,-0.15189555537656493,1.4432930771054147,0.5976357060965077,-0.493852852676065,-0.3998657411689364,0
1571234127500,-0.1083614902324818,1.4107773719540053,0.6675155146326309,-0.25061163861049934,-0.40187762962015144,0
1571234127750,-0.23896368566473122,1.4107773719540053,0.8072751317048774,-0.14218492218767073,-0.3998657411689364,0
1571234128000,-0.7178384022496457,0.8905260895314557,0.9120948445090622,-1.0037628942620507,-0.40187762962015144,0
1571234128250,-1.109644988546394,0.9880732049856839,0.9819746530451854,0.22766689600033982,-0.40388951807136664,0
1571234128500,-1.7191219005635578,0.8580103843800464,0.842215035972939,-2.0009165499758956,-0.40187762962015144,0
1571234128750,-0.36956588109698063,0.7279475637744091,0.9470347487771238,0.7991484270994451,-0.6452611625873658,0
1571234129000,-0.021293359944315533,1.0856203204399117,0.038597237807522056,-0.9110673551049366,-0.4662439250113685,0
1571234129250,-0.804906532537812,0.9230417946828652,0.9470347487771238,2.8720270486338495,-0.46222014810893836,0
1571234129500,-0.5872362068173963,1.280714551348368,0.842215035972939,1.2548451104740164,-0.5788845493057854,0
1571234129750,-0.4566340113851469,1.280714551348368,0.7723352274368158,-0.3799286818324221,-0.3918197579249278,0
1571234130000,-0.3260318159528975,1.280714551348368,0.842215035972939,-3.2896890186584717,-0.5024500643289814,0
1571234130250,-0.28249775080881434,1.280714551348368,0.8072751317048774,1.2189002161840772,-0.3978554232785731,0
1571234130500,-0.4130999462410638,1.280714551348368,0.8072751317048774,-0.1457371235057353,-0.39584353482735807,0
1571234130750,-0.3260318159528975,1.280714551348368,0.8072751317048774,0.6660254538938818,-0.3938316463761429,0
1571234131000,-0.36956588109698063,1.280714551348368,0.8072751317048774,-0.6926069740439644,-0.3978554232785731,0
1571234131250,-0.36956588109698063,1.280714551348368,0.8072751317048774,-2.2233520134642255,-0.39584353482735807,0
1571234131500,-0.4130999462410638,1.280714551348368,0.8072751317048774,1.7453026210325058,-0.39584353482735807,0
1571234131750,-0.3260318159528975,1.2481988461969586,0.8072751317048774,-1.3979726643453612,-0.3938316463761429,0
1571234132000,-0.36956588109698063,1.2481988461969586,0.8072751317048774,0.9973950911361925,-0.572850454512992,0
1571234132250,-0.36956588109698063,1.2481988461969586,0.8072751317048774,-0.9730617257273495,-0.5225642371585769,0
1571234132500,-0.23896368566473122,1.2156831410455493,0.8072751317048774,1.4770268452967708,-0.39584353482735807,0
1571234132750,-0.06482742508839867,1.2481988461969586,0.6325756103645693,-0.7671186255014621,-0.407911724412945,0
1571234133000,-0.8484405976818952,0.8580103843800464,0.8072751317048774,-0.48336540116558857,-0.4360718804865492,0
1571234133250,-1.1531790536904771,0.9880732049856839,1.0867943658493702,0.6611200330260782,-0.4219918024497472,0
1571234133500,-0.3260318159528975,1.18316743589414,0.7723352274368158,-2.260142669972752,-0.5406665215369575,0
1571234133750,-0.23896368566473122,1.4107773719540053,0.9470347487771238,0.6264437820640192,-0.40187762962015144,0
1571234134000,-0.7613724673937289,0.9880732049856839,0.842215035972939,-0.49596725822253196,-0.5084841591217749,0
1571234134250,-0.50016807652923,1.3457459616511867,0.842215035972939,2.634283288989098,-0.3857856631321343,0
1571234134500,-0.36956588109698063,1.378261666802596,0.7024554189006925,0.919162085916913,-0.6150906886233982,0
1571234134750,-0.19542962052064808,1.378261666802596,0.6675155146326309,2.9953391801038056,-0.5165301423657835,0
1571234135000,-0.15189555537656493,1.378261666802596,0.6675155146326309,0.2543084058858242,-0.41796959610816875,0
1571234135250,-0.15189555537656493,1.378261666802596,0.6675155146326309,-1.1263984159571376,-0.407911724412945,0
1571234135500,-0.15189555537656493,1.378261666802596,0.6675155146326309,-0.3512573426223294,-0.40187762962015144,0
1571234135750,-0.1083614902324818,1.378261666802596,0.6325756103645693,-3.257296325686597,-0.3998657411689364,0
1571234136000,-0.15189555537656493,1.378261666802596,0.6675155146326309,1.102185030019098,-0.3998657411689364,0
1571234136250,-0.1083614902324818,1.378261666802596,0.6675155146326309,-0.47871370896336113,-0.3998657411689364,0
1571234136500,-0.15189555537656493,1.280714551348368,0.8771549402410006,2.0348070284547695,-0.3978554232785731,0
1571234136750,-1.109644988546394,1.18316743589414,1.191614078653555,-0.20206488726361665,-0.40187762962015144,0
1571234137000,-2.2415306822925554,0.5003376277145437,1.0867943658493702,1.1476024611572095,-0.472278019804162,0
1571234137250,-1.6755878354194749,-0.1499764753136431,0.7723352274368158,-0.07570801180674773,-0.46222014810893836,0
1571234137500,-1.7191219005635578,0.20769628135185966,0.9819746530451854,-0.34804344619169947,-0.4421059752793427,0
1571234137750,-0.7613724673937289,0.5003376277145437,1.0867943658493702,0.09877273388771048,-0.41595770765695367,0
1571234138000,-0.4130999462410638,1.3457459616511867,1.1566741743854934,-3.4871744966984908,-0.4803240030481707,0
1571234138250,0.022240705199767605,0.8905260895314557,0.842215035972939,2.6950090162836307,-0.4099236128641601,0
1571234138500,-0.06482742508839867,0.9230417946828652,0.8771549402410006,2.2395660615746356,-0.41595770765695367,0
1571234138750,-0.06482742508839867,0.9230417946828652,0.842215035972939,0.0365246345997215,-0.5326205382929489,0
1571234139000,-0.15189555537656493,0.9230417946828652,0.8771549402410006,-4.893254185099058,-0.45417573542578155,0
1571234139250,-0.28249775080881434,0.8905260895314557,0.9470347487771238,-1.4619968642923824,-0.48233589149938577,0
1571234139500,-0.3260318159528975,0.8905260895314557,0.9819746530451854,1.4698378664387828,-0.6854910788074088,0
1571234139750,-0.28249775080881434,0.8580103843800464,0.9819746530451854,0.0618975011573257,-0.37975156833934076,0
1571234140000,-0.5437021416733132,0.8254946792286371,1.0518544615813086,2.072105142294448,-0.4058998359617299,0
1571234140250,-0.5872362068173963,0.8254946792286371,1.0518544615813086,-0.7447059267089118,-0.4903803041825426,0
1571234140500,-0.50016807652923,0.8580103843800464,1.0518544615813086,2.2569887632775236,-0.4119355013153752,0
1571234140750,-0.4566340113851469,0.8905260895314557,1.016914557313247,-0.8725005979373782,-0.43405999203533413,0
1571234141000,-0.4566340113851469,0.8905260895314557,1.016914557313247,1.5747123815435469,-0.407911724412945,0
1571234141250,-0.5437021416733132,0.8580103843800464,1.016914557313247,-0.13355814755808532,-0.4119355013153752,0
1571234141500,-0.5437021416733132,0.8254946792286371,1.0518544615813086,-0.058200733882000845,-0.4662439250113685,0
1571234141750,-0.5437021416733132,0.8580103843800464,1.016914557313247,0.12127000890211953,-0.4280258972425406,0
1571234142000,-0.5437021416733132,0.8254946792286371,1.016914557313247,-1.6713230133926171,-0.4099236128641601,0
1571234142250,-0.5437021416733132,0.8254946792286371,1.0518544615813086,0.5455889139671205,-0.4702661313529469,0
1571234142500,-0.5437021416733132,0.8254946792286371,1.016914557313247,-1.3677789531418123,-0.4903803041825426,0
1571234142750,-0.5437021416733132,0.8580103843800464,1.016914557313247,1.0890757156310025,-0.407911724412945,0
1571234143000,-0.5872362068173963,0.8580103843800464,1.0867943658493702,-0.7513028720138888,-0.5064722706705598,0
1571234143250,-1.5014515748431423,0.9230417946828652,1.4012535042619247,1.5523842589728551,-0.40187762962015144,0
1571234143500,-1.0225768582582277,0.5003376277145437,0.9819746530451854,-0.6833881658613683,-0.4501519585233513,0
1571234143750,2.808420874421089,-0.6051963474333739,-0.17104218780084757,1.1747514283738458,-0.4099236128641601,0
1571234144000,0.8929220080814304,0.8580103843800464,0.6325756103645693,-0.3263919333958773,-0.4803240030481707,0
1571234144250,0.15284290063201703,0.8254946792286371,0.24823666341589168,-0.5575387477356515,-0.419979913998532,0
1571234144500,-0.021293359944315533,1.8334815389223267,0.5277558975603845,1.3958336723124372,-0.472278019804162,0
1571234144750,-0.23896368566473122,1.7359344234680987,0.2831765676839533,-1.4060919816437947,-0.4280258972425406,0
1571234145000,-0.15189555537656493,1.768450128619508,0.3181164719520149,0.8087901163913347,-0.41796959610816875,0
1571234145250,-0.19542962052064808,1.7359344234680987,0.3181164719520149,-2.497294396064493,-0.41394581920573853,0
1571234145500,-0.23896368566473122,1.8334815389223267,0.3879962804881381,-0.4211173018775996,-0.41595770765695367,0
1571234145750,-0.1083614902324818,1.6383873080138707,0.5976357060965077,1.0845931758724923,-0.43405999203533413,0
1571234146000,-0.15189555537656493,1.6383873080138707,0.4229361847561997,0.4309035571267494,-0.41796959610816875,0
1571234146250,-0.23896368566473122,1.67090301316528,0.24823666341589168,0.19121454437924845,-0.41394581920573853,0
1571234146500,0.9799901383695966,1.7034187183166893,-0.2059820920689092,-1.498449215913474,-0.41394581920573853,0
1571234146750,0.8493879429373472,1.3457459616511867,-0.8349003688940181,0.893197185806298,-0.4280258972425406,0
1571234147000,1.2847285943781785,0.37027480710890637,-0.3457417091411556,-0.6992039193489415,-0.4099236128641601,0
1571234147250,1.1976604640900124,0.0126020504434036,-0.13610228353278597,2.1403581533344034,-0.4099236128641601,0
1571234147500,1.5023989200985943,-0.5076492319791459,-0.10116237926472436,-0.0273304129035824,-0.4219918024497472,0
1571234147750,-0.1083614902324818,0.8254946792286371,0.5277558975603845,0.7550842155110725,-0.41394581920573853,0
1571234148000,0.28344509606426643,1.18316743589414,0.7024554189006925,-0.23454215645735002,-0.4300377856937558,0
1571234148250,-0.3260318159528975,0.7604632689258184,1.0518544615813086,-2.0508165208725173,-0.41796959610816875,0
1571234148500,-0.3260318159528975,0.7279475637744091,1.016914557313247,0.321631078485334,-0.407911724412945,0
1571234148750,-0.36956588109698063,0.7604632689258184,1.016914557313247,-2.5666468979886106,-0.407911724412945,0
1571234149000,-0.28249775080881434,0.7604632689258184,0.9819746530451854,2.361271244829277,-0.407911724412945,0
1571234149250,-0.19542962052064808,0.7929789740772277,0.9120948445090622,1.406490276266631,-0.407911724412945,0
1571234149500,-0.06482742508839867,0.7929789740772277,0.9120948445090622,-1.9834938482730073,-0.407911724412945,0
1571234149750,-0.19542962052064808,0.8254946792286371,0.9470347487771238,0.5877924486746021,-0.407911724412945,0
1571234150000,-0.1083614902324818,0.8254946792286371,0.9120948445090622,-0.33248142136970227,-0.4058998359617299,0
1571234150250,-0.19542962052064808,0.8254946792286371,0.9120948445090622,1.251039180490376,-0.407911724412945,0
1571234150500,-0.15189555537656493,0.8905260895314557,0.842215035972939,-0.2872331426753081,-0.407911724412945,0
1571234150750,-0.021293359944315533,0.9230417946828652,0.8072751317048774,-2.151546801106206,-0.407911724412945,0
1571234151000,0.022240705199767605,0.9880732049856839,0.8072751317048774,0.14182203081377895,-0.407911724412945,0
1571234151250,-0.28249775080881434,1.1506517307427304,1.0867943658493702,-1.0095986535702997,-0.407911724412945,0
1571234151500,-0.28249775080881434,1.378261666802596,0.3181164719520149,1.3035610142646166,-0.41394581920573853,0
1571234151750,0.5881835520728484,-0.5726806422819646,0.7373953231687541,-0.31379007633893385,-0.41394581920573853,0
1571234152000,0.3705132263524327,0.7279475637744091,0.7723352274368158,1.0845085996506336,-0.41394581920573853,0
1571234152250,0.3269791612083496,0.6629161534715904,0.8072751317048774,-0.31412838122636855,-0.4119355013153752,0
1571234152500,0.2399110309201833,0.5978847431687717,0.7373953231687541,-1.2283127632968478,-0.4119355013153752,0
1571234152750,0.28344509606426643,0.6629161534715904,0.7024554189006925,0.392083071293615,-0.4119355013153752,0
1571234153000,0.3269791612083496,0.6629161534715904,0.7723352274368158,-1.5949506850542285,-0.4119355013153752,0
1571234153250,0.8058538777932641,1.0856203204399117,0.5976357060965077,1.1558909308993601,-0.4119355013153752,0
1571234153500,0.6317176172169315,0.532853332865953,0.4229361847561997,-0.5373250307114268,-0.41595770765695367,0
1571234153750,1.8942055063953425,-0.41010211652491785,0.6675155146326309,1.9454099619501442,-0.41595770765695367,0
1571234154000,0.15284290063201703,0.33775910195749703,0.7373953231687541,-0.21390555832383196,-0.41595770765695367,0
1571234154250,-1.5449856399872253,0.8254946792286371,1.016914557313247,1.8286947757851648,-0.41595770765695367,0
1571234154500,-1.0661109234023107,0.9230417946828652,1.3313736957258016,0.004047365405988124,-0.4119355013153752,0
1571234154750,-0.8919746628259783,0.8254946792286371,1.0518544615813086,0.3991028977078855,-0.41394581920573853,0
1571234155000,-0.5872362068173963,1.378261666802596,0.8771549402410006,-0.5451060431224254,-0.4058998359617299,0
1571234155250,-0.50016807652923,1.4432930771054147,0.7373953231687541,-1.222984461319751,-0.4058998359617299,0
1571234155500,-0.28249775080881434,1.4432930771054147,0.6675155146326309,0.6553688499396879,-0.40187762962015144,0
1571234155750,-0.36956588109698063,1.4432930771054147,0.6675155146326309,1.1556372022337842,-0.40187762962015144,0
1571234156000,-0.50016807652923,1.4432930771054147,0.6675155146326309,1.5369913865945752,-0.40187762962015144,0
1571234156250,-0.19542962052064808,1.475808782256824,0.6325756103645693,-1.9110966023619766,-0.3998657411689364,0
1571234156500,-0.7613724673937289,1.4432930771054147,0.7723352274368158,-0.9237537883837387,-0.40187762962015144,0
1571234156750,-0.36956588109698063,1.4432930771054147,0.7373953231687541,-0.1690801607387312,-0.3998657411689364,0
1571234157000,-0.4566340113851469,1.4432930771054147,0.7024554189006925,-1.6375771008710034,-0.3978554232785731,0
1571234157250,-0.4130999462410638,1.4432930771054147,0.7024554189006925,1.4322860239335287,-0.5849186440985789,0
1571234157500,-0.36956588109698063,1.4432930771054147,0.7024554189006925,0.19814979457166026,-0.4521638469745664,0
1571234157750,-0.36956588109698063,1.4432930771054147,0.7024554189006925,1.1876070140963655,-0.3978554232785731,0
1571234158000,-0.4130999462410638,1.4432930771054147,0.7024554189006925,-1.457345172090155,-0.39584353482735807,0
1571234158250,-0.4130999462410638,1.4432930771054147,0.7373953231687541,-0.39988867019107077,-0.3938316463761429,0
1571234158500,-0.4130999462410638,1.4107773719540053,0.7373953231687541,-0.7094376421938419,-0.39584353482735807,0
1571234158750,-0.36956588109698063,1.378261666802596,0.7373953231687541,-2.25642131621097,-0.3737174735465473,0
1571234159000,-0.4130999462410638,1.4107773719540053,0.7373953231687541,1.1338165369942443,-0.3938316463761429,0
1571234159250,-0.4130999462410638,1.4432930771054147,0.7373953231687541,-1.1317267179342343,-0.3978554232785731,0
1571234159500,-0.36956588109698063,1.4432930771054147,0.7024554189006925,2.04630939462755,-0.3857856631321343,0
1571234159750,-0.28249775080881434,1.4432930771054147,0.7024554189006925,0.27215398869800583,-0.4099236128641601,0
1571234160000,-0.4130999462410638,1.4107773719540053,0.7024554189006925,-0.2912082251026661,-0.4260155793521773,0
1571234160250,-0.3260318159528975,1.4432930771054147,0.7024554189006925,0.5659717834350625,-0.5265864435001554,0
1571234160500,-0.3260318159528975,1.378261666802596,0.7024554189006925,-2.325097208360219,-0.3938316463761429,0
1571234160750,-0.6307702719614795,0.9555574998342745,1.2964337914577397,1.4290721275028986,-0.3998657411689364,0
1571234161000,-0.8919746628259783,1.6383873080138707,0.3530563762200765,-0.585448900949016,-0.407911724412945,0
1571234161250,-0.15189555537656493,1.2481988461969586,0.6675155146326309,1.1444731409484383,-0.4219918024497472,0
1571234161500,0.5881835520728484,1.280714551348368,0.3530563762200765,-0.4835345536093059,-0.41394581920573853,0
1571234161750,0.5011154217846822,1.3457459616511867,0.24823666341589168,-2.7340232410469394,-0.41394581920573853,0
1571234162000,0.8493879429373472,1.475808782256824,-0.17104218780084757,0.04109175058009026,-0.41595770765695367,0
1571234162250,0.6752516823610146,1.573355897711052,-0.17104218780084757,1.1681544830688688,-0.41595770765695367,0
1571234162500,0.6317176172169315,1.7359344234680987,-0.5204412304814636,1.5252352917562186,-0.41595770765695367,0
1571234162750,-0.3260318159528975,1.020588910137093,0.842215035972939,1.3445804818660767,-0.41595770765695367,0
1571234163000,0.022240705199767605,1.1506517307427304,1.6108929298702943,0.2688555160455173,-0.41595770765695367,0
1571234163250,-0.4130999462410638,1.020588910137093,0.842215035972939,1.0665784406165935,-0.40187762962015144,0
1571234163500,-0.23896368566473122,1.2156831410455493,0.8072751317048774,-0.8767294090303123,-0.40388951807136664,0
1571234163750,-0.1083614902324818,1.3457459616511867,0.7024554189006925,2.5653536681742737,-0.40187762962015144,0
1571234164000,-0.28249775080881434,1.378261666802596,0.7024554189006925,1.8253963031326763,-0.40187762962015144,0
1571234164250,-0.3260318159528975,1.378261666802596,0.7373953231687541,0.23815434751081618,-0.3998657411689364,0
1571234164500,-0.19542962052064808,1.378261666802596,0.7024554189006925,0.16068252828826474,-0.3998657411689364,0
1571234164750,-0.1083614902324818,1.378261666802596,0.6675155146326309,-1.6617659003225862,-0.3998657411689364,0
1571234165000,-0.19542962052064808,1.3457459616511867,0.6675155146326309,-0.8882317752030928,-0.3998657411689364,0
1571234165250,-0.19542962052064808,1.3132302564997773,0.7024554189006925,-0.647189542905853,-0.3998657411689364,0
1571234165500,-0.15189555537656493,1.3132302564997773,0.7024554189006925,-2.548463010288994,-0.3978554232785731,0
1571234165750,-0.1083614902324818,1.3132302564997773,0.7024554189006925,0.15890642762923243,-0.3998657411689364,0
1571234166000,-0.1083614902324818,1.3132302564997773,0.7024554189006925,-0.5525487506459893,-0.3978554232785731,0
1571234166250,-0.23896368566473122,1.280714551348368,0.7024554189006925,1.351854036945923,-0.3978554232785731,0
1571234166500,-0.15189555537656493,1.280714551348368,0.7373953231687541,-0.48810166958967466,-0.39584353482735807,0
1571234166750,-0.19542962052064808,1.280714551348368,0.7373953231687541,-0.4526642326308875,-0.3978554232785731,0
1571234167000,-0.28249775080881434,1.280714551348368,0.7373953231687541,-0.06023056320660918,-0.3998657411689364,0
1571234167250,-0.15189555537656493,1.280714551348368,0.7373953231687541,-2.1577208653018896,-0.3978554232785731,0
1571234167500,-0.28249775080881434,1.280714551348368,0.7373953231687541,1.201815819368624,-0.3978554232785731,0
1571234167750,-0.28249775080881434,1.3132302564997773,0.7723352274368158,-0.583080766736973,-0.39584353482735807,0
1571234168000,-0.19542962052064808,1.280714551348368,0.7723352274368158,2.1351990038010236,-0.3978554232785731,0
1571234168250,-0.23896368566473122,1.280714551348368,0.7373953231687541,-0.14379187040298566,-0.3978554232785731,0
1571234168500,-0.23896368566473122,1.2481988461969586,0.7373953231687541,-0.40902290215180825,-0.3978554232785731,0
1571234168750,-0.23896368566473122,1.280714551348368,0.7723352274368158,0.3415064906221239,-0.39584353482735807,0
1571234169000,-0.3260318159528975,1.280714551348368,0.8072751317048774,-2.1796261067632883,-0.39584353482735807,0
1571234169250,-0.3260318159528975,1.280714551348368,0.8072751317048774,1.40462959938574,-0.39584353482735807,0
1571234169500,-0.36956588109698063,1.280714551348368,0.8072751317048774,-0.7445367742651944,-0.39584353482735807,0
1571234169750,-0.23896368566473122,1.280714551348368,0.8072751317048774,1.6323087886293082,-0.39584353482735807,0
1571234170000,-0.4566340113851469,1.280714551348368,0.842215035972939,0.24601993614367354,-0.39584353482735807,0
1571234170250,-0.50016807652923,1.280714551348368,0.842215035972939,-2.0994478484412586,-0.3978554232785731,0
1571234170500,-0.4130999462410638,1.2481988461969586,0.8771549402410006,1.2180544539654905,-0.39584353482735807,0
1571234170750,-0.4566340113851469,1.3457459616511867,0.7723352274368158,-1.0928216558792414,-0.3998657411689364,0
1571234171000,-0.19542962052064808,1.378261666802596,0.6675155146326309,-0.2027414970384861,-0.3998657411689364,0
1571234171250,-0.15189555537656493,1.378261666802596,0.6675155146326309,1.0959263896015556,-0.3998657411689364,0
1571234171500,-0.15189555537656493,1.378261666802596,0.6325756103645693,-1.7763666809410987,-0.3998657411689364,0
1571234171750,-0.1083614902324818,1.378261666802596,0.6675155146326309,2.7186057821822027,-0.39584353482735807,0
1571234172000,-0.1083614902324818,1.378261666802596,0.6675155146326309,0.8716302492323345,-0.3998657411689364,0
1571234172250,-0.1083614902324818,1.378261666802596,0.6675155146326309,-2.7281874817386904,-0.3978554232785731,0
1571234172500,-0.15189555537656493,1.378261666802596,0.6675155146326309,1.5686228935697217,-0.3998657411689364,0
1571234172750,-0.15189555537656493,1.378261666802596,0.6325756103645693,-0.3921076577800721,-0.3998657411689364,0
1571234173000,-0.1083614902324818,1.378261666802596,0.5976357060965077,1.9122560829815414,-0.3998657411689364,0
1571234173250,-0.15189555537656493,1.4107773719540053,0.6325756103645693,0.6145185347819452,-0.3938316463761429,0
1571234173500,-0.1083614902324818,1.4432930771054147,0.6325756103645693,-2.4585584864532164,-0.39584353482735807,0
1571234173750,-0.19542962052064808,1.5083244874082333,0.6675155146326309,1.8592267918761485,-0.3978554232785731,0
1571234174000,-0.15189555537656493,1.4432930771054147,0.6325756103645693,0.19256776392898733,-0.3978554232785731,0
1571234174250,-0.15189555537656493,1.4432930771054147,0.6325756103645693,-1.6919596115261353,-0.39584353482735807,0
1571234174500,-0.15189555537656493,1.4432930771054147,0.6325756103645693,0.9178934425890328,-0.3918197579249278,0
1571234174750,-0.19542962052064808,1.4107773719540053,0.6325756103645693,-0.7834418363201875,-0.39584353482735807,0
1571234175000,-0.15189555537656493,1.4107773719540053,0.6325756103645693,1.8401971419579455,-0.39584353482735807,0
1571234175250,-0.15189555537656493,1.4107773719540053,0.6325756103645693,0.013097021144866956,-0.3938316463761429,0
1571234175500,-0.15189555537656493,1.4432930771054147,0.6325756103645693,-2.1408056209301534,-0.39584353482735807,0
1571234175750,-0.15189555537656493,1.4107773719540053,0.6325756103645693,1.1042148593437062,-0.39584353482735807,0
1571234176000,-0.1083614902324818,1.4107773719540053,0.6325756103645693,-0.4935991240104889,-0.39584353482735807,0
1571234176250,-0.28249775080881434,1.4432930771054147,0.6325756103645693,-0.3675805534410547,-0.39584353482735807,0
1571234176500,-0.4566340113851469,1.475808782256824,0.7024554189006925,0.8190238392362351,-0.3978554232785731,0
1571234176750,-0.4130999462410638,1.4432930771054147,0.7723352274368158,-0.8876397416500821,-0.3978554232785731,0
1571234177000,-0.3260318159528975,1.573355897711052,0.842215035972939,-0.5597377295039772,-0.3998657411689364,0
1571234177250,-0.23896368566473122,0.6629161534715904,0.4578760890242613,1.2357308843339547,-0.40187762962015144,0
1571234177500,-0.8919746628259783,0.7929789740772277,0.3879962804881381,-1.1184482511024216,-0.3998657411689364,0
1571234177750,-0.8484405976818952,1.6058716028624613,1.471133312798048,1.22321360349887,-0.40187762962015144,0
1571234178000,-0.5437021416733132,1.2156831410455493,0.8771549402410006,-0.2241392811687323,-0.40187762962015144,0
1571234178250,-0.5437021416733132,1.2156831410455493,0.8771549402410006,-2.5386521685533876,-0.40388951807136664,0
1571234178500,-0.5437021416733132,1.2156831410455493,0.8771549402410006,2.4995533675682196,-0.40187762962015144,0
1571234178750,-0.5437021416733132,1.2156831410455493,0.8771549402410006,0.27460669913190755,-0.40388951807136664,0
1571234179000,-0.50016807652923,1.2156831410455493,0.9120948445090622,0.025529725758093015,-0.40388951807136664,0
1571234179250,-0.50016807652923,1.2156831410455493,0.9120948445090622,0.015296002913192653,-0.40187762962015144,0
1571234179500,-0.50016807652923,1.18316743589414,0.8771549402410006,-2.1342086756251764,-0.40187762962015144,0
1571234179750,-0.5437021416733132,1.18316743589414,0.8771549402410006,1.2061292066834164,-0.40187762962015144,0
1571234180000,-0.7178384022496457,1.1506517307427304,0.9120948445090622,-0.7022486633358541,-0.40187762962015144,0
1571234180250,-0.5872362068173963,1.1506517307427304,0.9470347487771238,1.7925807290515083,-0.40388951807136664,0
1571234180500,-0.6307702719614795,1.1506517307427304,0.9470347487771238,-0.12645374492195613,-0.40187762962015144,0
1571234180750,-0.5872362068173963,1.18316743589414,0.9120948445090622,-0.03519600153643971,-0.40388951807136664,0
1571234181000,-0.6743043371055626,1.2481988461969586,0.9470347487771238,0.21193571873462522,-0.40187762962015144,0
1571234181250,-0.5872362068173963,1.280714551348368,0.8771549402410006,-2.132432574966144,-0.40388951807136664,0
1571234181500,-0.50016807652923,1.280714551348368,0.842215035972939,2.09891580462365,-0.40187762962015144,0
1571234181750,-0.50016807652923,1.280714551348368,0.842215035972939,0.14452846991325674,-0.40388951807136664,0
1571234182000,-0.50016807652923,1.280714551348368,0.842215035972939,-0.4197640823278607,-0.40388951807136664,0
1571234182250,-0.4566340113851469,1.280714551348368,0.842215035972939,0.921530220128956,-0.3998657411689364,0
1571234182500,-0.4566340113851469,1.280714551348368,0.842215035972939,-1.5094441247551025,-0.40388951807136664,0
1571234182750,-0.4566340113851469,1.280714551348368,0.842215035972939,1.5676925551292764,-0.3998657411689364,0
1571234183000,-0.4130999462410638,1.280714551348368,0.842215035972939,0.21582622494012452,-0.40388951807136664,0
1571234183250,-0.4566340113851469,1.280714551348368,0.8072751317048774,-2.0842241285066962,-0.40187762962015144,0
1571234183500,-0.4130999462410638,1.280714551348368,0.8072751317048774,2.315769237469307,-0.40388951807136664,0
1571234183750,-0.4130999462410638,1.280714551348368,0.8072751317048774,0.9302415709804001,-0.40187762962015144,0
1571234184000,-0.4566340113851469,1.280714551348368,0.8072751317048774,-1.9010320319607938,-0.40187762962015144,0
1571234184250,-0.28249775080881434,1.280714551348368,0.8072751317048774,1.9789867220280404,-0.40187762962015144,0
1571234184500,-0.23896368566473122,1.18316743589414,0.842215035972939,1.128403658795289,-0.3998657411689364,0
1571234184750,-0.6307702719614795,1.020588910137093,0.9120948445090622,-1.4665639802727513,-0.40187762962015144,0
1571234185000,-0.5437021416733132,1.0531046152885024,0.9470347487771238,1.2421586771952144,-0.3998657411689364,0
1571234185250,-0.28249775080881434,1.118136025591321,0.9120948445090622,0.4786045462550453,-0.40187762962015144,0
1571234185500,-0.3260318159528975,1.2156831410455493,0.842215035972939,-2.374658874369406,-0.3998657411689364,0
1571234185750,-0.19542962052064808,1.280714551348368,0.7723352274368158,1.9480318248277633,-0.3978554232785731,0
1571234186000,-0.1083614902324818,1.3132302564997773,0.7024554189006925,0.41018238277137264,-0.3998657411689364,0
1571234186250,-0.15189555537656493,1.3457459616511867,0.7024554189006925,-1.05188676449964,-0.3978554232785731,0
1571234186500,-0.19542962052064808,1.3132302564997773,0.7024554189006925,1.3601425066880741,-0.3978554232785731,0
1571234186750,-0.15189555537656493,1.3457459616511867,0.6675155146326309,-1.5431900372767158,-0.3978554232785731,0
1571234187000,-0.15189555537656493,1.3457459616511867,0.7024554189006925,1.8838384724370245,-0.3978554232785731,0
1571234187250,-0.19542962052064808,1.3457459616511867,0.7024554189006925,-0.2578006174684872,-0.3978554232785731,0
1571234187500,-0.19542962052064808,1.3457459616511867,0.7024554189006925,-1.4166640093761298,-0.3978554232785731,0
1571234187750,-0.15189555537656493,1.3457459616511867,0.7024554189006925,0.47572895471185017,-0.3978554232785731,0
1571234188000,-0.19542962052064808,1.3132302564997773,0.7024554189006925,-1.4795041422171293,-0.3978554232785731,0
1571234188250,-0.3260318159528975,1.2481988461969586,0.7723352274368158,2.206919639937185,-0.39584353482735807,0
1571234188500,0.5881835520728484,1.378261666802596,1.0867943658493702,0.5692702560875511,-0.3978554232785731,0
1571234188750,-0.6743043371055626,0.33775910195749703,0.7373953231687541,-2.1362385049497847,-0.4099236128641601,0
1571234189000,-1.762655965707641,0.20769628135185966,0.9819746530451854,1.1036228257906955,-0.41394581920573853,0
1571234189250,-2.2850647474366386,0.4027905122603157,1.0867943658493702,0.026629216642255864,-0.4099236128641601,0
1571234189500,-1.0661109234023107,0.9230417946828652,0.8771549402410006,-2.2044915159897402,-0.4099236128641601,0
1571234189750,-0.4566340113851469,1.378261666802596,1.0518544615813086,1.0652252210668545,-0.41394581920573853,0
1571234190000,0.5446494869287652,0.9230417946828652,0.9120948445090622,-0.35396378172180715,-0.41595770765695367,0
1571234190250,-0.804906532537812,1.020588910137093,1.0518544615813086,-0.10387189368568839,-0.41394581920573853,0
1571234190500,-0.4130999462410638,1.020588910137093,1.3663135999938631,0.5113355441143548,-0.41394581920573853,0
1571234190750,-1.370849379410893,1.118136025591321,0.49281599329232295,-1.102970802502283,-0.4099236128641601,0
1571234191000,-1.1531790536904771,0.9230417946828652,1.0518544615813086,1.3048296575924967,-0.41796959610816875,0
1571234191250,-0.4566340113851469,1.020588910137093,0.9819746530451854,0.9359081778449317,-0.407911724412945,0
1571234191500,-0.4566340113851469,1.0856203204399117,0.9470347487771238,1.252646128705691,-0.4058998359617299,0
1571234191750,-0.36956588109698063,1.0531046152885024,0.9470347487771238,-0.4863255689306424,-0.4058998359617299,0
1571234192000,-0.4566340113851469,1.0531046152885024,0.9819746530451854,0.15188660121496192,-0.40187762962015144,0
1571234192250,-0.4566340113851469,1.020588910137093,0.9470347487771238,0.06435021159122743,-0.40388951807136664,0
1571234192500,-0.4130999462410638,1.020588910137093,0.9470347487771238,-2.2165859157155317,-0.40187762962015144,0
1571234192750,-0.36956588109698063,1.020588910137093,0.9470347487771238,-1.4598824587459154,-0.40388951807136664,0
1571234193000,-0.36956588109698063,0.9880732049856839,0.9120948445090622,0.9253361501125966,-0.40388951807136664,0
1571234193250,-0.4130999462410638,1.020588910137093,0.9470347487771238,-0.8207399501598657,-0.40187762962015144,0
1571234193500,-0.36956588109698063,0.9880732049856839,0.9120948445090622,1.6684228353629649,-0.40187762962015144,0
1571234193750,-0.4130999462410638,0.9880732049856839,0.9470347487771238,0.31537243806779164,-0.3998657411689364,0
1571234194000,-0.3260318159528975,0.9880732049856839,0.9120948445090622,-1.978250122517769,-0.40187762962015144,0
1571234194250,-0.28249775080881434,0.9880732049856839,0.9120948445090622,1.443280932775157,-0.3998657411689364,0
1571234194500,-0.36956588109698063,1.020588910137093,0.9470347487771238,-0.34872005596656896,-0.40187762962015144,0
1571234194750,-0.3260318159528975,0.9880732049856839,0.9120948445090622,-1.237277842813868,-0.40187762962015144,0
1571234195000,-0.28249775080881434,0.9880732049856839,0.9470347487771238,0.5381462064435565,-0.40388951807136664,0
1571234195250,-0.9355087279700615,0.9555574998342745,1.0518544615813086,-1.320669997566527,-0.3998657411689364,0
1571234195500,-1.3273153142668097,1.0531046152885024,0.8072751317048774,2.0724434471818824,-0.40187762962015144,0
1571234195750,0.022240705199767605,0.8905260895314557,0.49281599329232295,0.17387641889821892,-0.40388951807136664,0
1571234196000,-0.5437021416733132,0.532853332865953,0.9470347487771238,-2.104860726640214,-0.3877975515833494,0
1571234196250,0.06577477034385075,1.18316743589414,0.9819746530451854,1.3877143550140039,-0.39584353482735807,0
1571234196500,-0.36956588109698063,1.2156831410455493,0.8771549402410006,1.0183699941571454,-0.3938316463761429,0
1571234196750,-0.4130999462410638,1.2481988461969586,0.842215035972939,2.7871970981095933,-0.383775345241771,0
1571234197000,-0.4130999462410638,1.2156831410455493,0.842215035972939,-0.041708370619558115,-0.38176345679055584,0
1571234197250,-0.36956588109698063,1.2156831410455493,0.8072751317048774,-4.883781648250885,-0.38176345679055584,0
1571234197500,-0.4130999462410638,1.2156831410455493,0.8771549402410006,1.9420269130757968,-0.383775345241771,0
1571234197750,-0.23896368566473122,0.8254946792286371,1.1566741743854934,-0.6677415648175123,-0.383775345241771,0
1571234198000,-0.4566340113851469,0.9880732049856839,0.8072751317048774,0.21142826140347312,-0.4058998359617299,0
1571234198250,-0.8484405976818952,0.8905260895314557,0.9470347487771238,-0.22946758314582918,-0.4662439250113685,0
1571234198500,-3.2863482457505504,0.5978847431687717,0.7723352274368158,-2.6502082051849873,-0.41394581920573853,0
1571234198750,-2.1544625520043894,0.1751805762004503,1.0518544615813086,1.560588152493147,-0.40187762962015144,0
1571234199000,-0.36956588109698063,0.6629161534715904,1.0867943658493702,-1.153293654508198,-0.41595770765695367,0
1571234199250,-0.50016807652923,0.6954318586229997,1.0867943658493702,0.4276896606961196,-0.41595770765695367,0
1571234199500,0.19637696577610014,1.1506517307427304,0.842215035972939,4.340270260100546,-0.41595770765695367,0
1571234199750,-1.2402471839786433,0.9880732049856839,0.7723352274368158,-3.0175227367172375,-0.41595770765695367,0
1571234200000,-0.36956588109698063,1.4432930771054147,0.3879962804881381,-0.8922068576304508,-0.41796959610816875,0
1571234200250,-0.15189555537656493,0.8905260895314557,0.7723352274368158,0.5389919686621433,-0.4099236128641601,0
1571234200500,-1.2837812491227265,1.0531046152885024,1.191614078653555,0.963395449949003,-0.4099236128641601,0
1571234200750,-0.5872362068173963,0.8905260895314557,1.1217342701174318,1.8989776161497283,-0.407911724412945,0
1571234201000,-0.804906532537812,1.3132302564997773,0.4578760890242613,0.939291226719279,-0.4119355013153752,0
1571234201250,-0.50016807652923,1.0856203204399117,0.842215035972939,2.77391863127778,-0.407911724412945,0
1571234201500,-0.28249775080881434,1.3457459616511867,0.8072751317048774,-0.9481117402790388,-0.4058998359617299,0
1571234201750,-0.28249775080881434,1.3132302564997773,0.7723352274368158,1.2008009047063197,-0.40388951807136664,0
1571234202000,-0.3260318159528975,1.280714551348368,0.7723352274368158,-1.66920860784615,-0.40388951807136664,0
1571234202250,-0.28249775080881434,1.280714551348368,0.7723352274368158,-3.968836080183677,-0.4058998359617299,0
1571234202500,-0.28249775080881434,1.280714551348368,0.7723352274368158,1.1838010841127247,-0.40388951807136664,0
1571234202750,-0.28249775080881434,1.280714551348368,0.7723352274368158,-1.583110013994013,-0.4058998359617299,0
1571234203000,-0.28249775080881434,1.280714551348368,0.7723352274368158,0.45365456080673455,-0.40388951807136664,0
1571234203250,-0.23896368566473122,1.280714551348368,0.7723352274368158,-0.4151123901256332,-0.40388951807136664,0
1571234203500,-0.28249775080881434,1.280714551348368,0.7723352274368158,0.9082517532971431,-0.40187762962015144,0
1571234203750,-0.28249775080881434,1.280714551348368,0.7723352274368158,-0.34736683641683,-0.40388951807136664,0
1571234204000,-0.28249775080881434,1.280714551348368,0.7723352274368158,-1.218417345339382,-0.40187762962015144,0
1571234204250,-0.28249775080881434,1.280714551348368,0.7723352274368158,0.12127000890211953,-0.40187762962015144,0
1571234204500,-0.28249775080881434,1.280714551348368,0.7723352274368158,-1.8389530851165221,-0.40187762962015144,0
1571234204750,-0.28249775080881434,1.2481988461969586,0.7723352274368158,1.627657096427081,-0.40388951807136664,0
1571234205000,-0.23896368566473122,1.2481988461969586,0.7723352274368158,-0.2741238282872126,-0.40388951807136664,0
1571234205250,-0.23896368566473122,1.280714551348368,0.7723352274368158,0.9558681662035804,-0.40388951807136664,0
1571234205500,-0.23896368566473122,1.280714551348368,0.7723352274368158,0.5340865477943398,-0.40388951807136664,0
1571234205750,-0.23896368566473122,1.280714551348368,0.7723352274368158,-2.0509010970943757,-0.40187762962015144,0
1571234206000,-0.23896368566473122,1.280714551348368,0.7723352274368158,1.4352461916985824,-0.40388951807136664,0
1571234206250,-0.23896368566473122,1.280714551348368,0.7723352274368158,-0.6658808879366214,-0.3998657411689364,0
1571234206500,-0.19542962052064808,1.280714551348368,0.7723352274368158,1.5085737760500584,-0.40388951807136664,0
1571234206750,-0.28249775080881434,1.2481988461969586,0.7723352274368158,0.4038391661319716,-0.40187762962015144,0
1571234207000,-0.23896368566473122,1.2481988461969586,0.7723352274368158,-1.9472106490956336,-0.40388951807136664,0
1571234207250,-0.23896368566473122,1.280714551348368,0.7723352274368158,1.073513690809005,-0.40388951807136664,0
1571234207500,-0.23896368566473122,1.280714551348368,0.7723352274368158,-0.8338492645479612,-0.40187762962015144,0
1571234207750,-0.23896368566473122,1.280714551348368,0.7723352274368158,1.3649633513340187,-0.40388951807136664,0
1571234208000,-0.23896368566473122,1.280714551348368,0.7723352274368158,0.6927515400012249,-0.40187762962015144,0
1571234208250,-0.23896368566473122,1.2481988461969586,0.7723352274368158,-2.3445497393877153,-0.40388951807136664,0
1571234208500,-0.23896368566473122,1.2481988461969586,0.7723352274368158,2.0992541095110844,-0.3998657411689364,0
1571234208750,-0.28249775080881434,1.2481988461969586,0.7723352274368158,0.20381640143619187,-0.40388951807136664,0
1571234209000,-0.28249775080881434,1.2481988461969586,0.7723352274368158,-1.7758592236099466,-0.3998657411689364,0
1571234209250,-0.23896368566473122,1.2481988461969586,0.7723352274368158,0.5100669007864745,-0.40187762962015144,0
1571234209500,-0.28249775080881434,1.2481988461969586,0.8072751317048774,-0.9478580116134627,-0.40187762962015144,0
1571234209750,-0.3260318159528975,1.280714551348368,0.8072751317048774,1.8577044198826922,-0.40187762962015144,0
1571234210000,-0.36956588109698063,1.280714551348368,0.8072751317048774,0.5699468658624205,-0.40187762962015144,0
1571234210250,-0.36956588109698063,1.2481988461969586,0.8072751317048774,-2.5443187754179193,-0.3978554232785731,0
1571234210500,-0.3260318159528975,1.2481988461969586,0.8072751317048774,1.6783182533204308,-0.40187762962015144,0
1571234210750,-0.36956588109698063,1.2481988461969586,0.8072751317048774,-0.22354724761572156,-0.3998657411689364,0
1571234211000,-0.36956588109698063,1.2481988461969586,0.8072751317048774,0.6588364750358938,-0.40187762962015144,0
1571234211250,-0.36956588109698063,1.2481988461969586,0.8072751317048774,0.5966729519697636,-0.3998657411689364,0
1571234211500,-0.3260318159528975,1.2481988461969586,0.8072751317048774,-2.7061976640554337,-0.40187762962015144,0
1571234211750,-0.3260318159528975,1.2481988461969586,0.8072751317048774,1.3112574504537566,-0.3998657411689364,0
1571234212000,-0.36956588109698063,1.2481988461969586,0.8072751317048774,-0.2790292491550161,-0.3998657411689364,0
1571234212250,-0.3260318159528975,1.2481988461969586,0.8072751317048774,0.6528315632839276,-0.3978554232785731,0
1571234212500,-0.3260318159528975,1.2481988461969586,0.8072751317048774,0.5607280576798243,-0.3978554232785731,0
1571234212750,-0.3260318159528975,1.2481988461969586,0.8072751317048774,-2.47116034351016,-0.3998657411689364,0
1571234213000,-0.3260318159528975,1.280714551348368,0.8072751317048774,1.7803171768819994,-0.39584353482735807,0
1571234213250,-0.36956588109698063,1.2481988461969586,0.8072751317048774,-0.17719947803716454,-0.3978554232785731,0
1571234213500,-0.36956588109698063,1.2481988461969586,0.8072751317048774,0.32805887134659373,-0.3978554232785731,0
1571234213750,-0.36956588109698063,1.2481988461969586,0.8072751317048774,0.5880461773401782,-0.3998657411689364,0
1571234214000,-0.4130999462410638,1.2481988461969586,0.8072751317048774,-2.030433651404575,-0.3998657411689364,0
1571234214250,-0.36956588109698063,1.2481988461969586,0.8072751317048774,1.721367550246499,-0.3998657411689364,0
1571234214500,-0.4130999462410638,1.2481988461969586,0.8072751317048774,-0.17110999006333952,-0.39584353482735807,0
1571234214750,-0.36956588109698063,1.2481988461969586,0.8072751317048774,0.22174656047023217,-0.3978554232785731,0
1571234215000,-0.3260318159528975,1.280714551348368,0.8771549402410006,0.5948122750888726,-0.3998657411689364,0
1571234215250,-0.804906532537812,1.0856203204399117,1.0867943658493702,-2.348524821815073,-0.3978554232785731,0
1571234215500,-0.4566340113851469,0.6954318586229997,0.4578760890242613,1.678741134429724,-0.40187762962015144,0
1571234215750,-0.6307702719614795,0.5978847431687717,1.1217342701174318,-0.32250142719037794,-0.3978554232785731,0
1571234216000,-0.5437021416733132,0.5653690380173624,1.0867943658493702,-0.9969967965133562,-0.39584353482735807,0
1571234216250,-0.5872362068173963,0.7279475637744091,1.0518544615813086,0.7451887975536068,-0.40187762962015144,0
1571234216500,-0.36956588109698063,0.8905260895314557,0.9120948445090622,-0.513981993478431,-0.40187762962015144,0
1571234216750,0.2399110309201833,1.18316743589414,0.5976357060965077,1.7305863584290953,-0.40388951807136664,0
1571234217000,0.06577477034385075,1.2156831410455493,0.6675155146326309,-1.333102702179753,-0.40388951807136664,0
1571234217250,0.06577477034385075,1.280714551348368,0.7024554189006925,-1.8264358042814375,-0.40388951807136664,0
1571234217500,-1.457917509699059,0.9880732049856839,0.7723352274368158,1.0339320189791426,-0.4099236128641601,0
1571234217750,-0.5437021416733132,1.2481988461969586,1.2964337914577397,-2.2020388055558384,-0.407911724412945,0
1571234218000,0.10930883548793388,1.378261666802596,0.5976357060965077,0.29693482170259927,-0.3998657411689364,0
1571234218250,-0.15189555537656493,1.378261666802596,0.6325756103645693,1.527518849746403,-0.3998657411689364,0
1571234218500,-0.15189555537656493,1.475808782256824,0.5626958018284461,3.880683070520475,-0.3978554232785731,0
1571234218750,-0.1083614902324818,1.5083244874082333,0.5277558975603845,2.088259200669456,-0.3978554232785731,0
1571234219000,-0.15189555537656493,1.5083244874082333,0.5277558975603845,-0.5719167054516272,-0.3978554232785731,0
1571234219250,-0.1083614902324818,1.5083244874082333,0.5626958018284461,-1.3788584382052995,-0.3938316463761429,0
1571234219500,-0.1083614902324818,1.5083244874082333,0.5626958018284461,-2.8783948517597078,-0.39584353482735807,0
1571234219750,-0.1083614902324818,1.5083244874082333,0.5277558975603845,1.0606581050864856,-0.39584353482735807,0
1571234220000,-0.1083614902324818,1.5083244874082333,0.5626958018284461,-0.5245540212107661,-0.39584353482735807,0
1571234220250,-0.1083614902324818,1.5083244874082333,0.5626958018284461,1.1807563401258123,-0.39584353482735807,0
1571234220500,-0.06482742508839867,1.475808782256824,0.5277558975603845,-0.3472822601949714,-0.39584353482735807,0
1571234220750,-0.06482742508839867,1.475808782256824,0.5277558975603845,-0.6405925976008758,-0.3938316463761429,0
1571234221000,-0.06482742508839867,1.475808782256824,0.5626958018284461,0.2420448537163155,-0.39584353482735807,0
1571234221250,-0.1083614902324818,1.475808782256824,0.5626958018284461,-1.8656791712238652,-0.3938316463761429,0
1571234221500,-0.1083614902324818,1.475808782256824,0.5277558975603845,0.9639874835020138,-0.39584353482735807,0
1571234221750,-0.1083614902324818,1.475808782256824,0.5626958018284461,-0.5883244924922112,-0.39584353482735807,0
1571234222000,-0.1083614902324818,1.475808782256824,0.5277558975603845,1.0434045558273148,-0.3938316463761429,0
1571234222250,-0.1083614902324818,1.475808782256824,0.5626958018284461,-0.24190028775905525,-0.3938316463761429,0
1571234222500,-0.1083614902324818,1.5083244874082333,0.5626958018284461,-1.730949249802987,-0.39584353482735807,0
1571234222750,-0.1083614902324818,1.5083244874082333,0.5626958018284461,0.6409908922237122,-0.3938316463761429,0
1571234223000,-0.1083614902324818,1.475808782256824,0.5626958018284461,-1.6323333751157654,-0.3938316463761429,0
1571234223250,-0.1083614902324818,1.475808782256824,0.5626958018284461,2.205820149053022,-0.3938316463761429,0
1571234223500,-0.06482742508839867,1.475808782256824,0.5626958018284461,0.21134368518161445,-0.3938316463761429,0
1571234223750,-0.1083614902324818,1.475808782256824,0.5626958018284461,0.15188660121496192,-0.39584353482735807,0
1571234224000,-0.06482742508839867,1.475808782256824,0.5626958018284461,0.681587478715879,-0.3938316463761429,0
1571234224250,-0.06482742508839867,1.5083244874082333,0.5626958018284461,-2.0852390431690004,-0.3918197579249278,0
1571234224500,-0.1083614902324818,1.475808782256824,0.5277558975603845,1.5961947418956517,-0.39584353482735807,0
1571234224750,-0.1083614902324818,1.475808782256824,0.5626958018284461,-0.43710220780889025,-0.3938316463761429,0
1571234225000,-0.06482742508839867,1.475808782256824,0.5277558975603845,1.3268194752757538,-0.3938316463761429,0
1571234225250,-0.1083614902324818,1.475808782256824,0.5626958018284461,0.4694703142943078,-0.3938316463761429,0
1571234225500,-0.1083614902324818,1.475808782256824,0.5626958018284461,-2.2214067603614764,-0.3938316463761429,0
1571234225750,-0.06482742508839867,1.475808782256824,0.5277558975603845,1.2900288187672275,-0.3938316463761429,0
1571234226000,-0.06482742508839867,1.475808782256824,0.5277558975603845,-0.28376551757910223,-0.39584353482735807,0
1571234226250,-0.06482742508839867,1.475808782256824,0.5277558975603845,-0.4260227227454031,-0.3938316463761429,0
1571234226500,-0.1083614902324818,1.475808782256824,0.5277558975603845,0.5323104471353075,-0.3938316463761429,0
1571234226750,-0.06482742508839867,1.475808782256824,0.5277558975603845,-1.1443285749911778,-0.3918197579249278,0
1571234227000,-0.06482742508839867,1.475808782256824,0.5277558975603845,1.6314630264107215,-0.3938316463761429,0
1571234227250,-0.06482742508839867,1.5083244874082333,0.5277558975603845,0.5469421335168594,-0.3918197579249278,0
1571234227500,-0.06482742508839867,1.5083244874082333,0.5277558975603845,-2.2210684554740414,-0.3938316463761429,0
1571234227750,-0.06482742508839867,1.5083244874082333,0.5277558975603845,1.6474479323420121,-0.3938316463761429,0
1571234228000,-0.06482742508839867,1.5083244874082333,0.5277558975603845,0.02519142087065829,-0.3938316463761429,0
1571234228250,-0.06482742508839867,1.5083244874082333,0.5277558975603845,-1.6868004619927557,-0.3938316463761429,0
1571234228500,-0.06482742508839867,1.5083244874082333,0.5277558975603845,0.9195849670262064,-0.3938316463761429,0
1571234228750,-0.06482742508839867,1.5083244874082333,0.5277558975603845,-0.6427070031473429,-0.39584353482735807,0
1571234229000,-0.1083614902324818,1.5083244874082333,0.5277558975603845,0.06451936403494479,-0.39584353482735807,0
1571234229250,-0.06482742508839867,1.5083244874082333,0.5277558975603845,0.7013783146308102,-0.3938316463761429,0
1571234229500,-0.06482742508839867,1.5083244874082333,0.5277558975603845,-1.3449433732399685,-0.3938316463761429,0
1571234229750,-0.06482742508839867,1.475808782256824,0.5277558975603845,1.5857072903851752,-0.3938316463761429,0
1571234230000,-0.1083614902324818,1.475808782256824,0.5277558975603845,0.7595667552695826,-0.39584353482735807,0
1571234230250,-0.06482742508839867,1.475808782256824,0.5277558975603845,-2.332286187218206,-0.3918197579249278,0
1571234230500,-0.06482742508839867,1.475808782256824,0.5277558975603845,2.028125506927934,-0.39584353482735807,0
1571234230750,-0.06482742508839867,1.475808782256824,0.5626958018284461,0.1625432051691557,-0.39584353482735807,0
1571234231000,-0.06482742508839867,1.475808782256824,0.5626958018284461,-1.6235374480424625,-0.3938316463761429,0
1571234231250,-0.06482742508839867,1.475808782256824,0.5626958018284461,0.8965802346806453,-0.3918197579249278,0
1571234231500,-0.06482742508839867,1.475808782256824,0.5626958018284461,-0.9021868518097752,-0.3918197579249278,0
1571234231750,-0.1083614902324818,1.475808782256824,0.5626958018284461,1.1606271993234463,-0.3938316463761429,0
1571234232000,-0.1083614902324818,1.475808782256824,0.5626958018284461,0.34362089616859093,-0.3918197579249278,0
1571234232250,-0.28249775080881434,1.280714551348368,0.6675155146326309,-2.1602581519576503,-0.3918197579249278,0
1571234232500,-0.021293359944315533,1.118136025591321,0.8771549402410006,1.1640948244196523,-0.3938316463761429,0
1571234232750,-0.6307702719614795,0.8905260895314557,1.2265539829216165,-0.6022795690988936,-0.40388951807136664,0
1571234233000,-2.1979966171484726,0.8254946792286371,0.9120948445090622,0.6665329112250339,-0.40187762962015144,0
1571234233250,-1.8932581611398904,1.0531046152885024,0.8771549402410006,0.5632653443355847,-0.40187762962015144,0
1571234233500,-0.15189555537656493,0.9230417946828652,0.842215035972939,-2.6250044910711003,-0.40388951807136664,0
1571234233750,-1.109644988546394,1.020588910137093,1.1566741743854934,2.1259801956184274,-0.39584353482735807,0
1571234234000,-0.50016807652923,1.18316743589414,0.9120948445090622,2.5187521699301407,-0.39584353482735807,0
1571234234250,-0.50016807652923,1.1506517307427304,0.9120948445090622,-1.957359795718675,-0.3918197579249278,0
1571234234500,-0.50016807652923,1.18316743589414,0.9120948445090622,-2.401469536698607,-0.3918197579249278,0
1571234234750,-0.50016807652923,1.18316743589414,0.9120948445090622,-0.10598629923215541,-0.3938316463761429,0
1571234235000,-0.50016807652923,1.18316743589414,0.9120948445090622,2.3148388990288615,-0.3938316463761429,0
1571234235250,-0.50016807652923,1.1506517307427304,0.9120948445090622,-0.7126515386244718,-0.3938316463761429,0
1571234235500,-0.50016807652923,1.18316743589414,0.9120948445090622,-0.11968764717326169,-0.39584353482735807,0
1571234235750,-0.4566340113851469,1.18316743589414,0.9120948445090622,0.25075620456775966,-0.39584353482735807,0
1571234236000,-0.4566340113851469,1.18316743589414,0.9120948445090622,-1.9895833362468325,-0.3918197579249278,0
1571234236250,-0.50016807652923,1.18316743589414,0.8771549402410006,0.7486564226498127,-0.3918197579249278,0
1571234236500,-0.4566340113851469,1.18316743589414,0.8771549402410006,-0.9883700218837708,-0.3938316463761429,0
1571234236750,-0.36956588109698063,1.2156831410455493,0.8771549402410006,2.001061115933156,-0.3938316463761429,0
1571234237000,-0.4130999462410638,1.2156831410455493,0.842215035972939,-0.04500684327204667,-0.3938316463761429,0
1571234237250,-0.3260318159528975,1.2481988461969586,0.8072751317048774,-0.1432844130718336,-0.3918197579249278,0
1571234237500,-0.3260318159528975,1.2481988461969586,0.8072751317048774,0.32611361824384405,-0.3918197579249278,0
1571234237750,-0.28249775080881434,1.2156831410455493,0.8072751317048774,-1.964295045911087,-0.39584353482735807,0
1571234238000,-0.3260318159528975,1.2156831410455493,0.8072751317048774,1.609304056283747,-0.3938316463761429,0
1571234238250,-0.3260318159528975,1.2156831410455493,0.8072751317048774,-0.21517420165171214,-0.3938316463761429,0
1571234238500,-0.3260318159528975,1.2156831410455493,0.8072751317048774,0.612996162788489,-0.3938316463761429,0
1571234238750,-0.3260318159528975,1.2156831410455493,0.8072751317048774,0.07077800445248716,-0.3938316463761429,0
1571234239000,-0.3260318159528975,1.2156831410455493,0.8072751317048774,-2.3964795396089453,-0.3938316463761429,0
1571234239250,-0.3260318159528975,1.2156831410455493,0.842215035972939,1.5249815630906425,-0.3918197579249278,0
1571234239500,-0.28249775080881434,1.2156831410455493,0.8072751317048774,-0.25906926079636744,-0.3938316463761429,0
1571234239750,-0.36956588109698063,1.2156831410455493,0.842215035972939,0.10350900231179659,-0.3918197579249278,0
1571234240000,-0.36956588109698063,1.2156831410455493,0.842215035972939,0.55523060325901,-0.3938316463761429,0
1571234240250,-0.36956588109698063,1.2156831410455493,0.842215035972939,-2.1786957683228425,-0.3938316463761429,0
1571234240500,-0.36956588109698063,1.2156831410455493,0.842215035972939,1.8875598261988065,-0.3918197579249278,0
1571234240750,-0.15189555537656493,1.1506517307427304,0.842215035972939,-0.10936934810650265,-0.3938316463761429,0
1571234241000,-1.370849379410893,1.2481988461969586,1.0518544615813086,0.9111273448403383,-0.39584353482735807,0
1571234241250,-0.36956588109698063,0.4027905122603157,1.645832834138356,0.20626911187009359,-0.3978554232785731,0
1571234241500,-1.6755878354194749,0.37027480710890637,1.1217342701174318,-2.44358849518423,-0.3998657411689364,0
1571234241750,-1.3273153142668097,0.5003376277145437,1.3663135999938631,1.003907460219311,-0.3898094400345645,0
1571234242000,-1.5885197051313085,0.7604632689258184,1.0867943658493702,0.3185017582765628,-0.3877975515833494,0
1571234242250,-0.23896368566473122,1.4432930771054147,0.842215035972939,0.7016320432963863,-0.3918197579249278,0
1571234242500,-0.36956588109698063,1.2156831410455493,0.842215035972939,0.46431116476092826,-0.3918197579249278,0
1571234242750,-0.4130999462410638,1.2156831410455493,0.842215035972939,1.4651015980146966,-0.3938316463761429,0
1571234243000,-0.7178384022496457,1.118136025591321,0.9120948445090622,0.28593991286097076,-0.3898094400345645,0
1571234243250,-0.4566340113851469,1.18316743589414,0.8771549402410006,-4.63986382441045,-0.3918197579249278,0
1571234243500,-0.5437021416733132,1.1506517307427304,0.8771549402410006,-1.5421751226144116,-0.3918197579249278,0
1571234243750,-0.50016807652923,1.1506517307427304,0.8771549402410006,2.3177990667939152,-0.3918197579249278,0
1571234244000,-0.4566340113851469,1.1506517307427304,0.8771549402410006,-0.3725705505307169,-0.3918197579249278,0
1571234244250,-0.4130999462410638,1.1506517307427304,0.8771549402410006,1.544180365452563,-0.3898094400345645,0
1571234244500,-0.4566340113851469,1.1506517307427304,0.8771549402410006,-0.7907999676218928,-0.3918197579249278,0
1571234244750,-0.4130999462410638,1.1506517307427304,0.8771549402410006,2.4499917015590333,-0.3918197579249278,0
1571234245000,-0.4566340113851469,1.1506517307427304,0.8771549402410006,0.21904012137075438,-0.3918197579249278,0
1571234245250,-0.4566340113851469,1.1506517307427304,0.8771549402410006,-2.0380455113718567,-0.3898094400345645,0
1571234245500,-0.4130999462410638,1.18316743589414,0.8771549402410006,0.7319103307217939,-0.3918197579249278,0
1571234245750,-0.4130999462410638,1.18316743589414,0.8771549402410006,-0.5728470438920726,-0.3918197579249278,0
1571234246000,-0.4130999462410638,1.18316743589414,0.8771549402410006,1.6338311606227645,-0.3918197579249278,0
1571234246250,-0.36956588109698063,1.18316743589414,0.8771549402410006,0.5901605828866452,-0.3918197579249278,0
1571234246500,-0.4130999462410638,1.1506517307427304,0.8771549402410006,-2.2653018195061314,-0.3918197579249278,0
1571234246750,-0.36956588109698063,1.1506517307427304,0.8771549402410006,1.6521842007660983,-0.3918197579249278,0
1571234247000,-0.36956588109698063,1.18316743589414,0.842215035972939,0.3368547984198965,-0.3918197579249278,0
1571234247250,-0.36956588109698063,1.18316743589414,0.8771549402410006,-1.8022470048298547,-0.3938316463761429,0
1571234247500,-0.36956588109698063,1.18316743589414,0.8771549402410006,0.5696085609749857,-0.3918197579249278,0
1571234247750,-0.36956588109698063,1.18316743589414,0.842215035972939,-0.6909154496067909,-0.3918197579249278,0
1571234248000,-0.36956588109698063,1.18316743589414,0.842215035972939,0.7102588179259718,-0.3898094400345645,0
1571234248250,-0.36956588109698063,1.18316743589414,0.842215035972939,0.21650283471499396,-0.3898094400345645,0
1571234248500,-0.4130999462410638,1.18316743589414,0.842215035972939,-1.9307182858331908,-0.3918197579249278,0
1571234248750,-0.4130999462410638,1.18316743589414,0.8771549402410006,1.302376947158595,-0.3918197579249278,0
1571234249000,-0.36956588109698063,1.18316743589414,0.8771549402410006,-0.23361181801690453,-0.3898094400345645,0
1571234249250,-0.4130999462410638,1.18316743589414,0.8771549402410006,-0.44133101890182425,-0.3877975515833494,0
1571234249500,-0.36956588109698063,1.18316743589414,0.8771549402410006,0.4649877745357977,-0.3918197579249278,0
1571234249750,-0.36956588109698063,1.18316743589414,0.842215035972939,-1.5412447841739663,-0.3898094400345645,0
1571234250000,-0.36956588109698063,1.18316743589414,0.8771549402410006,1.9410965746353515,-0.3918197579249278,0
1571234250250,-0.36956588109698063,1.18316743589414,0.842215035972939,0.5274050262675041,-0.3918197579249278,0
1571234250500,-0.36956588109698063,1.18316743589414,0.8771549402410006,-2.272067917254826,-0.3918197579249278,0
1571234250750,-0.36956588109698063,1.2156831410455493,0.8771549402410006,1.5381754537005967,-0.3918197579249278,0
1571234251000,-0.4130999462410638,1.18316743589414,0.8771549402410006,-0.119603070951403,-0.3918197579249278,0
1571234251250,-0.4130999462410638,1.2156831410455493,0.842215035972939,-0.09719037215885262,-0.3918197579249278,0
1571234251500,-0.4130999462410638,1.18316743589414,0.8771549402410006,0.5833944851379508,-0.3898094400345645,0
1571234251750,-0.4130999462410638,1.18316743589414,0.842215035972939,-1.2212083606607187,-0.3918197579249278,0
1571234252000,-0.4130999462410638,1.18316743589414,0.842215035972939,2.0907964873252163,-0.3898094400345645,0
1571234252250,-0.36956588109698063,1.18316743589414,0.842215035972939,0.5124350349985176,-0.3918197579249278,0
1571234252500,-0.36956588109698063,1.2156831410455493,0.842215035972939,-2.2579436882044264,-0.3898094400345645,0
1571234252750,-0.36956588109698063,1.2156831410455493,0.842215035972939,1.7464021119166686,-0.3918197579249278,0
1571234253000,-0.36956588109698063,1.18316743589414,0.842215035972939,-0.07536970691931302,-0.3918197579249278,0
1571234253250,-0.36956588109698063,1.18316743589414,0.8771549402410006,-1.3219386408944074,-0.3938316463761429,0
1571234253500,-0.36956588109698063,1.18316743589414,0.842215035972939,0.46321167387676543,-0.3918197579249278,0
1571234253750,-0.3260318159528975,1.18316743589414,0.842215035972939,-0.9755990123831101,-0.3918197579249278,0
1571234254000,-0.36956588109698063,1.18316743589414,0.8771549402410006,1.9228281107138765,-0.3918197579249278,0
1571234254250,-0.4130999462410638,1.18316743589414,0.842215035972939,0.2851787268642426,-0.3918197579249278,0
1571234254500,-0.4130999462410638,1.2156831410455493,0.842215035972939,-2.326027546800664,-0.3898094400345645,0
1571234254750,-0.36956588109698063,1.18316743589414,0.842215035972939,1.240890033867334,-0.3898094400345645,0
1571234255000,-0.3260318159528975,1.18316743589414,0.842215035972939,-0.48657929759621843,-0.3918197579249278,0
1571234255250,-0.3260318159528975,1.2156831410455493,0.842215035972939,-0.07071801471708557,-0.3918197579249278,0
1571234255500,-0.36956588109698063,1.2156831410455493,0.842215035972939,0.7027315341805492,-0.3918197579249278,0
1571234255750,-0.3260318159528975,1.2156831410455493,0.8072751317048774,-1.1514329776273071,-0.3898094400345645,0
1571234256000,-0.3260318159528975,1.2156831410455493,0.8072751317048774,2.007996366125568,-0.3918197579249278,0
1571234256250,-0.3260318159528975,1.2156831410455493,0.842215035972939,0.34590445415877535,-0.3898094400345645,0
1571234256500,-0.3260318159528975,1.2156831410455493,0.842215035972939,-2.287883670742399,-0.3898094400345645,0
1571234256750,-0.3260318159528975,1.2156831410455493,0.8072751317048774,1.1845622701094527,-0.3877975515833494,0
1571234257000,-0.3260318159528975,1.2156831410455493,0.842215035972939,-0.5157580941374633,-0.3877975515833494,0
1571234257250,-0.36956588109698063,1.2156831410455493,0.842215035972939,-0.2695567123068438,-0.3898094400345645,0
1571234257500,-0.3260318159528975,1.2156831410455493,0.842215035972939,0.6462346179789504,-0.3898094400345645,0
1571234257750,-0.3260318159528975,1.2156831410455493,0.842215035972939,-1.3661720049264974,-0.3918197579249278,0
1571234258000,-0.3260318159528975,1.2156831410455493,0.842215035972939,1.9301016657937229,-0.3877975515833494,0
1571234258250,-0.3260318159528975,1.2156831410455493,0.842215035972939,0.47665929315229566,-0.3898094400345645,0
1571234258500,-0.36956588109698063,1.2156831410455493,0.842215035972939,-2.247371660472091,-0.3877975515833494,0
1571234258750,-0.36956588109698063,1.2156831410455493,0.842215035972939,1.1573287266709575,-0.3898094400345645,0
1571234259000,-0.36956588109698063,1.2156831410455493,0.842215035972939,-0.43025153383833714,-0.3898094400345645,0
1571234259250,0.022240705199767605,1.2481988461969586,0.8072751317048774,0.5043157177000842,-0.3898094400345645,0
1571234259500,-0.4566340113851469,0.8905260895314557,1.0867943658493702,0.4327642340076404,-0.3918197579249278,0
1571234259750,-2.067394421716223,1.020588910137093,1.2614938871896781,-1.7342477224554755,-0.3938316463761429,0
1571234260000,-1.9803262914280568,1.2481988461969586,0.10847704634364527,2.015100768761697,-0.3998657411689364,0
1571234260250,-1.6320537702753917,0.4678219225631344,1.0518544615813086,0.4341174535573793,-0.3978554232785731,0
1571234260500,-0.8919746628259783,0.8254946792286371,1.2614938871896781,-0.27911382537687474,-0.40187762962015144,0
1571234260750,-0.804906532537812,1.0856203204399117,1.0518544615813086,2.4706282996925513,-0.3978554232785731,0
1571234261000,-0.5872362068173963,1.118136025591321,0.9819746530451854,-1.4226689211280958,-0.3978554232785731,0
1571234261250,-0.5437021416733132,1.1506517307427304,0.9470347487771238,-3.298907826841068,-0.3938316463761429,0
1571234261500,-0.5437021416733132,1.118136025591321,0.9470347487771238,1.4937729372247894,-0.39584353482735807,0
1571234261750,-0.5872362068173963,1.0856203204399117,0.9819746530451854,-1.5181554756065465,-0.39584353482735807,0
1571234262000,-0.6307702719614795,1.0856203204399117,0.9819746530451854,0.44308253307439943,-0.39584353482735807,0
1571234262250,-0.7613724673937289,1.0856203204399117,0.9819746530451854,-1.4488875499042868,-0.3918197579249278,0
1571234262500,-0.6743043371055626,1.0856203204399117,0.9819746530451854,0.21870181648331966,-0.3918197579249278,0
1571234262750,-0.6307702719614795,1.0856203204399117,0.9819746530451854,0.5137882545482565,-0.39584353482735807,0
1571234263000,-0.6307702719614795,1.0856203204399117,0.9819746530451854,-1.9472106490956336,-0.3938316463761429,0
1571234263250,-0.6307702719614795,1.0856203204399117,0.9819746530451854,2.427156121657189,-0.39584353482735807,0
1571234263500,-0.50016807652923,1.0856203204399117,0.9470347487771238,0.406376452787732,-0.39584353482735807,0
1571234263750,-0.7178384022496457,1.0856203204399117,0.9120948445090622,-1.9349470969261249,-0.3978554232785731,0
1571234264000,-0.36956588109698063,1.1506517307427304,0.6325756103645693,0.8292575620811354,-0.3938316463761429,0
1571234264250,0.06577477034385075,1.2481988461969586,0.6675155146326309,-0.8804507627920943,-0.3938316463761429,0
1571234264500,0.022240705199767605,1.280714551348368,0.6675155146326309,1.415201627118075,-0.3918197579249278,0
1571234264750,0.06577477034385075,1.2481988461969586,0.6325756103645693,1.7175616202628585,-0.3938316463761429,0
1571234265000,0.022240705199767605,1.2481988461969586,0.6325756103645693,-2.4237130830474403,-0.3918197579249278,0
1571234265250,-0.021293359944315533,1.2481988461969586,0.6675155146326309,0.04049971702707949,-0.3898094400345645,0
1571234265500,-0.021293359944315533,1.280714551348368,0.6675155146326309,-0.8708090735002046,-0.3938316463761429,0
1571234265750,0.022240705199767605,1.280714551348368,0.6325756103645693,-0.8073769071061941,-0.3918197579249278,0
1571234266000,0.022240705199767605,1.2481988461969586,0.6675155146326309,0.963395449949003,-0.3938316463761429,0
1571234266250,0.022240705199767605,1.2481988461969586,0.6675155146326309,-1.588945773302262,-0.3938316463761429,0
1571234266500,-0.021293359944315533,1.2481988461969586,0.6675155146326309,1.8407045992890976,-0.3938316463761429,0
1571234266750,0.022240705199767605,1.2481988461969586,0.6675155146326309,-0.09972765881461304,-0.3918197579249278,0
1571234267000,-0.021293359944315533,1.2481988461969586,0.6325756103645693,1.1050606215622931,-0.3938316463761429,0
1571234267250,-0.50016807652923,1.280714551348368,0.9120948445090622,0.7100896654822543,-0.39584353482735807,0
1571234267500,-1.4143834445549759,1.18316743589414,1.2964337914577397,-2.1524771395466518,-0.39584353482735807,0
1571234267750,-0.36956588109698063,0.5653690380173624,0.7373953231687541,1.0536382786722152,-0.3898094400345645,0
1571234268000,-0.021293359944315533,0.37027480710890637,0.842215035972939,-1.0132354311102227,-0.383775345241771,0
1571234268250,2.721352744132922,-0.2150078856164618,1.1566741743854934,2.4555737322017057,-0.383775345241771,0
1571234268500,-2.2850647474366386,1.3132302564997773,0.9819746530451854,2.359410567948386,-0.40187762962015144,0
1571234268750,0.5011154217846822,1.1506517307427304,-1.6035782627913733,-1.2265366626378156,-0.42400369090096224,0
1571234269000,0.8929220080814304,1.5408401925596427,-1.7083979755955583,0.1686326931429807,-0.407911724412945,0
1571234269250,2.329546157836174,1.5408401925596427,-0.8698402731620797,-2.742565439454667,-0.4058998359617299,0
1571234269500,-0.8919746628259783,0.8905260895314557,1.0518544615813086,-4.734673769114031,-0.407911724412945,0
1571234269750,-0.021293359944315533,1.1506517307427304,0.842215035972939,0.5690165274219751,-0.39584353482735807,0
1571234270000,-0.8484405976818952,0.9880732049856839,0.9470347487771238,0.6751596858546193,-0.3938316463761429,0
1571234270250,-0.6743043371055626,1.2156831410455493,1.0518544615813086,0.7214228792113175,-0.3918197579249278,0
1571234270500,-0.6307702719614795,1.3132302564997773,0.8771549402410006,-1.2991876372144222,-0.3938316463761429,0
1571234270750,-0.5437021416733132,1.3132302564997773,0.842215035972939,1.8870523688676544,-0.38176345679055584,0
1571234271000,-0.5437021416733132,1.3132302564997773,0.842215035972939,2.1478854370798257,-0.383775345241771,0
1571234271250,-0.50016807652923,1.3132302564997773,0.842215035972939,-0.29408381664586125,-0.38176345679055584,0
1571234271500,-0.4566340113851469,1.3132302564997773,0.842215035972939,0.11873272224635911,-0.3857856631321343,0
1571234271750,-0.50016807652923,1.3132302564997773,0.8072751317048774,-1.7741676991727728,-0.3857856631321343,0
1571234272000,-0.4566340113851469,1.3132302564997773,0.842215035972939,-0.6267220972160523,-0.3877975515833494,0
1571234272250,-0.50016807652923,1.3132302564997773,0.842215035972939,-0.15131915414840824,-0.383775345241771,0
1571234272500,-0.4566340113851469,1.3132302564997773,0.8072751317048774,-1.836838679570055,-0.383775345241771,0
1571234272750,-0.4130999462410638,1.280714551348368,0.8072751317048774,1.5538220547444526,-0.3857856631321343,0
1571234273000,-0.4130999462410638,1.3457459616511867,0.8072751317048774,-0.9268831085925099,-0.3857856631321343,0
1571234273250,-0.4566340113851469,1.3457459616511867,0.8072751317048774,2.0666922640954923,-0.3877975515833494,0
1571234273500,-0.4566340113851469,1.3132302564997773,0.8072751317048774,0.0029478745218252758,-0.3857856631321343,0
1571234273750,-0.7178384022496457,1.280714551348368,0.9470347487771238,-0.43752508891818365,-0.3857856631321343,0
1571234274000,-0.23896368566473122,1.67090301316528,0.8072751317048774,0.32873548112146317,-0.3857856631321343,0
1571234274250,-2.3285988125807218,1.118136025591321,0.9819746530451854,-2.2833165547620307,-0.37975156833934076,0
1571234274500,-1.6755878354194749,1.0531046152885024,1.2265539829216165,1.310327112013311,-0.37975156833934076,0
1571234274750,-1.4143834445549759,0.9555574998342745,0.9470347487771238,-0.6306971796434103,-0.38176345679055584,0
1571234275000,-1.109644988546394,1.4107773719540053,0.9819746530451854,1.8942413477256421,-0.3978554232785731,0
1571234275250,-0.4566340113851469,1.2156831410455493,1.0518544615813086,3.2998981550169146,-0.39584353482735807,0
1571234275500,-0.19542962052064808,1.67090301316528,0.8771549402410006,0.21827893537402626,-0.39584353482735807,0
1571234275750,-0.5437021416733132,1.4107773719540053,0.7723352274368158,-2.671775141758951,-0.3938316463761429,0
1571234276000,-0.4130999462410638,1.4107773719540053,0.7723352274368158,-5.15653996374513,-0.3898094400345645,0
1571234276250,-0.4566340113851469,1.4107773719540053,0.7723352274368158,-2.283485707205748,-0.3898094400345645,0
1571234276500,-0.4566340113851469,1.378261666802596,0.7723352274368158,0.4869775922190547,-0.3898094400345645,0
1571234276750,-0.4130999462410638,1.378261666802596,0.7373953231687541,2.308157377502025,-0.3918197579249278,0
1571234277000,-0.4130999462410638,1.378261666802596,0.7723352274368158,3.3402410128435056,-0.3898094400345645,0
1571234277250,-0.4130999462410638,1.4107773719540053,0.7723352274368158,-1.8639876467866916,-0.3938316463761429,0
1571234277500,-0.36956588109698063,1.378261666802596,0.7373953231687541,1.598732028551412,-0.3918197579249278,0
1571234277750,-0.36956588109698063,1.4107773719540053,0.7373953231687541,-0.5333499482840689,-0.3918197579249278,0
1571234278000,-0.4130999462410638,1.378261666802596,0.7373953231687541,1.6488857281136098,-0.3918197579249278,0
1571234278250,-0.3260318159528975,1.378261666802596,0.7373953231687541,0.3839637539951817,-0.3898094400345645,0
1571234278500,-0.28249775080881434,1.4107773719540053,0.842215035972939,-2.2543914868863615,-0.3898094400345645,0
1571234278750,-1.0661109234023107,1.2481988461969586,1.016914557313247,0.7844321644960347,-0.3898094400345645,0
1571234279000,-0.50016807652923,0.630400448320181,1.1566741743854934,-0.8154962244046274,-0.3978554232785731,0
1571234279250,-0.8484405976818952,0.8905260895314557,1.016914557313247,1.5769959395337312,-0.3978554232785731,0
1571234279500,-0.9355087279700615,1.2481988461969586,0.3530563762200765,-0.15317983102929925,-0.39584353482735807,0
1571234279750,-0.5872362068173963,1.0856203204399117,1.1217342701174318,-1.5291503844481749,-0.39584353482735807,0
1571234280000,-0.7178384022496457,1.1506517307427304,0.9470347487771238,2.0213594091792393,-0.39584353482735807,0
1571234280250,-0.5437021416733132,1.1506517307427304,0.9470347487771238,-2.246695050697222,-0.3938316463761429,0
1571234280500,-0.50016807652923,1.1506517307427304,0.9470347487771238,0.12177746623327163,-0.3938316463761429,0
1571234280750,-0.5437021416733132,1.1506517307427304,0.9120948445090622,1.2742130652796544,-0.3938316463761429,0
1571234281000,-0.50016807652923,1.1506517307427304,0.9120948445090622,-0.09558342394353771,-0.3918197579249278,0
1571234281250,-0.5437021416733132,1.1506517307427304,0.9120948445090622,2.1943177828802414,-0.3918197579249278,0
1571234281500,-0.5437021416733132,1.1506517307427304,0.9120948445090622,-3.130939450229728,-0.3918197579249278,0
1571234281750,-0.50016807652923,1.1506517307427304,0.9120948445090622,0.6338864895875831,-0.3877975515833494,0
1571234282000,-0.50016807652923,1.1506517307427304,0.9120948445090622,-0.7341338989765767,-0.3898094400345645,0
1571234282250,-0.5437021416733132,1.1506517307427304,0.9120948445090622,0.7744521703167103,-0.3857856631321343,0
1571234282500,-0.3260318159528975,1.18316743589414,0.9120948445090622,0.5015247023787478,-0.3877975515833494,0
1571234282750,-0.6307702719614795,1.0531046152885024,1.1566741743854934,-2.403499366023216,-0.3898094400345645,0
1571234283000,-2.2415306822925554,1.0531046152885024,1.0867943658493702,1.0664938643947346,-0.3877975515833494,0
1571234283250,0.2399110309201833,-0.1499764753136431,0.8072751317048774,-0.7244922096846871,-0.3938316463761429,0
1571234283500,-0.7178384022496457,0.1751805762004503,1.2265539829216165,0.8200387538985392,-0.3877975515833494,0
1571234283750,-0.6307702719614795,0.240211986503269,1.016914557313247,0.9997632253482356,-0.3877975515833494,0
1571234284000,-0.36956588109698063,0.37027480710890637,0.842215035972939,-2.653083796728182,-0.39584353482735807,0
1571234284250,0.3705132263524327,0.5978847431687717,0.9120948445090622,1.3525306467207927,-0.40187762962015144,0
1571234284500,-0.1083614902324818,0.9230417946828652,0.3879962804881381,-0.22862182092724237,-0.40187762962015144,0
1571234284750,-1.762655965707641,0.6629161534715904,1.0867943658493702,-0.3799286818324221,-0.40388951807136664,0
1571234285000,-1.8497240959958072,0.0126020504434036,1.191614078653555,-0.45816168705170174,-0.40388951807136664,0
1571234285250,-2.2850647474366386,0.07763346074622228,0.9819746530451854,-1.043682870979348,-0.41394581920573853,0
1571234285500,-0.9790427931141445,0.5003376277145437,1.2265539829216165,2.2726353643213795,-0.407911724412945,0
1571234285750,-0.8484405976818952,0.4027905122603157,1.191614078653555,1.3339238779118827,-0.4058998359617299,0
1571234286000,-0.6307702719614795,0.4027905122603157,1.1566741743854934,-1.2276361535219782,-0.4058998359617299,0
1571234286250,-0.4566340113851469,0.4027905122603157,1.1566741743854934,0.45365456080673455,-0.4058998359617299,0
1571234286500,-0.50016807652923,0.43530621741172504,1.1217342701174318,-1.2118204000344053,-0.4058998359617299,0
1571234286750,-0.50016807652923,0.43530621741172504,1.0518544615813086,2.7800926954734635,-0.4058998359617299,0
1571234287000,-1.6755878354194749,-0.01991365470800574,1.0518544615813086,0.124061024223456,-0.40388951807136664,0
1571234287250,0.2399110309201833,0.27272769165467836,0.49281599329232295,0.13201118907817197,-0.4058998359617299,0
1571234287500,-0.19542962052064808,0.7929789740772277,0.49281599329232295,-0.3728242791962929,-0.4058998359617299,0
1571234287750,0.10930883548793388,0.6629161534715904,0.9120948445090622,-1.6367313386524167,-0.4058998359617299,0
1571234288000,0.022240705199767605,0.6629161534715904,0.8771549402410006,0.8238446838821798,-0.407911724412945,0
1571234288250,-0.5872362068173963,0.8905260895314557,0.842215035972939,0.7708153927767871,-0.4058998359617299,0
1571234288500,-1.1531790536904771,0.7279475637744091,0.7723352274368158,2.5349062283051484,-0.40388951807136664,0
1571234288750,-1.109644988546394,0.8254946792286371,1.0518544615813086,-0.08044428023083386,-0.3918197579249278,0
1571234289000,-0.28249775080881434,1.020588910137093,0.6325756103645693,-2.612318057792298,-0.3857856631321343,0
1571234289250,-1.5014515748431423,0.7604632689258184,1.4012535042619247,-0.047797858593383126,-0.3857856631321343,0
1571234289500,-0.8919746628259783,1.3132302564997773,0.9819746530451854,1.5291257979617179,-0.3898094400345645,0
1571234289750,-0.3260318159528975,0.630400448320181,1.1217342701174318,-0.24071622065303372,-0.3918197579249278,0
1571234290000,0.06577477034385075,0.33775910195749703,0.5976357060965077,-1.2813420544022407,-0.39584353482735807,0
1571234290250,0.19637696577610014,0.240211986503269,0.7024554189006925,-3.942194570298193,-0.383775345241771,0
1571234290500,-0.7613724673937289,0.045117755594812944,1.0518544615813086,-0.5005343742029007,-0.39584353482735807,0
1571234290750,-0.9355087279700615,0.14266487104904096,1.1217342701174318,-0.3372176897937884,-0.39584353482735807,0
1571234291000,-0.8919746628259783,0.20769628135185966,1.2265539829216165,1.2848696692338482,-0.39584353482735807,0
1571234291250,-0.9355087279700615,0.20769628135185966,1.191614078653555,-0.41697306700652426,-0.39584353482735807,0
1571234291500,-0.8484405976818952,0.3052433968060877,1.191614078653555,-4.810961521230561,-0.3998657411689364,0
1571234291750,-0.7178384022496457,0.240211986503269,1.191614078653555,-1.5816722182224157,-0.40187762962015144,0
1571234292000,-0.9355087279700615,0.20769628135185966,1.2265539829216165,0.022992439102332597,-0.3998657411689364,0
1571234292250,-1.0225768582582277,0.240211986503269,1.191614078653555,0.7420594773448356,-0.3998657411689364,0
1571234292500,-1.0225768582582277,0.240211986503269,1.191614078653555,0.9924896702683891,-0.40187762962015144,0
1571234292750,-1.0225768582582277,0.240211986503269,1.191614078653555,2.3915495322546847,-0.3998657411689364,0
1571234293000,-1.0661109234023107,0.240211986503269,1.191614078653555,0.44113727997164975,-0.3998657411689364,0
1571234293250,-0.9790427931141445,0.240211986503269,1.191614078653555,1.481932266164574,-0.3978554232785731,0
1571234293500,-1.0661109234023107,0.240211986503269,1.191614078653555,-1.3875697890567433,-0.40187762962015144,0
1571234293750,-1.0661109234023107,0.240211986503269,1.1566741743854934,1.171537531943216,-0.3998657411689364,0
1571234294000,-0.804906532537812,0.240211986503269,1.1566741743854934,-0.7675415066107555,-0.3998657411689364,0
1571234294250,-0.8919746628259783,0.240211986503269,1.1566741743854934,2.002160606817319,-0.3998657411689364,0
1571234294500,-0.9355087279700615,0.240211986503269,1.191614078653555,-0.30178025283500115,-0.3998657411689364,0
1571234294750,-0.8919746628259783,0.240211986503269,1.191614078653555,1.002554240669572,-0.40187762962015144,0
1571234295000,-0.9790427931141445,0.240211986503269,1.191614078653555,-0.10547884190100333,-0.3978554232785731,0
1571234295250,-0.9355087279700615,0.240211986503269,1.191614078653555,-1.329719653305406,-0.40187762962015144,0
1571234295500,-0.9790427931141445,0.240211986503269,1.191614078653555,-0.10657833278516618,-0.3978554232785731,0
1571234295750,-0.9790427931141445,0.240211986503269,1.191614078653555,-1.967170637454282,-0.40187762962015144,0
1571234296000,-0.9790427931141445,0.240211986503269,1.191614078653555,1.5152552975768945,-0.3978554232785731,0
1571234296250,-0.9355087279700615,0.240211986503269,1.191614078653555,-0.5927224560288625,-0.40187762962015144,0
1571234296500,-0.9790427931141445,0.240211986503269,1.191614078653555,1.6987856990102312,-0.3998657411689364,0
1571234296750,-0.9790427931141445,0.240211986503269,1.191614078653555,-0.2990738137355234,-0.3998657411689364,0
1571234297000,-1.0225768582582277,0.240211986503269,1.191614078653555,0.743835578003868,-0.40187762962015144,0
1571234297250,-0.9790427931141445,0.240211986503269,1.191614078653555,-0.13727950131986724,-0.3978554232785731,0
1571234297500,-0.9790427931141445,0.240211986503269,1.191614078653555,-0.9520868227063968,-0.40187762962015144,0
1571234297750,-0.9355087279700615,0.240211986503269,1.191614078653555,0.10714577985171986,-0.3998657411689364,0
1571234298000,-0.9790427931141445,0.240211986503269,1.191614078653555,-1.820769197416906,-0.40388951807136664,0
1571234298250,-0.9790427931141445,0.240211986503269,1.191614078653555,1.1502243240348284,-0.3998657411689364,0
1571234298500,-0.9790427931141445,0.240211986503269,1.191614078653555,-0.4719476112146667,-0.3998657411689364,0
1571234298750,-0.9790427931141445,0.240211986503269,1.191614078653555,0.9839474718606623,-0.3978554232785731,0
1571234299000,-0.9790427931141445,0.240211986503269,1.191614078653555,0.2823877115429062,-0.3998657411689364,0
1571234299250,-1.0225768582582277,0.240211986503269,1.191614078653555,-1.9373152311381676,-0.3978554232785731,0
1571234299500,-1.0225768582582277,0.240211986503269,1.191614078653555,0.9813256089830432,-0.3978554232785731,0
1571234299750,-1.0225768582582277,0.240211986503269,1.191614078653555,-0.5439219760164039,-0.3998657411689364,0
1571234300000,-0.9790427931141445,0.240211986503269,1.191614078653555,0.772422340992102,-0.3998657411689364,0
1571234300250,-0.9790427931141445,0.240211986503269,1.191614078653555,0.5243602822805916,-0.40187762962015144,0
1571234300500,-0.9790427931141445,0.240211986503269,1.191614078653555,-1.8309183440399475,-0.3998657411689364,0
1571234300750,-1.0225768582582277,0.240211986503269,1.191614078653555,1.9105645585443676,-0.3978554232785731,0
1571234301000,-0.9790427931141445,0.240211986503269,1.191614078653555,0.2361245181862079,-0.3998657411689364,0
1571234301250,-1.0661109234023107,0.240211986503269,1.191614078653555,-2.130825626750829,-0.3978554232785731,0
1571234301500,-0.9790427931141445,0.240211986503269,1.191614078653555,0.5127733398859523,-0.3998657411689364,0
1571234301750,-1.0225768582582277,0.240211986503269,1.191614078653555,-0.6597068237409377,-0.40187762962015144,0
1571234302000,-0.9790427931141445,0.240211986503269,1.191614078653555,1.674004866005638,-0.3998657411689364,0
1571234302250,-1.0225768582582277,0.240211986503269,1.191614078653555,0.24407468304092386,-0.3998657411689364,0
1571234302500,-1.0225768582582277,0.240211986503269,1.191614078653555,-2.3147789092934596,-0.40388951807136664,0
1571234302750,-1.0661109234023107,0.240211986503269,1.191614078653555,1.2747205226108063,-0.3998657411689364,0
1571234303000,-0.9790427931141445,0.240211986503269,1.191614078653555,-0.15301067858558187,-0.3998657411689364,0
1571234303250,-1.0661109234023107,0.240211986503269,1.191614078653555,0.8795804140870505,-0.3978554232785731,0
1571234303500,-1.0225768582582277,0.240211986503269,1.191614078653555,0.3973267970488532,-0.3998657411689364,0
1571234303750,-1.0661109234023107,0.240211986503269,1.191614078653555,-1.5266976740142733,-0.3998657411689364,0
1571234304000,-1.0225768582582277,0.240211986503269,1.191614078653555,1.7771032804513696,-0.3998657411689364,0
1571234304250,-1.0225768582582277,0.240211986503269,1.191614078653555,0.2531243387798027,-0.3998657411689364,0
1571234304500,-1.0225768582582277,0.240211986503269,1.191614078653555,-1.896972373311577,-0.3998657411689364,0
1571234304750,-1.0225768582582277,0.240211986503269,1.191614078653555,0.5506634872786413,-0.3998657411689364,0
1571234305000,-0.5437021416733132,0.3052433968060877,1.3313736957258016,-0.48793251714595737,-0.3998657411689364,0
1571234305250,-1.2837812491227265,0.4678219225631344,1.191614078653555,1.0982945238135986,-0.40187762962015144,0
1571234305500,-0.15189555537656493,0.8254946792286371,0.7024554189006925,-0.11148375365296966,-0.407911724412945,0
1571234305750,0.022240705199767605,0.630400448320181,0.6675155146326309,-1.5404835981772382,-0.407911724412945,0
1571234306000,-0.3260318159528975,0.37027480710890637,1.2964337914577397,0.29566617837471904,-0.4119355013153752,0
1571234306250,-0.021293359944315533,0.7279475637744091,0.9819746530451854,-2.0878609060466196,-0.4099236128641601,0
1571234306500,1.110592333801846,0.7604632689258184,0.7373953231687541,2.4302854418659603,-0.4099236128641601,0
1571234306750,-0.19542962052064808,0.7929789740772277,0.8072751317048774,0.1266828871010751,-0.4099236128641601,0
1571234307000,-0.6307702719614795,0.630400448320181,1.0867943658493702,-0.9701861341841544,-0.4119355013153752,0
1571234307250,-0.804906532537812,0.630400448320181,1.1217342701174318,0.8214765496701367,-0.4058998359617299,0
1571234307500,-0.28249775080881434,0.5653690380173624,1.0867943658493702,-1.2263675101940983,-0.407911724412945,0
1571234307750,-0.8484405976818952,0.6629161534715904,1.0867943658493702,0.8562373768540545,-0.407911724412945,0
1571234308000,-1.1967131188345603,0.5003376277145437,1.2265539829216165,0.04751954344134998,-0.407911724412945,0
1571234308250,-1.0661109234023107,0.5978847431687717,1.1566741743854934,0.4153415323047522,-0.407911724412945,0
1571234308500,-0.9790427931141445,0.5978847431687717,1.2265539829216165,-0.08585715842978942,-0.407911724412945,0
1571234308750,-0.7613724673937289,0.630400448320181,1.0867943658493702,-1.5419213939488357,-0.407911724412945,0
1571234309000,-0.5872362068173963,0.6629161534715904,1.1566741743854934,0.6128270103447715,-0.407911724412945,0
1571234309250,-0.7613724673937289,0.7279475637744091,1.016914557313247,-0.2786909442675814,-0.407911724412945,0
1571234309500,-0.8484405976818952,0.5978847431687717,1.191614078653555,1.6202989651253756,-0.407911724412945,0
1571234309750,-0.9790427931141445,0.6629161534715904,1.0867943658493702,0.11957848446494593,-0.4058998359617299,0
1571234310000,-1.5014515748431423,0.630400448320181,1.1566741743854934,-0.10607087545401409,-0.4058998359617299,0
1571234310250,-1.1531790536904771,0.5653690380173624,1.2265539829216165,0.7369003278114561,-0.4058998359617299,0
1571234310500,-1.1967131188345603,0.532853332865953,1.191614078653555,-1.1063538513766302,-0.4058998359617299,0
1571234310750,-1.3273153142668097,0.43530621741172504,1.1566741743854934,1.2737056079485023,-0.4058998359617299,0
1571234311000,-0.9790427931141445,0.6629161534715904,1.0518544615813086,0.5453351853015445,-0.4058998359617299,0
1571234311250,-0.9355087279700615,0.630400448320181,1.016914557313247,-2.0167323034634688,-0.4099236128641601,0
1571234311500,-0.5872362068173963,0.5003376277145437,1.191614078653555,0.08989223059254901,-0.4099236128641601,0
1571234311750,-0.3260318159528975,0.532853332865953,1.0518544615813086,-0.6883781629510305,-0.407911724412945,0
1571234312000,-0.3260318159528975,0.4678219225631344,1.0867943658493702,1.226934957260652,-0.40388951807136664,0
1571234312250,-0.6743043371055626,0.5003376277145437,1.1566741743854934,0.1446976223569741,-0.4099236128641601,0
1571234312500,-0.5437021416733132,0.4678219225631344,1.2964337914577397,-2.0042150226283844,-0.4119355013153752,0
1571234312750,-1.109644988546394,0.5653690380173624,1.3313736957258016,0.24086078661029398,-0.41595770765695367,0
1571234313000,-1.109644988546394,0.5978847431687717,1.1217342701174318,-0.6759454583378044,-0.419979913998532,0
1571234313250,-1.5885197051313085,0.532853332865953,1.1566741743854934,0.8906598991505376,-0.419979913998532,0
1571234313500,-0.9355087279700615,0.37027480710890637,1.2614938871896781,0.2610745036345187,-0.43405999203533413,0
1571234313750,-0.8484405976818952,0.37027480710890637,1.4012535042619247,-1.1132045253471834,-0.44009565738897943,0
1571234314000,-0.6743043371055626,0.43530621741172504,1.2265539829216165,0.0767829162044535,-0.4441178637305578,0
1571234314250,-0.804906532537812,0.4678219225631344,1.1566741743854934,-0.6399159878260063,-0.4441178637305578,0
1571234314500,-0.9355087279700615,0.5003376277145437,1.1217342701174318,2.760809316889685,-0.446129752181773,0
1571234314750,-0.15189555537656493,0.5978847431687717,0.9819746530451854,0.8356007787205364,-0.4300377856937558,0
1571234315000,-0.4566340113851469,0.5653690380173624,1.0518544615813086,-0.38348088315048673,-0.41595770765695367,0
1571234315250,-0.5437021416733132,0.532853332865953,1.1217342701174318,-0.5997422824431331,-0.41595770765695367,0
1571234315500,-0.36956588109698063,0.43530621741172504,1.1566741743854934,-1.3932363959212752,-0.41595770765695367,0
1571234315750,-1.109644988546394,0.4678219225631344,1.191614078653555,0.7611737034848974,-0.4119355013153752,0
1571234316000,-1.2402471839786433,0.5003376277145437,1.2964337914577397,-0.6790747785465756,-0.41394581920573853,0
1571234316250,-1.6755878354194749,0.43530621741172504,1.2265539829216165,1.5381754537005967,-0.4099236128641601,0
1571234316500,-0.15189555537656493,0.7279475637744091,0.9120948445090622,-0.35650106837756756,-0.4099236128641601,0
1571234316750,-0.3260318159528975,0.6629161534715904,0.6325756103645693,0.4598286250024182,-0.4119355013153752,0
1571234317000,-0.23896368566473122,0.7929789740772277,0.6325756103645693,0.182334041084087,-0.4099236128641601,0
1571234317250,0.45758135664059896,0.7279475637744091,0.5626958018284461,-0.9266293799269338,-0.41394581920573853,0
1571234317500,0.10930883548793388,0.630400448320181,0.8072751317048774,-0.2272686013775035,-0.4119355013153752,0
1571234317750,-0.1083614902324818,0.630400448320181,0.842215035972939,-1.4529472085535038,-0.41394581920573853,0
1571234318000,-0.3260318159528975,0.5978847431687717,1.0518544615813086,1.1760200717017262,-0.4119355013153752,0
1571234318250,-0.5872362068173963,0.6629161534715904,1.1217342701174318,-0.663851058612013,-0.4119355013153752,0
1571234318500,-0.3260318159528975,0.7929789740772277,1.016914557313247,0.21997045981119986,-0.4058998359617299,0
1571234318750,-0.804906532537812,0.6954318586229997,1.2614938871896781,1.594249488792902,-0.4058998359617299,0
1571234319000,-0.36956588109698063,0.8254946792286371,0.9470347487771238,-0.37789885250781374,-0.40388951807136664,0
1571234319250,0.19637696577610014,0.6954318586229997,1.3313736957258016,2.368883104796558,-0.40187762962015144,0
1571234319500,-0.6743043371055626,0.8580103843800464,0.9819746530451854,0.1734535377889255,-0.4099236128641601,0
1571234319750,-0.3260318159528975,0.9230417946828652,0.4578760890242613,-1.6172788076249203,-0.407911724412945,0
1571234320000,0.15284290063201703,0.8580103843800464,0.1783568548797685,-2.0665476981382316,-0.4099236128641601,0
1571234320250,0.5446494869287652,0.6629161534715904,0.5626958018284461,-2.17116848457742,-0.41595770765695367,0
1571234320500,0.8493879429373472,0.6954318586229997,0.3181164719520149,-0.5836728002899838,-0.4119355013153752,0
1571234320750,0.8929220080814304,0.7279475637744091,0.2831765676839533,-0.6087073619601532,-0.4099236128641601,0
1571234321000,0.8493879429373472,0.7279475637744091,0.24823666341589168,2.1248807047342644,-0.41394581920573853,0
1571234321250,1.1541263989459292,0.7279475637744091,0.1783568548797685,-0.3321431164822676,-0.4119355013153752,0
1571234321500,1.0235242035136798,0.7279475637744091,0.10847704634364527,0.4767438693741543,-0.41595770765695367,0
1571234321750,0.8493879429373472,0.6954318586229997,0.2831765676839533,1.010250676858712,-0.41595770765695367,0
1571234322000,0.7187857475050978,0.6954318586229997,0.49281599329232295,-0.9531017373687009,-0.41595770765695367,0
1571234322250,0.3269791612083496,0.5978847431687717,0.6675155146326309,1.0478870955858248,-0.41394581920573853,0
1571234322500,0.45758135664059896,0.5653690380173624,0.7024554189006925,-0.7639893052926909,-0.41394581920573853,0
1571234322750,0.41404729149651587,0.630400448320181,0.6675155146326309,1.0980407951480227,-0.41595770765695367,0
1571234323000,0.5011154217846822,0.6954318586229997,0.6325756103645693,0.16195117161614495,-0.4119355013153752,0
1571234323250,0.3705132263524327,0.6629161534715904,0.6675155146326309,-0.25154197705094483,-0.41394581920573853,0
1571234323500,-0.06482742508839867,0.5978847431687717,0.8072751317048774,0.5748522867302239,-0.4119355013153752,0
1571234323750,0.9799901383695966,0.8580103843800464,0.038597237807522056,-1.2302580163995973,-0.419979913998532,0
1571234324000,1.8506714412512595,0.7604632689258184,-1.4288787414510653,0.9418285133750394,-0.41796959610816875,0
1571234324250,1.415330789810428,0.8254946792286371,-1.3240590286468805,-0.3249541376242797,-0.41796959610816875,0
1571234324500,1.1976604640900124,0.9555574998342745,-1.6035782627913733,1.0826479227697428,-0.41595770765695367,0
1571234324750,1.1541263989459292,0.9880732049856839,-1.638518167059435,-0.42475407941752286,-0.41394581920573853,0
1571234325000,1.1541263989459292,0.9880732049856839,-1.7433378798636199,-0.7514720244576063,-0.4119355013153752,0
1571234325250,1.110592333801846,1.020588910137093,-1.7433378798636199,2.699068674932848,-0.4099236128641601,0
1571234325500,1.1976604640900124,0.9230417946828652,-1.7433378798636199,0.1446976223569741,-0.4119355013153752,0
1571234325750,1.2847285943781785,0.8905260895314557,-1.5686383585233117,0.3919139188498976,-0.4099236128641601,0
1571234326000,1.1976604640900124,0.8905260895314557,-1.7782777841316815,-0.0008580554618153541,-0.4119355013153752,0
1571234326250,1.110592333801846,0.8905260895314557,-1.8481575926678047,-0.6272295545472043,-0.407911724412945,0
1571234326500,1.0235242035136798,0.9880732049856839,-1.7083979755955583,-1.1464429805376448,-0.4119355013153752,0
1571234326750,1.110592333801846,0.9230417946828652,-1.8830974969358663,-2.200601009784241,-0.4099236128641601,0
1571234327000,0.9799901383695966,0.8905260895314557,-2.022857114008113,0.5118430014455068,-0.41394581920573853,0
1571234327250,1.1541263989459292,0.7279475637744091,-2.267436443884544,-0.5492502779935007,-0.4099236128641601,0
1571234327500,1.2411945292340956,1.6058716028624613,-2.267436443884544,-0.2962827984141869,-0.4119355013153752,0
1571234327750,0.41404729149651587,2.093607180133602,-0.45056142194534043,0.034833110162547885,-0.40187762962015144,0
1571234328000,-0.021293359944315533,1.378261666802596,0.003657333539460452,-1.9110120261401182,-0.3777396798881257,0
1571234328250,2.0683417669716753,2.093607180133602,-1.5686383585233117,1.7022533241064373,-0.4058998359617299,0
1571234328500,0.022240705199767605,1.4432930771054147,-2.861414816441591,1.0032308504444416,-0.4058998359617299,0
1571234328750,0.15284290063201703,1.8334815389223267,-1.6734580713274967,2.8176445379787176,-0.40388951807136664,0
1571234329000,0.10930883548793388,1.8334815389223267,-1.53369845425525,0.6174787025469991,-0.4058998359617299,0
1571234329250,0.5011154217846822,1.8985129492251454,-1.6734580713274967,-6.174076488926918,-0.4099236128641601,0
1571234329500,0.6317176172169315,1.7359344234680987,-1.8830974969358663,-0.33188938781669153,-0.407911724412945,0
1571234329750,0.5881835520728484,1.7359344234680987,-1.9180374012039278,-0.2473131659580108,-0.4099236128641601,0
1571234330000,0.3705132263524327,1.8334815389223267,-1.4987585499871885,-0.481673876728415,-0.407911724412945,0
1571234330250,0.45758135664059896,1.8985129492251454,-1.2541792201107573,1.4251816212973993,-0.4119355013153752,0
1571234330500,0.5011154217846822,1.963544359527964,-1.3240590286468805,1.631885907520015,-0.407911724412945,0
1571234330750,0.41404729149651587,1.9310286543765547,-1.1493595073065725,1.4544449940605029,-0.407911724412945,0
1571234331000,0.2399110309201833,1.9960600646793734,-1.0794796987704494,-0.687447824510585,-0.4099236128641601,0
1571234331250,0.28344509606426643,1.963544359527964,-0.9397200816982029,1.6057518549656826,-0.407911724412945,0
1571234331500,0.2399110309201833,2.0285757698307827,-0.9397200816982029,-1.4026243565475887,-0.4119355013153752,0
1571234331750,0.2399110309201833,2.061091474982192,-0.9397200816982029,0.4956889430704988,-0.4099236128641601,0
1571234332000,0.19637696577610014,2.0285757698307827,-0.9047801774301413,-0.4998577644280313,-0.4119355013153752,0
1571234332250,0.28344509606426643,2.061091474982192,-0.8698402731620797,0.7425669346759877,-0.4099236128641601,0
1571234332500,0.28344509606426643,2.061091474982192,-0.7999604646259565,0.03703209193087358,-0.41394581920573853,0
1571234332750,0.2399110309201833,2.061091474982192,-0.9047801774301413,-0.6116675297252071,-0.4119355013153752,0
1571234333000,0.2399110309201833,2.0285757698307827,-0.8349003688940181,-0.10945392432836132,-0.41394581920573853,0
1571234333250,0.19637696577610014,2.093607180133602,-0.9047801774301413,-1.5419213939488357,-0.41394581920573853,0
1571234333500,0.19637696577610014,2.0285757698307827,-0.8349003688940181,1.205960054239699,-0.41394581920573853,0
1571234333750,0.15284290063201703,2.126122885285011,-0.9047801774301413,-0.32732227183632273,-0.41394581920573853,0
1571234334000,0.19637696577610014,2.1586385904364205,-0.8349003688940181,0.709920513038537,-0.4099236128641601,0
1571234334250,0.10930883548793388,2.126122885285011,-0.7999604646259565,-0.08839444508554983,-0.41394581920573853,0
1571234334500,0.06577477034385075,1.963544359527964,-0.5903210390175868,0.3288200573433218,-0.4099236128641601,0
1571234334750,0.3705132263524327,2.0285757698307827,-0.6252609432856484,0.10731493229543722,-0.41595770765695367,0
1571234335000,0.19637696577610014,2.061091474982192,-0.66020084755371,-1.1488956909715466,-0.4099236128641601,0
1571234335250,0.3705132263524327,2.093607180133602,-0.5903210390175868,-0.07139462449195502,-0.41394581920573853,0
1571234335500,0.2399110309201833,1.963544359527964,-0.6252609432856484,-0.9300970050231397,-0.41394581920573853,0
1571234335750,0.5881835520728484,1.67090301316528,-0.45056142194534043,0.9709227336944255,-0.41394581920573853,0
1571234336000,0.5446494869287652,1.6383873080138707,-0.24092199633697078,-0.5375787593770028,-0.41595770765695367,0
1571234336250,0.5881835520728484,1.67090301316528,-0.24092199633697078,0.3918293426280389,-0.4119355013153752,0
1571234336500,0.5446494869287652,1.7034187183166893,-0.24092199633697078,-0.2898550055529272,-0.41394581920573853,0
1571234336750,0.3705132263524327,1.5083244874082333,-0.7999604646259565,0.80523791507327,-0.4119355013153752,0
1571234337000,1.2411945292340956,1.475808782256824,0.003657333539460452,0.08930019703953825,-0.41394581920573853,0
1571234337250,0.9364560732255135,1.2481988461969586,0.038597237807522056,0.7034081439554186,-0.41394581920573853,0
1571234337500,-0.19542962052064808,0.1751805762004503,0.5277558975603845,-0.14023966908492108,-0.41595770765695367,0
1571234337750,-0.804906532537812,0.37027480710890637,1.191614078653555,-0.5256535120949288,-0.41796959610816875,0
1571234338000,-0.36956588109698063,0.3052433968060877,1.0867943658493702,-0.6848259616329658,-0.41394581920573853,0
1571234338250,-0.50016807652923,0.27272769165467836,1.0867943658493702,-2.0695078659032857,-0.4119355013153752,0
1571234338500,-0.3260318159528975,0.33775910195749703,1.0518544615813086,-0.7445367742651944,-0.4119355013153752,0
1571234338750,-0.36956588109698063,0.27272769165467836,1.0867943658493702,-0.7705016743758094,-0.4099236128641601,0
1571234339000,-0.6307702719614795,0.3052433968060877,1.0867943658493702,2.1090649512466912,-0.4099236128641601,0
1571234339250,-0.9355087279700615,0.4027905122603157,0.9819746530451854,-0.5687028090209972,-0.4099236128641601,0
1571234339500,-0.5437021416733132,0.33775910195749703,0.6675155146326309,0.7751287800915797,-0.41394581920573853,0
1571234339750,1.0235242035136798,0.6954318586229997,-0.031282570728601154,-0.9194404010689461,-0.41796959610816875,0
1571234340000,0.8929220080814304,0.7604632689258184,-0.17104218780084757,1.4201070479858786,-0.41595770765695367,0
1571234340250,1.110592333801846,0.630400448320181,0.003657333539460452,0.5866083815685806,-0.41595770765695367,0
1571234340500,1.2411945292340956,0.630400448320181,-0.24092199633697078,1.6261347244336246,-0.41595770765695367,0
1571234340750,0.5011154217846822,0.630400448320181,0.038597237807522056,-0.7722777750348416,-0.41595770765695367,0
1571234341000,0.6317176172169315,0.5978847431687717,0.21329675914783008,1.3268194752757538,-0.41394581920573853,0
1571234341250,-1.3273153142668097,0.27272769165467836,1.9602919725509103,-1.2966503505586617,-0.41595770765695367,0
1571234341500,-1.8497240959958072,0.7929789740772277,1.5060732170661095,-0.2524723154913903,-0.41796959610816875,0
1571234341750,-1.762655965707641,0.532853332865953,1.5759530256022327,-1.1457663707627757,-0.41394581920573853,0
1571234342000,-1.762655965707641,0.37027480710890637,1.0867943658493702,0.2966810930370232,-0.4058998359617299,0
1571234342250,0.10930883548793388,0.7279475637744091,0.7723352274368158,-0.1759308347092843,-0.40388951807136664,0
1571234342500,-0.4130999462410638,0.6954318586229997,1.0518544615813086,1.6336620081790474,-0.4300377856937558,0
1571234342750,-0.15189555537656493,0.6629161534715904,0.9819746530451854,1.865739160959267,-0.4260155793521773,0
1571234343000,-0.1083614902324818,0.6954318586229997,0.9819746530451854,-1.5820105231098502,-0.4058998359617299,0
1571234343250,-0.19542962052064808,0.6629161534715904,0.9819746530451854,-0.24249232131206602,-0.40388951807136664,0
1571234343500,-0.15189555537656493,0.6954318586229997,0.9470347487771238,0.8321331536243306,-0.4058998359617299,0
1571234343750,-0.15189555537656493,0.6629161534715904,0.9470347487771238,-0.9834646010159673,-0.4058998359617299,0
1571234344000,-0.19542962052064808,0.6629161534715904,0.9120948445090622,-0.4668730379031458,-0.40187762962015144,0
1571234344250,-0.15189555537656493,0.6629161534715904,0.9470347487771238,0.35715309166597986,-0.40187762962015144,0
1571234344500,-0.15189555537656493,0.6629161534715904,0.9819746530451854,-1.7486256801714515,-0.40388951807136664,0
1571234344750,-0.15189555537656493,0.6629161534715904,0.9470347487771238,0.3303424293367781,-0.40388951807136664,0
1571234345000,-0.1083614902324818,0.6954318586229997,0.9470347487771238,-0.7558699879942576,-0.40187762962015144,0
1571234345250,-0.15189555537656493,0.6954318586229997,0.9470347487771238,1.798416488359757,-0.40388951807136664,0
1571234345500,-0.19542962052064808,0.6954318586229997,0.9470347487771238,-0.004663985445455984,-0.3998657411689364,0
1571234345750,-0.19542962052064808,0.6954318586229997,0.9470347487771238,1.3134564322220823,-0.40388951807136664,0
1571234346000,-0.15189555537656493,0.6954318586229997,0.9470347487771238,0.3317802251083757,-0.3998657411689364,0
1571234346250,-0.15189555537656493,0.6629161534715904,0.9470347487771238,-1.3050233965226712,-0.40388951807136664,0
1571234346500,-0.19542962052064808,0.6629161534715904,0.9819746530451854,0.6248368338487043,-0.40187762962015144,0
1571234346750,-0.15189555537656493,0.6629161534715904,0.9819746530451854,-1.0861401343524055,-0.40388951807136664,0
1571234347000,-0.19542962052064808,0.6629161534715904,0.9819746530451854,1.8256500317982522,-0.40388951807136664,0
1571234347250,-0.19542962052064808,0.6629161534715904,0.9470347487771238,0.452470493700713,-0.4058998359617299,0
1571234347500,-0.15189555537656493,0.6629161534715904,0.9470347487771238,-1.8313412251492411,-0.40388951807136664,0
1571234347750,-0.19542962052064808,0.6629161534715904,0.9470347487771238,0.6475032613068307,-0.40388951807136664,0
1571234348000,-0.19542962052064808,0.6629161534715904,0.9470347487771238,-0.6498959820053307,-0.40388951807136664,0
1571234348250,-0.15189555537656493,0.6629161534715904,0.9819746530451854,1.1520850009157193,-0.40388951807136664,0
1571234348500,-0.15189555537656493,0.6629161534715904,0.9470347487771238,0.22132367936093875,-0.4058998359617299,0
1571234348750,-0.15189555537656493,0.6629161534715904,0.9470347487771238,-2.1228754618961134,-0.40187762962015144,0
1571234349000,-0.19542962052064808,0.6629161534715904,0.9470347487771238,0.9547686753194176,-0.40388951807136664,0
1571234349250,-0.15189555537656493,0.6954318586229997,0.9819746530451854,-0.45257965640902886,-0.40187762962015144,0
1571234349500,-0.19542962052064808,0.6629161534715904,0.9819746530451854,0.5766283873892563,-0.40388951807136664,0
1571234349750,-0.19542962052064808,0.6629161534715904,0.9819746530451854,0.5853397382407003,-0.40388951807136664,0
1571234350000,-0.19542962052064808,0.6629161534715904,0.9819746530451854,-1.9227681209784746,-0.40388951807136664,0
1571234350250,-0.19542962052064808,0.6629161534715904,0.9819746530451854,1.7071587449742407,-0.40187762962015144,0
1571234350500,-0.19542962052064808,0.6629161534715904,0.9819746530451854,0.03872361636804719,-0.40187762962015144,0
1571234350750,-0.23896368566473122,0.6954318586229997,0.9470347487771238,-0.7069849317599403,-0.40388951807136664,0
1571234351000,-0.23896368566473122,0.6954318586229997,0.9120948445090622,0.40688391011888414,-0.40187762962015144,0
1571234351250,-0.23896368566473122,0.6629161534715904,0.9819746530451854,-1.4056691005345012,-0.40388951807136664,0
1571234351500,-0.23896368566473122,0.6629161534715904,0.9470347487771238,1.6191994742412128,-0.40388951807136664,0
1571234351750,-0.23896368566473122,0.6629161534715904,0.9470347487771238,-0.05540971856066439,-0.40388951807136664,0
1571234352000,-0.23896368566473122,0.6629161534715904,0.9470347487771238,0.641329197111147,-0.40187762962015144,0
1571234352250,-0.19542962052064808,0.6629161534715904,0.9470347487771238,0.18174200753107622,-0.40388951807136664,0
1571234352500,-0.15189555537656493,0.6629161534715904,0.9470347487771238,-2.0907364975898144,-0.40187762962015144,0
1571234352750,-0.15189555537656493,0.6629161534715904,0.9819746530451854,0.750939980639997,-0.40388951807136664,0
1571234353000,-0.19542962052064808,0.6629161534715904,0.9819746530451854,-0.8594758597711415,-0.40187762962015144,0
1571234353250,-0.19542962052064808,0.6629161534715904,0.9819746530451854,1.9103108298787916,-0.3998657411689364,0
1571234353500,-0.15189555537656493,0.6629161534715904,0.9819746530451854,0.16668744004023103,-0.3998657411689364,0
1571234353750,-0.15189555537656493,0.6629161534715904,0.9819746530451854,0.21675656338057,-0.40388951807136664,0
1571234354000,-0.19542962052064808,0.6629161534715904,0.9819746530451854,0.20872182230399536,-0.40187762962015144,0
1571234354250,-0.15189555537656493,0.6629161534715904,0.9819746530451854,-2.1159402117037014,-0.40187762962015144,0
1571234354500,-0.15189555537656493,0.6629161534715904,0.9819746530451854,0.8072677443978785,-0.40388951807136664,0
1571234354750,-0.19542962052064808,0.6629161534715904,0.9819746530451854,-0.5714092481204751,-0.40187762962015144,0
1571234355000,-0.19542962052064808,0.6629161534715904,0.9819746530451854,1.0039920364411696,-0.40187762962015144,0
1571234355250,-0.15189555537656493,0.6629161534715904,0.9819746530451854,0.7693775970051895,-0.3978554232785731,0
1571234355500,-0.19542962052064808,0.6629161534715904,0.9470347487771238,-1.3754753893309521,-0.40187762962015144,0
1571234355750,-0.19542962052064808,0.6629161534715904,0.9819746530451854,1.5258273253092294,-0.3998657411689364,0
1571234356000,-0.23896368566473122,0.6629161534715904,0.9819746530451854,0.792297753128892,-0.40187762962015144,0
1571234356250,-0.15189555537656493,0.6629161534715904,0.9819746530451854,-2.074836167880383,-0.40187762962015144,0
1571234356500,-0.19542962052064808,0.6629161534715904,0.9819746530451854,1.740143471499126,-0.40187762962015144,0
1571234356750,-0.19542962052064808,0.6629161534715904,0.9819746530451854,0.5087136812367357,-0.3998657411689364,0
1571234357000,-0.19542962052064808,0.6629161534715904,0.9819746530451854,-2.521483195516075,-0.40187762962015144,0
1571234357250,-0.15189555537656493,0.6629161534715904,0.9819746530451854,1.3731672448543109,-0.3998657411689364,0
1571234357500,-0.15189555537656493,0.6629161534715904,0.9819746530451854,0.15746863185763485,-0.40187762962015144,0
1571234357750,-0.19542962052064808,0.6629161534715904,0.9819746530451854,-2.118223769693886,-0.40187762962015144,0
1571234358000,-0.19542962052064808,0.6629161534715904,0.9819746530451854,1.075712672577331,-0.3998657411689364,0
1571234358250,-0.15189555537656493,0.6629161534715904,0.9819746530451854,0.05047971120640381,-0.40187762962015144,0
1571234358500,-0.19542962052064808,0.6629161534715904,0.9470347487771238,-1.8211920785261992,-0.3998657411689364,0
1571234358750,-0.15189555537656493,0.6629161534715904,0.9819746530451854,0.41661017563263236,-0.3998657411689364,0
1571234359000,-0.15189555537656493,0.6629161534715904,0.9470347487771238,-0.6104834626191856,-0.3978554232785731,0
1571234359250,-0.19542962052064808,0.6629161534715904,0.9470347487771238,0.5896531255554931,-0.3998657411689364,0
1571234359500,-0.19542962052064808,0.6629161534715904,0.9470347487771238,0.7670094627931464,-0.3998657411689364,0
1571234359750,-0.23896368566473122,0.6629161534715904,0.9470347487771238,-1.461573983183089,-0.3998657411689364,0
1571234360000,-0.15189555537656493,0.6629161534715904,0.9819746530451854,1.8275107086791433,-0.3998657411689364,0
1571234360250,-0.23896368566473122,0.5978847431687717,1.1217342701174318,0.8665556759208135,-0.3998657411689364,0
1571234360500,-1.0225768582582277,0.8905260895314557,0.8072751317048774,-2.153153749321521,-0.3978554232785731,0
1571234360750,-0.6307702719614795,0.6629161534715904,1.016914557313247,1.7809092104350104,-0.407911724412945,0
1571234361000,-0.4566340113851469,0.5003376277145437,1.0518544615813086,0.42151559650043585,-0.407911724412945,0
1571234361250,-0.28249775080881434,0.532853332865953,1.016914557313247,-1.9676780947854342,-0.407911724412945,0
1571234361500,-0.23896368566473122,0.5978847431687717,0.9819746530451854,0.9183163236983262,-0.4058998359617299,0
1571234361750,-0.19542962052064808,0.532853332865953,0.9819746530451854,-2.1876608478398625,-0.4058998359617299,0
1571234362000,-0.23896368566473122,0.5653690380173624,0.9819746530451854,-1.7597051652349383,-0.4058998359617299,0
1571234362250,-0.15189555537656493,0.4678219225631344,0.9470347487771238,2.631661426111479,-0.40388951807136664,0
1571234362500,-0.5872362068173963,0.630400448320181,0.8771549402410006,-0.6923532453783884,-0.40388951807136664,0
1571234362750,-0.23896368566473122,0.6629161534715904,1.191614078653555,2.22070556410015,-0.40187762962015144,0
1571234363000,-0.50016807652923,0.5003376277145437,1.1566741743854934,0.6144339585600864,-0.40187762962015144,0
1571234363250,-0.6307702719614795,0.7929789740772277,0.9120948445090622,2.6109402517561024,-0.3978554232785731,0
1571234363500,-1.1531790536904771,0.8905260895314557,0.8072751317048774,0.08481765728102816,-0.3998657411689364,0
1571234363750,-1.457917509699059,0.630400448320181,1.1566741743854934,-2.2071133788673594,-0.3978554232785731,0
1571234364000,-0.6743043371055626,0.7604632689258184,0.9120948445090622,-0.4481816928723774,-0.3998657411689364,0
1571234364250,0.2399110309201833,0.9555574998342745,1.0867943658493702,1.4214602675356176,-0.3998657411689364,0
1571234364500,-0.5872362068173963,0.6954318586229997,1.0518544615813086,0.8797495665307677,-0.41394581920573853,0
1571234364750,-1.1967131188345603,0.8905260895314557,1.0518544615813086,-0.5431607900196758,-0.3998657411689364,0
1571234365000,-0.9355087279700615,0.8905260895314557,0.9819746530451854,-2.546686909629962,-0.419979913998532,0
1571234365250,-2.5462691383011373,1.4107773719540053,0.7373953231687541,1.6090503276181711,-0.40388951807136664,0
1571234365500,-0.5872362068173963,0.20769628135185966,0.5976357060965077,-2.019354166341088,-0.4058998359617299,0
1571234365750,-1.4143834445549759,0.37027480710890637,1.191614078653555,0.6226378520803786,-0.40388951807136664,0
1571234366000,-1.109644988546394,0.3052433968060877,1.191614078653555,-0.0780761460187908,-0.3998657411689364,0
1571234366250,-1.1531790536904771,0.3052433968060877,1.191614078653555,-2.580855703260869,-0.3998657411689364,0
1571234366500,-1.109644988546394,0.33775910195749703,1.2265539829216165,0.7476415079875085,-0.3998657411689364,0
1571234366750,-1.0661109234023107,0.33775910195749703,1.191614078653555,1.413087221571608,-0.3998657411689364,0
1571234367000,-1.0661109234023107,0.33775910195749703,1.191614078653555,1.7112184036234575,-0.39584353482735807,0
1571234367250,-1.0661109234023107,0.33775910195749703,1.191614078653555,0.18893098638906408,-0.3978554232785731,0
1571234367500,-1.0661109234023107,0.33775910195749703,1.191614078653555,-1.5108819205267,-0.3978554232785731,0
1571234367750,-1.0661109234023107,0.33775910195749703,1.2265539829216165,0.05724580895509827,-0.3998657411689364,0
1571234368000,-1.1967131188345603,0.37027480710890637,1.191614078653555,-1.0622896397882577,-0.3978554232785731,0
1571234368250,-1.0661109234023107,0.37027480710890637,1.2265539829216165,1.6449952219081103,-0.3978554232785731,0
1571234368500,-1.0225768582582277,0.37027480710890637,1.191614078653555,-0.01718126628054072,-0.39584353482735807,0
1571234368750,-1.0225768582582277,0.33775910195749703,1.191614078653555,0.2054233496515068,-0.3998657411689364,0
1571234369000,-1.0225768582582277,0.37027480710890637,1.191614078653555,0.4412218561935085,-0.3978554232785731,0
1571234369250,-1.0225768582582277,0.33775910195749703,1.191614078653555,-1.6961038463972107,-0.39584353482735807,0
1571234369500,-0.9790427931141445,0.37027480710890637,1.191614078653555,1.140836363408515,-0.3978554232785731,0
1571234369750,-1.0225768582582277,0.4027905122603157,1.191614078653555,-0.33645650379706027,-0.3938316463761429,0
1571234370000,-0.9355087279700615,0.37027480710890637,1.1566741743854934,0.4602515061117116,-0.3978554232785731,0
1571234370250,-0.9355087279700615,0.37027480710890637,1.191614078653555,0.3098749836469774,-0.39584353482735807,0
1571234370500,-0.9355087279700615,0.4027905122603157,1.191614078653555,-1.8179781820955694,-0.3978554232785731,0
1571234370750,-0.8919746628259783,0.4027905122603157,1.191614078653555,0.9110427686184797,-0.39584353482735807,0
1571234371000,-0.9790427931141445,0.4027905122603157,1.191614078653555,-0.2825814504730807,-0.3978554232785731,0
1571234371250,-0.9355087279700615,0.4027905122603157,1.191614078653555,1.1381299243090373,-0.39584353482735807,0
1571234371500,-0.8919746628259783,0.4027905122603157,1.191614078653555,0.18554793751471682,-0.3978554232785731,0
1571234371750,0.28344509606426643,0.5978847431687717,1.7506525469425407,-2.025443654314913,-0.39584353482735807,0
1571234372000,-0.5872362068173963,0.43530621741172504,1.0867943658493702,0.7054379732800269,-0.3998657411689364,0
1571234372250,-1.9367922262839736,0.5653690380173624,0.9819746530451854,-0.4824350627251431,-0.39584353482735807,0
1571234372500,-1.2402471839786433,0.5003376277145437,1.2614938871896781,2.3553509092991693,-0.3938316463761429,0
1571234372750,-1.0225768582582277,-0.01991365470800574,1.7506525469425407,2.7806847290264742,-0.39584353482735807,0
1571234373000,-1.2402471839786433,0.240211986503269,1.191614078653555,-0.47989777606938266,-0.3918197579249278,0
1571234373250,-1.2402471839786433,0.240211986503269,1.191614078653555,-4.070665851301529,-0.3918197579249278,0
1571234373500,-1.1967131188345603,0.240211986503269,1.191614078653555,-1.506061075880755,-0.3938316463761429,0
1571234373750,-1.2837812491227265,0.27272769165467836,1.191614078653555,2.023473814725706,-0.39584353482735807,0
1571234374000,-1.1967131188345603,0.3052433968060877,1.191614078653555,-0.712313233737037,-0.3938316463761429,0
1571234374250,-1.1967131188345603,0.3052433968060877,1.191614078653555,-0.09845901548673285,-0.3918197579249278,0
1571234374500,-1.1531790536904771,0.33775910195749703,1.191614078653555,0.3278051426810177,-0.3918197579249278,0
1571234374750,-0.9790427931141445,0.3052433968060877,1.2614938871896781,-1.9540613230661867,-0.3938316463761429,0
1571234375000,-1.109644988546394,0.3052433968060877,1.2265539829216165,1.280640858140914,-0.3938316463761429,0
1571234375250,-1.0661109234023107,0.33775910195749703,1.191614078653555,-0.4629825316976465,-0.3938316463761429,0
1571234375500,-1.0225768582582277,0.37027480710890637,1.191614078653555,1.817530714499819,-0.3938316463761429,0
1571234375750,-0.8919746628259783,0.37027480710890637,1.191614078653555,0.8622422886060209,-0.3938316463761429,0
1571234376000,-1.0225768582582277,0.37027480710890637,1.191614078653555,-2.2178545590434116,-0.3938316463761429,0
1571234376250,-0.9790427931141445,0.33775910195749703,1.2265539829216165,1.1477716136009268,-0.3938316463761429,0
1571234376500,-1.0225768582582277,0.37027480710890637,1.191614078653555,-0.515842670359322,-0.3938316463761429,0
1571234376750,-0.8919746628259783,0.4678219225631344,1.0518544615813086,0.3983417117111574,-0.3938316463761429,0
1571234377000,-0.9355087279700615,0.5653690380173624,1.0867943658493702,0.5544694172622819,-0.3938316463761429,0
1571234377250,-1.0225768582582277,0.43530621741172504,1.2265539829216165,-2.082363451625805,-0.39584353482735807,0
1571234377500,-1.109644988546394,0.4027905122603157,1.191614078653555,1.3787492754969837,-0.3938316463761429,0
1571234377750,-0.9790427931141445,0.4027905122603157,1.191614078653555,-0.2241392811687323,-0.39584353482735807,0
1571234378000,-1.0661109234023107,0.43530621741172504,1.191614078653555,1.0922050358397737,-0.3938316463761429,0
1571234378250,-1.0225768582582277,0.43530621741172504,1.191614078653555,-0.08957851219157137,-0.39584353482735807,0
1571234378500,-1.0225768582582277,0.4027905122603157,1.2265539829216165,-1.8817486533770145,-0.39584353482735807,0
1571234378750,-0.9790427931141445,0.4027905122603157,1.191614078653555,1.7956254730384207,-0.3978554232785731,0
1571234379000,-1.0661109234023107,0.4027905122603157,1.191614078653555,0.29676566925888187,-0.39584353482735807,0
1571234379250,-0.9355087279700615,0.37027480710890637,1.2265539829216165,-2.03077195629201,-0.39584353482735807,0
1571234379500,-0.9355087279700615,0.4027905122603157,1.191614078653555,0.2961736357058711,-0.39584353482735807,0
1571234379750,-1.0225768582582277,0.43530621741172504,1.191614078653555,-1.205984640726156,-0.3938316463761429,0
1571234380000,-0.8919746628259783,0.43530621741172504,1.2265539829216165,1.9704445236203136,-0.39584353482735807,0
1571234380250,-1.370849379410893,0.5653690380173624,1.2265539829216165,0.20939843207886477,-0.3938316463761429,0
1571234380500,-1.6320537702753917,1.0856203204399117,0.5976357060965077,-1.5367622444154563,-0.39584353482735807,0
1571234380750,0.5446494869287652,1.1506517307427304,1.016914557313247,0.7693775970051895,-0.3877975515833494,0
1571234381000,-0.8919746628259783,0.532853332865953,1.4361934085299863,-1.0924833509918066,-0.39584353482735807,0
1571234381250,-1.1531790536904771,0.532853332865953,0.9120948445090622,2.619989907494981,-0.3918197579249278,0
1571234381500,-0.15189555537656493,0.532853332865953,1.4361934085299863,2.694839863839914,-0.3877975515833494,0
1571234381750,-0.50016807652923,0.5003376277145437,1.0518544615813086,-1.6248060913703428,-0.3877975515833494,0
1571234382000,-0.6743043371055626,0.43530621741172504,0.9470347487771238,-2.286276722527084,-0.3877975515833494,0
1571234382250,-1.0661109234023107,0.4027905122603157,0.9470347487771238,3.1140841955933936,-0.3877975515833494,0
1571234382500,-0.50016807652923,0.5003376277145437,1.1217342701174318,-0.3664810625568919,-0.383775345241771,0
1571234382750,-0.5437021416733132,0.5003376277145437,1.1566741743854934,-2.1900289820519054,-0.3877975515833494,0
1571234383000,-0.5437021416733132,0.5003376277145437,1.1217342701174318,-2.490189993428363,-0.3877975515833494,0
1571234383250,-0.5437021416733132,0.5003376277145437,1.1566741743854934,0.7698850543363416,-0.3877975515833494,0
1571234383500,-0.5437021416733132,0.5003376277145437,1.0867943658493702,-1.5041158227780054,-0.3857856631321343,0
1571234383750,-0.5437021416733132,0.5003376277145437,1.1217342701174318,-1.2261137815285221,-0.3877975515833494,0
1571234384000,-0.50016807652923,0.5003376277145437,1.1217342701174318,0.9675396848200782,-0.3877975515833494,0
1571234384250,-0.50016807652923,0.5003376277145437,1.0518544615813086,-2.076527692317556,-0.3857856631321343,0
1571234384500,-0.50016807652923,0.4678219225631344,1.0867943658493702,1.8322469771032295,-0.3877975515833494,0
1571234384750,-0.4130999462410638,0.4678219225631344,1.0518544615813086,-0.3003424570634036,-0.3877975515833494,0
1571234385000,-0.4130999462410638,0.4678219225631344,1.0867943658493702,1.2580590069046462,-0.3877975515833494,0
1571234385250,-0.4566340113851469,0.4027905122603157,0.8771549402410006,0.9556144375380043,-0.3857856631321343,0
1571234385500,-0.28249775080881434,0.37027480710890637,1.0518544615813086,-2.1958647413601544,-0.3877975515833494,0
1571234385750,-0.36956588109698063,0.8905260895314557,-0.2059820920689092,1.295526273188042,-0.39584353482735807,0
1571234386000,-0.804906532537812,1.2156831410455493,0.8771549402410006,-0.7487655853581284,-0.40187762962015144,0
1571234386250,-0.6743043371055626,0.532853332865953,0.9819746530451854,1.2212683503961201,-0.40187762962015144,0
1571234386500,-0.3260318159528975,0.5003376277145437,1.016914557313247,0.3297503957837673,-0.40187762962015144,0
1571234386750,-0.5872362068173963,-0.08494506501082442,1.1566741743854934,-4.438234111499356,-0.40187762962015144,0
1571234387000,0.9364560732255135,0.33775910195749703,-0.2758619006050324,-0.9717930823994694,-0.40187762962015144,0
1571234387250,1.5894670503867605,0.532853332865953,-0.2059820920689092,2.0324388942427265,-0.4099236128641601,0
1571234387500,0.6317176172169315,0.7604632689258184,-0.031282570728601154,2.4334147620747313,-0.4119355013153752,0
1571234387750,1.110592333801846,0.7604632689258184,-0.10116237926472436,0.6723686705332828,-0.4119355013153752,0
1571234388000,1.371796724666345,0.8580103843800464,-0.4156215176772788,-0.2807207735921897,-0.4119355013153752,0
1571234388250,1.1976604640900124,0.4027905122603157,-0.2758619006050324,0.1835181081901085,-0.4099236128641601,0
1571234388500,1.1976604640900124,0.6629161534715904,-0.310801804873094,-0.534618591611949,-0.4119355013153752,0
1571234388750,1.2847285943781785,0.5978847431687717,-0.3457417091411556,-0.39811256953203844,-0.4099236128641601,0
1571234389000,1.110592333801846,0.532853332865953,-0.2059820920689092,2.495239980253427,-0.4119355013153752,0
1571234389250,1.9377395715394257,0.6954318586229997,-1.5686383585233117,-1.1936365123347887,-0.4119355013153752,0
1571234389500,1.763603310963093,0.4678219225631344,-1.3939388371830037,0.4730225156123724,-0.40187762962015144,0
1571234389750,1.067058268657763,0.33775910195749703,-1.0794796987704494,-0.7843721747606329,-0.40388951807136664,0
1571234390000,1.371796724666345,0.6954318586229997,-1.1842994115746341,0.7116966136975692,-0.40388951807136664,0
1571234390250,1.4588648549545111,0.630400448320181,-1.289119124378819,1.6170004924728874,-0.4058998359617299,0
1571234390500,1.415330789810428,0.6629161534715904,-1.1842994115746341,-2.308520268875917,-0.40388951807136664,0
1571234390750,1.371796724666345,0.630400448320181,-1.1493595073065725,-0.6195331183580643,-0.4058998359617299,0
1571234391000,1.371796724666345,0.5978847431687717,-1.1842994115746341,-2.46092662066526,-0.40388951807136664,0
1571234391250,1.371796724666345,0.630400448320181,-1.1493595073065725,0.034325652831395805,-0.4058998359617299,0
1571234391500,1.415330789810428,0.6629161534715904,-1.1493595073065725,1.1909900629707126,-0.4058998359617299,0
1571234391750,1.3282626595222617,0.6629161534715904,-1.0794796987704494,1.2890139041049236,-0.40388951807136664,0
1571234392000,1.415330789810428,0.630400448320181,-1.114419603038511,0.03846988770247115,-0.4058998359617299,0
1571234392250,1.371796724666345,0.630400448320181,-1.114419603038511,-1.1543085691705022,-0.40388951807136664,0
1571234392500,1.371796724666345,0.630400448320181,-1.114419603038511,0.39884916904230944,-0.4058998359617299,0
1571234392750,1.415330789810428,0.630400448320181,-1.114419603038511,-1.9132955841303025,-0.4058998359617299,0
1571234393000,1.371796724666345,0.630400448320181,-1.114419603038511,1.101677572687946,-0.4058998359617299,0
1571234393250,1.415330789810428,0.630400448320181,-1.0794796987704494,-0.9501415696036472,-0.40388951807136664,0
1571234393500,1.415330789810428,0.6629161534715904,-1.114419603038511,1.6648706340449004,-0.4058998359617299,0
1571234393750,1.415330789810428,0.6954318586229997,-1.0794796987704494,-0.465773547018983,-0.4058998359617299,0
1571234394000,1.371796724666345,0.6954318586229997,-1.0445397945023878,1.5027380167418094,-0.4058998359617299,0
1571234394250,1.3282626595222617,0.7279475637744091,-1.0095998902343262,-0.05583259966995779,-0.4058998359617299,0
1571234394500,1.763603310963093,0.7604632689258184,-0.7300806560898333,0.6020012539468604,-0.40187762962015144,0
1571234394750,0.15284290063201703,1.118136025591321,0.5976357060965077,-0.04373819994416645,-0.41394581920573853,0
1571234395000,-0.23896368566473122,1.0856203204399117,0.5976357060965077,-0.9259527701520645,-0.41394581920573853,0
1571234395250,0.06577477034385075,0.7279475637744091,1.0867943658493702,0.19654284635634534,-0.41796959610816875,0
1571234395500,-0.15189555537656493,0.6629161534715904,0.7024554189006925,-1.7818641353619127,-0.41394581920573853,0
1571234395750,0.7623198126491809,0.7279475637744091,0.4229361847561997,-0.08881732619484324,-0.41796959610816875,0
1571234396000,0.8058538777932641,0.7279475637744091,0.3181164719520149,0.2924522819440892,-0.41394581920573853,0
1571234396250,0.7187857475050978,0.7279475637744091,0.3879962804881381,1.9418577606320797,-0.41394581920573853,0
1571234396500,0.7623198126491809,0.6954318586229997,0.3530563762200765,2.237536232250027,-0.41394581920573853,0
1571234396750,0.7187857475050978,0.6954318586229997,0.3879962804881381,-0.09710579593699395,-0.4119355013153752,0
1571234397000,0.7623198126491809,0.6954318586229997,0.3879962804881381,-2.286276722527084,-0.41394581920573853,0
1571234397250,2.41661428812434,0.6629161534715904,1.0518544615813086,-2.0351699198286615,-0.4119355013153752,0
1571234397500,-2.9380757245978852,0.43530621741172504,0.5626958018284461,0.22005503603305857,-0.42400369090096224,0
1571234397750,-1.8932581611398904,0.5978847431687717,1.471133312798048,-1.5867467915339364,-0.3978554232785731,0
1571234398000,0.7623198126491809,-0.08494506501082442,0.9120948445090622,1.5793640737457741,-0.4119355013153752,0
1571234398250,-0.5872362068173963,0.8254946792286371,1.1217342701174318,-0.8073769071061941,-0.40388951807136664,0
1571234398500,-1.1967131188345603,1.18316743589414,1.0518544615813086,-0.4103761217015472,-0.40388951807136664,0
1571234398750,-0.8484405976818952,1.118136025591321,1.016914557313247,2.2153772621230527,-0.41595770765695367,0
1571234399000,-0.9355087279700615,1.0531046152885024,1.016914557313247,0.13184203663445462,-0.3978554232785731,0
1571234399250,-0.8919746628259783,1.0856203204399117,1.0518544615813086,1.8803708473408187,-0.3978554232785731,0
1571234399500,-0.9355087279700615,1.0856203204399117,1.016914557313247,0.19814979457166026,-0.39584353482735807,0
1571234399750,-0.9355087279700615,1.0531046152885024,1.0518544615813086,-1.6264976158075162,-0.3978554232785731,0
1571234400000,-0.9355087279700615,1.0531046152885024,1.0518544615813086,-1.1439902701037432,-0.3938316463761429,0
1571234400250,-0.8919746628259783,1.020588910137093,1.016914557313247,-1.8946888153213928,-0.3938316463761429,0
1571234400500,-0.7178384022496457,1.020588910137093,1.0518544615813086,2.006643146575829,-0.3938316463761429,0
1571234400750,-0.9790427931141445,1.2156831410455493,0.9470347487771238,0.13928474415801853,-0.39584353482735807,0
1571234401000,-1.0661109234023107,1.3457459616511867,0.9120948445090622,-1.2292431017372931,-0.3998657411689364,0
1571234401250,0.28344509606426643,1.8334815389223267,-0.10116237926472436,0.5223304529559832,-0.4099236128641601,0
1571234401500,-0.1083614902324818,1.573355897711052,0.6325756103645693,-1.7289194204783787,-0.407911724412945,0
1571234401750,-0.4566340113851469,1.5083244874082333,0.6325756103645693,1.7366758464029202,-0.4058998359617299,0
1571234402000,-0.9790427931141445,1.280714551348368,0.5277558975603845,1.0209072808129058,-0.4058998359617299,0
1571234402250,-0.7613724673937289,1.4432930771054147,0.9470347487771238,-3.6308694976363896,-0.40187762962015144,0
1571234402500,-0.6307702719614795,1.3457459616511867,0.8771549402410006,1.2845313643464136,-0.4058998359617299,0
1571234402750,-0.5872362068173963,1.378261666802596,0.8771549402410006,1.1294185734575932,-0.40187762962015144,0
1571234403000,-0.6307702719614795,1.3457459616511867,0.8771549402410006,3.832136319173592,-0.40388951807136664,0
1571234403250,-0.6307702719614795,1.3457459616511867,0.842215035972939,-0.576991278763148,-0.40187762962015144,0
1571234403500,-0.6743043371055626,1.3457459616511867,0.8771549402410006,-3.333330349137551,-0.40388951807136664,0
1571234403750,-0.6743043371055626,1.3457459616511867,0.8771549402410006,0.09048426414555977,-0.40388951807136664,0
1571234404000,-0.6307702719614795,1.378261666802596,0.8771549402410006,-0.7376015240727827,-0.40388951807136664,0
1571234404250,-0.6743043371055626,1.3457459616511867,0.8771549402410006,1.9183455709553665,-0.3998657411689364,0
1571234404500,-0.7178384022496457,1.3457459616511867,0.842215035972939,0.2404379055010006,-0.3998657411689364,0
1571234404750,-0.7178384022496457,1.3132302564997773,0.8771549402410006,-0.5553397659673257,-0.40187762962015144,0
1571234405000,-0.7178384022496457,1.3457459616511867,0.842215035972939,0.4638882836516349,-0.40187762962015144,0
1571234405250,-0.7178384022496457,1.3457459616511867,0.8771549402410006,-1.7767049858285333,-0.3998657411689364,0
1571234405500,-0.6743043371055626,1.378261666802596,0.842215035972939,1.4060673951573375,-0.3998657411689364,0
1571234405750,-0.7178384022496457,1.3457459616511867,0.8771549402410006,-0.3949832493232673,-0.3978554232785731,0
1571234406000,-0.6743043371055626,1.378261666802596,0.8771549402410006,1.1764429528110196,-0.3998657411689364,0
1571234406250,-0.6743043371055626,1.378261666802596,0.8771549402410006,0.12947390242241155,-0.3998657411689364,0
1571234406500,-0.6743043371055626,1.3457459616511867,0.842215035972939,-1.945180819771025,-0.3998657411689364,0
1571234406750,-0.6743043371055626,1.3457459616511867,0.842215035972939,0.7029852628461253,-0.3998657411689364,0
1571234407000,-0.6743043371055626,1.378261666802596,0.8072751317048774,-0.6828807085302161,-0.3998657411689364,0
1571234407250,-0.6743043371055626,1.378261666802596,0.842215035972939,1.9778872311438775,-0.3998657411689364,0
1571234407500,-0.6743043371055626,1.378261666802596,0.842215035972939,0.18419471796497794,-0.3978554232785731,0
1571234407750,-0.7178384022496457,1.3457459616511867,0.9819746530451854,-1.503439213003136,-0.3998657411689364,0
1571234408000,-1.0661109234023107,1.2156831410455493,0.6675155146326309,0.3005715992425225,-0.3978554232785731,0
1571234408250,-0.8919746628259783,1.8985129492251454,0.2831765676839533,-1.37818182843043,-0.3998657411689364,0
1571234408500,0.28344509606426643,1.118136025591321,2.1000515896231566,1.854321371008345,-0.40187762962015144,0
1571234408750,-0.4130999462410638,1.280714551348368,1.2265539829216165,0.48672386355347863,-0.3998657411689364,0
1571234409000,-0.5872362068173963,1.1506517307427304,0.9819746530451854,-0.6279061643220737,-0.40187762962015144,0
1571234409250,-0.5872362068173963,1.1506517307427304,0.9819746530451854,-1.3719231880128875,-0.3998657411689364,0
1571234409500,-0.6307702719614795,1.118136025591321,0.9470347487771238,-0.005509747664042791,-0.40388951807136664,0
1571234409750,-0.5872362068173963,1.118136025591321,0.9470347487771238,3.689371656676139,-0.4058998359617299,0
1571234410000,-0.5872362068173963,1.1506517307427304,0.9470347487771238,-0.4648432085785375,-0.41394581920573853,0
1571234410250,-0.6307702719614795,1.1506517307427304,0.9819746530451854,-1.1007718207339572,-0.3978554232785731,0
1571234410500,-0.5872362068173963,1.1506517307427304,0.9470347487771238,0.5422058650927732,-0.3998657411689364,0
1571234410750,-0.6307702719614795,1.118136025591321,0.9819746530451854,-1.654407769020881,-0.3978554232785731,0
1571234411000,-0.6307702719614795,1.118136025591321,0.9120948445090622,1.490643617016018,-0.39584353482735807,0
1571234411250,-0.6307702719614795,1.0856203204399117,0.9470347487771238,-0.3321431164822676,-0.3978554232785731,0
1571234411500,-0.6307702719614795,1.118136025591321,0.9470347487771238,1.343396414760055,-0.39584353482735807,0
1571234411750,-0.6307702719614795,1.118136025591321,0.9819746530451854,0.18055794042505469,-0.3998657411689364,0
1571234412000,-0.6743043371055626,1.118136025591321,1.016914557313247,-1.9082210108187816,-0.3978554232785731,0
1571234412250,-0.6307702719614795,1.118136025591321,0.9819746530451854,0.7693775970051895,-0.3978554232785731,0
1571234412500,-0.6743043371055626,1.118136025591321,0.9819746530451854,-0.7105371330780048,-0.39584353482735807,0
1571234412750,-0.6307702719614795,1.118136025591321,0.9819746530451854,1.8602417065384527,-0.39584353482735807,0
1571234413000,-0.6307702719614795,1.0856203204399117,0.9470347487771238,-0.005256018998466749,-0.3938316463761429,0
1571234413250,-0.6307702719614795,1.118136025591321,0.9470347487771238,-1.344520492130675,-0.3918197579249278,0
1571234413500,-0.6743043371055626,1.0856203204399117,0.9470347487771238,0.1862245472895863,-0.39584353482735807,0
1571234413750,-0.6307702719614795,1.0856203204399117,0.9819746530451854,-2.0333938191696292,-0.3918197579249278,0
1571234414000,-0.6307702719614795,1.118136025591321,0.9470347487771238,1.7135019616136418,-0.3978554232785731,0
1571234414250,-0.6307702719614795,1.0856203204399117,0.9120948445090622,-0.23285063202017642,-0.39584353482735807,0
1571234414500,-0.5872362068173963,1.118136025591321,0.9470347487771238,0.6213692087524983,-0.3978554232785731,0
1571234414750,-0.5872362068173963,1.1506517307427304,1.016914557313247,0.3656952900737066,-0.39584353482735807,0
1571234415000,-1.6755878354194749,0.9555574998342745,0.8771549402410006,-1.923191002087768,-0.3978554232785731,0
1571234415250,-0.7613724673937289,1.18316743589414,1.016914557313247,0.8562373768540545,-0.4119355013153752,0
1571234415500,-0.9355087279700615,0.9880732049856839,0.7024554189006925,-0.5661655223652369,-0.3978554232785731,0
1571234415750,-0.021293359944315533,1.118136025591321,0.6675155146326309,3.01749815023078,-0.39584353482735807,0
1571234416000,-0.021293359944315533,1.3457459616511867,0.6675155146326309,2.5129164106218917,-0.3918197579249278,0
1571234416250,-0.06482742508839867,1.3457459616511867,0.6675155146326309,-1.7659638056524807,-0.3918197579249278,0
1571234416500,-0.06482742508839867,1.3457459616511867,0.5976357060965077,-2.451623236260805,-0.3898094400345645,0
1571234416750,-0.06482742508839867,1.3457459616511867,0.6325756103645693,-0.9345795447816498,-0.3877975515833494,0
1571234417000,-0.1083614902324818,1.3457459616511867,0.6675155146326309,-0.0435690475004491,-0.3898094400345645,0
1571234417250,-0.021293359944315533,1.378261666802596,0.6325756103645693,-1.7552226254764285,-0.3898094400345645,0
1571234417500,-0.15189555537656493,1.3457459616511867,0.6675155146326309,1.6620796187235638,-0.3938316463761429,0
1571234417750,-0.1083614902324818,1.3457459616511867,0.6675155146326309,0.27350720824774466,-0.3918197579249278,0
1571234418000,-0.1083614902324818,1.378261666802596,0.6675155146326309,0.24686569836226033,-0.3918197579249278,0
1571234418250,-0.1083614902324818,1.3457459616511867,0.6675155146326309,0.4066301814533081,-0.3918197579249278,0
1571234418500,-0.1083614902324818,1.3457459616511867,0.6675155146326309,-0.7149350966146562,-0.3898094400345645,0
1571234418750,-0.1083614902324818,1.3457459616511867,0.6675155146326309,1.242581558304508,-0.3898094400345645,0
1571234419000,-0.23896368566473122,1.378261666802596,0.6675155146326309,-1.5504635923565626,-0.3898094400345645,0
1571234419250,-0.19542962052064808,1.3457459616511867,0.7024554189006925,1.5983091474421187,-0.3918197579249278,0
1571234419500,-0.19542962052064808,1.280714551348368,0.7024554189006925,-0.6766220681126738,-0.3918197579249278,0
1571234419750,-0.15189555537656493,1.280714551348368,0.7373953231687541,1.3459337014158157,-0.39584353482735807,0
1571234420000,-0.23896368566473122,1.280714551348368,0.7373953231687541,0.6732144327518695,-0.39584353482735807,0
1571234420250,-0.23896368566473122,1.3132302564997773,0.7373953231687541,-2.4967023625114817,-0.3898094400345645,0
1571234420500,-0.28249775080881434,1.280714551348368,0.7373953231687541,1.124682305033507,-0.3918197579249278,0
1571234420750,-0.23896368566473122,1.280714551348368,0.7373953231687541,0.45272422236628906,-0.3898094400345645,0
1571234421000,-0.23896368566473122,1.280714551348368,0.7373953231687541,-1.329212195974254,-0.3918197579249278,0
1571234421250,-0.28249775080881434,1.280714551348368,0.7373953231687541,0.8476951784463278,-0.3898094400345645,0
1571234421500,-0.23896368566473122,1.280714551348368,0.7373953231687541,-0.7009800200079738,-0.3918197579249278,0
1571234421750,-0.23896368566473122,1.280714551348368,0.7373953231687541,1.726695852223596,-0.3938316463761429,0
1571234422000,-0.28249775080881434,1.3132302564997773,0.7373953231687541,0.5208926571843856,-0.3918197579249278,0
1571234422250,-0.36956588109698063,1.3132302564997773,0.7723352274368158,-1.9933892662304733,-0.3877975515833494,0
1571234422500,-0.28249775080881434,1.3132302564997773,0.7373953231687541,0.8871922740543317,-0.3898094400345645,0
1571234422750,-0.28249775080881434,1.3457459616511867,0.7373953231687541,-0.10776239989118772,-0.3918197579249278,0
1571234423000,-0.28249775080881434,1.3457459616511867,0.7723352274368158,0.6576524079298725,-0.3898094400345645,0
1571234423250,-0.36956588109698063,1.3132302564997773,0.7723352274368158,-0.05617090455739251,-0.3918197579249278,0
1571234423500,-0.23896368566473122,1.3457459616511867,0.7373953231687541,-1.331495753964438,-0.3898094400345645,0
1571234423750,-0.1083614902324818,1.2481988461969586,0.7723352274368158,1.0851006332036444,-0.3918197579249278,0
1571234424000,-0.5872362068173963,0.9555574998342745,0.9470347487771238,-0.5092457250543448,-0.3918197579249278,0
1571234424250,-0.6307702719614795,1.0856203204399117,1.0518544615813086,-0.27818348693642925,-0.3918197579249278,0
1571234424500,-0.7178384022496457,0.8905260895314557,0.9120948445090622,0.3284817524558871,-0.39584353482735807,0
1571234424750,-0.1083614902324818,0.5978847431687717,0.8072751317048774,-1.8249134322879812,-0.3938316463761429,0
1571234425000,0.022240705199767605,0.0126020504434036,0.5976357060965077,2.1700444072068,-0.40388951807136664,0
1571234425250,-1.2402471839786433,1.18316743589414,0.6675155146326309,-0.34745141263868873,-0.40187762962015144,0
1571234425500,2.329546157836174,0.7604632689258184,0.24823666341589168,0.9387837693881269,-0.407911724412945,0
1571234425750,-0.021293359944315533,1.020588910137093,0.3181164719520149,0.8163174001367572,-0.4099236128641601,0
1571234426000,0.8929220080814304,0.4678219225631344,-0.031282570728601154,-3.5182985463424856,-0.41394581920573853,0
1571234426250,0.8929220080814304,0.630400448320181,0.07353714207558366,2.9869661341397964,-0.4099236128641601,0
1571234426500,1.0235242035136798,0.4678219225631344,0.14341695061170687,-1.4159873996012602,-0.4119355013153752,0
1571234426750,1.371796724666345,0.7279475637744091,-0.06622247499666276,-1.5506327448002797,-0.4119355013153752,0
1571234427000,0.8493879429373472,0.7604632689258184,0.4229361847561997,1.6092194800618884,-0.4119355013153752,0
1571234427250,0.5446494869287652,0.6954318586229997,0.5626958018284461,-1.0216930532960908,-0.407911724412945,0
1571234427500,0.19637696577610014,0.6954318586229997,0.7723352274368158,1.4164702704459553,-0.407911724412945,0
1571234427750,0.2399110309201833,0.630400448320181,0.7723352274368158,0.3424368290625694,-0.4099236128641601,0
1571234428000,0.15284290063201703,0.630400448320181,0.842215035972939,-2.435722906551373,-0.407911724412945,0
1571234428250,0.2399110309201833,0.630400448320181,0.8072751317048774,1.3183618530898857,-0.4099236128641601,0
1571234428500,0.10930883548793388,0.630400448320181,0.842215035972939,0.21971673114562382,-0.407911724412945,0
1571234428750,-0.1083614902324818,0.5978847431687717,0.8771549402410006,1.3140484657750928,-0.4119355013153752,0
1571234429000,0.28344509606426643,0.5978847431687717,0.5626958018284461,-0.2583080747996393,-0.4099236128641601,0
1571234429250,0.9799901383695966,0.5653690380173624,0.21329675914783008,-0.8708090735002046,-0.40388951807136664,0
1571234429500,0.5881835520728484,0.5978847431687717,0.5277558975603845,0.19544335547218247,-0.407911724412945,0
1571234429750,0.6752516823610146,0.5653690380173624,0.49281599329232295,-1.3440976110213816,-0.407911724412945,0
1571234430000,0.6752516823610146,0.5978847431687717,0.4578760890242613,0.84498873934685,-0.4099236128641601,0
1571234430250,0.5881835520728484,0.5978847431687717,0.49281599329232295,-0.18624913377604338,-0.407911724412945,0
1571234430500,0.8929220080814304,0.630400448320181,0.4578760890242613,1.0026388168914309,-0.4099236128641601,0
1571234430750,0.28344509606426643,0.5978847431687717,0.3181164719520149,-0.473723711873699,-0.4099236128641601,0
1571234431000,-0.23896368566473122,0.4027905122603157,0.7024554189006925,0.41762509029493655,-0.4119355013153752,0
1571234431250,0.2399110309201833,0.4678219225631344,0.7024554189006925,-0.01692753761496468,-0.4099236128641601,0
1571234431500,-0.50016807652923,0.37027480710890637,0.7723352274368158,-0.5678570468024104,-0.4119355013153752,0
1571234431750,0.022240705199767605,0.43530621741172504,0.9120948445090622,0.5504097586130653,-0.4119355013153752,0
1571234432000,-0.06482742508839867,0.4027905122603157,0.842215035972939,-1.5891149257459796,-0.4119355013153752,0
1571234432250,0.15284290063201703,0.43530621741172504,0.8771549402410006,0.18986132482950957,-0.41394581920573853,0
1571234432500,0.06577477034385075,0.43530621741172504,0.842215035972939,-1.6160101642970401,-0.4119355013153752,0
1571234432750,0.15284290063201703,0.4027905122603157,0.842215035972939,1.1485327995976549,-0.4119355013153752,0
1571234433000,0.3269791612083496,0.43530621741172504,0.8072751317048774,-0.168065246076427,-0.4099236128641601,0
1571234433250,0.5446494869287652,0.43530621741172504,0.5976357060965077,1.586891357491197,-0.4099236128641601,0
1571234433500,0.45758135664059896,0.43530621741172504,0.5626958018284461,0.31985497782630173,-0.407911724412945,0
1571234433750,0.45758135664059896,0.4027905122603157,0.4229361847561997,-1.5711847667119392,-0.4099236128641601,0
1571234434000,0.5881835520728484,0.4027905122603157,0.5277558975603845,0.19874182812467103,-0.4099236128641601,0
1571234434250,0.6317176172169315,0.37027480710890637,0.5626958018284461,0.8948887102434716,-0.4119355013153752,0
1571234434500,0.6752516823610146,0.4027905122603157,0.6325756103645693,0.8780580420935941,-0.4099236128641601,0
1571234434750,0.6317176172169315,0.33775910195749703,0.5277558975603845,0.45027151193238724,-0.4099236128641601,0
1571234435000,0.5011154217846822,0.37027480710890637,0.5976357060965077,-1.3912911428185255,-0.41394581920573853,0
1571234435250,0.7623198126491809,0.33775910195749703,0.6325756103645693,0.4322567766764883,-0.4099236128641601,0
1571234435500,0.6317176172169315,0.33775910195749703,0.5277558975603845,0.9107890399529036,-0.41394581920573853,0
1571234435750,0.10930883548793388,0.43530621741172504,0.3181164719520149,0.5198777425220815,-0.4119355013153752,0
1571234436000,0.5011154217846822,0.33775910195749703,0.5626958018284461,-0.6827115560864988,-0.41394581920573853,0
1571234436250,1.0235242035136798,0.43530621741172504,0.14341695061170687,-1.4326489153074202,-0.41394581920573853,0
1571234436500,1.763603310963093,0.6954318586229997,-1.1493595073065725,1.3627643695656932,-0.41595770765695367,0
1571234436750,1.676535180674927,0.6629161534715904,-0.2758619006050324,-0.15537881279762492,-0.41796959610816875,0
1571234437000,0.8058538777932641,0.8254946792286371,-0.031282570728601154,-1.930633709611332,-0.419979913998532,0
1571234437250,1.067058268657763,0.8254946792286371,0.21329675914783008,0.5358626484533722,-0.41595770765695367,0
1571234437500,0.5881835520728484,0.8254946792286371,0.3879962804881381,1.3689384337613768,-0.41394581920573853,0
1571234437750,0.5446494869287652,0.6954318586229997,0.6325756103645693,-2.2116804948477276,-0.41595770765695367,0
1571234438000,0.022240705199767605,0.630400448320181,0.9470347487771238,0.8061682535137156,-0.41394581920573853,0
1571234438250,-0.1083614902324818,0.5653690380173624,0.9120948445090622,-0.8340184169916786,-0.41394581920573853,0
1571234438500,-0.021293359944315533,0.5653690380173624,0.9120948445090622,0.5992948148473827,-0.4119355013153752,0
1571234438750,-0.3260318159528975,0.4678219225631344,1.016914557313247,-0.5401160460327633,-0.41394581920573853,0
1571234439000,-1.6320537702753917,0.4678219225631344,0.9120948445090622,-1.3945050392491554,-0.4099236128641601,0
1571234439250,-1.1967131188345603,0.5653690380173624,1.1566741743854934,1.2397059667613126,-0.4099236128641601,0
1571234439500,-1.109644988546394,0.43530621741172504,1.2265539829216165,-0.493852852676065,-0.4099236128641601,0
1571234439750,-1.0225768582582277,0.532853332865953,1.191614078653555,2.5992687331396045,-0.4119355013153752,0
1571234440000,-1.0225768582582277,0.43530621741172504,1.1217342701174318,1.6031299920880635,-0.4099236128641601,0
1571234440250,-0.9790427931141445,0.5003376277145437,1.191614078653555,-3.2431720966361977,-0.4058998359617299,0
1571234440500,-0.804906532537812,0.5003376277145437,1.191614078653555,2.2485311410916555,-0.4099236128641601,0
1571234440750,-0.7613724673937289,0.532853332865953,1.1566741743854934,-1.2374469952575853,-0.407911724412945,0
1571234441000,-0.804906532537812,0.5003376277145437,1.1566741743854934,0.5669866980973666,-0.407911724412945,0
1571234441250,-0.7613724673937289,0.532853332865953,1.1566741743854934,0.3963964586084077,-0.4058998359617299,0
1571234441500,-0.7613724673937289,0.4678219225631344,1.1566741743854934,-1.1999797289741898,-0.407911724412945,0
1571234441750,-0.7178384022496457,0.532853332865953,1.1566741743854934,1.530140712624022,-0.4058998359617299,0
1571234442000,-0.7178384022496457,0.5003376277145437,1.1566741743854934,0.3040392243387284,-0.4099236128641601,0
1571234442250,-0.7178384022496457,0.4678219225631344,1.1217342701174318,-2.2168396443811074,-0.407911724412945,0
1571234442500,-0.7178384022496457,0.5003376277145437,1.1217342701174318,0.8021085948644989,-0.4099236128641601,0
1571234442750,-0.7613724673937289,0.5003376277145437,1.1217342701174318,-0.2732780660686258,-0.407911724412945,0
1571234443000,-0.7613724673937289,0.630400448320181,1.1217342701174318,0.6059763363742184,-0.4058998359617299,0
1571234443250,-0.5872362068173963,0.43530621741172504,0.9470347487771238,-0.09524511905610297,-0.407911724412945,0
1571234443500,-1.5885197051313085,0.43530621741172504,1.3313736957258016,-1.8770123849529285,-0.4058998359617299,0
1571234443750,0.022240705199767605,0.630400448320181,-0.2758619006050324,1.8857837255397742,-0.4119355013153752,0
1571234444000,1.0235242035136798,0.7279475637744091,-1.1842994115746341,0.3514019085795896,-0.40187762962015144,0
1571234444250,1.1976604640900124,0.7929789740772277,-1.0445397945023878,1.1860846421029092,-0.40187762962015144,0
1571234444500,1.2847285943781785,0.7929789740772277,-0.9397200816982029,-1.8195005540890257,-0.40187762962015144,0
1571234444750,1.371796724666345,0.7604632689258184,-1.0794796987704494,-1.0865630154616992,-0.4058998359617299,0
1571234445000,0.45758135664059896,0.6954318586229997,0.24823666341589168,4.572854870211917,-0.407911724412945,0
1571234445250,1.3282626595222617,0.7279475637744091,-0.2758619006050324,1.1541994064621863,-0.4119355013153752,0
1571234445500,1.1541263989459292,0.7929789740772277,-0.24092199633697078,-2.4117878357653666,-0.4119355013153752,0
1571234445750,1.1541263989459292,0.7604632689258184,-0.2758619006050324,-5.602425805384095,-0.4099236128641601,0
1571234446000,1.1976604640900124,0.7929789740772277,-0.2758619006050324,-2.2756201185728906,-0.4099236128641601,0
1571234446250,1.1976604640900124,0.7604632689258184,-0.2758619006050324,0.4782662413676106,-0.407911724412945,0
1571234446500,1.2411945292340956,0.7604632689258184,-0.3457417091411556,0.804476729076542,-0.4099236128641601,0
1571234446750,1.2411945292340956,0.7929789740772277,-0.310801804873094,3.482582794231665,-0.407911724412945,0
1571234447000,1.067058268657763,0.7279475637744091,-0.17104218780084757,-0.9040475286906662,-0.4099236128641601,0
1571234447250,1.2847285943781785,0.8254946792286371,-0.3457417091411556,2.16877576387892,-0.407911724412945,0
1571234447500,1.2847285943781785,0.8254946792286371,-0.3457417091411556,0.02747497886084267,-0.4099236128641601,0
1571234447750,1.2411945292340956,0.7929789740772277,-0.3806816134092172,-0.32952125360464846,-0.4099236128641601,0
1571234448000,1.2411945292340956,0.7929789740772277,-0.3806816134092172,1.245372573625844,-0.4119355013153752,0
1571234448250,1.2847285943781785,0.7604632689258184,-0.3806816134092172,-0.6166575268148692,-0.407911724412945,0
1571234448500,1.2411945292340956,0.7604632689258184,-0.3457417091411556,1.3567594578137268,-0.407911724412945,0
1571234448750,1.2847285943781785,0.7604632689258184,-0.3806816134092172,-0.371217330980978,-0.4099236128641601,0
1571234449000,1.3282626595222617,0.7929789740772277,-0.3806816134092172,-2.020707385890827,-0.407911724412945,0
1571234449250,1.1976604640900124,0.7604632689258184,-0.3457417091411556,1.8725898349298202,-0.4099236128641601,0
1571234449500,1.1976604640900124,0.7929789740772277,-0.3457417091411556,0.5485490817321743,-0.4058998359617299,0
1571234449750,0.9364560732255135,0.6629161534715904,-0.17104218780084757,-1.4111665549553154,-0.407911724412945,0
1571234450000,-1.5014515748431423,0.630400448320181,1.1566741743854934,0.1104442525042084,-0.4099236128641601,0
1571234450250,-0.8919746628259783,0.6629161534715904,1.2265539829216165,-1.0817421708157542,-0.4099236128641601,0
1571234450500,-1.1531790536904771,0.5978847431687717,1.2265539829216165,0.8970876920117973,-0.407911724412945,0
1571234450750,0.8493879429373472,0.7929789740772277,0.49281599329232295,0.035002262606265246,-0.4099236128641601,0
1571234451000,0.8929220080814304,0.7929789740772277,0.24823666341589168,-1.0658418411063222,-0.4119355013153752,0
1571234451250,0.7623198126491809,0.7279475637744091,0.3879962804881381,1.7753271797923373,-0.4099236128641601,0
1571234451500,0.5011154217846822,0.7279475637744091,0.5626958018284461,-1.3161028815861584,-0.4119355013153752,0
1571234451750,0.45758135664059896,0.6629161534715904,0.6325756103645693,-1.607552542111172,-0.4099236128641601,0
1571234452000,0.41404729149651587,0.7279475637744091,0.5976357060965077,1.9602953769972717,-0.4119355013153752,0
1571234452250,0.6752516823610146,0.7279475637744091,0.3879962804881381,-0.5436682473508279,-0.4119355013153752,0
1571234452500,0.6752516823610146,0.7279475637744091,0.4229361847561997,0.38971493708157195,-0.4119355013153752,0
1571234452750,0.6752516823610146,0.7279475637744091,0.3879962804881381,0.14165287837006157,-0.4119355013153752,0
1571234453000,0.7623198126491809,0.7279475637744091,0.4229361847561997,-2.206690497758066,-0.4119355013153752,0
1571234453250,0.7187857475050978,0.7604632689258184,0.4229361847561997,2.055612779032005,-0.4119355013153752,0
1571234453500,0.6752516823610146,0.7279475637744091,0.4229361847561997,0.717870677893253,-0.4119355013153752,0
1571234453750,0.6317176172169315,0.7279475637744091,0.4229361847561997,-0.33476497935988664,-0.4119355013153752,0
1571234454000,0.6752516823610146,0.7279475637744091,0.4229361847561997,0.5540465361529886,-0.4099236128641601,0
1571234454250,0.6752516823610146,0.7279475637744091,0.4578760890242613,-0.7239001761316763,-0.4119355013153752,0
1571234454500,0.6317176172169315,0.7279475637744091,0.4578760890242613,1.3668240282149098,-0.4099236128641601,0
1571234454750,0.6317176172169315,0.7279475637744091,0.4578760890242613,0.07179291911479134,-0.4119355013153752,0
1571234455000,0.5881835520728484,0.6954318586229997,0.49281599329232295,-1.2826952739519795,-0.4099236128641601,0
1571234455250,0.6317176172169315,0.6954318586229997,0.49281599329232295,0.6178170074344337,-0.407911724412945,0
1571234455500,0.6317176172169315,0.6954318586229997,0.49281599329232295,-0.5876478827173418,-0.4119355013153752,0
1571234455750,0.6317176172169315,0.6954318586229997,0.49281599329232295,1.2786956050381646,-0.4119355013153752,0
1571234456000,0.6317176172169315,0.7279475637744091,0.49281599329232295,0.07661376376073614,-0.4119355013153752,0
1571234456250,0.6317176172169315,0.7279475637744091,0.49281599329232295,-1.6497560768186534,-0.4119355013153752,0
1571234456500,0.6317176172169315,0.7279475637744091,0.49281599329232295,0.6442047886543422,-0.4099236128641601,0
1571234456750,0.6317176172169315,0.7279475637744091,0.49281599329232295,-0.35937665992076273,-0.4119355013153752,0
1571234457000,0.5881835520728484,0.7279475637744091,0.49281599329232295,0.5738373720679197,-0.4119355013153752,0
1571234457250,0.6317176172169315,0.7279475637744091,0.49281599329232295,0.2132043620625054,-0.4099236128641601,0
1571234457500,0.5881835520728484,0.6954318586229997,0.49281599329232295,-1.2601979989375705,-0.4119355013153752,0
1571234457750,0.5881835520728484,0.7279475637744091,0.49281599329232295,1.1306026405636145,-0.4099236128641601,0
1571234458000,0.6317176172169315,0.6954318586229997,0.49281599329232295,-0.11283697320270855,-0.41394581920573853,0
1571234458250,0.5881835520728484,0.6954318586229997,0.49281599329232295,-1.8200080114201778,-0.4119355013153752,0
1571234458500,0.5881835520728484,0.6954318586229997,0.5277558975603845,1.0920358833960562,-0.4119355013153752,0
1571234458750,0.5881835520728484,0.6954318586229997,0.5277558975603845,0.0562308942927941,-0.4099236128641601,0
1571234459000,0.5446494869287652,0.6954318586229997,0.5277558975603845,-1.7175862067493155,-0.4119355013153752,0
1571234459250,0.5881835520728484,0.6954318586229997,0.5626958018284461,0.7146567814626231,-0.4099236128641601,0
1571234459500,0.5446494869287652,0.6954318586229997,0.5277558975603845,-0.04576802926877479,-0.41394581920573853,0
1571234459750,0.5881835520728484,0.6954318586229997,0.5277558975603845,-0.3052478779312071,-0.41394581920573853,0
1571234460000,0.5881835520728484,0.6954318586229997,0.5626958018284461,0.46321167387676543,-0.41394581920573853,0
1571234460250,0.5446494869287652,0.6954318586229997,0.5626958018284461,-0.9379625936559971,-0.4099236128641601,0
1571234460500,0.5446494869287652,0.6954318586229997,0.5626958018284461,1.1443039885047208,-0.4099236128641601,0
1571234460750,0.5446494869287652,0.6954318586229997,0.5626958018284461,0.3919984950717563,-0.4119355013153752,0
1571234461000,0.5446494869287652,0.6954318586229997,0.5626958018284461,-1.4697778767033813,-0.4119355013153752,0
1571234461250,0.5446494869287652,0.6954318586229997,0.5626958018284461,1.4645941406835445,-0.41394581920573853,0
1571234461500,0.5446494869287652,0.6954318586229997,0.5626958018284461,0.16474218693748138,-0.4119355013153752,0
1571234461750,0.5446494869287652,0.6954318586229997,0.5626958018284461,-1.8842013638109165,-0.41595770765695367,0
1571234462000,0.5011154217846822,0.6954318586229997,0.5626958018284461,0.9643257883894484,-0.41394581920573853,0
1571234462250,0.5446494869287652,0.6954318586229997,0.5626958018284461,-0.0022958512334129255,-0.4099236128641601,0
1571234462500,0.5446494869287652,0.6954318586229997,0.5626958018284461,0.13133457930330253,-0.41394581920573853,0
1571234462750,0.5446494869287652,0.6954318586229997,0.5626958018284461,0.2943975350468388,-0.4119355013153752,0
1571234463000,0.5446494869287652,0.6954318586229997,0.5626958018284461,-0.8982117693824172,-0.41394581920573853,0
1571234463250,0.5446494869287652,0.6954318586229997,0.5626958018284461,1.2443576589635401,-0.4099236128641601,0
1571234463500,0.5446494869287652,0.6629161534715904,0.5626958018284461,0.30285515723270684,-0.41394581920573853,0
1571234463750,0.5446494869287652,0.6954318586229997,0.5976357060965077,-1.2557154591790605,-0.41394581920573853,0
1571234464000,0.5446494869287652,0.6954318586229997,0.5626958018284461,1.4244204353006713,-0.41394581920573853,0
1571234464250,0.5446494869287652,0.6954318586229997,0.5626958018284461,0.24221400616003289,-0.4119355013153752,0
1571234464500,0.5446494869287652,0.6954318586229997,0.5626958018284461,-1.2936901827936078,-0.41394581920573853,0
1571234464750,0.5011154217846822,0.6629161534715904,0.5626958018284461,1.374182159516615,-0.41394581920573853,0
1571234465000,0.5446494869287652,0.6954318586229997,0.5626958018284461,0.3647649516332611,-0.41394581920573853,0
1571234465250,0.19637696577610014,0.6629161534715904,0.7024554189006925,-1.75640669258245,-0.41394581920573853,0
1571234465500,0.3705132263524327,0.6629161534715904,0.6325756103645693,0.9847932340792491,-0.41394581920573853,0
1571234465750,0.41404729149651587,0.6629161534715904,0.6675155146326309,-0.06048429187218523,-0.4119355013153752,0
1571234466000,0.41404729149651587,0.6954318586229997,0.6675155146326309,-1.8454654541996407,-0.4119355013153752,0
1571234466250,0.41404729149651587,0.6629161534715904,0.6325756103645693,0.7133035619128842,-0.407911724412945,0
1571234466500,0.41404729149651587,0.6629161534715904,0.6675155146326309,-0.169925922957318,-0.4119355013153752,0
1571234466750,0.41404729149651587,0.6954318586229997,0.6675155146326309,-0.6771295254438259,-0.4119355013153752,0
1571234467000,0.45758135664059896,0.6629161534715904,0.6325756103645693,0.5635190730011608,-0.41394581920573853,0
1571234467250,0.41404729149651587,0.6954318586229997,0.6675155146326309,-0.42526153674867495,-0.41394581920573853,0
1571234467500,0.41404729149651587,0.6629161534715904,0.6675155146326309,0.17599082444468592,-0.41394581920573853,0
1571234467750,-0.28249775080881434,0.630400448320181,0.9470347487771238,0.5624195821169979,-0.41394581920573853,0
1571234468000,-1.5885197051313085,0.5003376277145437,1.191614078653555,-0.7029252731107235,-0.4119355013153752,0
1571234468250,-1.6755878354194749,0.630400448320181,0.9470347487771238,0.9149332748239789,-0.41394581920573853,0
1571234468500,-2.3285988125807218,0.3052433968060877,1.6807727384064175,0.5440665419736642,-0.4119355013153752,0
1571234468750,1.7200692458190099,1.18316743589414,-1.4987585499871885,-0.536732997158416,-0.41394581920573853,0
1571234469000,1.415330789810428,0.6954318586229997,-1.1493595073065725,2.6559348017849205,-0.41394581920573853,0
1571234469250,1.2847285943781785,0.7929789740772277,-1.0095998902343262,1.871574920267516,-0.4119355013153752,0
1571234469500,1.3282626595222617,0.6629161534715904,-1.0794796987704494,-1.7333173840150302,-0.41394581920573853,0
1571234469750,1.3282626595222617,0.7279475637744091,-1.0794796987704494,-0.35447123905295924,-0.41394581920573853,0
1571234470000,1.2847285943781785,0.6954318586229997,-1.0095998902343262,1.4142712886776294,-0.41394581920573853,0
1571234470250,1.415330789810428,0.7279475637744091,-1.0095998902343262,-1.710566380335045,-0.4099236128641601,0
1571234470500,1.371796724666345,0.6954318586229997,-0.9397200816982029,-1.5304190277760552,-0.41394581920573853,0
1571234470750,1.3282626595222617,0.6954318586229997,-0.9397200816982029,-2.21218795217888,-0.41394581920573853,0
1571234471000,1.3282626595222617,0.7279475637744091,-1.0794796987704494,-2.227834553222736,-0.41394581920573853,0
1571234471250,1.4588648549545111,0.7604632689258184,-0.9047801774301413,1.6149706631482788,-0.4119355013153752,0
1571234471500,1.371796724666345,0.6954318586229997,-0.8698402731620797,0.796019106890674,-0.4119355013153752,0
1571234471750,1.4588648549545111,0.7604632689258184,-0.9397200816982029,2.5338067374209854,-0.4119355013153752,0
1571234472000,1.371796724666345,0.7279475637744091,-1.0445397945023878,0.7731835269888302,-0.4099236128641601,0
1571234472250,1.2847285943781785,0.6954318586229997,-1.114419603038511,-0.6233390483417051,-0.4099236128641601,0
1571234472500,1.371796724666345,0.7279475637744091,-1.1842994115746341,0.500932668825737,-0.4099236128641601,0
1571234472750,1.371796724666345,0.6954318586229997,-1.1493595073065725,-0.3856798649188124,-0.4099236128641601,0
1571234473000,1.371796724666345,0.6954318586229997,-1.114419603038511,1.131279250338484,-0.4099236128641601,0
1571234473250,1.5459329852426775,0.6954318586229997,-1.1842994115746341,-0.7048705262134732,-0.407911724412945,0
1571234473500,0.5011154217846822,0.5653690380173624,0.003657333539460452,1.341620314101023,-0.407911724412945,0
1571234473750,1.2847285943781785,0.7279475637744091,-0.5903210390175868,-0.7595067655341808,-0.4119355013153752,0
1571234474000,1.2847285943781785,0.6954318586229997,-0.3457417091411556,-0.14438390395599643,-0.4119355013153752,0
1571234474250,1.2847285943781785,0.7279475637744091,-0.3457417091411556,0.7344476173775544,-0.4119355013153752,0
1571234474500,1.2411945292340956,0.6954318586229997,-0.3806816134092172,-2.317485348392937,-0.4119355013153752,0
1571234474750,1.3282626595222617,0.7604632689258184,-0.3806816134092172,-0.0938073232845054,-0.4119355013153752,0
1571234475000,1.2847285943781785,0.7279475637744091,-0.5903210390175868,-1.462419745401676,-0.4119355013153752,0
1571234475250,1.3282626595222617,0.7279475637744091,-0.7999604646259565,2.0880900482257383,-0.4099236128641601,0
1571234475500,1.371796724666345,0.7279475637744091,-0.9397200816982029,0.6736373138611629,-0.4119355013153752,0
1571234475750,1.371796724666345,0.7279475637744091,-1.0445397945023878,0.6705079936523918,-0.4099236128641601,0
1571234476000,1.371796724666345,0.7279475637744091,-1.0445397945023878,1.5282800357431312,-0.4119355013153752,0
1571234476250,1.371796724666345,0.7604632689258184,-1.0794796987704494,-1.5681400227250268,-0.4099236128641601,0
1571234476500,1.3282626595222617,0.7279475637744091,-1.0445397945023878,1.4577434667129914,-0.4099236128641601,0
1571234476750,1.371796724666345,0.7279475637744091,-1.0095998902343262,-0.010499744753704951,-0.4099236128641601,0
1571234477000,1.3282626595222617,0.7279475637744091,-0.8698402731620797,-1.2811729019585232,-0.4099236128641601,0
1571234477250,1.3282626595222617,0.7279475637744091,-0.7999604646259565,0.0846485048373108,-0.4119355013153752,0
1571234477500,1.371796724666345,0.7604632689258184,-0.7650205603578949,-1.4629272027328282,-0.4099236128641601,0
1571234477750,1.415330789810428,0.6954318586229997,-0.7999604646259565,0.663826472125556,-0.4099236128641601,0
1571234478000,1.371796724666345,0.7604632689258184,-0.8349003688940181,-0.6384781920544088,-0.4099236128641601,0
1571234478250,1.371796724666345,0.7929789740772277,-0.8349003688940181,-2.3127490799688513,-0.4119355013153752,0
1571234478500,1.4588648549545111,0.7279475637744091,-0.9047801774301413,2.3049434810713954,-0.4099236128641601,0
1571234478750,1.371796724666345,0.7279475637744091,-0.7999604646259565,0.7046767872832987,-0.4119355013153752,0
1571234479000,1.5459329852426775,0.7604632689258184,-0.8349003688940181,-1.5848015384311869,-0.4099236128641601,0
1571234479250,1.4588648549545111,0.7604632689258184,-0.4156215176772788,1.4355844965860172,-0.4119355013153752,0
1571234479500,0.41404729149651587,0.5978847431687717,0.4229361847561997,-0.2116220003336476,-0.4119355013153752,0
1571234479750,1.0235242035136798,0.6954318586229997,0.1783568548797685,-1.450409921897743,-0.41595770765695367,0
1571234480000,0.9364560732255135,0.6629161534715904,0.14341695061170687,0.6200159892027595,-0.41394581920573853,0
1571234480250,0.9364560732255135,0.6954318586229997,0.1783568548797685,-1.198795661868168,-0.41394581920573853,0
1571234480500,0.9364560732255135,0.6954318586229997,0.21329675914783008,1.7291485626574978,-0.41394581920573853,0
1571234480750,0.8929220080814304,0.630400448320181,0.14341695061170687,0.12000136557423932,-0.41394581920573853,0
1571234481000,0.9364560732255135,0.630400448320181,0.14341695061170687,-1.9330864200452338,-0.41394581920573853,0
1571234481250,0.9799901383695966,0.6629161534715904,0.21329675914783008,2.1044132590444637,-0.4119355013153752,0
1571234481500,0.9364560732255135,0.6629161534715904,0.14341695061170687,0.5762900825018216,-0.41394581920573853,0
1571234481750,0.9364560732255135,0.6629161534715904,0.1783568548797685,-1.5103744631955478,-0.4119355013153752,0
1571234482000,0.8929220080814304,0.6629161534715904,0.1783568548797685,1.0248823632402637,-0.41394581920573853,0
1571234482250,0.9799901383695966,0.6629161534715904,0.1783568548797685,-0.3538792054999485,-0.4099236128641601,0
1571234482500,0.9364560732255135,0.6954318586229997,0.21329675914783008,1.1361000949844289,-0.4119355013153752,0
1571234482750,0.9364560732255135,0.6629161534715904,0.1783568548797685,0.16677201626208973,-0.4099236128641601,0
1571234483000,0.9364560732255135,0.6629161534715904,0.1783568548797685,-1.6429899790699591,-0.4119355013153752,0
1571234483250,0.9364560732255135,0.6954318586229997,0.21329675914783008,1.1150406157416173,-0.41394581920573853,0
1571234483500,0.9364560732255135,0.6629161534715904,0.1783568548797685,-0.2500196050574886,-0.4119355013153752,0
1571234483750,0.9364560732255135,0.6629161534715904,0.1783568548797685,-0.8880626227593755,-0.4119355013153752,0
1571234484000,0.9364560732255135,0.630400448320181,0.1783568548797685,0.5663946645443559,-0.4099236128641601,0
1571234484250,0.9364560732255135,0.6629161534715904,0.21329675914783008,-0.6025332977644695,-0.4119355013153752,0
1571234484500,0.9364560732255135,0.6954318586229997,0.1783568548797685,0.3828642631110188,-0.4119355013153752,0
1571234484750,0.9364560732255135,0.6629161534715904,0.1783568548797685,0.4548386279127561,-0.4119355013153752,0
1571234485000,0.9364560732255135,0.6629161534715904,0.1783568548797685,-0.6103988863973269,-0.4099236128641601,0
1571234485250,0.9799901383695966,0.6629161534715904,0.1783568548797685,0.867486014361259,-0.4099236128641601,0
1571234485500,0.9364560732255135,0.6954318586229997,0.21329675914783008,0.31427294718362875,-0.4099236128641601,0
1571234485750,0.9364560732255135,0.6629161534715904,0.1783568548797685,-0.9384700509871492,-0.4119355013153752,0
1571234486000,0.9364560732255135,0.6629161534715904,0.21329675914783008,1.2600888362292546,-0.4119355013153752,0
1571234486250,0.9364560732255135,0.6629161534715904,0.1783568548797685,0.359774954543599,-0.4119355013153752,0
1571234486500,0.9364560732255135,0.630400448320181,0.1783568548797685,-1.0929908083229587,-0.4119355013153752,0
1571234486750,1.2847285943781785,0.6629161534715904,0.10847704634364527,1.2337010550093463,-0.4099236128641601,0
1571234487000,0.5011154217846822,0.630400448320181,0.49281599329232295,0.3116510843060097,-0.4119355013153752,0
1571234487250,0.5446494869287652,0.5978847431687717,0.7373953231687541,-1.0035937418183332,-0.4119355013153752,0
1571234487500,-0.15189555537656493,0.5978847431687717,0.9470347487771238,1.397778925415187,-0.4119355013153752,0
1571234487750,-0.06482742508839867,0.4027905122603157,1.016914557313247,0.5195394376346467,-0.4099236128641601,0
1571234488000,-0.8919746628259783,0.43530621741172504,1.0867943658493702,-0.28317348402609144,-0.4099236128641601,0
1571234488250,-0.6307702719614795,0.4027905122603157,1.191614078653555,1.4538529605074921,-0.4099236128641601,0
1571234488500,-0.804906532537812,0.37027480710890637,1.1566741743854934,0.9101970063998929,-0.4099236128641601,0
1571234488750,-0.4130999462410638,0.4027905122603157,1.0867943658493702,-2.9405583748258377,-0.4119355013153752,0
1571234489000,-0.4130999462410638,0.43530621741172504,1.0867943658493702,1.5830008512856975,-0.4099236128641601,0
1571234489250,-0.5437021416733132,0.4027905122603157,1.0867943658493702,-1.9305491333894733,-0.407911724412945,0
1571234489500,-0.8484405976818952,0.4678219225631344,1.1566741743854934,-1.5211156433716004,-0.407911724412945,0
1571234489750,-0.8919746628259783,0.43530621741172504,1.191614078653555,2.6251490570283607,-0.4099236128641601,0
1571234490000,-0.7178384022496457,0.43530621741172504,1.1566741743854934,-1.3071378020691382,-0.4099236128641601,0
1571234490250,-0.8919746628259783,0.4027905122603157,1.1566741743854934,1.0220913479189273,-0.407911724412945,0
1571234490500,-0.9355087279700615,0.37027480710890637,1.191614078653555,-1.1358709528053097,-0.407911724412945,0
1571234490750,-1.2837812491227265,0.4678219225631344,1.0867943658493702,-1.5436974946078679,-0.407911724412945,0
1571234491000,-1.762655965707641,0.532853332865953,0.9120948445090622,3.8111614161526397,-0.4119355013153752,0
1571234491250,-0.5872362068173963,1.2481988461969586,0.842215035972939,-0.34127734844300506,-0.40388951807136664,0
1571234491500,-0.6307702719614795,1.573355897711052,0.7373953231687541,0.8091284212787695,-0.40388951807136664,0
1571234491750,-0.50016807652923,1.573355897711052,0.6675155146326309,0.689791372236171,-0.40187762962015144,0
1571234492000,-0.5872362068173963,1.475808782256824,0.7024554189006925,-0.04196209928513416,-0.40388951807136664,0
1571234492250,-0.5872362068173963,1.5083244874082333,0.7723352274368158,3.807440062390858,-0.40187762962015144,0
1571234492500,-0.6307702719614795,1.4432930771054147,0.7373953231687541,0.15450846409258104,-0.40388951807136664,0
1571234492750,-0.50016807652923,1.475808782256824,0.7373953231687541,-3.3587877919170137,-0.40388951807136664,0
1571234493000,-0.5437021416733132,1.4432930771054147,0.7723352274368158,-1.0976425005251862,-0.40388951807136664,0
1571234493250,-0.4130999462410638,1.4432930771054147,0.7373953231687541,-1.7756900711662291,-0.40187762962015144,0
1571234493500,-0.50016807652923,1.4432930771054147,0.7723352274368158,0.8876151551636251,-0.3998657411689364,0
1571234493750,-0.4566340113851469,1.4107773719540053,0.7723352274368158,0.6242448002956935,-0.40187762962015144,0
1571234494000,-0.4566340113851469,1.4107773719540053,0.7723352274368158,-2.0717068476716114,-0.40187762962015144,0
1571234494250,-0.4566340113851469,1.4107773719540053,0.7373953231687541,1.1502243240348284,-0.40388951807136664,0
1571234494500,-0.4566340113851469,1.4107773719540053,0.7373953231687541,-0.689562230057052,-0.3998657411689364,0
1571234494750,-0.4566340113851469,1.4107773719540053,0.7373953231687541,1.6821241833040712,-0.40388951807136664,0
1571234495000,-0.4566340113851469,1.4107773719540053,0.7373953231687541,-0.007201272101216405,-0.3998657411689364,0
1571234495250,-0.4130999462410638,1.378261666802596,0.7373953231687541,-0.9868476498903146,-0.40187762962015144,0
1571234495500,-0.4130999462410638,1.378261666802596,0.7373953231687541,0.8394067087041771,-0.40187762962015144,0
1571234495750,-0.4130999462410638,1.4107773719540053,0.7373953231687541,-1.6404526924141987,-0.40187762962015144,0
1571234496000,-0.36956588109698063,1.4107773719540053,0.7373953231687541,2.3283710945262506,-0.40187762962015144,0
1571234496250,-0.4130999462410638,1.4107773719540053,0.7373953231687541,0.1572994794139175,-0.3978554232785731,0
1571234496500,-0.4130999462410638,1.4107773719540053,0.7373953231687541,-1.0011410313844316,-0.40187762962015144,0
1571234496750,-0.4566340113851469,1.4107773719540053,0.7373953231687541,0.3867547693165181,-0.3998657411689364,0
1571234497000,-0.4130999462410638,1.4107773719540053,0.7373953231687541,-1.8418286766597174,-0.40187762962015144,0
1571234497250,-0.4130999462410638,1.4107773719540053,0.7373953231687541,1.9664694411929557,-0.3978554232785731,0
1571234497500,-0.4130999462410638,1.4107773719540053,0.7373953231687541,-0.2820739931419286,-0.3998657411689364,0
1571234497750,-0.4130999462410638,1.4107773719540053,0.7373953231687541,-0.10074257347691722,-0.3978554232785731,0
1571234498000,-0.4130999462410638,1.4107773719540053,0.7373953231687541,0.47496776871512203,-0.3998657411689364,0
1571234498250,-0.4130999462410638,1.378261666802596,0.7373953231687541,-1.9406137037906563,-0.3998657411689364,0
1571234498500,-0.4566340113851469,1.4107773719540053,0.7373953231687541,2.2662075714601198,-0.3998657411689364,0
1571234498750,-0.4130999462410638,1.4107773719540053,0.7373953231687541,0.09598171856637401,-0.3998657411689364,0
1571234499000,-0.4130999462410638,1.4107773719540053,0.7373953231687541,-1.632417951337624,-0.3998657411689364,0
1571234499250,-0.4130999462410638,1.4107773719540053,0.7373953231687541,0.6987564517531912,-0.3978554232785731,0
1571234499500,-0.36956588109698063,1.4107773719540053,0.7373953231687541,-1.1642885633498266,-0.3978554232785731,0
1571234499750,-0.36956588109698063,1.4107773719540053,0.7373953231687541,2.0941795361995634,-0.40187762962015144,0
1571234500000,-0.4130999462410638,1.4107773719540053,0.7373953231687541,0.16846354069926334,-0.3998657411689364,0
1571234500250,-0.36956588109698063,1.4107773719540053,0.7373953231687541,-1.8834401778141883,-0.3978554232785731,0
1571234500500,-0.36956588109698063,1.4107773719540053,0.7373953231687541,0.875689907881551,-0.3978554232785731,0
1571234500750,-0.36956588109698063,1.4107773719540053,0.7373953231687541,-0.9034554951376554,-0.3998657411689364,0
1571234501000,-0.4130999462410638,1.4107773719540053,0.7373953231687541,1.6166621875854523,-0.3998657411689364,0
1571234501250,-0.4130999462410638,1.4107773719540053,0.7373953231687541,0.49628097662350956,-0.40187762962015144,0
1571234501500,-0.4130999462410638,1.4107773719540053,0.7373953231687541,-2.351654142023844,-0.3998657411689364,0
1571234501750,-0.4130999462410638,1.4432930771054147,0.7373953231687541,1.1275578965767021,-0.3998657411689364,0
1571234502000,-0.4130999462410638,1.4107773719540053,0.7373953231687541,-0.6603834335158071,-0.3998657411689364,0
1571234502250,-0.36956588109698063,1.4107773719540053,0.7024554189006925,1.4096195964754021,-0.3998657411689364,0
1571234502500,-0.4130999462410638,1.4107773719540053,0.7373953231687541,0.32484497491596387,-0.3978554232785731,0
1571234502750,-0.36956588109698063,1.4107773719540053,0.7373953231687541,-2.3673853192895593,-0.3978554232785731,0
1571234503000,-0.36956588109698063,1.4107773719540053,0.7373953231687541,1.649054880557327,-0.3998657411689364,0
1571234503250,-0.36956588109698063,1.4107773719540053,0.7373953231687541,-0.35058073284745994,-0.39584353482735807,0
1571234503500,-0.4566340113851469,1.378261666802596,0.8072751317048774,-0.32300888452153004,-0.3998657411689364,0
1571234503750,-0.36956588109698063,1.3457459616511867,0.7723352274368158,0.6947813693258331,-0.3998657411689364,0
1571234504000,-0.23896368566473122,1.3132302564997773,0.7024554189006925,-1.3336101595109051,-0.40388951807136664,0
1571234504250,-0.6743043371055626,1.378261666802596,0.842215035972939,1.8030681805619848,-0.4058998359617299,0
1571234504500,-0.8484405976818952,1.280714551348368,0.8771549402410006,0.17742862021628347,-0.4099236128641601,0
1571234504750,-1.2402471839786433,1.475808782256824,0.7373953231687541,-4.108048541363066,-0.407911724412945,0
1571234505000,-0.8484405976818952,1.020588910137093,0.8072751317048774,0.41559526097032823,-0.4058998359617299,0
1571234505250,-1.109644988546394,1.0856203204399117,1.016914557313247,1.9044750705705427,-0.40187762962015144,0
1571234505500,-0.804906532537812,1.18316743589414,0.9819746530451854,2.3156846612474484,-0.3998657411689364,0
1571234505750,-0.7178384022496457,1.18316743589414,1.016914557313247,0.12067797534910876,-0.39584353482735807,0
1571234506000,-0.8484405976818952,1.118136025591321,1.016914557313247,-0.3938837584391044,-0.39584353482735807,0
1571234506250,-0.8484405976818952,1.1506517307427304,1.016914557313247,3.6041188250425895,-0.3938316463761429,0
1571234506500,-0.8484405976818952,1.1506517307427304,0.9819746530451854,-0.13973221175376901,-0.3938316463761429,0
1571234506750,-0.804906532537812,1.1506517307427304,0.9819746530451854,-2.6359993999127287,-0.39584353482735807,0
1571234507000,-0.804906532537812,1.1506517307427304,0.9819746530451854,-1.251571224307985,-0.3938316463761429,0
1571234507250,-0.7178384022496457,1.1506517307427304,0.9819746530451854,-2.2587048742011544,-0.3938316463761429,0
1571234507500,-0.8484405976818952,0.9880732049856839,1.1566741743854934,1.0854389380910792,-0.3938316463761429,0
1571234507750,-0.9355087279700615,1.280714551348368,0.7723352274368158,-0.5238774114358966,-0.3978554232785731,0
1571234508000,-1.370849379410893,1.5083244874082333,1.471133312798048,0.6826023933781831,-0.40388951807136664,0
1571234508250,-1.370849379410893,1.18316743589414,1.016914557313247,-0.13042882734931413,-0.40187762962015144,0
1571234508500,0.8929220080814304,1.9960600646793734,0.5626958018284461,-3.3879665884582586,-0.40187762962015144,0
1571234508750,0.06577477034385075,1.18316743589414,1.016914557313247,0.4939974186333252,-0.4058998359617299,0
1571234509000,1.4588648549545111,1.475808782256824,1.9952318768189719,2.3569578575144843,-0.407911724412945,0
1571234509250,-0.5872362068173963,1.18316743589414,0.4578760890242613,2.0600107425686565,-0.3978554232785731,0
1571234509500,-1.0225768582582277,1.378261666802596,1.0867943658493702,-2.8178382769088923,-0.3998657411689364,0
1571234509750,-1.0225768582582277,0.9555574998342745,0.7024554189006925,-1.7059992643546762,-0.40187762962015144,0
1571234510000,-0.50016807652923,1.2156831410455493,0.8771549402410006,1.1915820965237234,-0.39584353482735807,0
1571234510250,-0.4130999462410638,1.2481988461969586,0.8771549402410006,3.5786613822631264,-0.3918197579249278,0
1571234510500,-0.4566340113851469,1.2481988461969586,0.8771549402410006,-3.998860638943509,-0.4219918024497472,0
1571234510750,-0.4130999462410638,1.2156831410455493,0.842215035972939,1.2332781739000531,-0.37975156833934076,0
1571234511000,-0.4130999462410638,1.2481988461969586,0.842215035972939,0.9744749350124902,-0.3978554232785731,0
1571234511250,-0.4566340113851469,1.280714551348368,0.842215035972939,0.7560991301733766,-0.4280258972425406,0
1571234511500,-0.4566340113851469,1.2481988461969586,0.842215035972939,-0.2957753410830348,-0.41796959610816875,0
1571234511750,-0.4566340113851469,1.2481988461969586,0.842215035972939,-2.499577954054677,-0.3938316463761429,0
1571234512000,-0.4566340113851469,1.280714551348368,0.842215035972939,0.5494794201726197,-0.41595770765695367,0
1571234512250,-0.4130999462410638,1.2481988461969586,0.842215035972939,-1.077005902391668,-0.3938316463761429,0
1571234512500,-0.4566340113851469,1.2481988461969586,0.842215035972939,1.8251425744671002,-0.39584353482735807,0
1571234512750,-0.4566340113851469,1.2481988461969586,0.842215035972939,-0.2421540164246313,-0.3918197579249278,0
1571234513000,-0.4566340113851469,1.2481988461969586,0.8771549402410006,-1.001563912493725,-0.3938316463761429,0
1571234513250,-0.4566340113851469,1.2481988461969586,0.842215035972939,0.4984799583918353,-0.3938316463761429,0
1571234513500,-0.4130999462410638,1.2481988461969586,0.842215035972939,-1.7959883644123125,-0.3918197579249278,0
1571234513750,-0.4130999462410638,1.2481988461969586,0.842215035972939,2.2736502789836837,-0.3938316463761429,0
1571234514000,-0.4130999462410638,1.2481988461969586,0.842215035972939,-0.0667429322897276,-0.3918197579249278,0
1571234514250,-0.4130999462410638,1.2481988461969586,0.842215035972939,-1.3720077642347464,-0.3918197579249278,0
1571234514500,-0.4130999462410638,1.2481988461969586,0.842215035972939,0.8062528297355742,-0.3898094400345645,0
1571234514750,-0.4130999462410638,1.2481988461969586,0.842215035972939,-0.9409227614210509,-0.3938316463761429,0
1571234515000,-0.4566340113851469,1.2481988461969586,0.842215035972939,0.8527697517578486,-0.3918197579249278,0
1571234515250,-0.5437021416733132,1.2481988461969586,0.842215035972939,0.6785427347289665,-0.3918197579249278,0
1571234515500,-0.804906532537812,1.3132302564997773,0.842215035972939,-2.1474871424569892,-0.3918197579249278,0
1571234515750,-1.4143834445549759,1.18316743589414,0.5277558975603845,2.105428173706768,-0.4058998359617299,0
1571234516000,-1.3273153142668097,1.280714551348368,0.6675155146326309,0.20855266986027796,-0.4119355013153752,0
1571234516250,-0.23896368566473122,1.3132302564997773,0.5277558975603845,-1.2095368420442207,-0.41796959610816875,0
1571234516500,-0.23896368566473122,1.475808782256824,0.7723352274368158,2.013662972990099,-0.3998657411689364,0
1571234516750,-0.06482742508839867,1.378261666802596,0.6325756103645693,-2.5767960446116525,-0.3857856631321343,0
1571234517000,-0.15189555537656493,1.3457459616511867,0.6675155146326309,-0.5052706426269868,-0.3918197579249278,0
1571234517250,-0.06482742508839867,1.378261666802596,0.6325756103645693,2.283376544497432,-0.3898094400345645,0
1571234517500,-0.06482742508839867,1.378261666802596,0.6325756103645693,-3.9496372778217568,-0.3918197579249278,0
1571234517750,-0.1083614902324818,1.3457459616511867,0.6325756103645693,-0.3996349415254947,-0.3918197579249278,0
1571234518000,-0.06482742508839867,1.378261666802596,0.6325756103645693,1.5308173223988915,-0.3918197579249278,0
1571234518250,-0.1083614902324818,1.378261666802596,0.6675155146326309,0.5601360241268136,-0.3877975515833494,0
1571234518500,-0.06482742508839867,1.3457459616511867,0.6325756103645693,0.9064756526381108,-0.3918197579249278,0
1571234518750,-0.1083614902324818,1.3457459616511867,0.6675155146326309,-2.0200307761159575,-0.3898094400345645,0
1571234519000,-0.1083614902324818,1.3457459616511867,0.6675155146326309,1.7540985481058085,-0.3938316463761429,0
1571234519250,-0.15189555537656493,1.3457459616511867,0.6675155146326309,-0.4206944207683062,-0.3898094400345645,0
1571234519500,-0.1083614902324818,1.3132302564997773,0.6675155146326309,0.9874150969568682,-0.3938316463761429,0
1571234519750,-0.1083614902324818,1.3457459616511867,0.6675155146326309,0.7709845452205044,-0.3918197579249278,0
1571234520000,-0.1083614902324818,1.3457459616511867,0.6675155146326309,-2.451369507595229,-0.3918197579249278,0
1571234520250,-0.1083614902324818,1.3457459616511867,0.6675155146326309,2.077602596715262,-0.3877975515833494,0
1571234520500,-0.1083614902324818,1.3457459616511867,0.6675155146326309,0.11594170692502266,-0.3877975515833494,0
1571234520750,-0.06482742508839867,1.3457459616511867,0.6675155146326309,-1.9305491333894733,-0.3898094400345645,0
1571234521000,-0.1083614902324818,1.3132302564997773,0.6325756103645693,0.5585290759114986,-0.3857856631321343,0
1571234521250,-0.06482742508839867,1.3457459616511867,0.6675155146326309,-0.9647732559851989,-0.3877975515833494,0
1571234521500,-0.1083614902324818,1.3457459616511867,0.6675155146326309,2.146447641308228,-0.3877975515833494,0
1571234521750,-0.06482742508839867,1.3457459616511867,0.6675155146326309,0.25591535410113914,-0.3898094400345645,0
1571234522000,-0.06482742508839867,1.3457459616511867,0.6675155146326309,-2.7547444154023166,-0.3877975515833494,0
1571234522250,-0.06482742508839867,1.3132302564997773,0.6325756103645693,1.5110264864839604,-0.3918197579249278,0
1571234522500,-0.1083614902324818,1.3457459616511867,0.6675155146326309,-0.11334443053386063,-0.3877975515833494,0
1571234522750,-0.06482742508839867,1.3457459616511867,0.6675155146326309,-0.9443903865172568,-0.3898094400345645,0
1571234523000,-0.15189555537656493,1.3457459616511867,0.6675155146326309,0.7713228501079392,-0.3898094400345645,0
1571234523250,-0.36956588109698063,1.3457459616511867,0.6675155146326309,-0.9942903574138784,-0.3898094400345645,0
1571234523500,-0.7613724673937289,1.3457459616511867,0.8771549402410006,1.1009163866912177,-0.3918197579249278,0
1571234523750,-0.5872362068173963,1.3457459616511867,0.842215035972939,0.2949049923779909,-0.3877975515833494,0
1571234524000,-0.9355087279700615,1.3132302564997773,0.8072751317048774,-2.383623953886426,-0.3918197579249278,0
1571234524250,-1.109644988546394,1.2481988461969586,0.9470347487771238,1.5161856360173398,-0.3898094400345645,0
1571234524500,-0.5437021416733132,1.280714551348368,0.842215035972939,-0.24173113531533788,-0.3938316463761429,0
1571234524750,-0.5872362068173963,1.3132302564997773,0.842215035972939,-1.2103826042628074,-0.3918197579249278,0
1571234525000,-0.4130999462410638,1.3457459616511867,0.8072751317048774,1.2819095014687945,-0.3938316463761429,0
1571234525250,-0.4566340113851469,1.378261666802596,0.8072751317048774,-0.08137461867127933,-0.3938316463761429,0
1571234525500,-0.4130999462410638,1.3132302564997773,0.7723352274368158,2.206496758827891,-0.3938316463761429,0
1571234525750,-0.36956588109698063,1.3132302564997773,0.8072751317048774,-0.5722550103390619,-0.3918197579249278,0
1571234526000,-0.36956588109698063,1.3132302564997773,0.7723352274368158,-2.536368610563203,-0.39584353482735807,0
1571234526250,-0.36956588109698063,1.3457459616511867,0.8072751317048774,1.2111192037730787,-0.3938316463761429,0
1571234526500,-0.36956588109698063,1.3457459616511867,0.8072751317048774,-0.9040475286906662,-0.3918197579249278,0
1571234526750,-0.36956588109698063,1.3132302564997773,0.8072751317048774,2.0841149657983804,-0.3938316463761429,0
1571234527000,-0.36956588109698063,1.3132302564997773,0.8072751317048774,-0.3674959772191961,-0.3938316463761429,0
1571234527250,-0.4130999462410638,1.3132302564997773,0.7723352274368158,0.9237292018972817,-0.3898094400345645,0
1571234527500,-0.4130999462410638,1.3457459616511867,0.8072751317048774,-0.01591262295266051,-0.3918197579249278,0
1571234527750,-0.36956588109698063,1.280714551348368,0.7723352274368158,-1.8844550924764922,-0.3938316463761429,0
1571234528000,-0.36956588109698063,1.3132302564997773,0.8072751317048774,0.79179029579774,-0.3918197579249278,0
1571234528250,-0.28249775080881434,1.3132302564997773,0.7373953231687541,-1.147204166534373,-0.3918197579249278,0
1571234528500,-0.7613724673937289,1.280714551348368,0.8771549402410006,2.201337609294512,-0.3898094400345645,0
1571234528750,-1.4143834445549759,1.118136025591321,1.191614078653555,0.5060918183591165,-0.3938316463761429,0
1571234529000,-0.7613724673937289,1.5083244874082333,0.8771549402410006,-2.4585584864532164,-0.3938316463761429,0
1571234529250,-0.7178384022496457,1.2481988461969586,0.9120948445090622,1.5136483493615793,-0.3938316463761429,0
1571234529500,-0.7613724673937289,1.2481988461969586,0.9470347487771238,-0.017604147389834124,-0.3938316463761429,0
1571234529750,-0.7178384022496457,1.2481988461969586,0.9120948445090622,0.861142797721858,-0.3938316463761429,0
1571234530000,-0.6743043371055626,1.2156831410455493,0.9120948445090622,-2.1005473393254217,-0.3938316463761429,0
1571234530250,-0.6743043371055626,1.2481988461969586,0.9120948445090622,1.8632864505253652,-0.3918197579249278,0
1571234530500,-0.6743043371055626,1.2156831410455493,0.9120948445090622,0.8532772090890007,-0.3938316463761429,0
1571234530750,-0.6743043371055626,1.2156831410455493,0.9120948445090622,-0.6933681600406926,-0.3918197579249278,0
1571234531000,-0.6743043371055626,1.2156831410455493,0.9120948445090622,-2.2845851980899106,-0.3938316463761429,0
1571234531250,-0.6743043371055626,1.2481988461969586,0.9120948445090622,1.169930583727901,-0.3898094400345645,0
1571234531500,-0.6743043371055626,1.2481988461969586,0.9120948445090622,-0.6425378507036255,-0.3938316463761429,0
1571234531750,-0.6743043371055626,1.2481988461969586,0.9120948445090622,0.22538333801015542,-0.3918197579249278,0
1571234532000,-0.6743043371055626,1.2156831410455493,0.9120948445090622,0.5394148497714367,-0.3918197579249278,0
1571234532250,-0.6743043371055626,1.2481988461969586,0.9120948445090622,-1.7740831229509142,-0.3898094400345645,0
1571234532500,-0.6743043371055626,1.2481988461969586,0.9120948445090622,2.2678990958972935,-0.3918197579249278,0
1571234532750,-0.7178384022496457,1.2156831410455493,0.9120948445090622,0.3201932827137364,-0.3918197579249278,0
1571234533000,-0.6743043371055626,1.2156831410455493,0.9470347487771238,-2.222590827467498,-0.3938316463761429,0
1571234533250,-0.8484405976818952,1.2156831410455493,0.9819746530451854,1.591627625915283,-0.3918197579249278,0
1571234533500,-1.3273153142668097,1.2156831410455493,1.0867943658493702,-0.23022876914255733,-0.3938316463761429,0
1571234533750,-1.1967131188345603,1.1506517307427304,1.0518544615813086,-1.1708855086548038,-0.3918197579249278,0
1571234534000,-0.5872362068173963,1.1506517307427304,0.9470347487771238,1.4139329837901948,-0.39584353482735807,0
1571234534250,-0.50016807652923,1.18316743589414,0.8771549402410006,-0.5173650423527782,-0.3938316463761429,0
1571234534500,-0.4566340113851469,1.3132302564997773,0.8072751317048774,2.1161693538828206,-0.3877975515833494,0
1571234534750,-1.6320537702753917,1.118136025591321,1.0867943658493702,-1.5308419088853487,-0.3918197579249278,0
1571234535000,-1.0661109234023107,1.2156831410455493,0.9819746530451854,-2.735122731931103,-0.3918197579249278,0
1571234535250,-1.0661109234023107,1.18316743589414,1.016914557313247,2.8681365424283505,-0.3918197579249278,0
1571234535500,-1.370849379410893,1.1506517307427304,1.0518544615813086,0.04794242455064339,-0.3898094400345645,0
1571234535750,-1.1531790536904771,1.18316743589414,1.0518544615813086,-1.1727461855356947,-0.3918197579249278,0
1571234536000,-1.2837812491227265,1.1506517307427304,1.016914557313247,3.0473535565468945,-0.3898094400345645,0
1571234536250,-1.2402471839786433,1.18316743589414,1.016914557313247,0.7972877502185541,-0.3877975515833494,0
1571234536500,-1.1967131188345603,1.18316743589414,1.016914557313247,1.689313162162059,-0.3877975515833494,0
1571234536750,-1.1967131188345603,1.1506517307427304,1.0518544615813086,0.24754230813712977,-0.3898094400345645,0
1571234537000,-1.2402471839786433,1.18316743589414,1.0518544615813086,-1.4505790743414606,-0.3857856631321343,0
1571234537250,-1.1531790536904771,1.2156831410455493,1.016914557313247,1.00526067976905,-0.3877975515833494,0
1571234537500,-1.109644988546394,1.18316743589414,1.016914557313247,-0.3477051413042648,-0.383775345241771,0
1571234537750,-1.0661109234023107,1.118136025591321,1.016914557313247,-2.3158784001776223,-0.3898094400345645,0
1571234538000,-1.1967131188345603,1.118136025591321,1.016914557313247,0.3088600689846732,-0.3877975515833494,0
1571234538250,-1.0225768582582277,1.1506517307427304,1.016914557313247,-1.66024352832913,-0.3877975515833494,0
1571234538500,-1.1967131188345603,1.2481988461969586,1.1217342701174318,0.6303342882695185,-0.3877975515833494,0
1571234538750,-1.0661109234023107,1.1506517307427304,1.016914557313247,0.7611737034848974,-0.3877975515833494,0
1571234539000,-1.109644988546394,1.1506517307427304,1.016914557313247,-1.662357933875597,-0.3857856631321343,0
1571234539250,-1.1967131188345603,1.118136025591321,1.016914557313247,0.8471031448933171,-0.3857856631321343,0
1571234539500,-1.1531790536904771,1.118136025591321,1.0518544615813086,-1.7150489200935553,-0.3857856631321343,0
1571234539750,-1.1967131188345603,1.118136025591321,1.016914557313247,0.1126432342725341,-0.3857856631321343,0
1571234540000,-1.109644988546394,1.118136025591321,1.016914557313247,1.8785101704599279,-0.3857856631321343,0
1571234540250,-1.1967131188345603,1.118136025591321,1.016914557313247,-1.35830641629364,-0.383775345241771,0
1571234540500,-0.9790427931141445,1.1506517307427304,1.016914557313247,0.7645567523592447,-0.3857856631321343,0
1571234540750,-1.1967131188345603,1.0856203204399117,0.9819746530451854,-1.1637811060186745,-0.383775345241771,0
1571234541000,-1.4143834445549759,0.9880732049856839,1.0518544615813086,2.299868907759875,-0.383775345241771,0
1571234541250,-1.3273153142668097,1.0531046152885024,1.0518544615813086,-0.3312127780418221,-0.38176345679055584,0
1571234541500,-1.4143834445549759,1.0531046152885024,1.0867943658493702,-0.8076306357717701,-0.383775345241771,0
1571234541750,-1.3273153142668097,1.0531046152885024,1.0867943658493702,0.20643826431381096,-0.383775345241771,0
1571234542000,-1.4143834445549759,1.0531046152885024,1.0867943658493702,-1.824659703622405,-0.3857856631321343,0
1571234542250,-1.370849379410893,0.9880732049856839,1.016914557313247,1.4021768889518382,-0.38176345679055584,0
1571234542500,0.15284290063201703,1.3132302564997773,1.2265539829216165,-0.5197331765648213,-0.3857856631321343,0
1571234542750,-0.6743043371055626,0.8580103843800464,1.0518544615813086,0.09437477035105908,-0.3898094400345645,0
1571234543000,-0.5437021416733132,1.280714551348368,0.6675155146326309,0.42396830693433757,-0.3978554232785731,0
1571234543250,-0.6307702719614795,1.2156831410455493,0.9120948445090622,-2.7287795152917016,-0.3938316463761429,0
1571234543500,-0.4566340113851469,1.2156831410455493,0.9120948445090622,0.014788545582040569,-0.3938316463761429,0
1571234543750,-0.6307702719614795,1.2156831410455493,0.9470347487771238,-0.7934218304995119,-0.3918197579249278,0
1571234544000,-0.4566340113851469,1.118136025591321,0.8072751317048774,-0.14396102284670304,-0.3898094400345645,0
1571234544250,-0.50016807652923,1.4107773719540053,0.9819746530451854,2.8741414541803167,-0.3918197579249278,0
1571234544500,0.15284290063201703,1.4432930771054147,0.6675155146326309,-0.20629369835655068,-0.3918197579249278,0
1571234544750,-0.5872362068173963,1.4107773719540053,0.7373953231687541,1.5712447564473409,-0.39584353482735807,0
1571234545000,-0.19542962052064808,1.280714551348368,0.7723352274368158,-1.535493601087576,-0.3938316463761429,0
1571234545250,-0.3260318159528975,1.280714551348368,0.7723352274368158,-1.464787879613719,-0.39584353482735807,0
1571234545500,-0.3260318159528975,1.3132302564997773,0.8072751317048774,2.6302236303398816,-0.3938316463761429,0
1571234545750,-0.36956588109698063,1.280714551348368,0.8072751317048774,-1.8946042390995341,-0.39584353482735807,0
1571234546000,-0.3260318159528975,1.280714551348368,0.8072751317048774,3.10791013139771,-0.3938316463761429,0
1571234546250,-0.28249775080881434,1.280714551348368,0.7723352274368158,-0.6610600432906766,-0.3938316463761429,0
1571234546500,-0.28249775080881434,1.280714551348368,0.7723352274368158,1.4248433164099645,-0.39584353482735807,0
1571234546750,-0.3260318159528975,1.280714551348368,0.7723352274368158,-0.540200622254622,-0.3938316463761429,0
1571234547000,-0.3260318159528975,1.280714551348368,0.7723352274368158,0.5394994259932954,-0.3918197579249278,0
1571234547250,-0.3260318159528975,1.280714551348368,0.8072751317048774,0.2451741739250867,-0.3918197579249278,0
1571234547500,-0.36956588109698063,1.280714551348368,0.8072751317048774,-2.18013356409444,-0.3938316463761429,0
1571234547750,-0.3260318159528975,1.3132302564997773,0.7723352274368158,1.060319800199051,-0.3938316463761429,0
1571234548000,-0.36956588109698063,1.280714551348368,0.7723352274368158,-0.574623144551105,-0.3938316463761429,0
1571234548250,-0.28249775080881434,1.3132302564997773,0.7723352274368158,1.6112493093864968,-0.3918197579249278,0
1571234548500,-0.3260318159528975,1.280714551348368,0.7723352274368158,-0.005594323885901471,-0.3918197579249278,0
1571234548750,-0.3260318159528975,1.280714551348368,0.7723352274368158,-1.7814412542526195,-0.3918197579249278,0
1571234549000,-0.28249775080881434,1.280714551348368,0.7723352274368158,0.3676405431764563,-0.39584353482735807,0
1571234549250,-0.4566340113851469,1.3132302564997773,0.8072751317048774,-1.3232072842222875,-0.3938316463761429,0
1571234549500,-0.36956588109698063,1.2481988461969586,0.842215035972939,1.5252352917562186,-0.3938316463761429,0
1571234549750,-0.5437021416733132,1.0531046152885024,0.7024554189006925,0.3310190391116476,-0.3938316463761429,0
1571234550000,-0.28249775080881434,0.7279475637744091,1.3663135999938631,-2.1323479987442853,-0.3918197579249278,0
1571234550250,-1.4143834445549759,1.0531046152885024,0.6325756103645693,1.04306625093988,-0.3918197579249278,0
1571234550500,-1.370849379410893,0.8254946792286371,1.1217342701174318,-0.1204488331699898,-0.3938316463761429,0
1571234550750,-0.8919746628259783,0.8905260895314557,1.0518544615813086,1.3972714680840348,-0.39584353482735807,0
1571234551000,-0.8919746628259783,0.9230417946828652,1.2265539829216165,-1.1731690666449879,-0.3938316463761429,0
1571234551250,-1.3273153142668097,0.6954318586229997,1.2614938871896781,-3.179909082685904,-0.3918197579249278,0
1571234551500,-1.370849379410893,0.8580103843800464,1.0518544615813086,2.1602335654711933,-0.39584353482735807,0
1571234551750,-0.9355087279700615,1.118136025591321,1.016914557313247,0.301501937682968,-0.3938316463761429,0
1571234552000,-0.804906532537812,1.2156831410455493,0.9819746530451854,1.9032910034645212,-0.39584353482735807,0
1571234552250,-0.804906532537812,1.2156831410455493,0.9819746530451854,1.3692767386488114,-0.3938316463761429,0
1571234552500,-0.8484405976818952,1.2156831410455493,0.9819746530451854,-2.8661312995901986,-0.3938316463761429,0
1571234552750,-0.8484405976818952,1.2156831410455493,0.9819746530451854,3.0470998278813184,-0.3918197579249278,0
1571234553000,-0.7178384022496457,1.18316743589414,0.9470347487771238,-0.10674748522888354,-0.3938316463761429,0
1571234553250,-0.804906532537812,1.2156831410455493,0.9819746530451854,1.1985173467161352,-0.3918197579249278,0
1571234553500,-0.7178384022496457,1.2156831410455493,0.9470347487771238,-0.741745758943858,-0.3938316463761429,0
1571234553750,-0.804906532537812,1.2156831410455493,0.9470347487771238,-1.8666095096643107,-0.3938316463761429,0
1571234554000,-0.7613724673937289,1.2156831410455493,0.9470347487771238,0.5572604325836185,-0.3938316463761429,0
1571234554250,-0.804906532537812,1.18316743589414,0.9819746530451854,-0.8522868809131535,-0.3938316463761429,0
1571234554500,-1.1531790536904771,1.3132302564997773,0.9120948445090622,1.6423733590304914,-0.3918197579249278,0
1571234554750,-1.5449856399872253,1.18316743589414,1.1217342701174318,0.17903556843159843,-0.3938316463761429,0
1571234555000,-1.8061900308517242,0.7929789740772277,1.3663135999938631,-1.229073949293576,-0.39584353482735807,0
1571234555250,-2.110928486860306,0.3052433968060877,0.9819746530451854,0.1629660862784491,-0.3938316463761429,0
1571234555500,-1.8061900308517242,-0.11746077016223377,1.7855924512106023,-0.2136518296582559,-0.3938316463761429,0
1571234555750,-2.4592010080129714,2.061091474982192,0.49281599329232295,2.080562764480316,-0.3978554232785731,0
1571234556000,-0.7613724673937289,0.9230417946828652,-0.6252609432856484,-0.8518639998038602,-0.4058998359617299,0
1571234556250,-2.5462691383011373,0.4027905122603157,1.890412164014787,-4.310862321380182,-0.3877975515833494,0
1571234556500,-2.2850647474366386,-0.24752359076787114,1.3313736957258016,0.8524314468704138,-0.40187762962015144,0
1571234556750,-2.1979966171484726,0.14266487104904096,0.9120948445090622,1.4143558648994883,-0.4058998359617299,0
1571234557000,-0.5872362068173963,0.4678219225631344,0.7373953231687541,0.23324892664301272,-0.40388951807136664,0
1571234557250,-1.6755878354194749,0.43530621741172504,1.4361934085299863,0.18935386749835745,-0.3998657411689364,0
1571234557500,-1.8497240959958072,-0.08494506501082442,1.2964337914577397,0.052509540531012144,-0.3978554232785731,0
1571234557750,-2.5462691383011373,0.33775910195749703,0.9470347487771238,0.9725296819097404,-0.3978554232785731,0
1571234558000,-1.5885197051313085,0.27272769165467836,1.5759530256022327,-0.5290365609692762,-0.3998657411689364,0
1571234558250,-2.1544625520043894,0.07763346074622228,1.2614938871896781,1.3804407999341572,-0.3998657411689364,0
1571234558500,-1.370849379410893,-0.4751335268277365,0.6325756103645693,-0.9151270137541533,-0.3978554232785731,0
1571234558750,-2.067394421716223,-0.6702277577361927,1.1217342701174318,0.9210227627978039,-0.3998657411689364,0
1571234559000,-2.110928486860306,-0.6051963474333739,1.1217342701174318,0.7818948778402742,-0.4058998359617299,0
1571234559250,-2.110928486860306,-0.18249218046505244,1.0867943658493702,-0.9174105717443377,-0.407911724412945,0
1571234559500,-2.1544625520043894,-0.3450707062220992,1.3663135999938631,0.8796649903089091,-0.40388951807136664,0
1571234559750,-1.2402471839786433,-0.05242935985941508,0.7723352274368158,-3.7845444927536125,-0.40388951807136664,0
1571234560000,0.7623198126491809,1.0856203204399117,-0.7650205603578949,2.259272321267708,-0.407911724412945,0
1571234560250,1.2847285943781785,1.1506517307427304,-0.6951407518217716,1.8026452994526911,-0.40388951807136664,0
1571234560500,0.9799901383695966,1.2156831410455493,-1.114419603038511,-1.6080599994423241,-0.3978554232785731,0
1571234560750,0.5881835520728484,1.020588910137093,0.5626958018284461,-1.4447433150332116,-0.4058998359617299,0
1571234561000,-0.28249775080881434,1.0856203204399117,1.1566741743854934,-4.827200155827429,-0.4058998359617299,0
1571234561250,-0.9355087279700615,1.475808782256824,1.7506525469425407,1.3108345693444632,-0.4119355013153752,0
1571234561500,-1.7191219005635578,-0.31255500107068984,0.5277558975603845,-0.21305979610524514,-0.4119355013153752,0
1571234561750,-1.9367922262839736,-0.897837693796058,1.1217342701174318,0.007092109392900628,-0.41595770765695367,0
1571234562000,-2.8510075943097193,1.2481988461969586,0.2831765676839533,1.0842548709850577,-0.4099236128641601,0
1571234562250,-1.4143834445549759,0.11014916589763163,1.1217342701174318,0.2595521316410624,-0.4058998359617299,0
1571234562500,-1.1531790536904771,0.43530621741172504,1.645832834138356,1.1306872167854733,-0.407911724412945,0
1571234562750,-1.1531790536904771,-0.5076492319791459,1.4361934085299863,-0.818287239725964,-0.4099236128641601,0
1571234563000,-1.9367922262839736,0.07763346074622228,1.715712642674479,2.403643931980476,-0.407911724412945,0
1571234563250,0.06577477034385075,0.7929789740772277,-0.10116237926472436,0.6918212015607793,-0.407911724412945,0
1571234563500,1.3282626595222617,0.9880732049856839,-1.114419603038511,-1.6563530221236304,-0.4099236128641601,0
1571234563750,1.5459329852426775,-0.01991365470800574,-0.6951407518217716,0.10435476453038339,-0.407911724412945,0
1571234564000,1.5023989200985943,0.43530621741172504,-0.9397200816982029,-2.6035221307189955,-0.4058998359617299,0
1571234564250,1.415330789810428,0.4027905122603157,-0.7650205603578949,2.596139412930833,-0.4058998359617299,0
1571234564500,1.415330789810428,0.532853332865953,-0.8349003688940181,2.4800162603188642,-0.4058998359617299,0
1571234564750,1.371796724666345,0.532853332865953,-0.9047801774301413,1.0501706535760094,-0.40388951807136664,0
1571234565000,1.5023989200985943,0.4678219225631344,-0.9397200816982029,-3.030885779770909,-0.40388951807136664,0
1571234565250,1.371796724666345,0.43530621741172504,-0.8349003688940181,-1.2203625984421318,-0.40388951807136664,0
1571234565500,1.3282626595222617,0.1751805762004503,-0.9047801774301413,0.12786695420709662,-0.4058998359617299,0
1571234565750,1.415330789810428,0.37027480710890637,-1.3240590286468805,-0.6124287157219351,-0.4058998359617299,0
1571234566000,1.415330789810428,0.43530621741172504,-1.1842994115746341,1.0580362422088665,-0.4099236128641601,0
1571234566250,1.5023989200985943,0.4678219225631344,-1.1493595073065725,-2.1869842380649933,-0.4058998359617299,0
1571234566500,1.371796724666345,0.4678219225631344,-0.9746599859662645,0.8284117998625486,-0.407911724412945,0
1571234566750,1.415330789810428,0.43530621741172504,-1.0445397945023878,-2.6742278521928524,-0.4058998359617299,0
1571234567000,1.415330789810428,0.4678219225631344,-1.0445397945023878,0.9266893696623355,-0.407911724412945,0
1571234567250,1.4588648549545111,0.43530621741172504,-1.0794796987704494,0.8906598991505376,-0.40388951807136664,0
1571234567500,1.3282626595222617,0.240211986503269,-1.0794796987704494,0.3835408728858883,-0.40388951807136664,0
1571234567750,1.4588648549545111,0.43530621741172504,-1.0095998902343262,0.7328406691622394,-0.40388951807136664,0
1571234568000,1.5023989200985943,0.5653690380173624,-0.8349003688940181,-1.8082519165818212,-0.40187762962015144,0
1571234568250,2.0683417669716753,0.6629161534715904,-0.2059820920689092,1.3659782659963229,-0.40388951807136664,0
1571234568500,-0.3260318159528975,0.630400448320181,0.7723352274368158,-0.5308972378501671,-0.40388951807136664,0
1571234568750,-0.36956588109698063,0.9555574998342745,0.9470347487771238,2.1276717200556012,-0.4058998359617299,0
1571234569000,-0.021293359944315533,0.8580103843800464,0.842215035972939,-0.2702333220817133,-0.40388951807136664,0
1571234569250,-0.36956588109698063,0.8580103843800464,0.9470347487771238,-0.7317657647645336,-0.3998657411689364,0
1571234569500,-0.6743043371055626,0.7929789740772277,0.9470347487771238,-0.9762756221579795,-0.3978554232785731,0
1571234569750,-0.36956588109698063,0.8254946792286371,1.0518544615813086,0.11010594761677368,-0.3998657411689364,0
1571234570000,-0.7613724673937289,0.7604632689258184,1.0518544615813086,2.257411644386817,-0.3938316463761429,0
1571234570250,0.28344509606426643,0.6629161534715904,0.9819746530451854,-3.101591501244766,-0.39584353482735807,0
1571234570500,1.067058268657763,0.27272769165467836,0.21329675914783008,0.6573141030424376,-0.40388951807136664,0
1571234570750,0.5881835520728484,0.07763346074622228,0.5277558975603845,2.540234530282245,-0.4119355013153752,0
1571234571000,0.6752516823610146,0.33775910195749703,0.5626958018284461,-1.1796814357281065,-0.4119355013153752,0
1571234571250,0.41404729149651587,0.4027905122603157,0.6675155146326309,-2.521229466850499,-0.407911724412945,0
1571234571500,0.41404729149651587,0.37027480710890637,0.7024554189006925,-1.3087447502844531,-0.4099236128641601,0
1571234571750,0.3269791612083496,0.33775910195749703,0.7373953231687541,-0.6427070031473429,-0.4099236128641601,0
1571234572000,0.28344509606426643,0.37027480710890637,0.7723352274368158,1.4447187285467546,-0.4099236128641601,0
1571234572250,0.28344509606426643,0.33775910195749703,0.7373953231687541,-0.9255298890427711,-0.407911724412945,0
1571234572500,-0.06482742508839867,0.33775910195749703,0.8771549402410006,1.3220832068516677,-0.4099236128641601,0
1571234572750,0.06577477034385075,0.37027480710890637,1.2265539829216165,-0.24545248907711983,-0.4058998359617299,0
1571234573000,-0.3260318159528975,0.27272769165467836,1.3313736957258016,1.8787638991255038,-0.407911724412945,0
1571234573250,-0.06482742508839867,0.9230417946828652,-0.4156215176772788,-0.1777069353683166,-0.4058998359617299,0
1571234573500,0.9364560732255135,0.532853332865953,0.14341695061170687,1.0622650533018005,-0.40388951807136664,0
1571234573750,1.415330789810428,0.5003376277145437,-0.10116237926472436,0.5211463858499616,-0.40187762962015144,0
1571234574000,1.2411945292340956,0.5003376277145437,0.8072751317048774,-0.22769148248679688,-0.40388951807136664,0
1571234574250,1.2847285943781785,0.7604632689258184,0.24823666341589168,1.2567903635767663,-0.4058998359617299,0
1571234574500,1.4588648549545111,0.37027480710890637,-0.5204412304814636,-1.0880853874551553,-0.407911724412945,0
1571234574750,1.763603310963093,0.240211986503269,-0.8349003688940181,-2.356813291557224,-0.3696952672049689,0
1571234575000,1.8071373761071763,0.33775910195749703,-0.6951407518217716,-1.331580330186297,-0.2429745648737499,0
1571234575250,1.371796724666345,0.4027905122603157,-0.6951407518217716,1.650408100107066,-0.29124889377694974,0
1571234575500,1.3282626595222617,0.4678219225631344,-0.6252609432856484,3.079492520853193,-0.3073392897041151,0
1571234575750,1.371796724666345,0.4678219225631344,-0.5903210390175868,0.7661637005745596,-0.32141936774091723,0
1571234576000,1.3282626595222617,0.43530621741172504,-0.6252609432856484,-2.907658224522811,-0.3254431446433475,0
1571234576250,1.415330789810428,0.4027905122603157,-0.6252609432856484,-1.971906905878368,-0.3334891278873561,0
1571234576500,1.2411945292340956,0.5978847431687717,-0.2059820920689092,-0.18396557578585898,-0.33549944577771934,0
1571234576750,0.8493879429373472,0.4678219225631344,0.4229361847561997,-1.3242221988845917,-0.34957952381452145,0
1571234577000,0.15284290063201703,0.9555574998342745,0.7024554189006925,0.6791347682819773,-0.3717055850953322,0
1571234577250,0.06577477034385075,0.6954318586229997,0.9120948445090622,-1.3314111777425794,-0.3777396798881257,0
1571234577500,0.5881835520728484,0.7279475637744091,0.5626958018284461,1.1230753568181921,-0.37975156833934076,0
1571234577750,1.067058268657763,0.6954318586229997,0.21329675914783008,0.019693966449844048,-0.383775345241771,0
1571234578000,0.8058538777932641,0.6629161534715904,0.2831765676839533,0.9346395345170516,-0.383775345241771,0
1571234578250,0.9799901383695966,0.6629161534715904,0.24823666341589168,0.5161563887602996,-0.38176345679055584,0
1571234578500,1.3282626595222617,0.7279475637744091,0.21329675914783008,-1.3549233674192929,-0.3857856631321343,0
1571234578750,0.3269791612083496,0.7604632689258184,0.7373953231687541,0.3925905286247671,-0.38176345679055584,0
1571234579000,-0.36956588109698063,0.6954318586229997,0.8072751317048774,-0.33831718067795125,-0.3857856631321343,0
1571234579250,0.8058538777932641,0.6954318586229997,0.5277558975603845,1.9424497941850905,-0.383775345241771,0
1571234579500,0.5881835520728484,0.5978847431687717,0.4578760890242613,1.6707063933531494,-0.3877975515833494,0
1571234579750,0.7623198126491809,0.630400448320181,0.1783568548797685,-2.407981905781726,-0.383775345241771,0
1571234580000,0.022240705199767605,0.6954318586229997,0.49281599329232295,0.6424286879953098,-0.38176345679055584,0
1571234580250,1.110592333801846,0.532853332865953,-0.06622247499666276,-0.4963055631099667,-0.38176345679055584,0
1571234580500,1.1541263989459292,0.532853332865953,-0.13610228353278597,-1.4289275615456383,-0.3898094400345645,0
1571234580750,1.1541263989459292,0.630400448320181,-0.06622247499666276,2.770281853737857,-0.3898094400345645,0
1571234581000,1.1976604640900124,0.5653690380173624,-0.031282570728601154,-0.701741206004702,-0.3898094400345645,0
1571234581250,1.110592333801846,0.5653690380173624,-0.031282570728601154,-4.3797919421950064,-0.3918197579249278,0
1571234581500,1.067058268657763,0.5978847431687717,0.038597237807522056,0.24771146058084714,-0.3877975515833494,0
1571234581750,1.0235242035136798,0.5978847431687717,0.07353714207558366,0.35148648480144823,-0.3898094400345645,0
1571234582000,1.0235242035136798,0.5978847431687717,0.14341695061170687,-1.6845169040025714,-0.3918197579249278,0
1571234582250,0.9799901383695966,0.5978847431687717,0.1783568548797685,1.7444568588139189,-0.3918197579249278,0
1571234582500,0.9364560732255135,0.5978847431687717,0.1783568548797685,-0.039932269960525825,-0.3898094400345645,0
1571234582750,0.9364560732255135,0.5978847431687717,0.21329675914783008,-0.8878088940937995,-0.3898094400345645,0
1571234583000,0.9364560732255135,0.5978847431687717,0.1783568548797685,1.0297032078862085,-0.3877975515833494,0
1571234583250,1.3282626595222617,0.5653690380173624,0.3181164719520149,-0.5646431503717807,-0.3898094400345645,0
1571234583500,0.5446494869287652,0.5653690380173624,0.7723352274368158,0.9859773011852707,-0.3857856631321343,0
1571234583750,0.9364560732255135,0.630400448320181,0.4229361847561997,0.29964126080207704,-0.3877975515833494,0
1571234584000,0.6752516823610146,0.6629161534715904,0.3530563762200765,-1.7005018099338618,-0.3898094400345645,0
1571234584250,0.6317176172169315,0.5978847431687717,0.3530563762200765,2.3018141608626244,-0.3898094400345645,0
1571234584500,1.8506714412512595,0.630400448320181,-0.66020084755371,0.6117275194606088,-0.3898094400345645,0
1571234584750,1.5459329852426775,1.020588910137093,-0.031282570728601154,-1.276436633534437,-0.3898094400345645,0
1571234585000,2.111875832115758,0.8254946792286371,-0.4156215176772788,-0.7281289872246104,-0.3918197579249278,0
1571234585250,0.7623198126491809,0.43530621741172504,-0.48550132621340203,-1.1108363911351402,-0.4099236128641601,0
1571234585500,1.8506714412512595,0.630400448320181,-0.9047801774301413,3.5205575178462127,-0.4119355013153752,0
1571234585750,1.5459329852426775,0.6954318586229997,-0.66020084755371,1.4110573922469996,-0.4058998359617299,0
1571234586000,1.5894670503867605,0.7604632689258184,-0.5553811347495252,-3.201391443038009,-0.40388951807136664,0
1571234586250,1.2847285943781785,0.5653690380173624,-0.5903210390175868,-1.955245390172208,-0.4058998359617299,0
1571234586500,0.5446494869287652,0.4678219225631344,0.5277558975603845,-1.674536909823247,-0.40388951807136664,0
1571234586750,0.8058538777932641,0.43530621741172504,0.7024554189006925,-0.002718732342706329,-0.3998657411689364,0
1571234587000,0.41404729149651587,0.7929789740772277,0.14341695061170687,1.5682000124604285,-0.3978554232785731,0
1571234587250,0.6317176172169315,0.4027905122603157,0.5976357060965077,-0.9199478584000981,-0.3978554232785731,0
1571234587500,1.0235242035136798,0.4678219225631344,0.10847704634364527,2.64570107894002,-0.40187762962015144,0
1571234587750,1.2411945292340956,0.5653690380173624,-0.24092199633697078,0.1305733933065744,-0.40187762962015144,0
1571234588000,0.9364560732255135,0.5653690380173624,-0.13610228353278597,-1.0212701721867976,-0.4058998359617299,0
1571234588250,1.415330789810428,0.7279475637744091,-0.7300806560898333,0.9017393842140248,-0.40388951807136664,0
1571234588500,1.3282626595222617,0.5653690380173624,-0.7300806560898333,-1.8126498801184725,-0.40187762962015144,0
1571234588750,1.3282626595222617,0.7279475637744091,-0.66020084755371,1.2498551133843543,-0.40388951807136664,0
1571234589000,1.2847285943781785,0.6954318586229997,-0.9397200816982029,0.47555980226813277,-0.40388951807136664,0
1571234589250,1.371796724666345,0.6629161534715904,-1.1842994115746341,1.0381608300720766,-0.40187762962015144,0
1571234589500,1.2411945292340956,0.6954318586229997,-1.1842994115746341,1.0382454062939355,-0.3998657411689364,0
1571234589750,1.415330789810428,0.630400448320181,-1.0794796987704494,-2.1650789966035946,-0.3998657411689364,0
1571234590000,1.371796724666345,0.7279475637744091,-0.7300806560898333,0.8878688838292011,-0.40187762962015144,0
1571234590250,1.371796724666345,0.630400448320181,-0.3806816134092172,0.5595439905738028,-0.4058998359617299,0
1571234590500,1.0235242035136798,0.43530621741172504,-0.06622247499666276,0.060290552942010765,-0.40388951807136664,0
1571234590750,1.1976604640900124,0.630400448320181,-0.2758619006050324,-0.3808590202728676,-0.40388951807136664,0
1571234591000,1.1541263989459292,0.5653690380173624,-0.17104218780084757,-3.4767716214098736,-0.40388951807136664,0
1571234591250,1.1541263989459292,0.5653690380173624,-0.17104218780084757,0.8334863731740695,-0.40187762962015144,0
1571234591500,1.1541263989459292,0.5653690380173624,-0.2059820920689092,0.9159481894862831,-0.40388951807136664,0
1571234591750,1.1976604640900124,0.5653690380173624,-0.2059820920689092,-2.0904827689242387,-0.40388951807136664,0
1571234592000,1.2411945292340956,0.5653690380173624,-0.24092199633697078,0.8638492368213359,-0.40388951807136664,0
1571234592250,1.1976604640900124,0.5653690380173624,-0.24092199633697078,0.09048426414555977,-0.3998657411689364,0
1571234592500,1.2411945292340956,0.5653690380173624,-0.2059820920689092,1.3022077947148776,-0.40187762962015144,0
1571234592750,1.2411945292340956,0.5653690380173624,-0.24092199633697078,0.7272586385195665,-0.40187762962015144,0
1571234593000,1.2411945292340956,0.5653690380173624,-0.2059820920689092,-1.636139305099406,-0.40388951807136664,0
1571234593250,1.1976604640900124,0.5653690380173624,-0.2059820920689092,1.1556372022337842,-0.3998657411689364,0
1571234593500,1.2411945292340956,0.5653690380173624,-0.24092199633697078,0.208806398525854,-0.40187762962015144,0
1571234593750,1.2411945292340956,0.5653690380173624,-0.24092199633697078,-0.9871013785558906,-0.40187762962015144,0
1571234594000,1.1976604640900124,0.5978847431687717,-0.24092199633697078,0.7177861016713943,-0.40388951807136664,0
1571234594250,1.1976604640900124,0.5653690380173624,-0.24092199633697078,-0.4001423988566468,-0.40388951807136664,0
1571234594500,1.2411945292340956,0.5653690380173624,-0.24092199633697078,0.2979497363649034,-0.40187762962015144,0
1571234594750,1.1976604640900124,0.5653690380173624,-0.2059820920689092,0.49924114438856343,-0.40187762962015144,0
1571234595000,1.1976604640900124,0.5653690380173624,-0.24092199633697078,-0.7699942170446573,-0.40187762962015144,0
1571234595250,1.2411945292340956,0.5653690380173624,-0.24092199633697078,1.2265120761513584,-0.40187762962015144,0
1571234595500,1.1976604640900124,0.5978847431687717,-0.2059820920689092,0.25997501275035584,-0.40187762962015144,0
1571234595750,1.1976604640900124,0.5653690380173624,-0.2059820920689092,-1.786008370232988,-0.40388951807136664,0
1571234596000,1.2411945292340956,0.5653690380173624,-0.24092199633697078,0.8520931419829793,-0.40388951807136664,0
1571234596250,1.2411945292340956,0.5978847431687717,-0.2059820920689092,-0.0006043267962393121,-0.40187762962015144,0
1571234596500,1.2411945292340956,0.5653690380173624,-0.24092199633697078,-0.9485346213883322,-0.40388951807136664,0
1571234596750,1.2411945292340956,0.5653690380173624,-0.24092199633697078,0.4321722004546297,-0.40388951807136664,0
1571234597000,1.1976604640900124,0.5653690380173624,-0.2059820920689092,-0.5177033472402129,-0.40388951807136664,0
1571234597250,1.2411945292340956,0.5653690380173624,-0.24092199633697078,0.5702851707498552,-0.40187762962015144,0
1571234597500,1.2411945292340956,0.5653690380173624,-0.24092199633697078,0.23401011263974086,-0.40187762962015144,0
1571234597750,1.1976604640900124,0.5653690380173624,-0.2059820920689092,-0.9090375257803284,-0.40187762962015144,0
1571234598000,1.2411945292340956,0.5653690380173624,-0.24092199633697078,1.050255229797868,-0.3998657411689364,0
1571234598250,1.2411945292340956,0.5978847431687717,-0.45056142194534043,0.21912469759261305,-0.3998657411689364,0
1571234598500,1.2411945292340956,0.5978847431687717,-0.17104218780084757,-1.6942431695163196,-0.40187762962015144,0
1571234598750,1.1976604640900124,0.5003376277145437,-0.2059820920689092,0.6525778346183515,-0.40187762962015144,0
1571234599000,1.2411945292340956,0.532853332865953,-0.24092199633697078,-0.27090993185658274,-0.40187762962015144,0
1571234599250,1.1976604640900124,0.532853332865953,-0.2059820920689092,-0.8432372251742748,-0.40187762962015144,0
1571234599500,1.2411945292340956,0.532853332865953,-0.24092199633697078,0.24534332636880407,-0.40187762962015144,0
1571234599750,1.2411945292340956,0.5978847431687717,-0.24092199633697078,-0.6607217384032419,-0.3998657411689364,0
1571234600000,1.2411945292340956,0.532853332865953,-0.24092199633697078,1.3358691310146327,-0.40187762962015144,0
1571234600250,1.2411945292340956,0.532853332865953,-0.24092199633697078,0.6972340797597348,-0.40187762962015144,0
1571234600500,1.1976604640900124,0.532853332865953,-0.17104218780084757,-0.47389286431741634,-0.3998657411689364,0
1571234600750,1.1976604640900124,0.532853332865953,-0.2059820920689092,0.9103661588436102,-0.40187762962015144,0
1571234601000,1.1976604640900124,0.532853332865953,-0.17104218780084757,0.011574649151410705,-0.40187762962015144,0
1571234601250,1.3282626595222617,0.43530621741172504,-0.10116237926472436,0.1656725253779269,-0.3998657411689364,0
1571234601500,1.067058268657763,0.4027905122603157,0.1783568548797685,0.17624455311026196,-0.40187762962015144,0
1571234601750,0.6317176172169315,0.5978847431687717,0.4229361847561997,-1.314326780927126,-0.40187762962015144,0
1571234602000,0.8493879429373472,0.532853332865953,0.3879962804881381,0.46448031720464567,-0.40187762962015144,0
1571234602250,0.7623198126491809,0.532853332865953,0.3530563762200765,-0.7563774453254097,-0.3998657411689364,0
1571234602500,0.8058538777932641,0.5003376277145437,0.2831765676839533,1.8856991493179156,-0.3998657411689364,0
1571234602750,0.8493879429373472,0.5003376277145437,0.1783568548797685,-1.3008791616515958,-0.3998657411689364,0
1571234603000,0.7623198126491809,0.5003376277145437,0.3879962804881381,0.10723035607357854,-0.40187762962015144,0
1571234603250,1.0235242035136798,0.4678219225631344,0.14341695061170687,0.5860163480155698,-0.40187762962015144,0
1571234603500,1.0235242035136798,0.5003376277145437,0.14341695061170687,-0.0846730913237679,-0.40388951807136664,0
1571234603750,1.067058268657763,0.4678219225631344,0.10847704634364527,1.467977189557892,-0.40187762962015144,0
1571234604000,1.067058268657763,0.4678219225631344,0.07353714207558366,1.3137101608876582,-0.40388951807136664,0
1571234604250,1.067058268657763,0.5003376277145437,0.038597237807522056,-0.443276272004574,-0.40388951807136664,0
1571234604500,1.110592333801846,0.5003376277145437,0.038597237807522056,-0.4958826820006733,-0.4058998359617299,0
1571234604750,1.110592333801846,0.5003376277145437,0.003657333539460452,-1.8813257722677212,-0.40388951807136664,0
1571234605000,1.067058268657763,0.5003376277145437,0.038597237807522056,-0.07503140203187829,-0.4058998359617299,0
1571234605250,1.0235242035136798,0.5003376277145437,0.003657333539460452,0.04709666233205658,-0.4058998359617299,0
1571234605500,1.067058268657763,0.5003376277145437,0.003657333539460452,-1.2531781725233,-0.40388951807136664,0
1571234605750,1.067058268657763,0.5003376277145437,0.003657333539460452,1.3074515204701158,-0.40388951807136664,0
1571234606000,1.110592333801846,0.5003376277145437,0.003657333539460452,0.5352706149003613,-0.40187762962015144,0
1571234606250,1.067058268657763,0.5003376277145437,0.038597237807522056,-2.271475883701815,-0.40187762962015144,0
1571234606500,1.067058268657763,0.5003376277145437,0.003657333539460452,0.9386991931662682,-0.40388951807136664,0
1571234606750,1.110592333801846,0.5003376277145437,0.003657333539460452,1.249178503609485,-0.40388951807136664,0
1571234607000,1.067058268657763,0.5003376277145437,0.038597237807522056,-1.2850634081640226,-0.40388951807136664,0
1571234607250,1.0235242035136798,0.5003376277145437,0.07353714207558366,1.118508240837823,-0.40388951807136664,0
1571234607500,1.110592333801846,0.532853332865953,0.003657333539460452,0.2482189179119992,-0.40388951807136664,0
1571234607750,1.110592333801846,0.5003376277145437,0.038597237807522056,-2.2136257479504775,-0.40388951807136664,0
1571234608000,1.067058268657763,0.5003376277145437,0.07353714207558366,1.7385365232838113,-0.40388951807136664,0
1571234608250,1.0235242035136798,0.5003376277145437,0.038597237807522056,1.2215220790616963,-0.40187762962015144,0
1571234608500,0.7623198126491809,0.4678219225631344,0.3181164719520149,-1.3182172871326254,-0.40388951807136664,0
1571234608750,1.067058268657763,0.5003376277145437,0.14341695061170687,1.5749661102091228,-0.40187762962015144,0
1571234609000,0.5011154217846822,0.4027905122603157,0.6325756103645693,0.6185781934311619,-0.40388951807136664,0
1571234609250,0.2399110309201833,0.5003376277145437,0.6675155146326309,-1.3943358868054379,-0.40388951807136664,0
1571234609500,0.6317176172169315,0.4678219225631344,0.6675155146326309,1.6086274465088777,-0.407911724412945,0
1571234609750,0.5881835520728484,0.43530621741172504,0.5976357060965077,1.466877698673729,-0.4058998359617299,0
1571234610000,0.41404729149651587,0.43530621741172504,0.6325756103645693,-0.8060236875564553,-0.4058998359617299,0
1571234610250,0.3705132263524327,0.43530621741172504,0.6325756103645693,0.9335400436328887,-0.40388951807136664,0
1571234610500,0.15284290063201703,0.37027480710890637,0.7723352274368158,-0.04390735238788381,-0.3998657411689364,0
1571234610750,0.41404729149651587,0.4027905122603157,0.7373953231687541,-2.299808918024473,-0.40187762962015144,0
1571234611000,0.45758135664059896,0.4027905122603157,0.6675155146326309,2.0827617462486416,-0.3998657411689364,0
1571234611250,0.5446494869287652,0.4027905122603157,0.6675155146326309,0.8909982040379723,-0.3998657411689364,0
1571234611500,0.5446494869287652,0.4678219225631344,0.5626958018284461,-2.629317878385893,-0.3998657411689364,0
1571234611750,0.6317176172169315,0.4678219225631344,0.5626958018284461,1.1180853597285298,-0.40187762962015144,0
1571234612000,0.8929220080814304,0.532853332865953,0.3879962804881381,0.6697468076556636,-0.3978554232785731,0
1571234612250,0.9799901383695966,0.532853332865953,0.003657333539460452,-1.083687423918504,-0.4099236128641601,0
1571234612500,1.2847285943781785,0.532853332865953,-0.031282570728601154,2.0633937914430036,-0.40187762962015144,0
1571234612750,1.0235242035136798,0.43530621741172504,0.14341695061170687,-0.36487411434157696,-0.40388951807136664,0
1571234613000,1.0235242035136798,0.4678219225631344,0.07353714207558366,-2.0660402408070797,-0.4058998359617299,0
1571234613250,1.067058268657763,0.5003376277145437,0.003657333539460452,1.7051289156496323,-0.40187762962015144,0
1571234613500,1.067058268657763,0.4678219225631344,0.003657333539460452,-1.0296432181508068,-0.40388951807136664,0
1571234613750,1.067058268657763,0.5003376277145437,0.003657333539460452,-3.151153167253953,-0.40388951807136664,0
1571234614000,1.110592333801846,0.5003376277145437,0.003657333539460452,-0.28376551757910223,-0.4058998359617299,0
1571234614250,1.110592333801846,0.5003376277145437,-0.031282570728601154,-0.08044428023083386,-0.40388951807136664,0
1571234614500,1.0235242035136798,0.4678219225631344,0.003657333539460452,1.0109272866335814,-0.40187762962015144,0
1571234614750,1.110592333801846,0.5003376277145437,-0.031282570728601154,0.9717684959130123,-0.40388951807136664,0
1571234615000,1.110592333801846,0.5003376277145437,0.003657333539460452,-1.355684553416021,-0.4058998359617299,0
1571234615250,1.110592333801846,0.5003376277145437,0.003657333539460452,1.9913348504194077,-0.4058998359617299,0
1571234615500,1.110592333801846,0.532853332865953,-0.06622247499666276,0.5146340167668433,-0.40388951807136664,0
1571234615750,1.067058268657763,0.5003376277145437,0.038597237807522056,-1.3698087824664205,-0.40388951807136664,0
1571234616000,1.0235242035136798,0.5003376277145437,0.038597237807522056,0.9482563062362992,-0.40388951807136664,0
1571234616250,1.110592333801846,0.5003376277145437,0.003657333539460452,-0.36884919676893496,-0.3998657411689364,0
1571234616500,1.067058268657763,0.5003376277145437,0.003657333539460452,1.1476024611572095,-0.40187762962015144,0
1571234616750,1.110592333801846,0.4678219225631344,0.038597237807522056,1.4275497555094425,-0.40388951807136664,0
1571234617000,1.2411945292340956,0.532853332865953,-0.10116237926472436,-1.702362486814753,-0.40187762962015144,0
1571234617250,1.371796724666345,0.5978847431687717,-0.5553811347495252,1.756635834761569,-0.40187762962015144,0
1571234617500,1.2411945292340956,0.532853332865953,-0.310801804873094,0.6168020927721295,-0.3998657411689364,0
1571234617750,1.371796724666345,0.532853332865953,-0.24092199633697078,-1.67885029713804,-0.40187762962015144,0
1571234618000,1.1541263989459292,0.532853332865953,-0.10116237926472436,1.5890903392595226,-0.3998657411689364,0
1571234618250,1.110592333801846,0.5003376277145437,0.14341695061170687,1.8090730923139509,-0.40187762962015144,0
1571234618500,1.110592333801846,0.5003376277145437,-0.031282570728601154,1.0869613100845354,-0.40187762962015144,0
1571234618750,1.110592333801846,0.4678219225631344,-0.031282570728601154,-0.8788438145767793,-0.40388951807136664,0
1571234619000,1.1976604640900124,0.532853332865953,-0.13610228353278597,-3.93407525299976,-0.40187762962015144,0
1571234619250,1.1976604640900124,0.5003376277145437,-0.13610228353278597,-3.262286322776259,-0.3978554232785731,0
1571234619500,1.1541263989459292,0.5003376277145437,-0.13610228353278597,2.1242886711812536,-0.40187762962015144,0
1571234619750,1.1541263989459292,0.5003376277145437,-0.13610228353278597,0.5853397382407003,-0.3998657411689364,0
1571234620000,1.110592333801846,0.5003376277145437,-0.10116237926472436,0.7947504635627937,-0.40187762962015144,0
1571234620250,1.1976604640900124,0.5003376277145437,-0.10116237926472436,-0.15317983102929925,-0.40187762962015144,0
1571234620500,1.110592333801846,0.5003376277145437,-0.10116237926472436,-1.15896026137273,-0.40187762962015144,0
1571234620750,1.1541263989459292,0.5003376277145437,-0.10116237926472436,0.5664792407662146,-0.40187762962015144,0
1571234621000,1.1541263989459292,0.5003376277145437,-0.10116237926472436,0.6880998477989974,-0.40187762962015144,0
1571234621250,1.1541263989459292,0.5003376277145437,-0.10116237926472436,-1.7392377195451376,-0.40187762962015144,0
1571234621500,1.110592333801846,0.5003376277145437,-0.10116237926472436,1.7334619499722903,-0.40388951807136664,0
1571234621750,1.1541263989459292,0.5003376277145437,-0.10116237926472436,0.05859902850483715,-0.40187762962015144,0
1571234622000,1.1976604640900124,0.5003376277145437,-0.13610228353278597,-0.6106526150629029,-0.40187762962015144,0
1571234622250,1.1541263989459292,0.5003376277145437,-0.10116237926472436,1.1563983882305122,-0.40187762962015144,0
1571234622500,1.1541263989459292,0.5003376277145437,-0.10116237926472436,-0.8270831667992667,-0.40187762962015144,0
1571234622750,1.2411945292340956,0.5003376277145437,-0.13610228353278597,1.9363603062112653,-0.40187762962015144,0
1571234623000,1.1541263989459292,0.5003376277145437,-0.10116237926472436,0.8577597488475108,-0.40187762962015144,0
1571234623250,1.1541263989459292,0.5003376277145437,-0.10116237926472436,-1.8170478436551238,-0.40187762962015144,0
1571234623500,1.1541263989459292,0.5003376277145437,-0.10116237926472436,1.8587193345449964,-0.40388951807136664,0
1571234623750,1.1541263989459292,0.5003376277145437,-0.10116237926472436,0.3037854956731524,-0.40187762962015144,0
1571234624000,1.1541263989459292,0.532853332865953,-0.13610228353278597,-1.912365245689857,-0.40187762962015144,0
1571234624250,1.1976604640900124,0.5003376277145437,-0.13610228353278597,0.7133881381347429,-0.40187762962015144,0
1571234624500,1.1541263989459292,0.5003376277145437,-0.13610228353278597,-0.4003115513003641,-0.40388951807136664,0
1571234624750,1.1541263989459292,0.5003376277145437,-0.13610228353278597,-0.23894011999400142,-0.40388951807136664,0
1571234625000,1.1976604640900124,0.5003376277145437,-0.17104218780084757,0.5930361744298404,-0.40187762962015144,0
1571234625250,1.1541263989459292,0.5003376277145437,-0.13610228353278597,-0.588662797379646,-0.3998657411689364,0
1571234625500,1.1976604640900124,0.532853332865953,-0.13610228353278597,0.5691856798656924,-0.40187762962015144,0
1571234625750,1.1976604640900124,0.5003376277145437,-0.17104218780084757,0.5939665128702859,-0.40187762962015144,0
1571234626000,1.2411945292340956,0.5003376277145437,-0.13610228353278597,-0.7156117063895256,-0.40187762962015144,0
1571234626250,1.1976604640900124,0.532853332865953,-0.13610228353278597,0.6436973313231901,-0.3998657411689364,0
1571234626500,1.1976604640900124,0.5003376277145437,-0.13610228353278597,0.43242592912020567,-0.40388951807136664,0
1571234626750,1.1976604640900124,0.5003376277145437,-0.13610228353278597,-0.8608290793208803,-0.40388951807136664,0
1571234627000,1.1541263989459292,0.5003376277145437,-0.13610228353278597,1.2091739506703287,-0.40187762962015144,0
1571234627250,1.1541263989459292,0.5003376277145437,-0.13610228353278597,0.3181634533891281,-0.40388951807136664,0
1571234627500,1.1976604640900124,0.5003376277145437,-0.13610228353278597,-1.4957427768139961,-0.40388951807136664,0
1571234627750,1.1541263989459292,0.532853332865953,-0.13610228353278597,1.6823779119696474,-0.40388951807136664,0
1571234628000,1.1541263989459292,0.5003376277145437,-0.13610228353278597,0.35114817991401354,-0.40388951807136664,0
1571234628250,1.1976604640900124,0.5003376277145437,-0.17104218780084757,-2.0825326040695225,-0.3998657411689364,0
1571234628500,1.4588648549545111,0.5653690380173624,-0.2758619006050324,1.554244935853746,-0.40187762962015144,0
1571234628750,0.8058538777932641,0.4027905122603157,0.3181164719520149,0.44688846305804003,-0.40187762962015144,0
1571234629000,0.8493879429373472,0.4678219225631344,0.3879962804881381,-2.2357001418555935,-0.40388951807136664,0
1571234629250,0.5011154217846822,0.43530621741172504,0.49281599329232295,1.4409127985631138,-0.40388951807136664,0
1571234629500,0.5011154217846822,0.4027905122603157,0.5976357060965077,0.3695857962792059,-0.40388951807136664,0
1571234629750,0.6752516823610146,0.43530621741172504,0.5277558975603845,-1.896211187314849,-0.40187762962015144,0
1571234630000,0.6752516823610146,0.43530621741172504,0.5277558975603845,1.0217530430314927,-0.3998657411689364,0
1571234630250,0.6752516823610146,0.43530621741172504,0.5277558975603845,-0.6116675297252071,-0.40187762962015144,0
1571234630500,0.6752516823610146,0.43530621741172504,0.5277558975603845,-0.46831083367474347,-0.40187762962015144,0
1571234630750,0.6752516823610146,0.43530621741172504,0.49281599329232295,-0.3444912448736349,-0.40187762962015144,0
1571234631000,0.7623198126491809,0.43530621741172504,0.4229361847561997,-0.9013410895911884,-0.3998657411689364,0
1571234631250,0.8493879429373472,0.43530621741172504,0.3879962804881381,0.2791738151122763,-0.3978554232785731,0
1571234631500,0.8929220080814304,0.4678219225631344,0.3181164719520149,1.5286183406305658,-0.40187762962015144,0
1571234631750,0.8493879429373472,0.4678219225631344,0.3879962804881381,-1.4326489153074202,-0.40187762962015144,0
1571234632000,0.8493879429373472,0.5003376277145437,0.3530563762200765,1.362003183568965,-0.40187762962015144,0
1571234632250,0.8493879429373472,0.4678219225631344,0.4229361847561997,1.0578670897651492,-0.3998657411689364,0
1571234632500,0.6317176172169315,0.43530621741172504,0.5626958018284461,-0.342630567992744,-0.40187762962015144,0
1571234632750,0.5446494869287652,0.4027905122603157,0.5626958018284461,1.1854080323280398,-0.40187762962015144,0
1571234633000,0.8929220080814304,0.240211986503269,0.5277558975603845,-0.30930753658042376,-0.40187762962015144,0
1571234633250,0.5881835520728484,0.5653690380173624,0.4229361847561997,-2.9563741283134113,-0.3998657411689364,0
1571234633500,0.9364560732255135,0.532853332865953,0.3530563762200765,1.0704689468220927,-0.40187762962015144,0
1571234633750,1.0235242035136798,0.5003376277145437,0.10847704634364527,-0.218388098082342,-0.40388951807136664,0
1571234634000,1.0235242035136798,0.4678219225631344,0.038597237807522056,-1.1496568769682747,-0.40388951807136664,0
1571234634250,1.1976604640900124,0.5003376277145437,-0.10116237926472436,3.0596171087164032,-0.40388951807136664,0
1571234634500,1.0235242035136798,0.4678219225631344,0.07353714207558366,0.0500568300971104,-0.3998657411689364,0
1571234634750,1.1541263989459292,0.532853332865953,0.003657333539460452,-0.2657507823232032,-0.4058998359617299,0
1571234635000,0.7187857475050978,0.4027905122603157,0.3181164719520149,-2.4241359641567337,-0.40388951807136664,0
1571234635250,0.8493879429373472,0.4678219225631344,0.24823666341589168,-2.308097387766624,-0.40388951807136664,0
1571234635500,0.9364560732255135,0.4678219225631344,0.24823666341589168,1.8455254439350421,-0.40388951807136664,0
1571234635750,0.8929220080814304,0.4678219225631344,0.24823666341589168,1.0349469336414467,-0.40187762962015144,0
1571234636000,0.9364560732255135,0.4678219225631344,0.21329675914783008,-1.8719378116414076,-0.40187762962015144,0
1571234636250,0.9799901383695966,0.4678219225631344,0.21329675914783008,1.3888138458981667,-0.3998657411689364,0
1571234636500,0.9799901383695966,0.5003376277145437,0.1783568548797685,-0.05414107523278418,-0.40187762962015144,0
1571234636750,0.9364560732255135,0.4678219225631344,0.21329675914783008,0.24737315569341242,-0.40187762962015144,0
1571234637000,0.9364560732255135,0.4678219225631344,0.21329675914783008,0.822491464332441,-0.40187762962015144,0
1571234637250,1.067058268657763,0.4678219225631344,0.14341695061170687,-0.7121440812933197,-0.40388951807136664,0
1571234637500,1.067058268657763,0.5003376277145437,0.07353714207558366,1.5560210365127785,-0.40187762962015144,0
1571234637750,1.067058268657763,0.5003376277145437,0.07353714207558366,0.3602824118747511,-0.40187762962015144,0
1571234638000,1.067058268657763,0.5003376277145437,0.038597237807522056,-1.6470496377191757,-0.3998657411689364,0
1571234638250,1.0235242035136798,0.5003376277145437,0.07353714207558366,1.1572441504490991,-0.40187762962015144,0
1571234638500,1.0235242035136798,0.5003376277145437,0.14341695061170687,-0.6379707347232568,-0.40187762962015144,0
1571234638750,1.110592333801846,0.5003376277145437,0.10847704634364527,0.5733299147367676,-0.40187762962015144,0
1571234639000,1.0235242035136798,0.532853332865953,0.07353714207558366,0.26031331763779053,-0.40187762962015144,0
1571234639250,0.8929220080814304,0.4678219225631344,0.21329675914783008,-1.478742956220401,-0.40187762962015144,0
1571234639500,0.8929220080814304,0.4678219225631344,0.24823666341589168,1.5298024077365875,-0.40187762962015144,0
1571234639750,0.9364560732255135,0.4678219225631344,0.24823666341589168,0.3111436269748576,-0.40187762962015144,0
1571234640000,0.6752516823610146,0.4027905122603157,0.3879962804881381,-1.8831018729267535,-0.40388951807136664,0
1571234640250,1.110592333801846,0.5003376277145437,0.1783568548797685,0.6668712161124685,-0.3998657411689364,0
1571234640500,0.8929220080814304,0.4678219225631344,0.3181164719520149,-0.8734309363778237,-0.40187762962015144,0
1571234640750,0.9364560732255135,0.4678219225631344,0.2831765676839533,0.2491492563524447,-0.40187762962015144,0
1571234641000,0.8493879429373472,0.4678219225631344,0.3181164719520149,0.3285663286777458,-0.40187762962015144,0
1571234641250,0.8493879429373472,0.4678219225631344,0.3181164719520149,-1.1406072212293958,-0.40187762962015144,0
1571234641500,0.9364560732255135,0.5003376277145437,0.21329675914783008,2.1543132299410854,-0.40187762962015144,0
1571234641750,0.9799901383695966,0.5003376277145437,0.21329675914783008,-0.4634899890287986,-0.40187762962015144,0
1571234642000,0.9364560732255135,0.5003376277145437,0.21329675914783008,-1.9720760583220855,-0.40187762962015144,0
1571234642250,0.9364560732255135,0.4678219225631344,0.21329675914783008,1.1571595742272405,-0.40187762962015144,0
1571234642500,1.1541263989459292,0.532853332865953,0.07353714207558366,-0.15444847435717943,-0.3998657411689364,0
1571234642750,0.9799901383695966,0.5653690380173624,0.21329675914783008,1.2507008756029412,-0.40388951807136664,0
1571234643000,1.067058268657763,0.532853332865953,0.07353714207558366,0.5269821451582106,-0.40187762962015144,0
1571234643250,1.067058268657763,0.4678219225631344,0.07353714207558366,-1.730441792471835,-0.40388951807136664,0
1571234643500,1.067058268657763,0.5003376277145437,0.003657333539460452,1.5442649416744216,-0.40187762962015144,0
1571234643750,1.067058268657763,0.4678219225631344,0.038597237807522056,-0.22997504047698128,-0.40388951807136664,0
1571234644000,1.110592333801846,0.4678219225631344,0.003657333539460452,-0.8202324928287136,-0.40187762962015144,0
1571234644250,1.1541263989459292,0.5003376277145437,-0.031282570728601154,-0.3333271835882891,-0.40187762962015144,0
1571234644500,1.110592333801846,0.4678219225631344,0.003657333539460452,-1.1621741578033595,-0.40388951807136664,0
1571234644750,1.067058268657763,0.4678219225631344,0.003657333539460452,1.8778335606850582,-0.40187762962015144,0
1571234645000,1.110592333801846,0.5003376277145437,0.003657333539460452,0.31198938919344443,-0.40388951807136664,0
1571234645250,1.110592333801846,0.5003376277145437,0.003657333539460452,0.9534154557696787,-0.3998657411689364,0
1571234645500,1.110592333801846,0.5003376277145437,0.003657333539460452,-0.10624002789773146,-0.40388951807136664,0
1571234645750,1.110592333801846,0.5003376277145437,-0.031282570728601154,-1.0524787980526507,-0.40187762962015144,0
1571234646000,1.2411945292340956,0.5978847431687717,-0.2059820920689092,0.4410527037497911,-0.4058998359617299,0
1571234646250,0.8929220080814304,0.33775910195749703,0.2831765676839533,-1.4580217818650245,-0.40388951807136664,0
1571234646500,0.8493879429373472,0.37027480710890637,0.3530563762200765,1.3943958765408395,-0.40388951807136664,0
1571234646750,0.8058538777932641,0.37027480710890637,0.3879962804881381,-0.3411927722211464,-0.40187762962015144,0
1571234647000,0.6317176172169315,0.4027905122603157,0.4229361847561997,1.250531723159224,-0.3998657411689364,0
1571234647250,0.6317176172169315,0.33775910195749703,0.4578760890242613,-0.40293341417798323,-0.3998657411689364,0
1571234647500,1.1976604640900124,0.4027905122603157,0.49281599329232295,-1.8960420348711315,-0.3978554232785731,0
1571234647750,1.415330789810428,0.532853332865953,-0.2059820920689092,2.427494426544624,-0.40388951807136664,0
1571234648000,1.2847285943781785,0.5653690380173624,-0.17104218780084757,0.47632098826486097,-0.39584353482735807,0
1571234648250,0.9799901383695966,0.5003376277145437,0.10847704634364527,-1.3960274112426114,-0.40187762962015144,0
1571234648500,1.3282626595222617,0.5978847431687717,-0.06622247499666276,2.688919528309806,-0.407911724412945,0
1571234648750,1.067058268657763,0.5003376277145437,0.038597237807522056,1.3615803024596715,-0.40388951807136664,0
1571234649000,1.067058268657763,0.5003376277145437,0.003657333539460452,0.7956808020032392,-0.40187762962015144,0
1571234649250,1.110592333801846,0.4678219225631344,0.003657333539460452,-0.8273368954648428,-0.3998657411689364,0
1571234649500,1.067058268657763,0.4678219225631344,0.003657333539460452,-3.4496226541932367,-0.40187762962015144,0
1571234649750,1.067058268657763,0.4678219225631344,0.003657333539460452,-2.096995138007357,-0.3998657411689364,0
1571234650000,1.067058268657763,0.5003376277145437,0.003657333539460452,-0.21872640296977675,-0.40187762962015144,0
1571234650250,1.067058268657763,0.4678219225631344,0.003657333539460452,-1.3284510099775257,-0.3978554232785731,0
1571234650500,1.110592333801846,0.4678219225631344,0.003657333539460452,1.5111956389276775,-0.40187762962015144,0
1571234650750,1.110592333801846,0.5003376277145437,0.003657333539460452,-0.2071394605751375,-0.3998657411689364,0
1571234651000,0.9364560732255135,0.4678219225631344,0.038597237807522056,-0.8498341704792518,-0.40187762962015144,0
1571234651250,1.110592333801846,0.5003376277145437,0.003657333539460452,1.6001698243230098,-0.3978554232785731,0
1571234651500,1.110592333801846,0.4678219225631344,0.003657333539460452,-1.2656954533583846,-0.40187762962015144,0
1571234651750,1.1541263989459292,0.5003376277145437,-0.031282570728601154,2.0582346419096242,-0.3998657411689364,0
1571234652000,1.110592333801846,0.4678219225631344,0.003657333539460452,0.7774969143036228,-0.3998657411689364,0
1571234652250,1.110592333801846,0.5003376277145437,0.003657333539460452,-1.0654189599970287,-0.3978554232785731,0
1571234652500,1.1976604640900124,0.5003376277145437,-0.031282570728601154,0.6607817281386436,-0.3978554232785731,0
1571234652750,1.0235242035136798,0.43530621741172504,0.038597237807522056,-0.6032099075393391,-0.3998657411689364,0
1571234653000,1.0235242035136798,0.4678219225631344,0.038597237807522056,2.013240091880806,-0.3978554232785731,0
1571234653250,1.110592333801846,0.4678219225631344,0.003657333539460452,0.5725687287400396,-0.40187762962015144,0
1571234653500,1.067058268657763,0.4678219225631344,0.003657333539460452,-1.3704008160194314,-0.3998657411689364,0
1571234653750,1.067058268657763,0.5003376277145437,0.003657333539460452,0.6749059571890432,-0.40388951807136664,0
1571234654000,1.110592333801846,0.4678219225631344,0.003657333539460452,-0.9236692121618801,-0.40187762962015144,0
1571234654250,1.067058268657763,0.5003376277145437,0.003657333539460452,0.7427360871197051,-0.40187762962015144,0
1571234654500,0.9799901383695966,0.43530621741172504,0.1783568548797685,0.2714773789231364,-0.3998657411689364,0
1571234654750,0.9799901383695966,0.43530621741172504,0.21329675914783008,-0.8846795738850284,-0.40187762962015144,0
1571234655000,0.9799901383695966,0.4027905122603157,0.24823666341589168,1.8825698291091444,-0.40187762962015144,0
1571234655250,0.9799901383695966,0.5003376277145437,-0.06622247499666276,1.0595586142023228,-0.3978554232785731,0
1571234655500,0.9799901383695966,0.43530621741172504,0.10847704634364527,-2.4867223683321575,-0.3978554232785731,0
1571234655750,1.110592333801846,0.5003376277145437,-0.031282570728601154,0.6067375223709466,-0.39584353482735807,0
1571234656000,1.1976604640900124,0.4678219225631344,0.038597237807522056,1.5568667987313651,-0.3978554232785731,0
1571234656250,1.110592333801846,0.532853332865953,-0.13610228353278597,1.8983855825967177,-0.3978554232785731,0
1571234656500,1.1976604640900124,0.5653690380173624,-0.031282570728601154,0.034494805275113165,-0.40187762962015144,0
1571234656750,1.067058268657763,0.4678219225631344,0.003657333539460452,-1.3506099801045002,-0.3998657411689364,0
1571234657000,1.067058268657763,0.4678219225631344,0.003657333539460452,-2.960095482075193,-0.40388951807136664,0
1571234657250,1.110592333801846,0.43530621741172504,-0.10116237926472436,-1.6050998316772702,-0.40187762962015144,0
1571234657500,0.5446494869287652,0.5003376277145437,0.3530563762200765,-1.4429672143741794,-0.40187762962015144,0
1571234657750,0.6752516823610146,0.630400448320181,0.038597237807522056,-0.3636054710136968,-0.3978554232785731,0
1571234658000,0.9799901383695966,0.4678219225631344,0.2831765676839533,2.8642460362228506,-0.3978554232785731,0
1571234658250,1.2411945292340956,0.6629161534715904,0.24823666341589168,2.275003498533423,-0.3998657411689364,0
1571234658500,0.9799901383695966,0.33775910195749703,0.4229361847561997,3.3700118429377612,-0.3978554232785731,0
1571234658750,0.6317176172169315,0.4678219225631344,0.5277558975603845,-0.07224038671054182,-0.40187762962015144,0
1571234659000,0.5446494869287652,0.43530621741172504,0.5976357060965077,-3.3521062703901783,-0.3998657411689364,0
1571234659250,0.41404729149651587,0.43530621741172504,0.6325756103645693,-3.194540769067456,-0.40388951807136664,0
1571234659500,0.45758135664059896,0.43530621741172504,0.6325756103645693,-1.5011556550129517,-0.3998657411689364,0
1571234659750,0.5446494869287652,0.43530621741172504,0.5976357060965077,-0.37231682186514087,-0.40187762962015144,0
1571234660000,0.5446494869287652,0.43530621741172504,0.5976357060965077,1.824127659804796,-0.3998657411689364,0
1571234660250,0.5446494869287652,0.43530621741172504,0.5976357060965077,0.2823877115429062,-0.39584353482735807,0
1571234660500,0.5446494869287652,0.43530621741172504,0.5976357060965077,2.3171224570190456,-0.3998657411689364,0
1571234660750,0.3705132263524327,0.43530621741172504,0.5626958018284461,1.0275042261178828,-0.3978554232785731,0
1571234661000,1.3282626595222617,0.7929789740772277,-0.45056142194534043,-1.4123506220613369,-0.3998657411689364,0
1571234661250,1.415330789810428,0.7279475637744091,-0.48550132621340203,1.83478426375899,-0.3998657411689364,0
1571234661500,1.1976604640900124,0.5978847431687717,-0.310801804873094,0.3119048129715857,-0.40187762962015144,0
1571234661750,1.2411945292340956,0.5978847431687717,-0.13610228353278597,-0.44243050978598714,-0.3998657411689364,0
1571234662000,1.1541263989459292,0.5653690380173624,-0.06622247499666276,2.049777019723756,-0.40187762962015144,0
1571234662250,0.8058538777932641,0.4678219225631344,0.2831765676839533,1.0851006332036444,-0.3998657411689364,0
1571234662500,0.9364560732255135,0.4027905122603157,0.3530563762200765,0.365864442517424,-0.40187762962015144,0
1571234662750,0.8493879429373472,0.4027905122603157,0.2831765676839533,-0.4064010392741892,-0.3998657411689364,0
1571234663000,0.8929220080814304,0.4027905122603157,0.2831765676839533,-3.157834688780788,-0.3978554232785731,0
1571234663250,0.8058538777932641,0.4027905122603157,0.3181164719520149,-2.667546330666017,-0.3998657411689364,0
1571234663500,0.8493879429373472,0.4027905122603157,0.3530563762200765,-0.6826269798646402,-0.3978554232785731,0
1571234663750,0.8493879429373472,0.4027905122603157,0.3530563762200765,0.8214765496701367,-0.40187762962015144,0
1571234664000,0.8929220080814304,0.4027905122603157,0.3181164719520149,0.3130888800776072,-0.3978554232785731,0
1571234664250,0.8058538777932641,0.4027905122603157,0.3181164719520149,-1.0419067703203155,-0.39584353482735807,0
1571234664500,0.8493879429373472,0.4027905122603157,0.3181164719520149,0.6338864895875831,-0.3978554232785731,0
1571234664750,0.8493879429373472,0.4027905122603157,0.2831765676839533,-0.8202324928287136,-0.3978554232785731,0
1571234665000,0.8493879429373472,0.4027905122603157,0.3181164719520149,1.132125012557071,-0.3978554232785731,0
1571234665250,0.8929220080814304,0.4027905122603157,0.2831765676839533,0.9911364507186502,-0.3978554232785731,0
1571234665500,0.8058538777932641,0.37027480710890637,0.3530563762200765,1.2947650871913137,-0.3978554232785731,0
1571234665750,0.9364560732255135,0.4027905122603157,0.3181164719520149,0.45703760968108176,-0.39584353482735807,0
1571234666000,0.8929220080814304,0.4027905122603157,0.3181164719520149,-1.4619122880705238,-0.3998657411689364,0
1571234666250,0.9364560732255135,0.43530621741172504,0.24823666341589168,0.6387919104553865,-0.3978554232785731,0
1571234666500,0.8929220080814304,0.4027905122603157,0.2831765676839533,-0.31328261900778176,-0.3978554232785731,0
1571234666750,0.9364560732255135,0.43530621741172504,0.24823666341589168,1.1276424727985608,-0.3978554232785731,0
1571234667000,0.8929220080814304,0.4027905122603157,0.3181164719520149,-0.17136371872891557,-0.3978554232785731,0
1571234667250,0.10930883548793388,0.4027905122603157,0.49281599329232295,-0.8505107802541213,-0.3978554232785731,0
1571234667500,-0.06482742508839867,0.630400448320181,0.6675155146326309,0.44502778617714905,-0.3978554232785731,0
1571234667750,0.2399110309201833,0.5003376277145437,0.7723352274368158,-0.425515265414251,-0.3998657411689364,0
1571234668000,0.45758135664059896,0.4027905122603157,0.7024554189006925,1.9644396118683474,-0.3998657411689364,0
1571234668250,0.5881835520728484,0.43530621741172504,0.7024554189006925,2.1485620468546953,-0.3978554232785731,0
1571234668500,0.41404729149651587,0.4027905122603157,0.7024554189006925,-0.02453939758224594,-0.3998657411689364,0
1571234668750,0.6752516823610146,0.4678219225631344,0.4229361847561997,-1.9757974120838675,-0.3998657411689364,0
1571234669000,1.067058268657763,0.532853332865953,0.003657333539460452,-1.2758445999814263,-0.40187762962015144,0
1571234669250,0.9799901383695966,0.43530621741172504,0.21329675914783008,-1.1626816151345116,-0.3998657411689364,0
1571234669500,0.5446494869287652,0.37027480710890637,0.49281599329232295,0.6995176377499193,-0.3998657411689364,0
1571234669750,0.7623198126491809,0.4027905122603157,0.4229361847561997,-0.03502684909272234,-0.3998657411689364,0
1571234670000,0.7187857475050978,0.4027905122603157,0.3879962804881381,1.2129798806539696,-0.40187762962015144,0
1571234670250,0.6317176172169315,0.4027905122603157,0.4578760890242613,0.16888642180855676,-0.40187762962015144,0
1571234670500,0.9364560732255135,0.4678219225631344,0.21329675914783008,-3.5717507185571717,-0.40187762962015144,0
1571234670750,1.110592333801846,0.630400448320181,-0.031282570728601154,0.4996640254978568,-0.40187762962015144,0
1571234671000,1.110592333801846,0.5003376277145437,0.07353714207558366,0.9550224039849936,-0.3998657411689364,0
1571234671250,1.0235242035136798,0.4678219225631344,0.038597237807522056,-0.9278134470329554,-0.3998657411689364,0
1571234671500,0.9799901383695966,0.5003376277145437,0.003657333539460452,1.8388439224082065,-0.3998657411689364,0
1571234671750,0.8058538777932641,0.532853332865953,0.07353714207558366,1.374182159516615,-0.3998657411689364,0
1571234672000,0.7187857475050978,0.4027905122603157,0.3530563762200765,-0.8377397707534605,-0.3998657411689364,0
1571234672250,0.8058538777932641,0.4678219225631344,0.3530563762200765,-0.44742050687564927,-0.3998657411689364,0
1571234672500,0.7623198126491809,0.43530621741172504,0.3879962804881381,-1.1151497784499331,-0.3978554232785731,0
1571234672750,0.7623198126491809,0.43530621741172504,0.3879962804881381,1.24308901563566,-0.3998657411689364,0
1571234673000,0.7623198126491809,0.4027905122603157,0.4229361847561997,-0.8609982317645977,-0.40187762962015144,0
1571234673250,0.7623198126491809,0.4027905122603157,0.3879962804881381,-2.8871062026111516,-0.3978554232785731,0
1571234673500,0.8493879429373472,0.43530621741172504,0.3879962804881381,1.2030844626965038,-0.3998657411689364,0
1571234673750,0.7187857475050978,0.43530621741172504,0.3879962804881381,1.0927124931709258,-0.3998657411689364,0
1571234674000,0.7623198126491809,0.4027905122603157,0.4229361847561997,-1.05315540782752,-0.3998657411689364,0
1571234674250,0.45758135664059896,0.5003376277145437,0.3530563762200765,1.5529762925258659,-0.3978554232785731,0
1571234674500,0.5881835520728484,0.4027905122603157,0.5976357060965077,0.31427294718362875,-0.39584353482735807,0
1571234674750,0.6752516823610146,0.43530621741172504,0.4229361847561997,1.9448179283971334,-0.3978554232785731,0
1571234675000,0.8058538777932641,0.4678219225631344,0.4229361847561997,0.4310727095704668,-0.3998657411689364,0
1571234675250,0.6752516823610146,0.4027905122603157,0.5277558975603845,-2.1502781577783256,-0.39584353482735807,0
1571234675500,0.6317176172169315,0.43530621741172504,0.5277558975603845,1.6046523640815198,-0.3998657411689364,0
1571234675750,0.5881835520728484,0.4027905122603157,0.5626958018284461,-1.1332490899276906,-0.3978554232785731,0
1571234676000,0.5446494869287652,0.4027905122603157,0.5626958018284461,0.09412104168548305,-0.3978554232785731,0
1571234676250,0.6752516823610146,0.4027905122603157,0.4578760890242613,0.22868181066264398,-0.3998657411689364,0
1571234676500,0.6752516823610146,0.43530621741172504,0.3879962804881381,-1.0632199782287033,-0.3978554232785731,0
1571234676750,0.5881835520728484,0.33775910195749703,0.5277558975603845,0.8547150048605984,-0.39584353482735807,0
1571234677000,0.8493879429373472,0.5003376277145437,0.3181164719520149,0.3501332652517094,-0.39584353482735807,0
1571234677250,0.8929220080814304,0.5003376277145437,0.3530563762200765,-0.2885017860031883,-0.3918197579249278,0
1571234677500,0.8058538777932641,0.4678219225631344,0.3530563762200765,2.4578572901918903,-0.3918197579249278,0
1571234677750,0.8493879429373472,0.4678219225631344,0.3530563762200765,-0.07706123135648663,-0.3938316463761429,0
1571234678000,0.6317176172169315,0.37027480710890637,0.49281599329232295,-1.3915448714841017,-0.3938316463761429,0
1571234678250,0.41404729149651587,0.33775910195749703,0.6675155146326309,-2.0113194252645132,-0.3938316463761429,0
1571234678500,0.3705132263524327,0.4027905122603157,0.6675155146326309,-3.8202356583779755,-0.3978554232785731,0
1571234678750,0.45758135664059896,0.37027480710890637,0.6675155146326309,-2.1284574925387862,-0.3978554232785731,0
1571234679000,0.5011154217846822,0.4027905122603157,0.6675155146326309,2.1343532415824367,-0.39584353482735807,0
1571234679250,0.45758135664059896,0.4027905122603157,0.6675155146326309,-0.4171422194502416,-0.3978554232785731,0
1571234679500,0.45758135664059896,0.37027480710890637,0.6325756103645693,0.04016141213964477,-0.3978554232785731,0
1571234679750,0.41404729149651587,0.4027905122603157,0.6325756103645693,2.292679928901887,-0.3978554232785731,0
1571234680000,0.5446494869287652,0.43530621741172504,0.5626958018284461,-1.0726925150768754,-0.39584353482735807,0
1571234680250,0.5011154217846822,0.4027905122603157,0.6325756103645693,2.118030030763711,-0.39584353482735807,0
1571234680500,0.45758135664059896,0.37027480710890637,0.6675155146326309,0.8723914352290625,-0.3938316463761429,0
1571234680750,0.45758135664059896,0.37027480710890637,0.6675155146326309,-1.7087057034541542,-0.3938316463761429,0
1571234681000,0.45758135664059896,0.37027480710890637,0.6675155146326309,1.1849851512187464,-0.39584353482735807,0
1571234681250,0.5011154217846822,0.37027480710890637,0.6675155146326309,-0.8096604650963786,-0.3938316463761429,0
1571234681500,0.45758135664059896,0.37027480710890637,0.6675155146326309,0.34717309748665554,-0.39584353482735807,0
1571234681750,0.5011154217846822,0.37027480710890637,0.6675155146326309,0.6383690293460932,-0.39584353482735807,0
1571234682000,0.45758135664059896,0.37027480710890637,0.6325756103645693,-0.937455136324845,-0.39584353482735807,0
1571234682250,0.45758135664059896,0.37027480710890637,0.6675155146326309,1.570906451559906,-0.39584353482735807,0
1571234682500,0.6317176172169315,0.4027905122603157,0.6325756103645693,0.26335806162470304,-0.39584353482735807,0
1571234682750,0.28344509606426643,0.37027480710890637,0.7024554189006925,-1.7844014220176732,-0.3938316463761429,0
1571234683000,0.3705132263524327,0.37027480710890637,0.7024554189006925,0.9491020684548859,-0.3978554232785731,0
1571234683250,0.41404729149651587,0.37027480710890637,0.7024554189006925,-0.22608453427148195,-0.3938316463761429,0
1571234683500,0.28344509606426643,0.33775910195749703,0.7373953231687541,0.7908599573572944,-0.39584353482735807,0
1571234683750,0.3705132263524327,0.37027480710890637,0.7024554189006925,0.3233226029225076,-0.39584353482735807,0
1571234684000,0.45758135664059896,0.37027480710890637,0.6675155146326309,-1.2565612213976471,-0.3978554232785731,0
1571234684250,0.45758135664059896,0.37027480710890637,0.6675155146326309,0.9782808649961308,-0.3938316463761429,0
1571234684500,0.45758135664059896,0.37027480710890637,0.7024554189006925,0.11560340203758793,-0.39584353482735807,0
1571234684750,0.41404729149651587,0.37027480710890637,0.7024554189006925,-1.0889311496737422,-0.39584353482735807,0
1571234685000,0.41404729149651587,0.37027480710890637,0.7024554189006925,1.4651015980146966,-0.3938316463761429,0
1571234685250,0.45758135664059896,0.37027480710890637,0.6675155146326309,0.03035057040403781,-0.3938316463761429,0
1571234685500,0.41404729149651587,0.37027480710890637,0.6675155146326309,-2.117039702587864,-0.3938316463761429,0
1571234685750,0.3705132263524327,0.37027480710890637,0.7024554189006925,1.179233968132356,-0.39584353482735807,0
1571234686000,0.41404729149651587,0.37027480710890637,0.7024554189006925,0.11416560626599036,-0.3918197579249278,0
1571234686250,0.41404729149651587,0.37027480710890637,0.6675155146326309,-1.7097206181164581,-0.39584353482735807,0
1571234686500,0.3705132263524327,0.37027480710890637,0.6675155146326309,0.9211073390196626,-0.39584353482735807,0
1571234686750,0.45758135664059896,0.37027480710890637,0.6675155146326309,-0.4942757337853584,-0.3998657411689364,0
1571234687000,0.45758135664059896,0.37027480710890637,0.6675155146326309,0.6414137733330056,-0.39584353482735807,0
1571234687250,0.45758135664059896,0.37027480710890637,0.6675155146326309,0.4474804966110508,-0.3978554232785731,0
1571234687500,0.5011154217846822,0.37027480710890637,0.6675155146326309,-1.0260910168327424,-0.3938316463761429,0
1571234687750,0.45758135664059896,0.37027480710890637,0.6675155146326309,1.531747660839337,-0.3938316463761429,0
1571234688000,0.45758135664059896,0.37027480710890637,0.6675155146326309,0.07703664487002954,-0.39584353482735807,0
1571234688250,0.5011154217846822,0.37027480710890637,0.6675155146326309,-1.1189557084335737,-0.3938316463761429,0
1571234688500,0.45758135664059896,0.37027480710890637,0.6675155146326309,1.9281564126909734,-0.39584353482735807,0
1571234688750,0.45758135664059896,0.37027480710890637,0.6675155146326309,-0.04974311169613278,-0.3918197579249278,0
1571234689000,0.3705132263524327,0.37027480710890637,0.7024554189006925,-1.0522250693870747,-0.39584353482735807,0
1571234689250,0.3705132263524327,0.37027480710890637,0.7024554189006925,0.6295731022727904,-0.3938316463761429,0
1571234689500,0.41404729149651587,0.37027480710890637,0.7024554189006925,-0.659875976184655,-0.39584353482735807,0
1571234689750,0.45758135664059896,0.37027480710890637,0.6675155146326309,1.1147023108541827,-0.3918197579249278,0
1571234690000,0.41404729149651587,0.37027480710890637,0.6675155146326309,0.10799154207030666,-0.39584353482735807,0
1571234690250,0.41404729149651587,0.37027480710890637,0.6675155146326309,-1.183741094377323,-0.3938316463761429,0
1571234690500,0.45758135664059896,0.37027480710890637,0.6675155146326309,1.5389366396973247,-0.3938316463761429,0
1571234690750,0.41404729149651587,0.37027480710890637,0.6675155146326309,0.29211397705665443,-0.39584353482735807,0
1571234691000,0.45758135664059896,0.37027480710890637,0.6675155146326309,-1.6193932131713873,-0.3938316463761429,0
1571234691250,0.45758135664059896,0.37027480710890637,0.6675155146326309,0.7834172498337305,-0.3938316463761429,0
1571234691500,0.45758135664059896,0.37027480710890637,0.6675155146326309,-0.18362727089842426,-0.3898094400345645,0
1571234691750,0.45758135664059896,0.37027480710890637,0.6325756103645693,-0.6166575268148692,-0.3938316463761429,0
1571234692000,0.45758135664059896,0.37027480710890637,0.6675155146326309,0.3273822615717243,-0.3938316463761429,0
1571234692250,0.45758135664059896,0.37027480710890637,0.6675155146326309,-0.596866690899938,-0.39584353482735807,0
1571234692500,0.45758135664059896,0.37027480710890637,0.6675155146326309,0.6518166486216234,-0.39584353482735807,0
1571234692750,0.5011154217846822,0.37027480710890637,0.6325756103645693,0.29558160215286033,-0.39584353482735807,0
1571234693000,0.5011154217846822,0.37027480710890637,0.6675155146326309,-0.8385855329720473,-0.3938316463761429,0
1571234693250,0.45758135664059896,0.37027480710890637,0.6675155146326309,1.2047759871336776,-0.39584353482735807,0
1571234693500,0.45758135664059896,0.37027480710890637,0.6325756103645693,0.18453302285241266,-0.39584353482735807,0
1571234693750,0.45758135664059896,0.37027480710890637,0.6325756103645693,-1.2869240850449135,-0.39584353482735807,0
1571234694000,0.45758135664059896,0.37027480710890637,0.6325756103645693,1.182109559675551,-0.3938316463761429,0
1571234694250,0.41404729149651587,0.37027480710890637,0.6675155146326309,0.19476674569731303,-0.3918197579249278,0
1571234694500,0.5011154217846822,0.37027480710890637,0.6325756103645693,-1.6026471212433684,-0.3918197579249278,0
1571234694750,0.5011154217846822,0.37027480710890637,0.6325756103645693,0.9708381574725667,-0.3938316463761429,0
1571234695000,0.45758135664059896,0.37027480710890637,0.6675155146326309,-0.5390165551486005,-0.39584353482735807,0
1571234695250,0.5011154217846822,0.37027480710890637,0.6325756103645693,-0.16831897474200308,-0.3918197579249278,0
1571234695500,0.5011154217846822,0.37027480710890637,0.6325756103645693,0.4994948730541394,-0.39584353482735807,0
1571234695750,0.45758135664059896,0.37027480710890637,0.6325756103645693,-0.6021949928770348,-0.3938316463761429,0
1571234696000,0.5011154217846822,0.37027480710890637,0.6675155146326309,1.179487696797932,-0.3938316463761429,0
1571234696250,0.45758135664059896,0.37027480710890637,0.6675155146326309,0.31088989830928154,-0.3938316463761429,0
1571234696500,0.45758135664059896,0.37027480710890637,0.6675155146326309,-0.8028097911258254,-0.3938316463761429,0
1571234696750,0.45758135664059896,0.37027480710890637,0.6675155146326309,1.3835701201429285,-0.3938316463761429,0
1571234697000,0.45758135664059896,0.37027480710890637,0.6675155146326309,-0.0011963603492500768,-0.3898094400345645,0
1571234697250,0.5011154217846822,0.37027480710890637,0.6675155146326309,-1.666840473634107,-0.3918197579249278,0
1571234697500,0.5011154217846822,0.37027480710890637,0.6325756103645693,0.8934509144718741,-0.3918197579249278,0
1571234697750,0.45758135664059896,0.37027480710890637,0.6675155146326309,-0.30330262482845743,-0.39584353482735807,0
1571234698000,0.45758135664059896,0.37027480710890637,0.6675155146326309,0.1450359272444088,-0.3918197579249278,0
1571234698250,0.45758135664059896,0.37027480710890637,0.6675155146326309,0.3633271558616636,-0.3938316463761429,0
1571234698500,0.45758135664059896,0.37027480710890637,0.6675155146326309,-0.7567157502128444,-0.3938316463761429,0
1571234698750,0.41404729149651587,0.37027480710890637,0.6675155146326309,1.4163856942240964,-0.3938316463761429,0
1571234699000,0.41404729149651587,0.37027480710890637,0.6325756103645693,0.21075165162860368,-0.3918197579249278,0
1571234699250,0.45758135664059896,0.37027480710890637,0.6675155146326309,-1.4916831181647794,-0.3898094400345645,0
1571234699500,0.45758135664059896,0.37027480710890637,0.6675155146326309,1.2380144423241393,-0.3938316463761429,0
1571234699750,0.41404729149651587,0.37027480710890637,0.6675155146326309,0.3837100253296056,-0.3898094400345645,0
1571234700000,0.5011154217846822,0.37027480710890637,0.6675155146326309,-0.8311428254484834,-0.3938316463761429,0
1571234700250,0.45758135664059896,0.37027480710890637,0.6675155146326309,-0.17576168226556696,-0.3918197579249278,0
1571234700500,0.2399110309201833,0.33775910195749703,0.7024554189006925,-0.8236155417030607,-0.3938316463761429,0
1571234700750,0.41404729149651587,0.37027480710890637,0.7024554189006925,0.9970567862487578,-0.3938316463761429,0
1571234701000,0.41404729149651587,0.37027480710890637,0.6675155146326309,0.25109450945519435,-0.39584353482735807,0
1571234701250,0.45758135664059896,0.33775910195749703,0.6675155146326309,-1.172915337979412,-0.3938316463761429,0
1571234701500,0.7623198126491809,0.43530621741172504,0.4578760890242613,2.12902493960534,-0.3938316463761429,0
1571234701750,0.5881835520728484,0.43530621741172504,0.5277558975603845,-0.21086081433691944,-0.39584353482735807,0
1571234702000,0.7187857475050978,0.4678219225631344,0.4229361847561997,-1.4164948569324123,-0.39584353482735807,0
1571234702250,0.7187857475050978,0.43530621741172504,0.4578760890242613,1.5972942327798145,-0.3938316463761429,0
1571234702500,0.6317176172169315,0.43530621741172504,0.5277558975603845,0.2237763897948405,-0.3918197579249278,0
1571234702750,0.5881835520728484,0.43530621741172504,0.5626958018284461,-0.4706789678867864,-0.39584353482735807,0
1571234703000,0.5011154217846822,0.4027905122603157,0.6325756103645693,-0.36047615080492557,-0.3938316463761429,0
1571234703250,0.5446494869287652,0.37027480710890637,0.6325756103645693,-1.6044232219024008,-0.39584353482735807,0
1571234703500,0.5446494869287652,0.37027480710890637,0.6325756103645693,2.0962939417460307,-0.39584353482735807,0
1571234703750,0.5011154217846822,0.37027480710890637,0.6325756103645693,-0.7863174278633827,-0.39584353482735807,0
1571234704000,0.5011154217846822,0.4027905122603157,0.5976357060965077,-1.3734455600063438,-0.3938316463761429,0
1571234704250,0.5446494869287652,0.4027905122603157,0.5976357060965077,0.6575678317080137,-0.39584353482735807,0
1571234704500,0.5446494869287652,0.37027480710890637,0.5976357060965077,-1.1202243517614539,-0.39584353482735807,0
1571234704750,0.45758135664059896,0.4027905122603157,0.5976357060965077,1.51745427934522,-0.3938316463761429,0
1571234705000,0.5011154217846822,0.4027905122603157,0.5976357060965077,-0.057693276550848764,-0.3938316463761429,0
1571234705250,0.5881835520728484,0.37027480710890637,0.5626958018284461,-0.24883553795146707,-0.3918197579249278,0
1571234705500,0.5881835520728484,0.4027905122603157,0.5626958018284461,0.3293275146744739,-0.3938316463761429,0
1571234705750,0.5446494869287652,0.4027905122603157,0.5626958018284461,-1.4027089327694473,-0.3938316463761429,0
1571234706000,0.28344509606426643,0.37027480710890637,0.5976357060965077,1.6095577849493232,-0.3978554232785731,0
1571234706250,0.45758135664059896,0.4027905122603157,0.6675155146326309,-0.2870639902315908,-0.3938316463761429,0
1571234706500,0.5446494869287652,0.4027905122603157,0.6325756103645693,1.6929499397019825,-0.39584353482735807,0
1571234706750,0.5446494869287652,0.4027905122603157,0.6325756103645693,0.20770690764169117,-0.39584353482735807,0
1571234707000,0.5011154217846822,0.4027905122603157,0.6325756103645693,-2.330932967668468,-0.3938316463761429,0
1571234707250,0.5011154217846822,0.4027905122603157,0.6675155146326309,0.039569378586634,-0.3938316463761429,0
1571234707500,0.5011154217846822,0.4027905122603157,0.6325756103645693,-1.0556081182614219,-0.3918197579249278,0
1571234707750,0.5446494869287652,0.4027905122603157,0.6325756103645693,1.8878135548643826,-0.3938316463761429,0
1571234708000,0.5446494869287652,0.4027905122603157,0.5626958018284461,-0.383142578263052,-0.3918197579249278,0
1571234708250,0.41404729149651587,0.37027480710890637,0.6675155146326309,0.140215082598464,-0.3938316463761429,0
1571234708500,0.45758135664059896,0.37027480710890637,0.6325756103645693,0.5649568687727583,-0.3918197579249278,0
1571234708750,0.45758135664059896,0.4027905122603157,0.6325756103645693,-1.5260210642394036,-0.3938316463761429,0
1571234709000,0.45758135664059896,0.4027905122603157,0.6325756103645693,1.4858227723700734,-0.3938316463761429,0
1571234709250,0.5446494869287652,0.37027480710890637,0.6675155146326309,-0.11841900384538147,-0.3938316463761429,0
1571234709500,0.5011154217846822,0.4027905122603157,0.5976357060965077,-0.963673765101036,-0.3938316463761429,0
1571234709750,0.5446494869287652,0.4027905122603157,0.6325756103645693,0.6480107186379828,-0.3918197579249278,0
1571234710000,0.5446494869287652,0.4027905122603157,0.6325756103645693,-1.0296432181508068,-0.3938316463761429,0
1571234710250,0.5446494869287652,0.4027905122603157,0.5976357060965077,0.9294803849836719,-0.3898094400345645,0
1571234710500,0.5446494869287652,0.4027905122603157,0.5976357060965077,0.17100082735502375,-0.3938316463761429,0
1571234710750,0.5446494869287652,0.4027905122603157,0.5976357060965077,-1.2045468449545584,-0.3898094400345645,0
1571234711000,0.5446494869287652,0.4027905122603157,0.5976357060965077,0.8602970355032712,-0.3938316463761429,0
1571234711250,0.6752516823610146,0.43530621741172504,0.49281599329232295,-0.9181717577410659,-0.3918197579249278,0
1571234711500,0.5011154217846822,0.43530621741172504,0.5277558975603845,1.3883063885670146,-0.3938316463761429,0
1571234711750,0.5881835520728484,0.43530621741172504,0.5976357060965077,0.7308954160594898,-0.3918197579249278,0
1571234712000,0.5011154217846822,0.4027905122603157,0.5976357060965077,-1.789475995329194,-0.3938316463761429,0
1571234712250,0.45758135664059896,0.37027480710890637,0.6325756103645693,1.59052813503112,-0.3938316463761429,0
1571234712500,0.5446494869287652,0.4027905122603157,0.5976357060965077,0.37694392758091116,-0.3938316463761429,0
1571234712750,0.5446494869287652,0.4027905122603157,0.5976357060965077,-0.9104753215519259,-0.3938316463761429,0
1571234713000,0.5446494869287652,0.4027905122603157,0.5976357060965077,-0.1734781242753826,-0.3918197579249278,0
1571234713250,0.5446494869287652,0.4027905122603157,0.5976357060965077,-1.5261056404612625,-0.3918197579249278,0
1571234713500,0.5446494869287652,0.4027905122603157,0.5976357060965077,1.7610337982982203,-0.3898094400345645,0
1571234713750,0.5446494869287652,0.4027905122603157,0.5626958018284461,0.16609540648722027,-0.3938316463761429,0
1571234714000,0.6317176172169315,0.4678219225631344,0.49281599329232295,-0.3243621040712689,-0.3938316463761429,0
1571234714250,0.45758135664059896,0.37027480710890637,0.6675155146326309,0.36256596986493544,-0.3938316463761429,0
1571234714500,0.5446494869287652,0.4027905122603157,0.6325756103645693,-1.2884464570383696,-0.3918197579249278,0
1571234714750,0.5446494869287652,0.4027905122603157,0.5976357060965077,1.9564894470136314,-0.3938316463761429,0
1571234715000,0.5446494869287652,0.4027905122603157,0.5976357060965077,0.2465273934748256,-0.3938316463761429,0
1571234715250,0.5446494869287652,0.4027905122603157,0.5976357060965077,-1.1449206085441885,-0.3938316463761429,0
1571234715500,0.5446494869287652,0.4027905122603157,0.5976357060965077,0.20204030077715956,-0.3938316463761429,0
1571234715750,0.5446494869287652,0.4027905122603157,0.5976357060965077,-1.144582303656754,-0.3918197579249278,0
1571234716000,0.5446494869287652,0.4027905122603157,0.5626958018284461,1.6153089680357136,-0.3938316463761429,0
1571234716250,0.5446494869287652,0.4027905122603157,0.5976357060965077,0.2587909456443343,-0.3918197579249278,0
1571234716500,0.5881835520728484,0.43530621741172504,0.5626958018284461,-1.834555121579871,-0.3918197579249278,0
1571234716750,0.3705132263524327,0.37027480710890637,0.6675155146326309,1.003907460219311,-0.3938316463761429,0
1571234717000,0.5011154217846822,0.37027480710890637,0.6325756103645693,-0.5252306309856355,-0.3938316463761429,0
1571234717250,0.45758135664059896,0.37027480710890637,0.6325756103645693,1.441927713225418,-0.3898094400345645,0
1571234717500,1.110592333801846,0.5003376277145437,0.4578760890242613,0.19933386167768177,-0.39584353482735807,0
1571234717750,0.2399110309201833,0.240211986503269,0.842215035972939,-2.2149789675002167,-0.3938316463761429,0
1571234718000,0.022240705199767605,0.240211986503269,0.9470347487771238,2.013578396768241,-0.39584353482735807,0
1571234718250,-0.06482742508839867,0.3052433968060877,0.9470347487771238,0.014619393138323207,-0.39584353482735807,0
1571234718500,0.19637696577610014,0.33775910195749703,0.8771549402410006,-1.2897996765881088,-0.3938316463761429,0
1571234718750,0.2399110309201833,0.33775910195749703,0.8771549402410006,0.212781480953212,-0.39584353482735807,0
1571234719000,-0.19542962052064808,0.27272769165467836,0.8771549402410006,0.347595978595949,-0.3918197579249278,0
1571234719250,-0.3260318159528975,0.4027905122603157,0.6325756103645693,1.026912192564872,-0.39584353482735807,0
1571234719500,1.067058268657763,0.5653690380173624,0.038597237807522056,-0.38162020626959575,-0.3938316463761429,0
1571234719750,1.1976604640900124,0.630400448320181,-0.13610228353278597,-1.3550925198630102,-0.3978554232785731,0
1571234720000,1.1976604640900124,0.532853332865953,-0.10116237926472436,1.7954563205947034,-0.3978554232785731,0
1571234720250,1.2847285943781785,0.532853332865953,-0.2059820920689092,-0.6503188631146242,-0.3998657411689364,0
1571234720500,1.1976604640900124,0.5003376277145437,-0.17104218780084757,2.2769487516361724,-0.3978554232785731,0
1571234720750,1.0235242035136798,0.4678219225631344,-0.031282570728601154,0.6064837937053705,-0.3978554232785731,0
1571234721000,1.1976604640900124,0.5003376277145437,-0.06622247499666276,-4.335981459272211,-0.3978554232785731,0
1571234721250,1.110592333801846,0.5003376277145437,0.003657333539460452,1.4611265155873387,-0.3978554232785731,0
1571234721500,1.1541263989459292,0.5003376277145437,-0.031282570728601154,-0.25661655036246567,-0.3978554232785731,0
1571234721750,1.067058268657763,0.4678219225631344,0.07353714207558366,-1.263242742924483,-0.39584353482735807,0
1571234722000,1.067058268657763,0.4678219225631344,0.038597237807522056,-0.26338264811116013,-0.3978554232785731,0
1571234722250,1.067058268657763,0.4678219225631344,0.038597237807522056,-1.1577761942667082,-0.39584353482735807,0
1571234722500,1.067058268657763,0.4678219225631344,0.003657333539460452,2.3480773542193227,-0.3998657411689364,0
1571234722750,1.067058268657763,0.4678219225631344,0.038597237807522056,-0.0006043267962393121,-0.3978554232785731,0
1571234723000,1.067058268657763,0.5003376277145437,0.003657333539460452,-0.0037336470050104973,-0.3998657411689364,0
1571234723250,0.9799901383695966,0.4027905122603157,0.21329675914783008,0.47369912538724185,-0.3978554232785731,0
1571234723500,1.0235242035136798,0.5003376277145437,0.14341695061170687,-1.2281436108531303,-0.3978554232785731,0
1571234723750,0.9799901383695966,0.4678219225631344,0.1783568548797685,1.9762802829285626,-0.3998657411689364,0
1571234724000,0.7623198126491809,0.33775910195749703,0.4578760890242613,0.3612973265370552,-0.3998657411689364,0
1571234724250,0.9364560732255135,0.4027905122603157,0.3530563762200765,-0.7037710353293104,-0.3978554232785731,0
1571234724500,0.9799901383695966,0.4678219225631344,0.1783568548797685,1.982031466014953,-0.39584353482735807,0
1571234724750,0.9799901383695966,0.5003376277145437,0.14341695061170687,-2.538736744775246,-0.3978554232785731,0
1571234725000,0.9364560732255135,0.4678219225631344,0.21329675914783008,-0.3012727955038491,-0.39584353482735807,0
1571234725250,0.9799901383695966,0.4678219225631344,0.21329675914783008,0.5261363829396238,-0.3978554232785731,0
1571234725500,1.0235242035136798,0.4678219225631344,0.1783568548797685,-0.848480950929513,-0.39584353482735807,0
1571234725750,0.9799901383695966,0.4678219225631344,0.1783568548797685,1.1384682291964718,-0.3998657411689364,0
1571234726000,0.9799901383695966,0.4678219225631344,0.1783568548797685,-0.6679952934830884,-0.3978554232785731,0
1571234726250,1.0235242035136798,0.4678219225631344,0.1783568548797685,-0.8331726547730918,-0.39584353482735807,0
1571234726500,0.7623198126491809,0.4027905122603157,0.3530563762200765,1.3510082747273364,-0.39584353482735807,0
1571234726750,0.9364560732255135,0.4678219225631344,0.2831765676839533,-0.8542321340159033,-0.3978554232785731,0
1571234727000,0.7623198126491809,0.4027905122603157,0.4229361847561997,1.0723296237029836,-0.39584353482735807,0
1571234727250,0.8058538777932641,0.4678219225631344,0.3530563762200765,0.22665198133803563,-0.3938316463761429,0
1571234727500,0.8493879429373472,0.4678219225631344,0.2831765676839533,-1.9593896250432834,-0.39584353482735807,0
1571234727750,0.8929220080814304,0.4678219225631344,0.2831765676839533,1.36361013178428,-0.39584353482735807,0
1571234728000,0.8493879429373472,0.4678219225631344,0.3530563762200765,0.2611590798563774,-0.3978554232785731,0
1571234728250,0.5446494869287652,0.37027480710890637,0.4229361847561997,-0.631289213196421,-0.39584353482735807,0
1571234728500,0.7187857475050978,0.4027905122603157,0.5626958018284461,0.47327624427794845,-0.3978554232785731,0
1571234728750,0.45758135664059896,0.37027480710890637,0.6675155146326309,-0.6526869973266672,-0.3938316463761429,0
1571234729000,0.7623198126491809,0.43530621741172504,0.6325756103645693,0.6947813693258331,-0.39584353482735807,0
1571234729250,0.3269791612083496,0.43530621741172504,0.6675155146326309,-0.12188662894158739,-0.39584353482735807,0
1571234729500,1.0235242035136798,0.4027905122603157,0.2831765676839533,-0.4666193092375698,-0.39584353482735807,0
1571234729750,0.9799901383695966,0.43530621741172504,0.24823666341589168,2.4354445913993397,-0.39584353482735807,0
1571234730000,0.9364560732255135,0.4678219225631344,0.21329675914783008,-1.1833182132680298,-0.3938316463761429,0
1571234730250,0.9799901383695966,0.4678219225631344,0.1783568548797685,-2.8345843688369112,-0.39584353482735807,0
1571234730500,1.067058268657763,0.4027905122603157,0.24823666341589168,2.2141931950170317,-0.3938316463761429,0
1571234730750,0.9364560732255135,0.4678219225631344,0.21329675914783008,-0.9831262961285325,-0.39584353482735807,0
1571234731000,0.9799901383695966,0.4678219225631344,0.14341695061170687,-0.24164655909347918,-0.3938316463761429,0
1571234731250,0.9799901383695966,0.4678219225631344,0.14341695061170687,0.7222686414299043,-0.3978554232785731,0
1571234731500,1.0235242035136798,0.4678219225631344,0.10847704634364527,-1.325744570878048,-0.39584353482735807,0
1571234731750,1.0235242035136798,0.4678219225631344,0.07353714207558366,1.7231436509055313,-0.39584353482735807,0
1571234732000,1.0235242035136798,0.4678219225631344,0.07353714207558366,-0.4935991240104889,-0.39584353482735807,0
1571234732250,1.0235242035136798,0.4678219225631344,0.07353714207558366,0.2650495860618767,-0.3918197579249278,0
1571234732500,1.067058268657763,0.4678219225631344,0.07353714207558366,0.19552793169404115,-0.39584353482735807,0
1571234732750,1.067058268657763,0.4678219225631344,0.07353714207558366,-1.059836929354356,-0.3918197579249278,0
1571234733000,1.067058268657763,0.4678219225631344,0.07353714207558366,1.9180072660679315,-0.39584353482735807,0
1571234733250,0.9364560732255135,0.43530621741172504,0.24823666341589168,-0.10023511614576512,-0.3938316463761429,0
1571234733500,0.9364560732255135,0.37027480710890637,0.2831765676839533,-1.730949249802987,-0.3998657411689364,0
1571234733750,0.8929220080814304,0.37027480710890637,0.2831765676839533,1.0818021605511559,-0.3978554232785731,0
1571234734000,0.8493879429373472,0.37027480710890637,0.2831765676839533,0.22699028622547038,-0.3978554232785731,0
1571234734250,0.8929220080814304,0.37027480710890637,0.2831765676839533,0.8249441747663426,-0.39584353482735807,0
1571234734500,0.8493879429373472,0.37027480710890637,0.2831765676839533,-0.09194664640361441,-0.3918197579249278,0
1571234734750,0.8929220080814304,0.37027480710890637,0.3181164719520149,-1.0125588213353534,-0.39584353482735807,0
1571234735000,0.8929220080814304,0.37027480710890637,0.2831765676839533,0.8311182389620264,-0.3938316463761429,0
1571234735250,0.8493879429373472,0.37027480710890637,0.3181164719520149,0.16355811983145987,-0.39584353482735807,0
1571234735500,0.8929220080814304,0.37027480710890637,0.2831765676839533,-1.1461046756502102,-0.3918197579249278,0
1571234735750,0.8929220080814304,0.4027905122603157,0.2831765676839533,0.4455352435083012,-0.3938316463761429,0
1571234736000,0.8493879429373472,0.37027480710890637,0.3181164719520149,-0.6248614203351612,-0.39584353482735807,0
1571234736250,0.8493879429373472,0.37027480710890637,0.3181164719520149,1.0560064128842583,-0.39584353482735807,0
1571234736500,0.8929220080814304,0.4027905122603157,0.3181164719520149,0.18021963553761997,-0.3938316463761429,0
1571234736750,0.8493879429373472,0.37027480710890637,0.3181164719520149,-1.0267676266076118,-0.39584353482735807,0
1571234737000,0.8493879429373472,0.4027905122603157,0.3181164719520149,1.2176315728561968,-0.3938316463761429,0
1571234737250,0.8493879429373472,0.37027480710890637,0.2831765676839533,0.06993224223390036,-0.3918197579249278,0
1571234737500,0.8493879429373472,0.37027480710890637,0.3181164719520149,-1.844535115759195,-0.3938316463761429,0
1571234737750,0.8493879429373472,0.4027905122603157,0.3181164719520149,0.9013165031047313,-0.3918197579249278,0
1571234738000,0.8058538777932641,0.37027480710890637,0.3530563762200765,-0.23107453136114411,-0.3938316463761429,0
1571234738250,0.8493879429373472,0.37027480710890637,0.3530563762200765,0.2761290711253638,-0.3938316463761429,0
1571234738500,0.7623198126491809,0.37027480710890637,0.3879962804881381,0.26775602516135444,-0.3938316463761429,0
1571234738750,0.7623198126491809,0.37027480710890637,0.3879962804881381,-1.1299506172752023,-0.3918197579249278,0
1571234739000,0.8058538777932641,0.37027480710890637,0.3879962804881381,1.7771878566732284,-0.3918197579249278,0
1571234739250,0.7187857475050978,0.37027480710890637,0.4229361847561997,0.3644266467458264,-0.3918197579249278,0
1571234739500,0.7623198126491809,0.37027480710890637,0.4229361847561997,-1.223491918650903,-0.3918197579249278,0
1571234739750,0.8058538777932641,0.37027480710890637,0.3879962804881381,0.7691238683396134,-0.3938316463761429,0
1571234740000,0.7623198126491809,0.37027480710890637,0.4229361847561997,-0.48006692851310007,-0.3898094400345645,0
1571234740250,0.7187857475050978,0.37027480710890637,0.4229361847561997,0.19916470923396443,-0.3918197579249278,0
1571234740500,0.6752516823610146,0.37027480710890637,0.4578760890242613,0.5352706149003613,-0.3938316463761429,0
1571234740750,0.6752516823610146,0.37027480710890637,0.4229361847561997,-0.7500342286860087,-0.3938316463761429,0
1571234741000,0.8058538777932641,0.37027480710890637,0.4229361847561997,0.9361619065105078,-0.3918197579249278,0
1571234741250,0.8058538777932641,0.4027905122603157,0.3879962804881381,-0.15563254146320096,-0.3898094400345645,0
1571234741500,0.8058538777932641,0.43530621741172504,0.3181164719520149,-0.9207090443968262,-0.3938316463761429,0
1571234741750,1.2411945292340956,0.4678219225631344,0.003657333539460452,0.9733754441283273,-0.3938316463761429,0
1571234742000,0.9364560732255135,0.43530621741172504,0.2831765676839533,-0.41147561258570997,-0.39584353482735807,0
1571234742250,1.067058268657763,0.43530621741172504,0.1783568548797685,0.05521597963048993,-0.3978554232785731,0
1571234742500,0.9364560732255135,0.43530621741172504,0.21329675914783008,-0.7354025423044569,-0.39584353482735807,0
1571234742750,0.9799901383695966,0.43530621741172504,0.21329675914783008,-1.8729527263037118,-0.39584353482735807,0
1571234743000,0.9799901383695966,0.43530621741172504,0.21329675914783008,1.5533991736351593,-0.39584353482735807,0
1571234743250,0.8929220080814304,0.4027905122603157,0.21329675914783008,0.5899914304429279,-0.39584353482735807,0
1571234743500,0.9799901383695966,0.43530621741172504,0.21329675914783008,-0.02352448291994177,-0.39584353482735807,0
1571234743750,0.9799901383695966,0.43530621741172504,0.21329675914783008,0.4592365914494074,-0.39584353482735807,0
1571234744000,0.9799901383695966,0.43530621741172504,0.21329675914783008,-0.8829880494478547,-0.39584353482735807,0
1571234744250,0.9799901383695966,0.43530621741172504,0.21329675914783008,1.2273578383699453,-0.3938316463761429,0
1571234744500,0.9364560732255135,0.43530621741172504,0.21329675914783008,-0.15453305057903813,-0.39584353482735807,0
1571234744750,0.9799901383695966,0.43530621741172504,0.1783568548797685,0.2513482381207704,-0.39584353482735807,0
1571234745000,0.9799901383695966,0.4678219225631344,0.14341695061170687,-0.2410545255404684,-0.39584353482735807,0
1571234745250,1.0235242035136798,0.4678219225631344,0.14341695061170687,-0.8404462098529383,-0.39584353482735807,0
1571234745500,1.067058268657763,0.43530621741172504,0.14341695061170687,0.8076060492853131,-0.3938316463761429,0
1571234745750,0.9799901383695966,0.43530621741172504,0.14341695061170687,0.20423928254548526,-0.39584353482735807,0
1571234746000,1.0235242035136798,0.4678219225631344,0.14341695061170687,-1.1554926362765237,-0.39584353482735807,0
1571234746250,0.8929220080814304,0.43530621741172504,0.24823666341589168,0.9628034163959922,-0.39584353482735807,0
1571234746500,0.9799901383695966,0.43530621741172504,0.1783568548797685,0.4340328773355206,-0.39584353482735807,0
1571234746750,1.110592333801846,0.43530621741172504,-0.031282570728601154,-0.8286901150145817,-0.3938316463761429,0
1571234747000,1.110592333801846,0.37027480710890637,0.10847704634364527,0.06731037935628126,-0.39584353482735807,0
1571234747250,0.8929220080814304,0.43530621741172504,0.2831765676839533,-0.6559854699791557,-0.39584353482735807,0
1571234747500,0.9364560732255135,0.43530621741172504,0.21329675914783008,0.8169940099116266,-0.3978554232785731,0
1571234747750,1.0235242035136798,0.4678219225631344,0.21329675914783008,2.0215285616229566,-0.39584353482735807,0
1571234748000,0.8058538777932641,0.43530621741172504,0.3530563762200765,1.7447951637013537,-0.39584353482735807,0
1571234748250,0.7187857475050978,0.33775910195749703,0.49281599329232295,-0.8746150034838452,-0.3978554232785731,0
1571234748500,0.7187857475050978,0.33775910195749703,0.49281599329232295,-2.456866962016043,-0.39584353482735807,0
1571234748750,0.6317176172169315,0.33775910195749703,0.49281599329232295,-2.8026145569743295,-0.39584353482735807,0
1571234749000,0.5881835520728484,0.33775910195749703,0.49281599329232295,0.580941774704049,-0.3938316463761429,0
1571234749250,0.6317176172169315,0.37027480710890637,0.49281599329232295,-0.21559708276100556,-0.3938316463761429,0
1571234749500,0.7187857475050978,0.37027480710890637,0.49281599329232295,0.30124820901739197,-0.3938316463761429,0
1571234749750,0.7187857475050978,0.37027480710890637,0.4229361847561997,0.726328300079121,-0.3938316463761429,0
1571234750000,1.415330789810428,0.4027905122603157,0.003657333539460452,-0.5369867258239921,-0.3978554232785731,0
1571234750250,1.1541263989459292,0.532853332865953,-0.13610228353278597,1.4051370567168922,-0.3978554232785731,0
1571234750500,0.9364560732255135,0.43530621741172504,0.24823666341589168,0.3268748042405722,-0.3998657411689364,0
1571234750750,0.9364560732255135,0.43530621741172504,0.24823666341589168,-1.793704806422128,-0.3978554232785731,0
1571234751000,0.9799901383695966,0.43530621741172504,0.24823666341589168,1.024797787018405,-0.3998657411689364,0
1571234751250,0.9364560732255135,0.43530621741172504,0.21329675914783008,2.7261330659276255,-0.39584353482735807,0
1571234751500,0.9364560732255135,0.43530621741172504,0.21329675914783008,-3.6071881555159586,-0.3978554232785731,0
1571234751750,0.9799901383695966,0.43530621741172504,0.21329675914783008,0.8319640011806132,-0.3978554232785731,0
1571234752000,0.9364560732255135,0.43530621741172504,0.21329675914783008,0.4188091574009581,-0.39584353482735807,0
1571234752250,0.9364560732255135,0.43530621741172504,0.21329675914783008,1.0808718221107103,-0.3938316463761429,0
1571234752500,0.9799901383695966,0.43530621741172504,0.21329675914783008,0.3549541098976542,-0.3978554232785731,0
1571234752750,0.9799901383695966,0.43530621741172504,0.21329675914783008,-0.6713783423574355,-0.39584353482735807,0
1571234753000,0.9364560732255135,0.43530621741172504,0.21329675914783008,1.1581744888895447,-0.3978554232785731,0
1571234753250,0.9364560732255135,0.43530621741172504,0.24823666341589168,0.21337351450622277,-0.39584353482735807,0
1571234753500,0.8929220080814304,0.43530621741172504,0.2831765676839533,-0.7924069158372077,-0.3978554232785731,0
1571234753750,0.8493879429373472,0.4027905122603157,0.3181164719520149,1.4045450231638814,-0.3938316463761429,0
1571234754000,0.8493879429373472,0.4027905122603157,0.3181164719520149,0.9351469918482036,-0.39584353482735807,0
1571234754250,0.8493879429373472,0.4027905122603157,0.3181164719520149,-2.9677073420424747,-0.39584353482735807,0
1571234754500,0.8493879429373472,0.4027905122603157,0.3181164719520149,0.6502097004063084,-0.3938316463761429,0
1571234754750,0.8493879429373472,0.4027905122603157,0.3181164719520149,0.29389007771568676,-0.3938316463761429,0
1571234755000,0.8493879429373472,0.4027905122603157,0.3181164719520149,-0.031220919109081712,-0.3938316463761429,0
1571234755250,0.8493879429373472,0.4027905122603157,0.3181164719520149,0.4797040371392082,-0.39584353482735807,0
1571234755500,0.8493879429373472,0.4027905122603157,0.3181164719520149,-0.3149741434449554,-0.39584353482735807,0
1571234755750,0.9364560732255135,0.3052433968060877,0.2831765676839533,0.6880152715771387,-0.39584353482735807,0
1571234756000,0.9799901383695966,0.532853332865953,0.21329675914783008,0.1555233787548852,-0.39584353482735807,0
1571234756250,0.8929220080814304,0.37027480710890637,0.3181164719520149,-0.415196966347492,-0.3938316463761429,0
1571234756500,1.2411945292340956,0.5978847431687717,-0.2758619006050324,0.9634800261708617,-0.3938316463761429,0
1571234756750,0.6317176172169315,0.37027480710890637,0.3879962804881381,1.004414917550463,-0.39584353482735807,0
1571234757000,0.8058538777932641,0.43530621741172504,0.2831765676839533,2.006135689244677,-0.39584353482735807,0
1571234757250,0.8493879429373472,0.43530621741172504,0.24823666341589168,0.9462264769116907,-0.3938316463761429,0
1571234757500,0.9364560732255135,0.4678219225631344,0.21329675914783008,-0.08475766754562657,-0.3938316463761429,0
1571234757750,0.9799901383695966,0.4678219225631344,0.21329675914783008,-1.470031605368957,-0.3938316463761429,0
1571234758000,0.9799901383695966,0.43530621741172504,0.21329675914783008,-4.406771756967927,-0.3938316463761429,0
1571234758250,0.9364560732255135,0.4678219225631344,0.24823666341589168,-0.7798896350021229,-0.3918197579249278,0
1571234758500,0.9364560732255135,0.43530621741172504,0.24823666341589168,-1.8671169669954628,-0.39584353482735807,0
1571234758750,0.8929220080814304,0.43530621741172504,0.2831765676839533,1.7421733008237346,-0.3938316463761429,0
1571234759000,0.8929220080814304,0.43530621741172504,0.2831765676839533,0.279258391334135,-0.3938316463761429,0
1571234759250,0.8929220080814304,0.43530621741172504,0.2831765676839533,-0.44851999775981216,-0.3938316463761429,0
1571234759500,0.9364560732255135,0.43530621741172504,0.2831765676839533,1.3132027035565061,-0.3938316463761429,0
1571234759750,0.8929220080814304,0.43530621741172504,0.2831765676839533,-0.16053796233100442,-0.3938316463761429,0
1571234760000,0.9364560732255135,0.43530621741172504,0.24823666341589168,1.9577580903415115,-0.3938316463761429,0
1571234760250,0.8493879429373472,0.4027905122603157,0.3181164719520149,0.3755907080311722,-0.3918197579249278,0
1571234760500,0.7187857475050978,0.4027905122603157,0.3879962804881381,-2.020199928559675,-0.3938316463761429,0
1571234760750,0.8058538777932641,0.37027480710890637,0.3879962804881381,1.249432232275061,-0.3938316463761429,0
1571234761000,0.6317176172169315,0.37027480710890637,0.4229361847561997,-0.18176659401753328,-0.3938316463761429,0
1571234761250,0.8058538777932641,0.4027905122603157,0.3530563762200765,-2.028150093414391,-0.3938316463761429,0
1571234761500,0.8493879429373472,0.37027480710890637,0.3530563762200765,1.4090275629223914,-0.39584353482735807,0
1571234761750,0.8929220080814304,0.4027905122603157,0.3530563762200765,0.18876183394534668,-0.3938316463761429,0
1571234762000,0.7623198126491809,0.37027480710890637,0.3879962804881381,0.40282425146966744,-0.3938316463761429,0
1571234762250,0.7623198126491809,0.37027480710890637,0.4229361847561997,1.1262046770269634,-0.3918197579249278,0
1571234762500,0.7187857475050978,0.33775910195749703,0.4229361847561997,-1.5154490365070685,-0.3918197579249278,0
1571234762750,0.6317176172169315,0.33775910195749703,0.4578760890242613,0.49315165641473835,-0.39584353482735807,0
1571234763000,0.6752516823610146,0.33775910195749703,0.4578760890242613,0.16482676315934008,-0.3918197579249278,0
1571234763250,0.7187857475050978,0.3052433968060877,0.4578760890242613,-1.4773897366706623,-0.3938316463761429,0
1571234763500,0.7623198126491809,0.33775910195749703,0.4578760890242613,1.000439835123105,-0.3918197579249278,0
1571234763750,0.7623198126491809,0.33775910195749703,0.4229361847561997,-0.3296058298265071,-0.3938316463761429,0
1571234764000,0.8058538777932641,0.27272769165467836,0.4229361847561997,0.15839897029808034,-0.3938316463761429,0
1571234764250,0.7187857475050978,0.3052433968060877,0.4229361847561997,0.3190937918295736,-0.3918197579249278,0
1571234764500,0.7623198126491809,0.3052433968060877,0.4229361847561997,-1.3710774257943008,-0.3938316463761429,0
1571234764750,0.7187857475050978,0.3052433968060877,0.4229361847561997,1.3833163914773523,-0.3918197579249278,0
1571234765000,0.7187857475050978,0.33775910195749703,0.4578760890242613,0.8459190777872955,-0.3918197579249278,0
1571234765250,0.7187857475050978,0.3052433968060877,0.4229361847561997,-1.2931827254624557,-0.3918197579249278,0
1571234765500,0.7187857475050978,0.33775910195749703,0.4229361847561997,0.8695158436858674,-0.3918197579249278,0
1571234765750,0.7187857475050978,0.33775910195749703,0.4229361847561997,-0.16662745030482945,-0.3898094400345645,0
1571234766000,0.7623198126491809,0.33775910195749703,0.4229361847561997,0.5188628278597773,-0.3938316463761429,0
1571234766250,0.7187857475050978,0.33775910195749703,0.4229361847561997,0.16364269605331855,-0.3918197579249278,0
1571234766500,0.8058538777932641,0.33775910195749703,0.3879962804881381,-0.7864865803071,-0.3918197579249278,0
1571234766750,0.8058538777932641,0.33775910195749703,0.3879962804881381,1.0450960802644884,-0.3918197579249278,0
1571234767000,0.7187857475050978,0.33775910195749703,0.4229361847561997,0.148418976118756,-0.3938316463761429,0
1571234767250,0.7187857475050978,0.33775910195749703,0.4229361847561997,-1.181626688830856,-0.3877975515833494,0
1571234767500,0.7187857475050978,0.33775910195749703,0.4229361847561997,1.2623723942194391,-0.3898094400345645,0
1571234767750,0.8058538777932641,0.33775910195749703,0.3879962804881381,0.13209576530003064,-0.3918197579249278,0
1571234768000,0.7623198126491809,0.33775910195749703,0.4229361847561997,-1.4834792246444872,-0.3898094400345645,0
1571234768250,0.7623198126491809,0.33775910195749703,0.4229361847561997,0.5296885842576884,-0.3898094400345645,0
1571234768500,0.8058538777932641,0.37027480710890637,0.3879962804881381,-0.3585308977021759,-0.3898094400345645,0
1571234768750,0.8058538777932641,0.33775910195749703,0.4229361847561997,0.38176477222685595,-0.3918197579249278,0
1571234769000,0.7623198126491809,0.33775910195749703,0.4229361847561997,0.29372092527196936,-0.3918197579249278,0
1571234769250,0.8058538777932641,0.33775910195749703,0.4229361847561997,-0.6480353051244397,-0.3918197579249278,0
1571234769500,0.7623198126491809,0.33775910195749703,0.4229361847561997,1.2713374737364593,-0.3898094400345645,0
1571234769750,0.7623198126491809,0.3052433968060877,0.4578760890242613,-0.15622457501621173,-0.3938316463761429,0
1571234770000,0.7187857475050978,0.33775910195749703,0.4229361847561997,-1.4608127971863611,-0.3918197579249278,0
1571234770250,0.7187857475050978,0.33775910195749703,0.4229361847561997,0.9667784988233502,-0.3898094400345645,0
1571234770500,0.7187857475050978,0.3052433968060877,0.4578760890242613,0.2636117902902791,-0.3918197579249278,0
1571234770750,0.41404729149651587,0.27272769165467836,0.5626958018284461,-0.562951625934607,-0.3918197579249278,0
1571234771000,0.5011154217846822,0.37027480710890637,0.7024554189006925,0.5572604325836185,-0.39584353482735807,0
1571234771250,0.2399110309201833,0.37027480710890637,0.5976357060965077,-0.39075443823033323,-0.3918197579249278,0
1571234771500,0.5011154217846822,0.37027480710890637,0.6325756103645693,0.7007862810777995,-0.3938316463761429,0
1571234771750,0.8058538777932641,0.37027480710890637,0.49281599329232295,1.1629953335354895,-0.3938316463761429,0
1571234772000,1.0235242035136798,0.4027905122603157,0.5277558975603845,-1.2832027312831316,-0.39584353482735807,0
1571234772250,1.110592333801846,0.5653690380173624,-0.2758619006050324,-0.5173650423527782,-0.3938316463761429,0
1571234772500,1.3282626595222617,0.5978847431687717,-0.5204412304814636,3.8506585117606433,-0.3978554232785731,0
1571234772750,1.5459329852426775,0.5978847431687717,-0.6252609432856484,-0.26211400478327995,-0.3938316463761429,0
1571234773000,1.5894670503867605,0.5653690380173624,-0.45056142194534043,-0.1602842336654284,-0.3978554232785731,0
1571234773250,1.371796724666345,0.5653690380173624,-0.3806816134092172,1.6842385888505382,-0.39584353482735807,0
1571234773500,1.371796724666345,0.630400448320181,-0.48550132621340203,-0.14556797106201796,-0.39584353482735807,0
1571234773750,1.371796724666345,0.5978847431687717,-0.5204412304814636,-1.5487720679193888,-0.39584353482735807,0
1571234774000,1.2411945292340956,0.43530621741172504,-0.24092199633697078,-1.1660646640088588,-0.3938316463761429,0
1571234774250,1.1976604640900124,0.532853332865953,-0.3457417091411556,-0.643721917809647,-0.3938316463761429,0
1571234774500,1.1976604640900124,0.5003376277145437,-0.17104218780084757,-1.8169632674332652,-0.3938316463761429,0
1571234774750,1.2411945292340956,0.5003376277145437,-0.2059820920689092,-2.3290722907875767,-0.39584353482735807,0
1571234775000,1.1976604640900124,0.5003376277145437,-0.2059820920689092,0.4991565681667047,-0.3938316463761429,0
1571234775250,1.2411945292340956,0.5003376277145437,-0.24092199633697078,-0.913097184429545,-0.3938316463761429,0
1571234775500,1.2847285943781785,0.5003376277145437,-0.2758619006050324,0.3368547984198965,-0.39584353482735807,0
1571234775750,1.2411945292340956,0.5003376277145437,-0.24092199633697078,1.4463256767620696,-0.3938316463761429,0
1571234776000,1.1976604640900124,0.532853332865953,-0.17104218780084757,-0.7631435430741041,-0.3918197579249278,0
1571234776250,1.2847285943781785,0.532853332865953,-0.24092199633697078,1.6418659016993393,-0.3938316463761429,0
1571234776500,1.1541263989459292,0.5003376277145437,-0.13610228353278597,-0.1934381126340312,-0.3938316463761429,0
1571234776750,1.2411945292340956,0.5003376277145437,-0.17104218780084757,1.3864457116861235,-0.3938316463761429,0
1571234777000,1.1976604640900124,0.5003376277145437,-0.17104218780084757,0.78857639936711,-0.3938316463761429,0
1571234777250,1.1976604640900124,0.5003376277145437,-0.17104218780084757,-1.6884074102080706,-0.3938316463761429,0
1571234777500,1.2411945292340956,0.5003376277145437,-0.17104218780084757,0.8736600785569427,-0.3938316463761429,0
1571234777750,1.2411945292340956,0.5003376277145437,-0.2059820920689092,-0.27530789539323414,-0.3918197579249278,0
1571234778000,1.2411945292340956,0.5003376277145437,-0.2059820920689092,-0.25314892526625976,-0.3938316463761429,0
1571234778250,1.1976604640900124,0.5003376277145437,-0.2059820920689092,0.6037773546058928,-0.3918197579249278,0
1571234778500,1.1976604640900124,0.5003376277145437,-0.2059820920689092,-0.40310256662170063,-0.3938316463761429,0
1571234778750,1.1976604640900124,0.5003376277145437,-0.2059820920689092,0.5791656740450167,-0.3938316463761429,0
1571234779000,1.1976604640900124,0.5003376277145437,-0.2059820920689092,0.33693937464175516,-0.3938316463761429,0
1571234779250,1.1976604640900124,0.5003376277145437,-0.2059820920689092,-1.0634737068942792,-0.3918197579249278,0
1571234779500,1.2411945292340956,0.5003376277145437,-0.2059820920689092,1.0969413042638598,-0.3938316463761429,0
1571234779750,1.1976604640900124,0.5003376277145437,-0.17104218780084757,0.03187294239749407,-0.3938316463761429,0
1571234780000,1.1976604640900124,0.5003376277145437,-0.2059820920689092,-0.8701324637253351,-0.3938316463761429,0
1571234780250,1.1976604640900124,0.5003376277145437,-0.2059820920689092,0.4753060736025567,-0.3918197579249278,0
1571234780500,1.1976604640900124,0.5003376277145437,-0.2059820920689092,-0.6729852905727506,-0.3918197579249278,0
1571234780750,1.2847285943781785,0.532853332865953,-0.24092199633697078,0.8364465409391232,-0.3938316463761429,0
1571234781000,1.2847285943781785,0.5653690380173624,-0.17104218780084757,-0.05151921235516507,-0.3938316463761429,0
1571234781250,1.2847285943781785,0.5003376277145437,0.14341695061170687,-1.179512283284389,-0.3938316463761429,0
1571234781500,0.9799901383695966,0.4678219225631344,0.10847704634364527,1.3983709589681976,-0.3938316463761429,0
1571234781750,1.067058268657763,0.4678219225631344,0.07353714207558366,0.7467957457689217,-0.39584353482735807,0
1571234782000,1.067058268657763,0.5003376277145437,0.038597237807522056,-0.9225697212777172,-0.39584353482735807,0
1571234782250,1.067058268657763,0.4678219225631344,0.003657333539460452,-0.48776336470223997,-0.3938316463761429,0
1571234782500,1.067058268657763,0.4678219225631344,0.003657333539460452,-1.8805645862709932,-0.39584353482735807,0
1571234782750,1.067058268657763,0.5003376277145437,0.003657333539460452,-0.021748382260909475,-0.3938316463761429,0
1571234783000,1.110592333801846,0.5003376277145437,0.003657333539460452,1.3302871003719596,-0.39584353482735807,0
1571234783250,1.110592333801846,0.4678219225631344,0.003657333539460452,-1.2382081812543133,-0.3938316463761429,0
1571234783500,1.110592333801846,0.5003376277145437,0.003657333539460452,1.465862784011425,-0.3978554232785731,0
1571234783750,1.110592333801846,0.4678219225631344,0.038597237807522056,0.19248318770712866,-0.39584353482735807,0
1571234784000,1.110592333801846,0.4678219225631344,0.003657333539460452,-0.8715702594969327,-0.39584353482735807,0
1571234784250,1.067058268657763,0.4678219225631344,0.038597237807522056,0.2796812724434284,-0.39584353482735807,0
1571234784500,1.0235242035136798,0.4678219225631344,0.07353714207558366,-0.3621676752420992,-0.39584353482735807,0
1571234784750,1.110592333801846,0.4678219225631344,0.003657333539460452,1.2524769762619734,-0.39584353482735807,0
1571234785000,1.067058268657763,0.4678219225631344,0.038597237807522056,0.25151739056448774,-0.39584353482735807,0
1571234785250,1.067058268657763,0.4678219225631344,0.038597237807522056,-1.5104590394174064,-0.39584353482735807,0
1571234785500,1.067058268657763,0.4678219225631344,0.038597237807522056,0.6444585173199182,-0.39584353482735807,0
1571234785750,1.067058268657763,0.4678219225631344,0.003657333539460452,0.018002442012670435,-0.39584353482735807,0
1571234786000,1.067058268657763,0.4678219225631344,0.003657333539460452,0.564533987663465,-0.39584353482735807,0
1571234786250,1.067058268657763,0.5003376277145437,0.003657333539460452,0.16025964717897132,-0.39584353482735807,0
1571234786500,1.067058268657763,0.4678219225631344,0.038597237807522056,-0.7376015240727827,-0.39584353482735807,0
1571234786750,1.067058268657763,0.4678219225631344,0.003657333539460452,1.274043912835937,-0.39584353482735807,0
1571234787000,1.067058268657763,0.4678219225631344,0.003657333539460452,-0.01041516853184627,-0.3938316463761429,0
1571234787250,1.110592333801846,0.4678219225631344,0.003657333539460452,-1.3822414870796464,-0.3938316463761429,0
1571234787500,1.110592333801846,0.5003376277145437,0.003657333539460452,0.7047613635051575,-0.39584353482735807,0
1571234787750,1.110592333801846,0.4678219225631344,0.003657333539460452,-0.14878186749264785,-0.3938316463761429,0
1571234788000,1.110592333801846,0.4678219225631344,0.003657333539460452,-0.24435299819295697,-0.39584353482735807,0
1571234788250,1.067058268657763,0.4678219225631344,0.038597237807522056,0.10765323718287195,-0.3918197579249278,0
1571234788500,1.110592333801846,0.4678219225631344,0.003657333539460452,-0.6363637865079418,-0.39584353482735807,0
1571234788750,1.110592333801846,0.4678219225631344,0.003657333539460452,1.2645713759877648,-0.3938316463761429,0
1571234789000,1.067058268657763,0.4678219225631344,0.038597237807522056,0.09386731301990699,-0.39584353482735807,0
1571234789250,1.110592333801846,0.4678219225631344,0.038597237807522056,-1.519339542712568,-0.3938316463761429,0
1571234789500,1.0235242035136798,0.43530621741172504,0.10847704634364527,0.9255053025563139,-0.39584353482735807,0
1571234789750,0.9799901383695966,0.43530621741172504,0.10847704634364527,-0.10446392723869916,-0.39584353482735807,0
1571234790000,0.9799901383695966,0.43530621741172504,0.14341695061170687,-1.3305654155239928,-0.39584353482735807,0
1571234790250,0.9364560732255135,0.43530621741172504,0.21329675914783008,0.07483766310170384,-0.3938316463761429,0
1571234790500,0.9364560732255135,0.43530621741172504,0.21329675914783008,-0.5146586032533004,-0.3938316463761429,0
1571234790750,0.8493879429373472,0.43530621741172504,0.3181164719520149,0.45847540545267934,-0.3938316463761429,0
1571234791000,0.8058538777932641,0.4027905122603157,0.3181164719520149,0.07974308396950733,-0.3938316463761429,0
1571234791250,0.8493879429373472,0.43530621741172504,0.3181164719520149,-0.7145122155053628,-0.39584353482735807,0
1571234791500,0.9364560732255135,0.43530621741172504,0.2831765676839533,1.3693613148706703,-0.3938316463761429,0
1571234791750,0.8493879429373472,0.43530621741172504,0.2831765676839533,-0.013290760075041411,-0.3938316463761429,0
1571234792000,0.8929220080814304,0.43530621741172504,0.2831765676839533,-0.5598223057258358,-0.39584353482735807,0
1571234792250,0.8929220080814304,0.43530621741172504,0.2831765676839533,0.4566147285717883,-0.3938316463761429,0
1571234792500,0.8493879429373472,0.43530621741172504,0.2831765676839533,-0.30516330170934836,-0.3918197579249278,0
1571234792750,0.8929220080814304,0.43530621741172504,0.2831765676839533,0.976081883227805,-0.3938316463761429,0
1571234793000,0.8929220080814304,0.43530621741172504,0.2831765676839533,0.12820525909453134,-0.39584353482735807,0
1571234793250,0.8929220080814304,0.43530621741172504,0.2831765676839533,-1.1293585837221916,-0.3938316463761429,0
1571234793500,0.8493879429373472,0.43530621741172504,0.2831765676839533,0.6107971810201632,-0.39584353482735807,0
1571234793750,0.8058538777932641,0.43530621741172504,0.3181164719520149,-0.2469748610705761,-0.3938316463761429,0
1571234794000,0.8929220080814304,0.43530621741172504,0.2831765676839533,0.4394457555344762,-0.39584353482735807,0
1571234794250,0.8929220080814304,0.43530621741172504,0.24823666341589168,0.042529546351687826,-0.3938316463761429,0
1571234794500,0.9364560732255135,0.43530621741172504,0.24823666341589168,-0.8430680727305574,-0.3918197579249278,0
1571234794750,0.9364560732255135,0.43530621741172504,0.24823666341589168,0.7440893066694441,-0.3938316463761429,0
1571234795000,0.9364560732255135,0.43530621741172504,0.24823666341589168,-0.014390250959204261,-0.3938316463761429,0
1571234795250,0.9364560732255135,0.43530621741172504,0.24823666341589168,-1.1433982365507325,-0.3918197579249278,0
1571234795500,0.9364560732255135,0.43530621741172504,0.2831765676839533,0.8231680741073104,-0.3938316463761429,0
1571234795750,0.9364560732255135,0.43530621741172504,0.24823666341589168,-0.14692119061175685,-0.3938316463761429,0
1571234796000,0.9364560732255135,0.43530621741172504,0.21329675914783008,-0.20942301856532186,-0.3938316463761429,0
1571234796250,0.9799901383695966,0.43530621741172504,0.21329675914783008,0.05775326628625035,-0.3938316463761429,0
1571234796500,0.9799901383695966,0.43530621741172504,0.1783568548797685,-0.6245231154477265,-0.3938316463761429,0
1571234796750,0.9364560732255135,0.4678219225631344,0.1783568548797685,0.8254516320974947,-0.3938316463761429,0
1571234797000,0.9799901383695966,0.4678219225631344,0.14341695061170687,0.027813283748277393,-0.39584353482735807,0
1571234797250,0.9799901383695966,0.4678219225631344,0.14341695061170687,-1.6326716800032002,-0.3938316463761429,0
1571234797500,1.0235242035136798,0.4678219225631344,0.10847704634364527,0.44807253016406157,-0.39584353482735807,0
1571234797750,1.0235242035136798,0.4678219225631344,0.10847704634364527,0.18123455019992413,-0.39584353482735807,0
1571234798000,1.067058268657763,0.43530621741172504,0.07353714207558366,0.033987347943961084,-0.39584353482735807,0
1571234798250,0.9799901383695966,0.4678219225631344,0.10847704634364527,0.8303570529652982,-0.3918197579249278,0
1571234798500,1.067058268657763,0.4678219225631344,0.07353714207558366,-0.09439935683751617,-0.3938316463761429,0
1571234798750,1.0235242035136798,0.4678219225631344,0.10847704634364527,0.8783963469810289,-0.3938316463761429,0
1571234799000,1.0235242035136798,0.4678219225631344,0.14341695061170687,-0.39269969133308286,-0.3938316463761429,0
1571234799250,0.9799901383695966,0.4678219225631344,0.1783568548797685,-1.9806182567298123,-0.3938316463761429,0
1571234799500,0.5446494869287652,0.20769628135185966,0.8072751317048774,0.546519252407566,-0.3938316463761429,0
1571234799750,0.7623198126491809,0.5003376277145437,0.4578760890242613,-0.714173910617928,-0.39584353482735807,0
1571234800000,0.8058538777932641,0.5653690380173624,0.4578760890242613,0.8682472003579872,-0.39584353482735807,0
1571234800250,0.5446494869287652,0.4027905122603157,0.5976357060965077,1.5906127112529789,-0.3938316463761429,0
1571234800500,0.5011154217846822,0.4027905122603157,0.5976357060965077,0.7712382738860805,-0.39584353482735807,0
1571234800750,0.5881835520728484,0.43530621741172504,0.5626958018284461,1.3204762586363528,-0.39584353482735807,0
1571234801000,0.6752516823610146,0.43530621741172504,0.49281599329232295,-1.8976489830864465,-0.3938316463761429,0
1571234801250,0.6752516823610146,0.43530621741172504,0.49281599329232295,-4.297160973439076,-0.3938316463761429,0
1571234801500,0.6752516823610146,0.43530621741172504,0.49281599329232295,0.45213218881327827,-0.3938316463761429,0
1571234801750,0.6317176172169315,0.43530621741172504,0.49281599329232295,-0.011514659416009118,-0.3938316463761429,0
1571234802000,0.7187857475050978,0.43530621741172504,0.49281599329232295,-1.1211546902018994,-0.3938316463761429,0
1571234802250,0.6317176172169315,0.4027905122603157,0.5277558975603845,0.8348395927238083,-0.3938316463761429,0
1571234802500,0.5881835520728484,0.43530621741172504,0.5277558975603845,-0.4307589911694892,-0.3938316463761429,0
1571234802750,0.5881835520728484,0.43530621741172504,0.5277558975603845,1.5088275047156345,-0.3938316463761429,0
1571234803000,0.6317176172169315,0.43530621741172504,0.5277558975603845,0.651647496177906,-0.3938316463761429,0
1571234803250,0.7187857475050978,0.43530621741172504,0.49281599329232295,-1.5226380153650567,-0.3938316463761429,0
1571234803500,0.7623198126491809,0.43530621741172504,0.4578760890242613,1.6781491008767133,-0.3938316463761429,0
1571234803750,0.6752516823610146,0.43530621741172504,0.49281599329232295,0.46828624718828626,-0.3938316463761429,0
1571234804000,0.6752516823610146,0.43530621741172504,0.49281599329232295,-1.715302648759131,-0.3938316463761429,0
1571234804250,0.7187857475050978,0.43530621741172504,0.49281599329232295,1.4201070479858786,-0.3938316463761429,0
1571234804500,0.6317176172169315,0.43530621741172504,0.49281599329232295,-0.10750867122561165,-0.3938316463761429,0
1571234804750,0.6317176172169315,0.43530621741172504,0.49281599329232295,-0.16510507831137322,-0.39584353482735807,0
1571234805000,0.6317176172169315,0.43530621741172504,0.49281599329232295,0.0579224187299677,-0.39584353482735807,0
1571234805250,0.6752516823610146,0.43530621741172504,0.49281599329232295,-1.06406574044729,-0.3918197579249278,0
1571234805500,0.6317176172169315,0.43530621741172504,0.5277558975603845,1.2619495131101457,-0.39584353482735807,0
1571234805750,0.5446494869287652,0.4027905122603157,0.5626958018284461,-0.30245686260987065,-0.3938316463761429,0
1571234806000,0.5881835520728484,0.4027905122603157,0.5626958018284461,-1.1955817654375385,-0.3938316463761429,0
1571234806250,0.7623198126491809,0.4027905122603157,0.4578760890242613,0.9696540903665453,-0.3938316463761429,0
1571234806500,0.7187857475050978,0.37027480710890637,0.5626958018284461,-0.8480580698202195,-0.3938316463761429,0
1571234806750,0.8929220080814304,0.4678219225631344,0.4578760890242613,1.3847541872489502,-0.39584353482735807,0
1571234807000,0.9364560732255135,0.43530621741172504,0.3879962804881381,0.07720579731374691,-0.3918197579249278,0
1571234807250,0.8929220080814304,0.4027905122603157,0.3181164719520149,-2.405529195347824,-0.3938316463761429,0
1571234807500,1.0235242035136798,0.4678219225631344,0.14341695061170687,1.4480172011992432,-0.39584353482735807,0
1571234807750,0.9364560732255135,0.4678219225631344,0.1783568548797685,1.9393204739763192,-0.39584353482735807,0
1571234808000,0.8493879429373472,0.43530621741172504,0.24823666341589168,0.4182171238479473,-0.3918197579249278,0
1571234808250,0.9364560732255135,0.43530621741172504,0.21329675914783008,-0.31015329879901055,-0.3918197579249278,0
1571234808500,0.8493879429373472,0.4027905122603157,0.3181164719520149,-2.6496161716319766,-0.3938316463761429,0
1571234808750,0.8058538777932641,0.43530621741172504,0.3181164719520149,0.9452961384712453,-0.3918197579249278,0
1571234809000,0.6752516823610146,0.4027905122603157,0.4229361847561997,-0.1261154400345214,-0.3938316463761429,0
1571234809250,0.7623198126491809,0.4027905122603157,0.3879962804881381,0.25109450945519435,-0.3918197579249278,0
1571234809500,0.8493879429373472,0.43530621741172504,0.3530563762200765,0.5087982574585943,-0.3938316463761429,0
1571234809750,0.8493879429373472,0.4027905122603157,0.3530563762200765,-0.9794049423667506,-0.3898094400345645,0
1571234810000,0.8058538777932641,0.4027905122603157,0.3530563762200765,1.1506472051441219,-0.3938316463761429,0
1571234810250,0.8493879429373472,0.4027905122603157,0.3530563762200765,0.22707486244732905,-0.3918197579249278,0
1571234810500,0.8058538777932641,0.4027905122603157,0.3879962804881381,-1.6023933925777922,-0.3938316463761429,0
1571234810750,0.8493879429373472,0.43530621741172504,0.3530563762200765,0.7775814905254815,-0.3938316463761429,0
1571234811000,0.7623198126491809,0.4027905122603157,0.3879962804881381,-0.2408007968748924,-0.3938316463761429,0
1571234811250,0.8493879429373472,0.43530621741172504,0.3530563762200765,1.3739284308510389,-0.3918197579249278,0
1571234811500,0.8493879429373472,0.43530621741172504,0.3530563762200765,0.19721945613121475,-0.3918197579249278,0
1571234811750,0.8058538777932641,0.43530621741172504,0.3879962804881381,-1.5326180095443809,-0.3938316463761429,0
1571234812000,0.8058538777932641,0.43530621741172504,0.3530563762200765,1.0620113246362246,-0.3918197579249278,0
1571234812250,0.7623198126491809,0.43530621741172504,0.3879962804881381,-0.03468854420528762,-0.3918197579249278,0
1571234812500,0.8058538777932641,0.43530621741172504,0.3530563762200765,-0.6846568091892485,-0.3898094400345645,0
1571234812750,0.8058538777932641,0.43530621741172504,0.3530563762200765,0.6068220985928052,-0.3918197579249278,0
1571234813000,0.7623198126491809,0.43530621741172504,0.3530563762200765,-0.6293439600936713,-0.3918197579249278,0
1571234813250,0.8058538777932641,0.43530621741172504,0.3530563762200765,0.8577597488475108,-0.39584353482735807,0
1571234813500,0.8058538777932641,0.43530621741172504,0.3530563762200765,-0.11968764717326169,-0.3938316463761429,0
1571234813750,0.8058538777932641,0.43530621741172504,0.3530563762200765,-1.2596059653845595,-0.3938316463761429,0
1571234814000,0.7623198126491809,0.43530621741172504,0.3879962804881381,0.4556843901313428,-0.3938316463761429,0
1571234814250,0.8058538777932641,0.43530621741172504,0.3530563762200765,-0.7227161090256548,-0.3938316463761429,0
1571234814500,0.8058538777932641,0.43530621741172504,0.3530563762200765,1.2550988391395925,-0.3918197579249278,0
1571234814750,0.8058538777932641,0.43530621741172504,0.3530563762200765,0.09860358144399312,-0.3918197579249278,0
1571234815000,0.8493879429373472,0.43530621741172504,0.3530563762200765,-1.4131118080580651,-0.3938316463761429,0
1571234815250,0.8058538777932641,0.43530621741172504,0.3530563762200765,0.804476729076542,-0.3918197579249278,0
1571234815500,0.8058538777932641,0.43530621741172504,0.3530563762200765,-0.40902290215180825,-0.3938316463761429,0
1571234815750,0.8058538777932641,0.43530621741172504,0.3530563762200765,-0.37756054762037905,-0.3918197579249278,0
1571234816000,0.7623198126491809,0.43530621741172504,0.3530563762200765,0.2891538092916006,-0.39584353482735807,0
1571234816250,0.7623198126491809,0.43530621741172504,0.3879962804881381,-0.8011182666886517,-0.3918197579249278,0
1571234816500,0.8058538777932641,0.43530621741172504,0.3530563762200765,1.3134564322220823,-0.39584353482735807,0
1571234816750,0.8058538777932641,0.43530621741172504,0.3530563762200765,0.06468851647866217,-0.3938316463761429,0
1571234817000,0.8058538777932641,0.4678219225631344,0.3530563762200765,-1.9458574295458946,-0.3898094400345645,0
1571234817250,0.8058538777932641,0.43530621741172504,0.3530563762200765,0.9576442668626127,-0.3918197579249278,0
1571234817500,0.8058538777932641,0.43530621741172504,0.3530563762200765,0.03872361636804719,-0.3898094400345645,0
1571234817750,0.8493879429373472,0.43530621741172504,0.3530563762200765,-1.078359121941407,-0.3938316463761429,0
1571234818000,0.8493879429373472,0.43530621741172504,0.3530563762200765,0.8170785861334854,-0.3898094400345645,0
1571234818250,0.8493879429373472,0.43530621741172504,0.3530563762200765,-0.40470951483701556,-0.3898094400345645,0
1571234818500,0.8493879429373472,0.43530621741172504,0.3181164719520149,0.10714577985171986,-0.3918197579249278,0
1571234818750,0.8058538777932641,0.43530621741172504,0.3530563762200765,0.3024322761234135,-0.3938316463761429,0
1571234819000,0.8493879429373472,0.43530621741172504,0.3530563762200765,-0.9868476498903146,-0.3938316463761429,0
1571234819250,0.8493879429373472,0.43530621741172504,0.3181164719520149,1.503922083847831,-0.3918197579249278,0
1571234819500,0.8058538777932641,0.43530621741172504,0.3181164719520149,-0.028007022678451846,-0.3918197579249278,0
1571234819750,0.8493879429373472,0.43530621741172504,0.3181164719520149,-1.3722614929003225,-0.3898094400345645,0
1571234820000,0.8493879429373472,0.43530621741172504,0.3181164719520149,0.6968111986504415,-0.3938316463761429,0
1571234820250,0.8929220080814304,0.43530621741172504,0.2831765676839533,-0.5494194304372182,-0.3898094400345645,0
1571234820500,1.067058268657763,0.5003376277145437,0.24823666341589168,1.004414917550463,-0.3938316463761429,0
1571234820750,0.7623198126491809,0.43530621741172504,0.3879962804881381,0.3443820821653191,-0.3918197579249278,0
1571234821000,0.7623198126491809,0.43530621741172504,0.3879962804881381,-1.0395386361082726,-0.3918197579249278,0
1571234821250,0.8058538777932641,0.43530621741172504,0.3879962804881381,1.66233334738914,-0.3898094400345645,0
1571234821500,0.7623198126491809,0.43530621741172504,0.4229361847561997,0.37525240314373753,-0.3938316463761429,0
1571234821750,0.8058538777932641,0.43530621741172504,0.3879962804881381,-1.1091448666979666,-0.3918197579249278,0
1571234822000,0.8493879429373472,0.43530621741172504,0.3530563762200765,0.0711163093399219,-0.3938316463761429,0
1571234822250,0.7623198126491809,0.4027905122603157,0.3879962804881381,-1.0166184799845701,-0.3918197579249278,0
1571234822500,0.8493879429373472,0.43530621741172504,0.3879962804881381,0.5164101174258755,-0.3918197579249278,0
1571234822750,0.8058538777932641,0.43530621741172504,0.3879962804881381,0.2823877115429062,-0.3938316463761429,0
1571234823000,0.7623198126491809,0.4027905122603157,0.3879962804881381,-0.9512410604878099,-0.3898094400345645,0
1571234823250,0.8929220080814304,0.4027905122603157,0.3530563762200765,1.8907737226294363,-0.3898094400345645,0
1571234823500,0.7623198126491809,0.4027905122603157,0.3879962804881381,0.39326713839963656,-0.3877975515833494,0
1571234823750,0.7623198126491809,0.43530621741172504,0.3530563762200765,-1.9389221793534828,-0.3918197579249278,0
1571234824000,0.8058538777932641,0.43530621741172504,0.3530563762200765,1.2286264816978254,-0.3918197579249278,0
1571234824250,0.8493879429373472,0.43530621741172504,0.3181164719520149,0.7159254247905033,-0.3898094400345645,0
1571234824500,0.8929220080814304,0.4678219225631344,0.2831765676839533,-0.708084422644103,-0.3918197579249278,0
1571234824750,0.8493879429373472,0.43530621741172504,0.3530563762200765,-0.6116675297252071,-0.3918197579249278,0
1571234825000,0.8058538777932641,0.43530621741172504,0.3530563762200765,-1.269332230898308,-0.3918197579249278,0
1571234825250,0.8058538777932641,0.43530621741172504,0.3530563762200765,2.015269921205414,-0.3898094400345645,0
1571234825500,0.8929220080814304,0.43530621741172504,0.3530563762200765,0.5012709737131718,-0.3918197579249278,0
1571234825750,0.8493879429373472,0.43530621741172504,0.3181164719520149,-2.64555651298276,-0.3918197579249278,0
1571234826000,0.7187857475050978,0.43530621741172504,0.4229361847561997,1.0949114749392515,-0.3938316463761429,0
1571234826250,0.6752516823610146,0.4027905122603157,0.4578760890242613,-0.015151436955932388,-0.3918197579249278,0
1571234826500,0.7187857475050978,0.43530621741172504,0.4229361847561997,-0.510006911051073,-0.3918197579249278,0
1571234826750,0.7623198126491809,0.4027905122603157,0.4229361847561997,1.3457645489720982,-0.3918197579249278,0
1571234827000,0.7187857475050978,0.4027905122603157,0.4229361847561997,-0.6618212292874047,-0.3918197579249278,0
1571234827250,0.7187857475050978,0.43530621741172504,0.4229361847561997,-0.8672568721821401,-0.3918197579249278,0
1571234827500,0.7623198126491809,0.4027905122603157,0.4229361847561997,0.020116847559137452,-0.3918197579249278,0
1571234827750,0.7623198126491809,0.43530621741172504,0.3879962804881381,-0.7133281483993412,-0.3918197579249278,0
1571234828000,0.6752516823610146,0.4678219225631344,0.3879962804881381,1.584438647057295,-0.3898094400345645,0
1571234828250,0.3705132263524327,0.3052433968060877,0.5976357060965077,0.19349810236943282,-0.3918197579249278,0
1571234828500,0.8058538777932641,0.4678219225631344,0.3879962804881381,-1.252332410304713,-0.3918197579249278,0
1571234828750,0.7623198126491809,0.43530621741172504,0.4578760890242613,2.060941081009102,-0.3938316463761429,0
1571234829000,0.45758135664059896,0.1751805762004503,0.49281599329232295,0.4796194609173495,-0.3918197579249278,0
1571234829250,0.8929220080814304,0.4027905122603157,0.4229361847561997,-2.608089246699364,-0.3918197579249278,0
1571234829500,0.8929220080814304,0.4027905122603157,0.3530563762200765,1.0384145587376528,-0.3918197579249278,0
1571234829750,0.6317176172169315,0.4027905122603157,0.4578760890242613,0.4535699845848758,-0.3938316463761429,0
1571234830000,0.7187857475050978,0.4027905122603157,0.4578760890242613,-0.550265192655805,-0.3918197579249278,0
1571234830250,0.7623198126491809,0.43530621741172504,0.4229361847561997,0.40096357458877646,-0.3938316463761429,0
1571234830500,0.7187857475050978,0.43530621741172504,0.4229361847561997,-1.28523256060774,-0.3918197579249278,0
1571234830750,0.7187857475050978,0.43530621741172504,0.4229361847561997,0.857421443960076,-0.3918197579249278,0
1571234831000,0.7623198126491809,0.43530621741172504,0.4229361847561997,-0.5622750161597376,-0.3918197579249278,0
1571234831250,0.7187857475050978,0.43530621741172504,0.4229361847561997,-0.5382553691518723,-0.3918197579249278,0
1571234831500,0.7623198126491809,0.43530621741172504,0.3879962804881381,1.829963419113045,-0.3898094400345645,0
1571234831750,0.8058538777932641,0.4678219225631344,0.3879962804881381,0.2538855247765308,-0.3918197579249278,0
1571234832000,0.8058538777932641,0.43530621741172504,0.3879962804881381,-1.9016240655138046,-0.3898094400345645,0
1571234832250,0.8058538777932641,0.4678219225631344,0.3879962804881381,0.9926588227121065,-0.3938316463761429,0
1571234832500,0.7623198126491809,0.43530621741172504,0.4229361847561997,-0.4465747446570625,-0.3918197579249278,0
1571234832750,0.8058538777932641,0.4678219225631344,0.3879962804881381,-0.7870786138601108,-0.3938316463761429,0
1571234833000,0.8058538777932641,0.4678219225631344,0.3879962804881381,0.32273056936949684,-0.3918197579249278,0
1571234833250,0.7623198126491809,0.43530621741172504,0.4229361847561997,-0.8793512719079314,-0.3877975515833494,0
1571234833500,0.8058538777932641,0.43530621741172504,0.3879962804881381,1.6140403247078332,-0.3918197579249278,0
1571234833750,0.8058538777932641,0.43530621741172504,0.3879962804881381,0.16423472960632932,-0.3898094400345645,0
1571234834000,0.8058538777932641,0.4678219225631344,0.3530563762200765,-1.9999862115354503,-0.3898094400345645,0
1571234834250,0.7623198126491809,0.43530621741172504,0.3879962804881381,0.9939274660399866,-0.3898094400345645,0
1571234834500,0.8058538777932641,0.43530621741172504,0.3879962804881381,-0.34965039440701445,-0.3877975515833494,0
1571234834750,0.7623198126491809,0.43530621741172504,0.3879962804881381,0.6701696887649571,-0.3898094400345645,0
1571234835000,0.8058538777932641,0.43530621741172504,0.3879962804881381,0.3563919056692518,-0.3898094400345645,0
1571234835250,0.7623198126491809,0.43530621741172504,0.3879962804881381,-1.1550697551672304,-0.3898094400345645,0
1571234835500,0.7187857475050978,0.43530621741172504,0.3879962804881381,1.4426888992221463,-0.3877975515833494,0
1571234835750,0.8058538777932641,0.43530621741172504,0.3879962804881381,0.00041058786606485586,-0.3898094400345645,0
1571234836000,0.7623198126491809,0.43530621741172504,0.3879962804881381,-1.144582303656754,-0.3898094400345645,0
1571234836250,0.8058538777932641,0.4678219225631344,0.3879962804881381,0.29862634613977285,-0.3898094400345645,0
1571234836500,0.8058538777932641,0.4678219225631344,0.3879962804881381,-0.8430680727305574,-0.3898094400345645,0
1571234836750,0.7623198126491809,0.43530621741172504,0.3879962804881381,1.6879599426123202,-0.3918197579249278,0
1571234837000,0.8058538777932641,0.43530621741172504,0.3879962804881381,0.08151918462853962,-0.3898094400345645,0
1571234837250,0.8058538777932641,0.43530621741172504,0.3879962804881381,-1.6680245407401286,-0.3898094400345645,0
1571234837500,0.7623198126491809,0.43530621741172504,0.3879962804881381,0.883386344070691,-0.3918197579249278,0
1571234837750,0.5446494869287652,0.240211986503269,0.6325756103645693,-0.43617186936844476,-0.3898094400345645,0
1571234838000,0.9799901383695966,0.5653690380173624,0.1783568548797685,0.5286736695953843,-0.3918197579249278,0
1571234838250,0.9364560732255135,0.4678219225631344,0.21329675914783008,0.796019106890674,-0.3898094400345645,0
1571234838500,1.0235242035136798,0.5653690380173624,0.07353714207558366,-0.9701015579622958,-0.3898094400345645,0
1571234838750,0.9799901383695966,0.532853332865953,0.10847704634364527,2.205481844165587,-0.3898094400345645,0
1571234839000,0.7623198126491809,0.4678219225631344,0.2831765676839533,2.705496467794107,-0.3898094400345645,0
1571234839250,0.8493879429373472,0.5653690380173624,0.24823666341589168,0.18681658084259706,-0.3898094400345645,0
1571234839500,0.5881835520728484,0.4678219225631344,0.4578760890242613,-1.5233146251399259,-0.3918197579249278,0
1571234839750,0.5011154217846822,0.27272769165467836,0.7024554189006925,-1.6763975867041379,-0.3938316463761429,0
1571234840000,0.5881835520728484,0.3052433968060877,0.5976357060965077,-3.2317543066852754,-0.3918197579249278,0
1571234840250,0.3705132263524327,0.3052433968060877,0.6675155146326309,-1.0069767906926805,-0.3898094400345645,0
1571234840500,0.3705132263524327,0.5653690380173624,0.3879962804881381,-1.416579433154271,-0.3918197579249278,0
1571234840750,1.2411945292340956,0.5003376277145437,0.2831765676839533,-1.0795431890474285,-0.3938316463761429,0
1571234841000,1.2411945292340956,0.532853332865953,0.10847704634364527,1.2019003955904823,-0.3898094400345645,0
1571234841250,1.1541263989459292,0.532853332865953,0.038597237807522056,1.5734437382156667,-0.3938316463761429,0
1571234841500,0.9799901383695966,0.532853332865953,0.1783568548797685,3.226316841999863,-0.3898094400345645,0
1571234841750,0.9799901383695966,0.5003376277145437,0.1783568548797685,2.664561576414506,-0.3918197579249278,0
1571234842000,0.9364560732255135,0.5653690380173624,0.1783568548797685,-4.054427216704662,-0.3918197579249278,0
1571234842250,0.9364560732255135,0.532853332865953,0.1783568548797685,-0.6404234451571584,-0.3898094400345645,0
1571234842500,0.9364560732255135,0.532853332865953,0.1783568548797685,0.31926294427329094,-0.3918197579249278,0
1571234842750,0.9364560732255135,0.532853332865953,0.1783568548797685,1.9454099619501442,-0.3877975515833494,0
1571234843000,0.9799901383695966,0.532853332865953,0.1783568548797685,1.1134336675263024,-0.3898094400345645,0
1571234843250,0.9364560732255135,0.5003376277145437,0.24823666341589168,-1.7626653329999924,-0.3898094400345645,0
1571234843500,0.9364560732255135,0.5003376277145437,0.24823666341589168,0.505161479918671,-0.3918197579249278,0
1571234843750,1.1541263989459292,0.532853332865953,-0.031282570728601154,-0.8110982608679761,-0.3898094400345645,0
1571234844000,1.0235242035136798,0.5653690380173624,0.07353714207558366,1.1860846421029092,-0.3938316463761429,0
1571234844250,0.8493879429373472,0.5978847431687717,0.1783568548797685,-0.4139283230196118,-0.3898094400345645,0
1571234844500,0.9799901383695966,0.532853332865953,0.24823666341589168,0.1818265837529349,-0.3938316463761429,0
1571234844750,0.9364560732255135,0.532853332865953,0.24823666341589168,0.9084209057408605,-0.3918197579249278,0
1571234845000,0.8493879429373472,0.532853332865953,0.2831765676839533,-1.038608297667827,-0.3918197579249278,0
1571234845250,0.8058538777932641,0.5653690380173624,0.24823666341589168,0.9404752938253005,-0.3918197579249278,0
1571234845500,0.8493879429373472,0.532853332865953,0.2831765676839533,-1.1057618178236195,-0.3877975515833494,0
1571234845750,0.8929220080814304,0.532853332865953,0.24823666341589168,-0.24680570862685874,-0.3898094400345645,0
1571234846000,0.9364560732255135,0.532853332865953,0.2831765676839533,1.0947423224955342,-0.3877975515833494,0
1571234846250,0.8493879429373472,0.532853332865953,0.2831765676839533,-0.8684409392881616,-0.3898094400345645,0
1571234846500,0.8493879429373472,0.532853332865953,0.2831765676839533,0.7067066166079071,-0.3877975515833494,0
1571234846750,0.8493879429373472,0.532853332865953,0.2831765676839533,-0.3437300588769068,-0.3918197579249278,0
1571234847000,0.8493879429373472,0.532853332865953,0.2831765676839533,0.766332853018277,-0.3877975515833494,0
1571234847250,0.9364560732255135,0.5653690380173624,0.2831765676839533,-0.1791447311399142,-0.3898094400345645,0
1571234847500,0.8058538777932641,0.5003376277145437,0.3879962804881381,-0.8716548357187914,-0.3898094400345645,0
1571234847750,0.7623198126491809,0.5653690380173624,0.4229361847561997,0.19561250791589985,-0.3898094400345645,0
1571234848000,0.8058538777932641,0.532853332865953,0.3879962804881381,-0.3139592287826512,-0.3898094400345645,0
1571234848250,0.7623198126491809,0.532853332865953,0.4229361847561997,1.570145265563178,-0.3877975515833494,0
1571234848500,0.7187857475050978,0.5653690380173624,0.4578760890242613,1.4326243288209632,-0.3898094400345645,0
1571234848750,0.6317176172169315,0.5653690380173624,0.49281599329232295,-1.4430517905960378,-0.3877975515833494,0
1571234849000,0.7187857475050978,0.532853332865953,0.4229361847561997,0.6003943057315455,-0.3898094400345645,0
1571234849250,1.0235242035136798,0.630400448320181,0.003657333539460452,-0.6108217675066202,-0.3898094400345645,0
1571234849500,1.067058268657763,0.7279475637744091,-0.45056142194534043,-2.2012776195591104,-0.3938316463761429,0
1571234849750,1.676535180674927,0.045117755594812944,-0.10116237926472436,0.9661864652703394,-0.3938316463761429,0
1571234850000,0.8493879429373472,0.630400448320181,-0.310801804873094,0.792805210460044,-0.3898094400345645,0
1571234850250,1.5023989200985943,0.6629161534715904,-0.3457417091411556,0.7060300068330377,-0.3877975515833494,0
1571234850500,1.2847285943781785,0.630400448320181,-0.2059820920689092,1.2353925794465201,-0.3918197579249278,0
1571234850750,1.2847285943781785,0.630400448320181,-0.2059820920689092,1.104045706899989,-0.3918197579249278,0
1571234851000,0.7187857475050978,0.5978847431687717,0.4229361847561997,0.3885308699755504,-0.3918197579249278,0
1571234851250,0.5446494869287652,0.4027905122603157,0.7373953231687541,-1.2552080018479084,-0.3938316463761429,0
1571234851500,0.06577477034385075,0.532853332865953,0.7373953231687541,-4.8366726926756005,-0.3918197579249278,0
1571234851750,-0.6743043371055626,0.6954318586229997,0.8072751317048774,0.9754898496747944,-0.3938316463761429,0
1571234852000,-0.021293359944315533,0.630400448320181,0.842215035972939,-2.8997926358899537,-0.3918197579249278,0
1571234852250,0.7187857475050978,0.4678219225631344,0.8072751317048774,-0.5890856784889393,-0.3938316463761429,0
1571234852500,0.7623198126491809,0.4678219225631344,0.5277558975603845,2.784744387675691,-0.3938316463761429,0
1571234852750,0.5881835520728484,0.43530621741172504,0.4229361847561997,-1.052901679161944,-0.3918197579249278,0
1571234853000,0.8929220080814304,0.5003376277145437,0.3181164719520149,0.3242529413629531,-0.3918197579249278,0
1571234853250,0.8493879429373472,0.4678219225631344,0.2831765676839533,-1.6009555968061948,-0.3898094400345645,0
1571234853500,0.8058538777932641,0.43530621741172504,0.2831765676839533,1.0866230051971006,-0.3918197579249278,0
1571234853750,0.9364560732255135,0.4678219225631344,0.21329675914783008,1.6462638652359907,-0.3877975515833494,0
1571234854000,0.9799901383695966,0.43530621741172504,0.21329675914783008,-0.9552161429151679,-0.3898094400345645,0
1571234854250,0.9364560732255135,0.4678219225631344,0.24823666341589168,0.44468948128971436,-0.3898094400345645,0
1571234854500,0.9364560732255135,0.4678219225631344,0.21329675914783008,-1.3362320223885242,-0.3938316463761429,0
1571234854750,0.9364560732255135,0.43530621741172504,0.24823666341589168,1.2632181564380258,-0.3918197579249278,0
1571234855000,0.8058538777932641,0.4678219225631344,0.2831765676839533,0.03880819258990587,-0.3938316463761429,0
1571234855250,0.9364560732255135,0.4678219225631344,0.2831765676839533,1.6769650337706916,-0.3918197579249278,0
1571234855500,0.45758135664059896,0.43530621741172504,0.5976357060965077,-0.4796440474038066,-0.3898094400345645,0
1571234855750,0.45758135664059896,0.37027480710890637,0.6675155146326309,0.7752979325352972,-0.3918197579249278,0
1571234856000,0.3269791612083496,0.37027480710890637,0.7024554189006925,-0.22667656782449272,-0.3877975515833494,0
1571234856250,0.3705132263524327,0.4027905122603157,0.7373953231687541,-1.1707163562110863,-0.3898094400345645,0
1571234856500,0.3705132263524327,0.4027905122603157,0.7373953231687541,0.9048687044227959,-0.3857856631321343,0
1571234856750,0.3705132263524327,0.4027905122603157,0.7373953231687541,-0.6963283278057464,-0.3898094400345645,0
1571234857000,0.3269791612083496,0.4027905122603157,0.7024554189006925,0.24728857947155372,-0.3877975515833494,0
1571234857250,0.28344509606426643,0.4027905122603157,0.7373953231687541,-1.1290202788347568,-0.3898094400345645,0
1571234857500,0.3269791612083496,0.4678219225631344,0.7373953231687541,1.0522004829006177,-0.3898094400345645,0
1571234857750,0.3269791612083496,0.43530621741172504,0.7373953231687541,-0.49309166667933685,-0.3898094400345645,0
1571234858000,0.28344509606426643,0.4678219225631344,0.7373953231687541,1.3277498137161992,-0.3898094400345645,0
1571234858250,0.3269791612083496,0.43530621741172504,0.7024554189006925,-0.21914928407907014,-0.3857856631321343,0
1571234858500,0.28344509606426643,0.43530621741172504,0.7373953231687541,-1.4650416082792952,-0.3898094400345645,0
1571234858750,0.28344509606426643,0.4027905122603157,0.7373953231687541,0.8445658582375566,-0.3877975515833494,0
1571234859000,0.3269791612083496,0.4027905122603157,0.7723352274368158,-1.2322032695023473,-0.3877975515833494,0
1571234859250,0.28344509606426643,0.4027905122603157,0.7723352274368158,1.1606271993234463,-0.3857856631321343,0
1571234859500,0.3705132263524327,0.43530621741172504,0.7373953231687541,1.952852669473708,-0.3898094400345645,0
1571234859750,0.3705132263524327,0.4027905122603157,0.7373953231687541,-2.8703601106831327,-0.3877975515833494,0
1571234860000,0.3269791612083496,0.4027905122603157,0.7373953231687541,-0.17804524025575133,-0.3877975515833494,0
1571234860250,0.3269791612083496,0.4027905122603157,0.7373953231687541,-0.2994121186229581,-0.3877975515833494,0
1571234860500,0.3705132263524327,0.4027905122603157,0.7373953231687541,-1.6897606297578096,-0.3877975515833494,0
1571234860750,0.3269791612083496,0.43530621741172504,0.7373953231687541,0.9370922449509532,-0.3857856631321343,0
1571234861000,0.3269791612083496,0.4027905122603157,0.7024554189006925,0.1122203531632407,-0.3857856631321343,0
1571234861250,0.3269791612083496,0.4027905122603157,0.7373953231687541,-1.4258828175587257,-0.383775345241771,0
1571234861500,0.3269791612083496,0.4027905122603157,0.7024554189006925,0.7259899951916864,-0.3857856631321343,0
1571234861750,0.3269791612083496,0.4027905122603157,0.7024554189006925,-0.26634281587621395,-0.3857856631321343,0
1571234862000,0.41404729149651587,0.4027905122603157,0.7024554189006925,-0.30888465547113036,-0.38176345679055584,0
1571234862250,0.3705132263524327,0.4027905122603157,0.7024554189006925,0.42295339227203343,-0.3857856631321343,0
1571234862500,0.41404729149651587,0.37027480710890637,0.7373953231687541,-0.756546597769127,-0.3857856631321343,0
1571234862750,0.5446494869287652,0.43530621741172504,0.6675155146326309,1.3533764089393794,-0.3877975515833494,0
1571234863000,0.7623198126491809,0.4678219225631344,0.4229361847561997,0.21819435915216756,-0.3877975515833494,0
1571234863250,0.5881835520728484,0.43530621741172504,0.5626958018284461,-1.4309573908702469,-0.3877975515833494,0
1571234863500,0.8058538777932641,0.43530621741172504,0.4229361847561997,1.7642476947288503,-0.3918197579249278,0
1571234863750,0.7187857475050978,0.43530621741172504,0.4229361847561997,0.6310108980443879,-0.3918197579249278,0
1571234864000,0.8058538777932641,0.4678219225631344,0.24823666341589168,-1.3790275906490168,-0.3898094400345645,0
1571234864250,0.8929220080814304,0.4678219225631344,0.3181164719520149,1.2816557728032183,-0.3877975515833494,0
1571234864500,0.9364560732255135,0.43530621741172504,0.4578760890242613,-1.0088374675735714,-0.3918197579249278,0
1571234864750,0.022240705199767605,0.27272769165467836,0.842215035972939,-2.177257972551245,-0.3877975515833494,0
1571234865000,0.3705132263524327,0.33775910195749703,0.842215035972939,2.191442191337046,-0.3898094400345645,0
1571234865250,0.3705132263524327,0.37027480710890637,0.7373953231687541,0.9979025484673446,-0.3857856631321343,0
1571234865500,0.6752516823610146,0.43530621741172504,0.8072751317048774,-0.12510052537221725,-0.3898094400345645,0
1571234865750,0.06577477034385075,0.4678219225631344,0.8072751317048774,0.5160718125384408,-0.3898094400345645,0
1571234866000,-0.4566340113851469,0.33775910195749703,0.7723352274368158,0.5636882254448781,-0.3898094400345645,0
1571234866250,0.022240705199767605,0.4027905122603157,0.7723352274368158,-1.2850634081640226,-0.3898094400345645,0
1571234866500,0.9799901383695966,0.4678219225631344,0.3181164719520149,-1.937061502472592,-0.3898094400345645,0
1571234866750,0.5011154217846822,0.4678219225631344,0.2831765676839533,1.4055599378261856,-0.3898094400345645,0
1571234867000,0.8058538777932641,0.4027905122603157,0.3879962804881381,1.0117730488521683,-0.3918197579249278,0
1571234867250,0.8929220080814304,0.4678219225631344,0.2831765676839533,-3.1993616137134007,-0.3877975515833494,0
1571234867500,1.0235242035136798,0.532853332865953,0.1783568548797685,-0.2779297582708532,-0.3898094400345645,0
1571234867750,0.8493879429373472,0.4678219225631344,0.2831765676839533,0.38971493708157195,-0.3898094400345645,0
1571234868000,1.0235242035136798,0.4678219225631344,0.21329675914783008,-0.013206183853182731,-0.3918197579249278,0
1571234868250,0.9364560732255135,0.4678219225631344,0.24823666341589168,0.39741137327071185,-0.3898094400345645,0
1571234868500,0.7623198126491809,0.43530621741172504,0.3181164719520149,-1.6489103146000668,-0.3918197579249278,0
1571234868750,0.9364560732255135,0.4678219225631344,0.2831765676839533,1.9580963952289463,-0.3918197579249278,0
1571234869000,0.6752516823610146,0.4027905122603157,0.4578760890242613,0.6957962839881373,-0.3898094400345645,0
1571234869250,0.7187857475050978,0.43530621741172504,0.4229361847561997,-0.057693276550848764,-0.3898094400345645,0
1571234869500,0.7623198126491809,0.43530621741172504,0.3879962804881381,-0.24798977573288025,-0.3898094400345645,0
1571234869750,0.8058538777932641,0.43530621741172504,0.4229361847561997,-0.44936575997839895,-0.3898094400345645,0
1571234870000,0.6752516823610146,0.43530621741172504,0.4229361847561997,2.084030389576522,-0.3918197579249278,0
1571234870250,0.7623198126491809,0.43530621741172504,0.3879962804881381,-0.0855188535423547,-0.3898094400345645,0
1571234870500,0.8493879429373472,0.4678219225631344,0.3181164719520149,-2.1786957683228425,-0.3898094400345645,0
1571234870750,0.8929220080814304,0.43530621741172504,0.3181164719520149,0.5884690584494715,-0.3918197579249278,0
1571234871000,0.8493879429373472,0.4678219225631344,0.3181164719520149,-0.39980409396921207,-0.3918197579249278,0
1571234871250,0.8929220080814304,0.4678219225631344,0.3181164719520149,1.0244594821309703,-0.3877975515833494,0
1571234871500,0.8493879429373472,0.4678219225631344,0.2831765676839533,0.21920927381447175,-0.3918197579249278,0
1571234871750,0.8493879429373472,0.43530621741172504,0.2831765676839533,-1.2760983286470025,-0.3898094400345645,0
1571234872000,0.8929220080814304,0.4678219225631344,0.2831765676839533,0.9813256089830432,-0.3898094400345645,0
1571234872250,0.8929220080814304,0.4678219225631344,0.2831765676839533,-0.1319511993427704,-0.3877975515833494,0
1571234872500,0.8493879429373472,0.4678219225631344,0.3181164719520149,0.256761116319726,-0.3898094400345645,0
1571234872750,0.8929220080814304,0.4678219225631344,0.2831765676839533,0.22673655755989433,-0.3877975515833494,0
1571234873000,0.8929220080814304,0.4678219225631344,0.2831765676839533,-0.5622750161597376,-0.3898094400345645,0
1571234873250,0.2399110309201833,0.33775910195749703,0.5626958018284461,0.961534773068112,-0.3898094400345645,0
1571234873500,0.7623198126491809,0.43530621741172504,0.3879962804881381,0.08634002927448442,-0.3877975515833494,0
1571234873750,0.5881835520728484,0.4027905122603157,0.49281599329232295,-1.0426679563170438,-0.3898094400345645,0
1571234874000,0.7187857475050978,0.4027905122603157,0.4578760890242613,0.6205234465339116,-0.3877975515833494,0
1571234874250,0.5446494869287652,0.4027905122603157,0.5626958018284461,0.4819875951293925,-0.3898094400345645,0
1571234874500,0.6752516823610146,0.4027905122603157,0.5277558975603845,0.4808881042452297,-0.3857856631321343,0
1571234874750,0.6317176172169315,0.43530621741172504,0.5277558975603845,-1.1768904204067698,-0.3877975515833494,0
1571234875000,0.6317176172169315,0.43530621741172504,0.5277558975603845,-0.8598987408804348,-0.3877975515833494,0
1571234875250,0.7623198126491809,0.43530621741172504,0.4578760890242613,0.5869466864560152,-0.383775345241771,0
1571234875500,0.7187857475050978,0.43530621741172504,0.49281599329232295,0.5392456973277193,-0.3877975515833494,0
1571234875750,0.6752516823610146,0.43530621741172504,0.49281599329232295,-0.913350913095121,-0.383775345241771,0
1571234876000,0.7623198126491809,0.4678219225631344,0.4229361847561997,1.3626797933438344,-0.3857856631321343,0
1571234876250,0.7623198126491809,0.4678219225631344,0.3879962804881381,0.265218738505594,-0.3857856631321343,0
1571234876500,0.7623198126491809,0.43530621741172504,0.3879962804881381,0.10494679808339416,-0.3898094400345645,0
1571234876750,0.8058538777932641,0.4678219225631344,0.3181164719520149,-0.3143821098919446,-0.3877975515833494,0
1571234877000,0.7187857475050978,0.43530621741172504,0.4229361847561997,-1.0178871233124505,-0.3898094400345645,0
1571234877250,0.8058538777932641,0.4678219225631344,0.3879962804881381,1.8988930399278698,-0.3877975515833494,0
1571234877500,0.8058538777932641,0.4678219225631344,0.3879962804881381,-0.7143430630616454,-0.3877975515833494,0
1571234877750,0.8929220080814304,0.4678219225631344,0.3181164719520149,-1.4391612843905388,-0.3898094400345645,0
1571234878000,0.8493879429373472,0.4678219225631344,0.3530563762200765,1.4453107620997654,-0.3857856631321343,0
1571234878250,0.8058538777932641,0.4678219225631344,0.3530563762200765,-1.0934982656541108,-0.3898094400345645,0
1571234878500,0.8493879429373472,0.4678219225631344,0.3530563762200765,-1.484663291750509,-0.3877975515833494,0
1571234878750,0.8493879429373472,0.43530621741172504,0.3530563762200765,1.1838010841127247,-0.3877975515833494,0
1571234879000,0.8058538777932641,0.4678219225631344,0.3530563762200765,-0.38914749001501836,-0.3857856631321343,0
1571234879250,0.8493879429373472,0.4678219225631344,0.3530563762200765,1.0045840699941804,-0.3857856631321343,0
1571234879500,0.8058538777932641,0.43530621741172504,0.3530563762200765,-0.13245865667392245,-0.3877975515833494,0
1571234879750,0.8493879429373472,0.4678219225631344,0.3181164719520149,-1.2816803592896753,-0.3877975515833494,0
1571234880000,0.8493879429373472,0.4678219225631344,0.2831765676839533,0.7900987713605663,-0.3877975515833494,0
1571234880250,0.8929220080814304,0.43530621741172504,0.2831765676839533,-0.3948140968795499,-0.3877975515833494,0
1571234880500,0.8493879429373472,0.43530621741172504,0.3530563762200765,1.0133799970674833,-0.3877975515833494,0
1571234880750,0.8929220080814304,0.4678219225631344,0.3530563762200765,0.22360723735112314,-0.3877975515833494,0
1571234881000,0.8058538777932641,0.43530621741172504,0.3530563762200765,-0.9039629524688074,-0.3857856631321343,0
1571234881250,0.7623198126491809,0.43530621741172504,0.3530563762200765,1.5414739263530854,-0.3857856631321343,0
1571234881500,0.8058538777932641,0.43530621741172504,0.3879962804881381,-0.026061769575702193,-0.3857856631321343,0
1571234881750,0.7623198126491809,0.43530621741172504,0.3879962804881381,-1.8638184943429743,-0.3877975515833494,0
1571234882000,0.8493879429373472,0.4678219225631344,0.3530563762200765,0.4699777716254599,-0.3857856631321343,0
1571234882250,0.8493879429373472,0.4678219225631344,0.3530563762200765,-0.3437300588769068,-0.383775345241771,0
1571234882500,0.8493879429373472,0.4678219225631344,0.3181164719520149,1.1809254925695296,-0.3877975515833494,0
1571234882750,0.8058538777932641,0.4678219225631344,0.3530563762200765,0.9139183601616748,-0.3857856631321343,0
1571234883000,0.8058538777932641,0.4678219225631344,0.3530563762200765,-1.6047615267898354,-0.3877975515833494,0
1571234883250,0.8058538777932641,0.4678219225631344,0.3181164719520149,1.7220441600213685,-0.383775345241771,0
1571234883500,0.8493879429373472,0.4678219225631344,0.3181164719520149,-0.10708579011631826,-0.3857856631321343,0
1571234883750,0.8493879429373472,0.4678219225631344,0.3181164719520149,-0.9943749336357371,-0.383775345241771,0
1571234884000,0.8493879429373472,0.43530621741172504,0.3530563762200765,0.2356170608550558,-0.3857856631321343,0
1571234884250,0.8493879429373472,0.4678219225631344,0.3181164719520149,-0.36098360813607766,-0.383775345241771,0
1571234884500,0.8493879429373472,0.4678219225631344,0.2831765676839533,0.011574649151410705,-0.3877975515833494,0
1571234884750,0.9799901383695966,0.5978847431687717,0.10847704634364527,-0.21762691208561388,-0.3898094400345645,0
1571234885000,0.8929220080814304,0.5003376277145437,0.21329675914783008,-0.28478043224140637,-0.3898094400345645,0
1571234885250,0.9364560732255135,0.5003376277145437,0.2831765676839533,0.5584444996896399,-0.3877975515833494,0
1571234885500,0.8493879429373472,0.43530621741172504,0.3181164719520149,0.11763323136219626,-0.3857856631321343,0
1571234885750,0.9364560732255135,0.4678219225631344,0.2831765676839533,-0.032743291102537965,-0.3877975515833494,0
1571234886000,0.9364560732255135,0.4678219225631344,0.2831765676839533,0.5968421044134808,-0.3877975515833494,0
1571234886250,0.8929220080814304,0.4678219225631344,0.2831765676839533,-2.2205609981428895,-0.3877975515833494,0
1571234886500,0.8493879429373472,0.4678219225631344,0.2831765676839533,-1.6238757529298975,-0.3857856631321343,0
1571234886750,0.7623198126491809,0.43530621741172504,0.3530563762200765,0.8523468706485553,-0.3857856631321343,0
1571234887000,0.8058538777932641,0.4678219225631344,0.3181164719520149,-0.6154734597088477,-0.3857856631321343,0
1571234887250,0.8058538777932641,0.43530621741172504,0.3530563762200765,1.5706527228943301,-0.3877975515833494,0
1571234887500,0.9364560732255135,0.4678219225631344,0.2831765676839533,0.28940753795717666,-0.3877975515833494,0
1571234887750,0.8493879429373472,0.4027905122603157,0.3181164719520149,-0.7467357560335202,-0.3857856631321343,0
1571234888000,0.9364560732255135,0.5003376277145437,0.21329675914783008,0.050564287428262494,-0.3877975515833494,0
1571234888250,0.7623198126491809,0.532853332865953,0.3530563762200765,-0.17533880115627354,-0.3877975515833494,0
1571234888500,1.1541263989459292,0.5978847431687717,-0.2758619006050324,1.0198923661506016,-0.3877975515833494,0
1571234888750,1.2411945292340956,0.532853332865953,-0.2758619006050324,0.5486336579540331,-0.3857856631321343,0
1571234889000,1.2847285943781785,0.5978847431687717,-0.24092199633697078,-1.3695550538008445,-0.3877975515833494,0
1571234889250,1.1976604640900124,0.5653690380173624,-0.10116237926472436,3.6565560825949714,-0.3857856631321343,0
1571234889500,1.1541263989459292,0.532853332865953,-0.06622247499666276,1.4352461916985824,-0.3857856631321343,0
1571234889750,0.6752516823610146,0.43530621741172504,0.24823666341589168,-0.1978360761706826,-0.3877975515833494,0
1571234890000,1.067058268657763,0.5003376277145437,0.21329675914783008,-1.6433282839573937,-0.3877975515833494,0
1571234890250,0.8493879429373472,0.4678219225631344,0.24823666341589168,-1.8025853097172897,-0.3877975515833494,0
1571234890500,0.9364560732255135,0.4678219225631344,0.14341695061170687,-2.203984058658588,-0.3877975515833494,0
1571234890750,1.2411945292340956,0.630400448320181,-0.06622247499666276,-0.3240237991838342,-0.3898094400345645,0
1571234891000,1.0235242035136798,0.5653690380173624,-0.3806816134092172,-0.6156426121525651,-0.3877975515833494,0
1571234891250,1.1541263989459292,0.5003376277145437,-0.031282570728601154,0.5649568687727583,-0.3898094400345645,0
1571234891500,1.110592333801846,0.4678219225631344,0.038597237807522056,2.8626390880075356,-0.3898094400345645,0
1571234891750,1.1976604640900124,0.630400448320181,-0.2059820920689092,2.2101335363678145,-0.3898094400345645,0
1571234892000,1.110592333801846,0.5003376277145437,-0.10116237926472436,0.5627578870044326,-0.3918197579249278,0
1571234892250,1.110592333801846,0.532853332865953,-0.10116237926472436,-3.7710122972562234,-0.3898094400345645,0
1571234892500,1.1976604640900124,0.532853332865953,-0.2059820920689092,-2.800161846540428,-0.3898094400345645,0
1571234892750,1.1541263989459292,0.532853332865953,-0.10116237926472436,1.8114412265259938,-0.3877975515833494,0
1571234893000,1.1541263989459292,0.532853332865953,-0.13610228353278597,0.164319305828188,-0.3918197579249278,0
1571234893250,1.2411945292340956,0.5978847431687717,-0.17104218780084757,1.8111029216385592,-0.3898094400345645,0
1571234893500,1.1976604640900124,0.5653690380173624,-0.10116237926472436,-0.3555707299371221,-0.3898094400345645,0
1571234893750,1.2411945292340956,0.532853332865953,-0.031282570728601154,-1.2026861680736676,-0.3898094400345645,0
1571234894000,1.1541263989459292,0.6629161534715904,-0.24092199633697078,0.6881844240208561,-0.3877975515833494,0
1571234894250,0.7623198126491809,0.7604632689258184,-0.48550132621340203,-0.41274425591359026,-0.3877975515833494,0
1571234894500,1.067058268657763,0.6629161534715904,-0.2059820920689092,2.603920425341832,-0.38176345679055584,0
1571234894750,0.8058538777932641,0.4678219225631344,0.24823666341589168,0.5537082312655538,-0.3877975515833494,0
1571234895000,0.9799901383695966,0.532853332865953,0.21329675914783008,-0.0426387090600036,-0.3857856631321343,0
1571234895250,0.9364560732255135,0.5003376277145437,0.24823666341589168,1.2977252549563678,-0.3877975515833494,0
1571234895500,1.0235242035136798,0.5003376277145437,0.21329675914783008,-1.1974424423184293,-0.3877975515833494,0
1571234895750,0.9364560732255135,0.5003376277145437,0.21329675914783008,-6.347796048624648,-0.3857856631321343,0
1571234896000,0.9364560732255135,0.5003376277145437,0.21329675914783008,0.3140192185180527,-0.3877975515833494,0
1571234896250,1.0235242035136798,0.5003376277145437,0.1783568548797685,-0.006778390991923001,-0.3877975515833494,0
1571234896500,0.9364560732255135,0.5003376277145437,0.21329675914783008,0.6025932874998713,-0.3877975515833494,0
1571234896750,0.9799901383695966,0.5003376277145437,0.21329675914783008,0.7769894569724708,-0.3857856631321343,0
1571234897000,0.9799901383695966,0.5003376277145437,0.21329675914783008,-0.842391462955688,-0.3877975515833494,0
1571234897250,0.9799901383695966,0.5003376277145437,0.21329675914783008,1.8003617414625068,-0.3857856631321343,0
1571234897500,0.9799901383695966,0.5003376277145437,0.1783568548797685,0.5749368629520827,-0.3877975515833494,0
1571234897750,0.9799901383695966,0.5003376277145437,0.1783568548797685,-1.3626198036084327,-0.3857856631321343,0
1571234898000,0.9799901383695966,0.5003376277145437,0.1783568548797685,0.7784272527440683,-0.3857856631321343,0
1571234898250,0.9799901383695966,0.5003376277145437,0.1783568548797685,-0.3843266453690735,-0.3857856631321343,0
1571234898500,0.9799901383695966,0.5003376277145437,0.1783568548797685,1.0041611888848871,-0.3857856631321343,0
1571234898750,0.9364560732255135,0.5003376277145437,0.1783568548797685,0.39056069930015874,-0.3877975515833494,0
1571234899000,0.9799901383695966,0.5003376277145437,0.1783568548797685,-1.122085028642345,-0.3877975515833494,0
1571234899250,0.9364560732255135,0.5003376277145437,0.1783568548797685,1.3338393016900243,-0.3877975515833494,0
1571234899500,0.8058538777932641,0.532853332865953,0.14341695061170687,0.208806398525854,-0.3898094400345645,0
1571234899750,0.9364560732255135,0.5003376277145437,0.21329675914783008,-1.6264130395856577,-0.3898094400345645,0
1571234900000,0.8058538777932641,0.4027905122603157,0.49281599329232295,1.1139411248574544,-0.3898094400345645,0
1571234900250,0.8929220080814304,0.5978847431687717,0.4229361847561997,0.31638735273009577,-0.3877975515833494,0
1571234900500,0.5881835520728484,0.4027905122603157,0.6325756103645693,0.01614176513177946,-0.3898094400345645,0
1571234900750,0.5446494869287652,0.4027905122603157,0.5626958018284461,0.8019394424207815,-0.3877975515833494,0
1571234901000,0.6752516823610146,0.4678219225631344,0.49281599329232295,-1.2734764657693833,-0.3898094400345645,0
1571234901250,1.110592333801846,0.8254946792286371,-0.031282570728601154,1.705213491871491,-0.3898094400345645,0
1571234901500,0.8493879429373472,0.532853332865953,0.3181164719520149,-2.852345375427234,-0.3898094400345645,0
1571234901750,0.8058538777932641,0.5003376277145437,0.3530563762200765,-2.447901882499023,-0.3898094400345645,0
1571234902000,0.6317176172169315,0.532853332865953,0.3530563762200765,1.5462101947771716,-0.3877975515833494,0
1571234902250,0.6752516823610146,0.5003376277145437,0.3879962804881381,2.452190683327359,-0.3898094400345645,0
1571234902500,0.8058538777932641,0.5003376277145437,0.3530563762200765,0.16195117161614495,-0.3898094400345645,0
1571234902750,0.7187857475050978,0.5003376277145437,0.4229361847561997,-1.644343198619698,-0.3898094400345645,0
1571234903000,0.6752516823610146,0.4678219225631344,0.4229361847561997,-1.3615203127242699,-0.3898094400345645,0
1571234903250,0.8058538777932641,0.5003376277145437,0.4229361847561997,0.6885227289082908,-0.3898094400345645,0
1571234903500,0.6752516823610146,0.5003376277145437,0.4229361847561997,0.2009408098929967,-0.3898094400345645,0
1571234903750,0.7623198126491809,0.5003376277145437,0.4229361847561997,-1.3772514899899844,-0.3898094400345645,0
1571234904000,0.5011154217846822,0.37027480710890637,0.6325756103645693,1.2380990185459977,-0.3898094400345645,0
1571234904250,0.45758135664059896,0.4678219225631344,0.7024554189006925,0.4266747460338154,-0.3877975515833494,0
1571234904500,0.41404729149651587,0.43530621741172504,0.7024554189006925,-2.16922323147467,-0.3898094400345645,0
1571234904750,0.3269791612083496,0.43530621741172504,0.7373953231687541,0.7853625029364801,-0.3877975515833494,0
1571234905000,0.3269791612083496,0.4678219225631344,0.7373953231687541,-0.5593994246165425,-0.3898094400345645,0
1571234905250,0.3269791612083496,0.4678219225631344,0.7024554189006925,-1.5650107025162556,-0.3877975515833494,0
1571234905500,0.45758135664059896,0.4678219225631344,0.7024554189006925,0.992235941602813,-0.3918197579249278,0
1571234905750,0.3705132263524327,0.43530621741172504,0.7024554189006925,-0.33933209534025544,-0.3877975515833494,0
1571234906000,0.3705132263524327,0.4678219225631344,0.7024554189006925,1.765347185613013,-0.3877975515833494,0
1571234906250,0.41404729149651587,0.4678219225631344,0.6675155146326309,0.8987792164489709,-0.3857856631321343,0
1571234906500,0.41404729149651587,0.4678219225631344,0.6675155146326309,-0.9603752924485475,-0.3857856631321343,0
1571234906750,0.45758135664059896,0.4678219225631344,0.6675155146326309,1.0297032078862085,-0.3877975515833494,0
1571234907000,0.3705132263524327,0.4678219225631344,0.6675155146326309,0.3958044250553969,-0.3857856631321343,0
1571234907250,0.3705132263524327,0.4678219225631344,0.7024554189006925,-1.2932673016843146,-0.3877975515833494,0
1571234907500,0.41404729149651587,0.4678219225631344,0.7024554189006925,1.0001015302356704,-0.3857856631321343,0
1571234907750,0.3705132263524327,0.4678219225631344,0.7024554189006925,-0.3247849851805623,-0.3877975515833494,0
1571234908000,0.41404729149651587,0.4678219225631344,0.6675155146326309,0.6098668425797178,-0.3877975515833494,0
1571234908250,0.3705132263524327,0.4678219225631344,0.7024554189006925,-0.11359815919943668,-0.3877975515833494,0
1571234908500,0.41404729149651587,0.4678219225631344,0.7024554189006925,-1.332087787517449,-0.3877975515833494,0
1571234908750,0.41404729149651587,0.4678219225631344,0.6675155146326309,0.8546304286387396,-0.383775345241771,0
1571234909000,0.45758135664059896,0.43530621741172504,0.7024554189006925,-0.12594628759080406,-0.3857856631321343,0
1571234909250,0.3705132263524327,0.4678219225631344,0.7024554189006925,-0.1441301752904204,-0.3857856631321343,0
1571234909500,0.3705132263524327,0.43530621741172504,0.7024554189006925,0.25464671077325896,-0.3857856631321343,0
1571234909750,0.41404729149651587,0.43530621741172504,0.7024554189006925,-0.4712710014397972,-0.383775345241771,0
1571234910000,0.3269791612083496,0.4678219225631344,0.7024554189006925,0.6447968222073529,-0.3877975515833494,0
1571234910250,0.3705132263524327,0.4678219225631344,0.7024554189006925,-0.24190028775905525,-0.3857856631321343,0
1571234910500,0.3705132263524327,0.4678219225631344,0.7024554189006925,-0.7958745409334136,-0.3857856631321343,0
1571234910750,0.3705132263524327,0.4678219225631344,0.7024554189006925,0.9526542697729505,-0.3857856631321343,0
1571234911000,0.45758135664059896,0.4678219225631344,0.6675155146326309,-0.0034799183394344547,-0.383775345241771,0
1571234911250,0.45758135664059896,0.4678219225631344,0.6675155146326309,-1.3284510099775257,-0.3857856631321343,0
1571234911500,0.45758135664059896,0.4678219225631344,0.6675155146326309,0.786715722486219,-0.383775345241771,0
1571234911750,0.5011154217846822,0.4678219225631344,0.6675155146326309,0.30547702011032596,-0.3857856631321343,0
1571234912000,0.45758135664059896,0.5003376277145437,0.6675155146326309,-0.19453760351819405,-0.3857856631321343,0
1571234912250,0.3705132263524327,0.4678219225631344,0.6675155146326309,-0.7222086516945027,-0.3877975515833494,0
1571234912500,0.45758135664059896,0.4678219225631344,0.6675155146326309,-0.06987225249849877,-0.3857856631321343,0
1571234912750,0.41404729149651587,0.4678219225631344,0.6325756103645693,0.9526542697729505,-0.3877975515833494,0
1571234913000,0.45758135664059896,0.4678219225631344,0.6325756103645693,-0.8807890676795289,-0.3857856631321343,0
1571234913250,0.45758135664059896,0.4678219225631344,0.6325756103645693,-1.097980805412621,-0.3857856631321343,0
1571234913500,0.5011154217846822,0.4678219225631344,0.6325756103645693,1.8176152907216778,-0.3857856631321343,0
1571234913750,0.5881835520728484,0.4678219225631344,0.5976357060965077,0.6651796916752949,-0.383775345241771,0
1571234914000,0.5446494869287652,0.4678219225631344,0.5626958018284461,-1.747610765509147,-0.3857856631321343,0
1571234914250,0.5446494869287652,0.4678219225631344,0.5626958018284461,0.9467339342428428,-0.38176345679055584,0
1571234914500,0.5011154217846822,0.4678219225631344,0.5976357060965077,0.0009180451972169399,-0.383775345241771,0
1571234914750,0.5881835520728484,0.4678219225631344,0.5976357060965077,0.8153870616963118,-0.383775345241771,0
1571234915000,0.5011154217846822,0.4678219225631344,0.6325756103645693,-0.43760966514004235,-0.3877975515833494,0
1571234915250,0.2399110309201833,0.33775910195749703,0.7723352274368158,-1.3904453805999386,-0.3857856631321343,0
1571234915500,0.41404729149651587,0.4027905122603157,0.7373953231687541,1.2666012053123732,-0.3877975515833494,0
1571234915750,0.45758135664059896,0.4678219225631344,0.6675155146326309,-0.5448523144568493,-0.3857856631321343,0
1571234916000,0.15284290063201703,0.43530621741172504,0.8771549402410006,0.0632507207070646,-0.383775345241771,0
1571234916250,0.15284290063201703,0.4027905122603157,0.8771549402410006,-0.145821699727594,-0.3857856631321343,0
1571234916500,0.3269791612083496,0.532853332865953,0.7024554189006925,-1.335555412613655,-0.383775345241771,0
1571234916750,0.3269791612083496,0.43530621741172504,0.7723352274368158,1.8698833958303422,-0.3877975515833494,0
1571234917000,0.2399110309201833,0.43530621741172504,0.8072751317048774,2.28929688002754,-0.383775345241771,0
1571234917250,0.10930883548793388,0.4027905122603157,0.842215035972939,-1.9213303252068772,-0.3857856631321343,0
1571234917500,0.28344509606426643,0.43530621741172504,0.7723352274368158,1.2940884774164445,-0.3857856631321343,0
1571234917750,0.2399110309201833,0.4027905122603157,0.8072751317048774,-1.2695859595638839,-0.3857856631321343,0
1571234918000,0.28344509606426643,0.4027905122603157,0.8072751317048774,-0.48471862071532745,-0.3857856631321343,0
1571234918250,0.15284290063201703,0.43530621741172504,0.8072751317048774,-0.31522787211053144,-0.383775345241771,0
1571234918500,0.19637696577610014,0.43530621741172504,0.8072751317048774,-1.2042085400671239,-0.383775345241771,0
1571234918750,0.19637696577610014,0.43530621741172504,0.8072751317048774,1.007882542646669,-0.383775345241771,0
1571234919000,0.19637696577610014,0.43530621741172504,0.7723352274368158,-0.4113064601419927,-0.3857856631321343,0
1571234919250,0.28344509606426643,0.4027905122603157,0.8072751317048774,-1.6329254086687761,-0.383775345241771,0
1571234919500,0.10930883548793388,0.4027905122603157,0.8072751317048774,1.329356761931514,-0.3857856631321343,0
1571234919750,0.19637696577610014,0.4027905122603157,0.8072751317048774,0.05521597963048993,-0.383775345241771,0
1571234920000,0.15284290063201703,0.4027905122603157,0.842215035972939,-0.5328424909529168,-0.383775345241771,0
1571234920250,0.15284290063201703,0.4027905122603157,0.8072751317048774,0.7177015254495356,-0.383775345241771,0
1571234920500,0.10930883548793388,0.4027905122603157,0.842215035972939,0.03644005837786282,-0.383775345241771,0
1571234920750,0.15284290063201703,0.4027905122603157,0.842215035972939,1.6392440388217202,-0.3857856631321343,0
1571234921000,0.022240705199767605,0.43530621741172504,0.8072751317048774,-0.8035709771225535,-0.3857856631321343,0
1571234921250,0.19637696577610014,0.4027905122603157,0.842215035972939,-1.5804035748945353,-0.383775345241771,0
1571234921500,0.19637696577610014,0.4027905122603157,0.8072751317048774,1.4770268452967708,-0.383775345241771,0
1571234921750,0.19637696577610014,0.4027905122603157,0.8072751317048774,-0.08737953042324567,-0.383775345241771,0
1571234922000,0.19637696577610014,0.4027905122603157,0.842215035972939,-0.6394085304948544,-0.383775345241771,0
1571234922250,0.2399110309201833,0.4027905122603157,0.8072751317048774,0.5632653443355847,-0.38176345679055584,0
1571234922500,0.19637696577610014,0.4027905122603157,0.8072751317048774,-0.5248923260982008,-0.38176345679055584,0
1571234922750,0.15284290063201703,0.4027905122603157,0.8072751317048774,0.9934200087088345,-0.38176345679055584,0
1571234923000,0.15284290063201703,0.4027905122603157,0.842215035972939,-0.041708370619558115,-0.383775345241771,0
1571234923250,-0.1083614902324818,0.4027905122603157,0.8771549402410006,-1.2948742498996295,-0.383775345241771,0
1571234923500,0.10930883548793388,0.37027480710890637,0.8771549402410006,0.6867466282492585,-0.3857856631321343,0
1571234923750,0.06577477034385075,0.43530621741172504,0.842215035972939,-0.43456492115312984,-0.383775345241771,0
1571234924000,0.19637696577610014,0.4027905122603157,0.842215035972939,0.6527469870620688,-0.383775345241771,0
1571234924250,0.19637696577610014,0.43530621741172504,0.842215035972939,0.6566374932675682,-0.383775345241771,0
1571234924500,0.15284290063201703,0.4027905122603157,0.842215035972939,-0.6358563291767898,-0.383775345241771,0
1571234924750,0.10930883548793388,0.43530621741172504,0.8072751317048774,2.0205982231825113,-0.383775345241771,0
1571234925000,0.3705132263524327,0.43530621741172504,0.842215035972939,-0.0968520672714179,-0.383775345241771,0
1571234925250,0.41404729149651587,0.5653690380173624,0.7024554189006925,-2.7952564256726244,-0.383775345241771,0
1571234925500,0.19637696577610014,0.4678219225631344,0.7723352274368158,0.9498632544516141,-0.38176345679055584,0
1571234925750,0.19637696577610014,0.4678219225631344,0.8072751317048774,1.0941502889425232,-0.383775345241771,0
1571234926000,0.3269791612083496,0.4678219225631344,0.8072751317048774,0.7125423759161561,-0.383775345241771,0
1571234926250,0.3269791612083496,0.4678219225631344,0.8072751317048774,0.8942966766904609,-0.3857856631321343,0
1571234926500,0.2399110309201833,0.4678219225631344,0.7373953231687541,-3.393971500210225,-0.3857856631321343,0
1571234926750,0.6317176172169315,0.5653690380173624,0.49281599329232295,-0.8436601062835681,-0.3857856631321343,0
1571234927000,0.8493879429373472,0.43530621741172504,0.3181164719520149,0.006500075839889863,-0.383775345241771,0
1571234927250,0.5446494869287652,0.4678219225631344,0.3879962804881381,-1.181457536387139,-0.3857856631321343,0
1571234927500,0.9799901383695966,0.532853332865953,0.10847704634364527,2.6302236303398816,-0.3857856631321343,0
1571234927750,1.0235242035136798,0.532853332865953,0.003657333539460452,1.4345695819237128,-0.3877975515833494,0
1571234928000,1.1976604640900124,0.5653690380173624,-0.13610228353278597,-0.1453988186183006,-0.3857856631321343,0
1571234928250,1.1976604640900124,0.5653690380173624,-0.13610228353278597,0.5454197615234031,-0.383775345241771,0
1571234928500,1.1976604640900124,0.5653690380173624,-0.17104218780084757,-0.3075314359213914,-0.3877975515833494,0
1571234928750,1.1541263989459292,0.5653690380173624,-0.17104218780084757,0.740621681573238,-0.3857856631321343,0
1571234929000,1.1541263989459292,0.532853332865953,-0.17104218780084757,-0.812451480417715,-0.3877975515833494,0
1571234929250,1.1541263989459292,0.5653690380173624,-0.17104218780084757,-2.336768726976717,-0.3877975515833494,0
1571234929500,1.1976604640900124,0.5653690380173624,-0.17104218780084757,1.2556908726926033,-0.3877975515833494,0
1571234929750,0.9364560732255135,0.5653690380173624,0.14341695061170687,0.013097021144866956,-0.3857856631321343,0
1571234930000,1.110592333801846,0.532853332865953,0.038597237807522056,-0.24190028775905525,-0.3877975515833494,0
1571234930250,1.0235242035136798,0.532853332865953,0.10847704634364527,0.709920513038537,-0.383775345241771,0
1571234930500,0.9799901383695966,0.5003376277145437,0.14341695061170687,-1.0019867936030182,-0.3877975515833494,0
1571234930750,1.0235242035136798,0.532853332865953,0.14341695061170687,1.5369913865945752,-0.383775345241771,0
1571234931000,1.0235242035136798,0.5653690380173624,0.07353714207558366,-0.546543838894023,-0.3857856631321343,0
1571234931250,1.0235242035136798,0.532853332865953,0.07353714207558366,-2.3579973586632454,-0.383775345241771,0
1571234931500,0.5881835520728484,0.43530621741172504,0.3879962804881381,2.0682146360889484,-0.3857856631321343,0
1571234931750,0.7187857475050978,0.4678219225631344,0.4229361847561997,0.5722304238526048,-0.3877975515833494,0
1571234932000,0.7623198126491809,0.4678219225631344,0.3530563762200765,1.658358264961782,-0.3877975515833494,0
1571234932250,0.8058538777932641,0.5003376277145437,0.3181164719520149,0.7619348894816257,-0.3857856631321343,0
1571234932500,0.8929220080814304,0.5003376277145437,0.2831765676839533,-1.8130727612277657,-0.3857856631321343,0
1571234932750,0.8929220080814304,0.5003376277145437,0.24823666341589168,0.9502861355609075,-0.3857856631321343,0
1571234933000,0.8929220080814304,0.5003376277145437,0.24823666341589168,0.5356934960096548,-0.3857856631321343,0
1571234933250,0.9364560732255135,0.5003376277145437,0.24823666341589168,-1.1972732898747118,-0.3857856631321343,0
1571234933500,0.9364560732255135,0.5003376277145437,0.24823666341589168,1.7385365232838113,-0.383775345241771,0
1571234933750,0.9364560732255135,0.5003376277145437,0.24823666341589168,0.09843442900027576,-0.3857856631321343,0
1571234934000,0.9364560732255135,0.5003376277145437,0.24823666341589168,-1.8721915403069838,-0.383775345241771,0
1571234934250,0.9364560732255135,0.5003376277145437,0.24823666341589168,0.8312028151838851,-0.38176345679055584,0
1571234934500,0.9364560732255135,0.5003376277145437,0.21329675914783008,-0.37959037694498743,-0.383775345241771,0
1571234934750,0.9364560732255135,0.5003376277145437,0.21329675914783008,1.0513547206820308,-0.3857856631321343,0
1571234935000,0.9364560732255135,0.5003376277145437,0.21329675914783008,0.17937387331903315,-0.3857856631321343,0
1571234935250,0.9799901383695966,0.5003376277145437,0.21329675914783008,-1.1809500790559868,-0.383775345241771,0
1571234935500,0.9799901383695966,0.5003376277145437,0.1783568548797685,1.6915967201522435,-0.3857856631321343,0
1571234935750,0.9799901383695966,0.5003376277145437,0.1783568548797685,0.18326437952453245,-0.383775345241771,0
1571234936000,0.6317176172169315,0.5003376277145437,0.3181164719520149,-1.7610583847846775,-0.3857856631321343,0
1571234936250,0.7623198126491809,0.4678219225631344,0.3879962804881381,0.4668484514166887,-0.3857856631321343,0
1571234936500,0.7623198126491809,0.5003376277145437,0.3530563762200765,-0.2652433249920511,-0.3857856631321343,0
1571234936750,0.8929220080814304,0.5003376277145437,0.2831765676839533,0.5997176959566761,-0.3857856631321343,0
1571234937000,0.9364560732255135,0.5003376277145437,0.24823666341589168,0.5480416244010222,-0.3857856631321343,0
1571234937250,0.8929220080814304,0.5003376277145437,0.24823666341589168,-1.6390994728644597,-0.3857856631321343,0
1571234937500,0.9364560732255135,0.5003376277145437,0.24823666341589168,1.0193849088194495,-0.3857856631321343,0
1571234937750,0.8929220080814304,0.5003376277145437,0.24823666341589168,-0.3941374871046805,-0.3877975515833494,0
1571234938000,0.9364560732255135,0.5003376277145437,0.21329675914783008,-1.8761666227343416,-0.3857856631321343,0
1571234938250,0.9799901383695966,0.532853332865953,0.1783568548797685,1.064294882626409,-0.3857856631321343,0
1571234938500,0.9799901383695966,0.532853332865953,0.1783568548797685,0.46228133543631994,-0.3857856631321343,0
1571234938750,0.9799901383695966,0.532853332865953,0.21329675914783008,1.9849916337800066,-0.3857856631321343,0
1571234939000,0.9364560732255135,0.532853332865953,0.21329675914783008,-0.9213856541716956,-0.383775345241771,0
1571234939250,0.8058538777932641,0.5003376277145437,0.4229361847561997,-1.9022160990668153,-0.3857856631321343,0
1571234939500,0.6317176172169315,0.4027905122603157,0.49281599329232295,1.5054444558412872,-0.3857856631321343,0
1571234939750,0.8058538777932641,0.4678219225631344,0.2831765676839533,0.3601978356528924,-0.3857856631321343,0
1571234940000,0.8929220080814304,0.5003376277145437,0.24823666341589168,-1.7605509274535254,-0.3877975515833494,0
1571234940250,0.9364560732255135,0.5003376277145437,0.21329675914783008,0.5617429723421284,-0.3857856631321343,0
1571234940500,1.067058268657763,0.532853332865953,0.1783568548797685,-0.9378780174341383,-0.3857856631321343,0
1571234940750,0.9799901383695966,0.5003376277145437,0.14341695061170687,1.594503217458478,-0.383775345241771,0
1571234941000,1.0235242035136798,0.5003376277145437,0.14341695061170687,0.2054233496515068,-0.3857856631321343,0
1571234941250,1.0235242035136798,0.532853332865953,0.10847704634364527,-1.5994332248127385,-0.3857856631321343,0
1571234941500,1.067058268657763,0.5653690380173624,0.038597237807522056,2.0910502159907924,-0.3857856631321343,0
1571234941750,1.067058268657763,0.532853332865953,0.07353714207558366,0.2971885503681753,-0.383775345241771,0
1571234942000,1.0235242035136798,0.532853332865953,0.10847704634364527,-0.02741498912544108,-0.383775345241771,0
1571234942250,1.0235242035136798,0.5003376277145437,0.10847704634364527,-0.19428387485261803,-0.3857856631321343,0
1571234942500,1.0235242035136798,0.532853332865953,0.10847704634364527,-1.9262357460746808,-0.3857856631321343,0
1571234942750,1.0235242035136798,0.532853332865953,0.10847704634364527,1.501300220970212,-0.3857856631321343,0
1571234943000,1.067058268657763,0.532853332865953,0.10847704634364527,0.2653033147274527,-0.3857856631321343,0
1571234943250,0.8058538777932641,0.4027905122603157,0.3879962804881381,-1.5996869534783147,-0.3857856631321343,0
1571234943500,0.8493879429373472,0.4678219225631344,0.3530563762200765,0.9880917067317377,-0.3857856631321343,0
1571234943750,0.8058538777932641,0.5003376277145437,0.3530563762200765,-0.17711490181530584,-0.3857856631321343,0
1571234944000,0.8058538777932641,0.4678219225631344,0.3530563762200765,-0.10750867122561165,-0.3857856631321343,0
1571234944250,0.8929220080814304,0.43530621741172504,0.3530563762200765,0.2791738151122763,-0.383775345241771,0
1571234944500,0.9799901383695966,0.532853332865953,0.1783568548797685,-1.5211156433716004,-0.383775345241771,0
1571234944750,0.8929220080814304,0.5003376277145437,0.21329675914783008,1.45334550317634,-0.383775345241771,0
1571234945000,1.1541263989459292,0.4678219225631344,0.1783568548797685,0.5132807972171044,-0.3877975515833494,0
1571234945250,0.8493879429373472,0.4678219225631344,0.3530563762200765,-1.6659101351936616,-0.3857856631321343,0
1571234945500,0.8493879429373472,0.4678219225631344,0.3181164719520149,1.9088730341071942,-0.3857856631321343,0
1571234945750,0.8493879429373472,0.4678219225631344,0.3530563762200765,-0.3514264950660468,-0.383775345241771,0
1571234946000,0.8493879429373472,0.4678219225631344,0.3181164719520149,-1.5946969563886524,-0.383775345241771,0
1571234946250,0.8058538777932641,0.4678219225631344,0.3530563762200765,0.46845539963200367,-0.3857856631321343,0
1571234946500,0.8058538777932641,0.4678219225631344,0.3530563762200765,-0.89931126026658,-0.383775345241771,0
1571234946750,0.8058538777932641,0.4678219225631344,0.3181164719520149,-0.47820625163220903,-0.383775345241771,0
1571234947000,0.7623198126491809,0.4678219225631344,0.3530563762200765,0.6179015836562924,-0.383775345241771,0
1571234947250,0.8058538777932641,0.4678219225631344,0.3181164719520149,-0.8872168605407887,-0.383775345241771,0
1571234947500,0.8493879429373472,0.4678219225631344,0.3181164719520149,1.4985937818707342,-0.383775345241771,0
1571234947750,0.8058538777932641,0.4678219225631344,0.3181164719520149,-0.1645976209802211,-0.383775345241771,0
1571234948000,0.8493879429373472,0.4678219225631344,0.2831765676839533,-0.12239408627273947,-0.3857856631321343,0
1571234948250,0.8493879429373472,0.4678219225631344,0.2831765676839533,-0.5080616579483234,-0.37975156833934076,0
1571234948500,0.8493879429373472,0.4678219225631344,0.3181164719520149,-0.9081917635617415,-0.38176345679055584,0
1571234948750,1.1976604640900124,0.532853332865953,0.24823666341589168,1.8248042695796656,-0.38176345679055584,0
1571234949000,0.8929220080814304,0.4678219225631344,0.3530563762200765,0.2185326640396023,-0.3857856631321343,0
1571234949250,0.8493879429373472,0.4678219225631344,0.3879962804881381,-0.7469049084772375,-0.383775345241771,0
1571234949500,0.6317176172169315,0.43530621741172504,0.49281599329232295,0.6819257836033137,-0.3857856631321343,0
1571234949750,0.7187857475050978,0.43530621741172504,0.4229361847561997,-0.8275060479085602,-0.38176345679055584,0
1571234950000,0.7187857475050978,0.43530621741172504,0.4229361847561997,1.187691590318224,-0.38176345679055584,0
1571234950250,0.7623198126491809,0.43530621741172504,0.4229361847561997,-0.19648285662094372,-0.383775345241771,0
1571234950500,0.7623198126491809,0.43530621741172504,0.4229361847561997,-1.2622278282621786,-0.383775345241771,0
1571234950750,0.7187857475050978,0.4678219225631344,0.4229361847561997,0.6786273109508251,-0.3857856631321343,0
1571234951000,0.7623198126491809,0.43530621741172504,0.4229361847561997,-0.6446522562500925,-0.38176345679055584,0
1571234951250,0.7187857475050978,0.4678219225631344,0.4229361847561997,1.4442112712156026,-0.3857856631321343,0
1571234951500,0.7623198126491809,0.43530621741172504,0.4229361847561997,0.043290732348415954,-0.383775345241771,0
1571234951750,0.7623198126491809,0.4678219225631344,0.3879962804881381,-1.5784583217917858,-0.3857856631321343,0
1571234952000,0.7187857475050978,0.4678219225631344,0.4229361847561997,0.6559608834926988,-0.3857856631321343,0
1571234952250,0.7623198126491809,0.4678219225631344,0.4229361847561997,-0.31277516167662966,-0.38176345679055584,0
1571234952500,0.7623198126491809,0.4678219225631344,0.4229361847561997,0.39715764460513586,-0.383775345241771,0
1571234952750,0.8058538777932641,0.4678219225631344,0.3879962804881381,0.12710576821036848,-0.383775345241771,0
1571234953000,0.8058538777932641,0.4678219225631344,0.3879962804881381,-1.1978653234277228,-0.383775345241771,0
1571234953250,0.7623198126491809,0.43530621741172504,0.4229361847561997,1.0116038964084508,-0.383775345241771,0
1571234953500,0.8058538777932641,0.4678219225631344,0.3879962804881381,-0.23141283624857886,-0.3857856631321343,0
1571234953750,0.7623198126491809,0.43530621741172504,0.3879962804881381,-0.2825814504730807,-0.383775345241771,0
1571234954000,0.8058538777932641,0.43530621741172504,0.3879962804881381,0.24052248172285925,-0.3857856631321343,0
1571234954250,0.8058538777932641,0.4678219225631344,0.3879962804881381,-0.830973673004766,-0.38176345679055584,0
1571234954500,0.7623198126491809,0.4678219225631344,0.3879962804881381,1.3285109997129274,-0.37975156833934076,0
1571234954750,0.7623198126491809,0.4678219225631344,0.3879962804881381,0.08659375794006045,-0.383775345241771,0
1571234955000,0.7623198126491809,0.4678219225631344,0.3879962804881381,-1.568309175168744,-0.38176345679055584,0
1571234955250,0.8058538777932641,0.4678219225631344,0.3879962804881381,0.5965883757479048,-0.383775345241771,0
1571234955500,0.7623198126491809,0.4678219225631344,0.3879962804881381,-0.42779882340443537,-0.38176345679055584,0
1571234955750,0.9799901383695966,0.5003376277145437,0.21329675914783008,1.225581737710913,-0.383775345241771,0
1571234956000,0.9364560732255135,0.532853332865953,0.21329675914783008,0.0470120861101979,-0.38176345679055584,0
1571234956250,0.7187857475050978,0.4678219225631344,0.3530563762200765,-1.568647480056179,-0.38176345679055584,0
1571234956500,0.8058538777932641,0.4678219225631344,0.3530563762200765,1.1208763750498663,-0.383775345241771,0
1571234956750,0.8929220080814304,0.5003376277145437,0.3181164719520149,0.544151118195523,-0.383775345241771,0
1571234957000,0.8058538777932641,0.4678219225631344,0.3530563762200765,1.7379444897308005,-0.383775345241771,0
1571234957250,0.9364560732255135,0.5003376277145437,0.24823666341589168,-1.5532546076778988,-0.383775345241771,0
1571234957500,1.110592333801846,0.5653690380173624,0.14341695061170687,-2.0438812706801057,-0.383775345241771,0
1571234957750,0.8929220080814304,0.5003376277145437,0.24823666341589168,0.804984186407694,-0.383775345241771,0
1571234958000,1.1541263989459292,0.43530621741172504,0.10847704634364527,0.31012871231255346,-0.383775345241771,0
1571234958250,1.1976604640900124,0.5653690380173624,-0.06622247499666276,-0.7659345583954407,-0.383775345241771,0
1571234958500,1.067058268657763,0.5653690380173624,0.038597237807522056,0.7175323730058183,-0.383775345241771,0
1571234958750,1.067058268657763,0.532853332865953,0.10847704634364527,-0.18582625266674996,-0.383775345241771,0
1571234959000,1.0235242035136798,0.5003376277145437,0.10847704634364527,1.727541614442183,-0.383775345241771,0
1571234959250,1.0235242035136798,0.532853332865953,0.07353714207558366,0.3723768116005424,-0.38176345679055584,0
1571234959500,1.1541263989459292,0.5978847431687717,0.003657333539460452,-1.712088752328501,-0.383775345241771,0
1571234959750,1.0235242035136798,0.532853332865953,0.07353714207558366,0.6840401891497807,-0.383775345241771,0
1571234960000,1.0235242035136798,0.532853332865953,0.07353714207558366,-1.7339939937898994,-0.383775345241771,0
1571234960250,1.067058268657763,0.532853332865953,0.07353714207558366,-0.1528415261418645,-0.38176345679055584,0
1571234960500,1.067058268657763,0.532853332865953,0.07353714207558366,0.7714074263297978,-0.38176345679055584,0
1571234960750,1.0235242035136798,0.5003376277145437,0.07353714207558366,-1.5300807228886204,-0.38176345679055584,0
1571234961000,1.0235242035136798,0.532853332865953,0.07353714207558366,1.2009700571500368,-0.38176345679055584,0
1571234961250,1.067058268657763,0.5003376277145437,0.07353714207558366,-0.18396557578585898,-0.37975156833934076,0
1571234961500,1.067058268657763,0.5003376277145437,0.07353714207558366,1.1078516368836295,-0.38176345679055584,0
1571234961750,1.0235242035136798,0.532853332865953,0.07353714207558366,0.03728582059644962,-0.383775345241771,0
1571234962000,1.067058268657763,0.532853332865953,0.038597237807522056,-1.4032163901005994,-0.383775345241771,0
1571234962250,1.067058268657763,0.5003376277145437,0.038597237807522056,1.1822787121192686,-0.38176345679055584,0
1571234962500,1.110592333801846,0.630400448320181,-0.45056142194534043,0.04202208902053574,-0.38176345679055584,0
1571234962750,1.4588648549545111,0.532853332865953,-0.5553811347495252,-0.2273531775993622,-0.383775345241771,0
1571234963000,0.5446494869287652,0.630400448320181,-0.24092199633697078,0.49382826618960785,-0.3857856631321343,0
1571234963250,1.110592333801846,0.5978847431687717,0.038597237807522056,-0.0094002538695421,-0.3877975515833494,0
1571234963500,0.5446494869287652,0.532853332865953,0.2831765676839533,2.863400274004264,-0.3918197579249278,0
1571234963750,0.7187857475050978,0.5003376277145437,0.4229361847561997,0.895057862687189,-0.3857856631321343,0
1571234964000,1.5459329852426775,0.8905260895314557,-0.3806816134092172,-0.17195575228192633,-0.3857856631321343,0
1571234964250,0.8929220080814304,0.532853332865953,0.24823666341589168,-4.4805222224286965,-0.383775345241771,0
1571234964500,1.067058268657763,0.6954318586229997,-0.031282570728601154,-2.264033176178251,-0.3857856631321343,0
1571234964750,1.2847285943781785,0.630400448320181,0.10847704634364527,2.308241953723884,-0.383775345241771,0
1571234965000,0.9364560732255135,0.5978847431687717,0.24823666341589168,1.4761810830781839,-0.383775345241771,0
1571234965250,0.9364560732255135,0.630400448320181,0.2831765676839533,-2.0070060379497208,-0.38176345679055584,0
1571234965500,0.41404729149651587,0.9230417946828652,0.07353714207558366,1.4229826395290737,-0.3857856631321343,0
1571234965750,-0.19542962052064808,0.5003376277145437,0.9470347487771238,-1.1847560090396272,-0.3857856631321343,0
1571234966000,0.5011154217846822,0.5653690380173624,0.7723352274368158,-0.40657019171790654,-0.3857856631321343,0
1571234966250,0.10930883548793388,0.5653690380173624,0.842215035972939,-0.5014647126433462,-0.383775345241771,0
1571234966500,0.2399110309201833,0.5653690380173624,0.7723352274368158,-2.5712985901908385,-0.383775345241771,0
1571234966750,0.06577477034385075,0.5003376277145437,0.842215035972939,1.6561592831934564,-0.3857856631321343,0
1571234967000,0.022240705199767605,0.5003376277145437,0.8771549402410006,0.2386618048419683,-0.3857856631321343,0
1571234967250,0.06577477034385075,0.5003376277145437,0.8771549402410006,0.13522508550880186,-0.3857856631321343,0
1571234967500,0.10930883548793388,0.5003376277145437,0.842215035972939,1.0922896120616323,-0.3857856631321343,0
1571234967750,0.19637696577610014,0.5653690380173624,0.8072751317048774,-0.6331498900773119,-0.3877975515833494,0
1571234968000,0.06577477034385075,0.5003376277145437,0.8771549402410006,1.463917530908675,-0.383775345241771,0
1571234968250,0.5881835520728484,0.8254946792286371,0.49281599329232295,0.508629105014877,-0.38176345679055584,0
1571234968500,0.6752516823610146,0.6954318586229997,0.4229361847561997,-2.06730888413496,-0.383775345241771,0
1571234968750,0.6752516823610146,0.6954318586229997,0.3530563762200765,1.7596805787484813,-0.38176345679055584,0
1571234969000,0.41404729149651587,0.43530621741172504,0.7373953231687541,0.5075296141307141,-0.383775345241771,0
1571234969250,0.5446494869287652,0.4678219225631344,0.6675155146326309,1.204945139577395,-0.38176345679055584,0
1571234969500,0.45758135664059896,0.4678219225631344,0.6325756103645693,1.2722678121769047,-0.383775345241771,0
1571234969750,0.3269791612083496,0.43530621741172504,0.7024554189006925,-3.4242497876356324,-0.383775345241771,0
1571234970000,0.45758135664059896,0.4678219225631344,0.6675155146326309,0.03965395480849269,-0.383775345241771,0
1571234970250,0.41404729149651587,0.4678219225631344,0.6675155146326309,1.1152943444071934,-0.38176345679055584,0
1571234970500,0.45758135664059896,0.4678219225631344,0.6675155146326309,-1.445673653473657,-0.383775345241771,0
1571234970750,0.41404729149651587,0.4678219225631344,0.6675155146326309,1.80721241543306,-0.383775345241771,0
1571234971000,0.45758135664059896,0.4678219225631344,0.6675155146326309,0.3111436269748576,-0.38176345679055584,0
1571234971250,0.5011154217846822,0.4678219225631344,0.6675155146326309,0.3322876824395278,-0.3857856631321343,0
1571234971500,0.41404729149651587,0.4678219225631344,0.6675155146326309,0.2867010988576989,-0.38176345679055584,0
1571234971750,0.45758135664059896,0.4678219225631344,0.6675155146326309,-1.2509791907549743,-0.38176345679055584,0
1571234972000,0.41404729149651587,0.4678219225631344,0.6675155146326309,1.834699687537131,-0.38176345679055584,0
1571234972250,0.45758135664059896,0.4678219225631344,0.6675155146326309,0.25413925344210686,-0.37975156833934076,0
1571234972500,0.45758135664059896,0.4678219225631344,0.6675155146326309,-2.213794900394195,-0.38176345679055584,0
1571234972750,0.41404729149651587,0.4678219225631344,0.6675155146326309,1.2912128858732492,-0.38176345679055584,0
1571234973000,0.5446494869287652,0.4678219225631344,0.6325756103645693,-0.3031334723847401,-0.38176345679055584,0
1571234973250,0.5011154217846822,0.630400448320181,0.5277558975603845,-0.3296904060483658,-0.38176345679055584,0
1571234973500,0.5011154217846822,0.5003376277145437,0.2831765676839533,0.28230313532104745,-0.383775345241771,0
1571234973750,1.1976604640900124,0.6954318586229997,-0.031282570728601154,-0.9534400422561357,-0.37975156833934076,0
1571234974000,0.7623198126491809,0.532853332865953,0.2831765676839533,1.6576816551869125,-0.383775345241771,0
1571234974250,0.8493879429373472,0.532853332865953,0.3181164719520149,0.5762900825018216,-0.383775345241771,0
1571234974500,0.8493879429373472,0.5978847431687717,0.24823666341589168,0.6369312335744957,-0.383775345241771,0
1571234974750,0.8058538777932641,0.532853332865953,0.3530563762200765,0.06511139758795556,-0.37975156833934076,0
1571234975000,0.8493879429373472,0.532853332865953,0.3181164719520149,-3.3407730566611145,-0.37975156833934076,0
1571234975250,0.8493879429373472,0.5003376277145437,0.3530563762200765,0.13404101840278032,-0.38176345679055584,0
1571234975500,0.8493879429373472,0.5003376277145437,0.3181164719520149,0.868585505245422,-0.38176345679055584,0
1571234975750,0.8058538777932641,0.5003376277145437,0.3879962804881381,-1.704984349692372,-0.383775345241771,0
1571234976000,0.5011154217846822,0.4678219225631344,0.5976357060965077,1.327242356385047,-0.383775345241771,0
1571234976250,0.6752516823610146,0.4678219225631344,1.0518544615813086,0.18081166909063073,-0.3877975515833494,0
1571234976500,0.10930883548793388,0.43530621741172504,0.7373953231687541,-0.22177114695668926,-0.3857856631321343,0
1571234976750,0.45758135664059896,0.4678219225631344,0.6675155146326309,0.4978879248388245,-0.383775345241771,0
1571234977000,0.5011154217846822,0.43530621741172504,0.6675155146326309,-0.9972505251789322,-0.38176345679055584,0
1571234977250,0.41404729149651587,0.5003376277145437,0.6325756103645693,2.8160375897634027,-0.37975156833934076,0
1571234977500,0.3269791612083496,0.532853332865953,0.5277558975603845,-0.015489741843367108,-0.38176345679055584,0
1571234977750,0.41404729149651587,0.43530621741172504,0.7024554189006925,-3.42890147983786,-0.38176345679055584,0
1571234978000,0.41404729149651587,0.4678219225631344,0.6675155146326309,1.5691303509008738,-0.383775345241771,0
1571234978250,0.5446494869287652,0.43530621741172504,0.7373953231687541,-0.009653982535118143,-0.37975156833934076,0
1571234978500,0.28344509606426643,0.4678219225631344,0.7024554189006925,1.0626033581892353,-0.383775345241771,0
1571234978750,0.45758135664059896,0.43530621741172504,0.7024554189006925,0.20034877633998596,-0.383775345241771,0
1571234979000,0.2399110309201833,0.43530621741172504,0.7723352274368158,-1.852823585501346,-0.383775345241771,0
1571234979250,0.3269791612083496,0.4027905122603157,0.7723352274368158,1.5384291823661727,-0.38176345679055584,0
1571234979500,0.2399110309201833,0.43530621741172504,0.7723352274368158,-0.5524641744241306,-0.3857856631321343,0
1571234979750,0.5011154217846822,0.5003376277145437,0.6675155146326309,0.6101205712452938,-0.383775345241771,0
1571234980000,0.10930883548793388,0.532853332865953,0.7723352274368158,0.39884916904230944,-0.383775345241771,0
1571234980250,0.19637696577610014,0.4678219225631344,0.842215035972939,-1.04740422474113,-0.38176345679055584,0
1571234980500,0.15284290063201703,0.5003376277145437,0.8072751317048774,1.9040521894612494,-0.38176345679055584,0
1571234980750,0.19637696577610014,0.4678219225631344,0.842215035972939,-0.6696868179202621,-0.383775345241771,0
1571234981000,0.19637696577610014,0.5003376277145437,0.8072751317048774,-1.8885147511257092,-0.38176345679055584,0
1571234981250,0.2399110309201833,0.532853332865953,0.7373953231687541,0.801262832645912,-0.38176345679055584,0
1571234981500,0.28344509606426643,0.5003376277145437,0.7373953231687541,-0.8538092529066098,-0.38176345679055584,0
1571234981750,0.5881835520728484,0.6629161534715904,0.5626958018284461,0.7533081148520401,-0.38176345679055584,0
1571234982000,0.5446494869287652,0.6954318586229997,0.5626958018284461,0.21210487117834256,-0.38176345679055584,0
1571234982250,0.41404729149651587,0.5653690380173624,0.7024554189006925,-1.6386765917551664,-0.38176345679055584,0
1571234982500,0.5446494869287652,0.5978847431687717,0.5976357060965077,1.210442593998209,-0.38176345679055584,0
1571234982750,0.5881835520728484,0.5978847431687717,0.5626958018284461,0.6470803801975373,-0.38176345679055584,0
1571234983000,0.5446494869287652,0.43530621741172504,0.7024554189006925,0.09809612411284102,-0.37975156833934076,0
1571234983250,0.5011154217846822,0.5978847431687717,0.5976357060965077,-0.6727315619071745,-0.37975156833934076,0
1571234983500,0.5446494869287652,0.5653690380173624,0.6325756103645693,-0.8830726256697133,-0.38176345679055584,0
1571234983750,0.5446494869287652,0.5978847431687717,0.5976357060965077,0.4074759436718949,-0.38176345679055584,0
1571234984000,0.5011154217846822,0.5978847431687717,0.6325756103645693,0.36983952494478195,-0.38176345679055584,0
1571234984250,0.41404729149651587,0.532853332865953,0.6675155146326309,-0.9026097329190685,-0.38176345679055584,0
1571234984500,0.45758135664059896,0.6629161534715904,0.5976357060965077,0.8109890981596604,-0.38176345679055584,0
1571234984750,0.3705132263524327,0.5653690380173624,0.6675155146326309,-0.9928525616422809,-0.38176345679055584,0
1571234985000,0.3705132263524327,0.5653690380173624,0.6675155146326309,1.4037838371671532,-0.38176345679055584,0
1571234985250,0.45758135664059896,0.5978847431687717,0.6325756103645693,0.5856780431281351,-0.38176345679055584,0
1571234985500,0.45758135664059896,0.5978847431687717,0.6325756103645693,-2.063164649263885,-0.38176345679055584,0
1571234985750,0.5446494869287652,0.5653690380173624,0.6325756103645693,1.1309409454510493,-0.37975156833934076,0
1571234986000,0.5881835520728484,0.630400448320181,0.5626958018284461,-0.39329172488609365,-0.37975156833934076,0
1571234986250,0.7187857475050978,0.630400448320181,0.5277558975603845,0.7792730149626551,-0.38176345679055584,0
1571234986500,0.6752516823610146,0.6954318586229997,0.4229361847561997,0.3662027474048587,-0.38176345679055584,0
1571234986750,0.5881835520728484,0.5653690380173624,0.5277558975603845,-1.6100898287669323,-0.38176345679055584,0
1571234987000,0.6752516823610146,0.630400448320181,0.4578760890242613,1.5522996827509965,-0.383775345241771,0
1571234987250,0.6752516823610146,0.5653690380173624,0.49281599329232295,-0.2759845051681036,-0.383775345241771,0
1571234987500,0.6752516823610146,0.5978847431687717,0.4578760890242613,0.8576751726256521,-0.38176345679055584,0
1571234987750,0.6752516823610146,0.5978847431687717,0.49281599329232295,-0.07004140494221613,-0.383775345241771,0
1571234988000,0.7187857475050978,0.5978847431687717,0.49281599329232295,-2.2545606393300788,-0.383775345241771,0
1571234988250,0.6752516823610146,0.5978847431687717,0.5277558975603845,1.7798942957727062,-0.38176345679055584,0
1571234988500,0.6317176172169315,0.5978847431687717,0.5277558975603845,0.5120967301110828,-0.38176345679055584,0
1571234988750,0.6752516823610146,0.6629161534715904,0.4229361847561997,-1.399072155229524,-0.37975156833934076,0
1571234989000,0.5881835520728484,0.5978847431687717,0.49281599329232295,0.8473568735588931,-0.38176345679055584,0
1571234989250,0.6317176172169315,0.5653690380173624,0.5277558975603845,-0.33772514712494045,-0.38176345679055584,0
1571234989500,0.5011154217846822,0.5978847431687717,0.5976357060965077,1.2638947662128954,-0.38176345679055584,0
1571234989750,0.6317176172169315,0.630400448320181,0.4578760890242613,-0.36005326969563217,-0.38176345679055584,0
1571234990000,0.6317176172169315,0.5978847431687717,0.5277558975603845,-2.194088640701122,-0.383775345241771,0
1571234990250,0.45758135664059896,0.532853332865953,0.6325756103645693,1.4438729663281678,-0.38176345679055584,0
1571234990500,0.3705132263524327,0.5003376277145437,0.7024554189006925,0.025529725758093015,-0.38176345679055584,0
1571234990750,0.5446494869287652,0.630400448320181,0.3181164719520149,0.17286150423591473,-0.38176345679055584,0
1571234991000,0.7623198126491809,-0.11746077016223377,0.2831765676839533,-0.024201092694811216,-0.37975156833934076,0
1571234991250,1.5023989200985943,0.33775910195749703,-0.13610228353278597,-1.7598743176786558,-0.37975156833934076,0
1571234991500,1.2411945292340956,0.5653690380173624,-0.2059820920689092,1.7130790805043483,-0.37975156833934076,0
1571234991750,1.1976604640900124,0.532853332865953,-0.13610228353278597,0.6354088615810393,-0.38176345679055584,0
1571234992000,1.1976604640900124,0.5653690380173624,-0.06622247499666276,-1.559344095651724,-0.38176345679055584,0
1571234992250,1.110592333801846,0.532853332865953,-0.10116237926472436,1.6298560781954066,-0.38176345679055584,0
1571234992500,1.1541263989459292,0.5653690380173624,-0.13610228353278597,-1.145850946984634,-0.383775345241771,0
1571234992750,1.1976604640900124,0.532853332865953,-0.17104218780084757,0.8899832893756682,-0.383775345241771,0
1571234993000,1.1541263989459292,0.5653690380173624,-0.17104218780084757,0.2061845356482349,-0.38176345679055584,0
1571234993250,1.1541263989459292,0.5653690380173624,-0.17104218780084757,-2.3385448276357486,-0.38176345679055584,0
1571234993500,1.2411945292340956,0.5653690380173624,-0.2059820920689092,1.2071441213457206,-0.383775345241771,0
1571234993750,1.0235242035136798,0.532853332865953,-0.10116237926472436,0.601832101503143,-0.38176345679055584,0
1571234994000,1.1976604640900124,0.532853332865953,-0.06622247499666276,1.4438729663281678,-0.38176345679055584,0
1571234994250,1.1541263989459292,0.5653690380173624,-0.10116237926472436,-0.4472513544319319,-0.37975156833934076,0
1571234994500,1.1976604640900124,0.5653690380173624,-0.13610228353278597,-3.226003123598885,-0.3777396798881257,0
1571234994750,1.067058268657763,0.532853332865953,-0.031282570728601154,0.8504016175458056,-0.38176345679055584,0
1571234995000,1.1541263989459292,0.532853332865953,-0.06622247499666276,0.34683479259922084,-0.38176345679055584,0
1571234995250,1.067058268657763,0.532853332865953,0.038597237807522056,1.5130563158085686,-0.38176345679055584,0
1571234995500,1.067058268657763,0.532853332865953,0.038597237807522056,-0.46771880012173267,-0.383775345241771,0
1571234995750,1.1541263989459292,0.532853332865953,0.003657333539460452,-1.7668095678710676,-0.383775345241771,0
1571234996000,1.0235242035136798,0.5003376277145437,0.07353714207558366,1.0434045558273148,-0.38176345679055584,0
1571234996250,1.0235242035136798,0.5003376277145437,0.07353714207558366,-0.9061619342371332,-0.37975156833934076,0
1571234996500,0.9799901383695966,0.5003376277145437,0.1783568548797685,1.7360838128499094,-0.37975156833934076,0
1571234996750,1.0235242035136798,0.5003376277145437,0.14341695061170687,0.2931288917189586,-0.38176345679055584,0
1571234997000,0.9799901383695966,0.5003376277145437,0.14341695061170687,-1.584209504878176,-0.37975156833934076,0
1571234997250,0.9799901383695966,0.5003376277145437,0.1783568548797685,0.5373004442249697,-0.38176345679055584,0
1571234997500,1.0235242035136798,0.5003376277145437,0.14341695061170687,-0.5126287739286921,-0.38176345679055584,0
1571234997750,0.9799901383695966,0.5003376277145437,0.1783568548797685,1.527518849746403,-0.38176345679055584,0
1571234998000,1.0235242035136798,0.5003376277145437,0.14341695061170687,-0.1708562613977635,-0.38176345679055584,0
1571234998250,0.9799901383695966,0.5003376277145437,0.14341695061170687,0.13911559171430116,-0.3777396798881257,0
1571234998500,0.9799901383695966,0.5003376277145437,0.14341695061170687,0.17539879089167515,-0.38176345679055584,0
1571234998750,0.9799901383695966,0.5003376277145437,0.14341695061170687,-1.3757291179965283,-0.37975156833934076,0
1571234999000,0.9364560732255135,0.5003376277145437,0.21329675914783008,0.7468803219907805,-0.38176345679055584,0
1571234999250,0.9799901383695966,0.5003376277145437,0.1783568548797685,-0.42001781099343677,-0.38176345679055584,0
1571234999500,0.9364560732255135,0.4678219225631344,0.21329675914783008,1.1964029411696682,-0.38176345679055584,0
1571234999750,0.9799901383695966,0.5003376277145437,0.21329675914783008,-0.16129914832773257,-0.37975156833934076,0
1571235000000,0.9364560732255135,0.5003376277145437,0.21329675914783008,-0.8905153331932772,-0.38176345679055584,0
1571235000250,0.9364560732255135,0.5003376277145437,0.21329675914783008,0.5739219482897785,-0.38176345679055584,0
1571235000500,0.9799901383695966,0.5003376277145437,0.1783568548797685,-0.3776451238422377,-0.38176345679055584,0
1571235000750,0.9799901383695966,0.5003376277145437,0.1783568548797685,0.971345614803719,-0.37975156833934076,0
1571235001000,1.0235242035136798,0.5003376277145437,0.1783568548797685,0.15916015629480845,-0.37975156833934076,0
1571235001250,0.9799901383695966,0.5003376277145437,0.1783568548797685,-0.982195957688087,-0.38176345679055584,0
1571235001500,0.9799901383695966,0.5003376277145437,0.1783568548797685,0.7083981410450808,-0.37975156833934076,0
1571235001750,0.9799901383695966,0.5003376277145437,0.1783568548797685,0.1178869600277723,-0.38176345679055584,0
1571235002000,0.9799901383695966,0.5003376277145437,0.1783568548797685,-1.1285128215036047,-0.38176345679055584,0
1571235002250,0.9799901383695966,0.5003376277145437,0.1783568548797685,0.3649341040769785,-0.37975156833934076,0
1571235002500,0.9364560732255135,0.5003376277145437,0.21329675914783008,-0.37307800786186895,-0.37975156833934076,0
1571235002750,0.9799901383695966,0.5003376277145437,0.1783568548797685,0.897172268233656,-0.37975156833934076,0
1571235003000,0.9364560732255135,0.5003376277145437,0.1783568548797685,-0.6191948134706298,-0.38176345679055584,0
1571235003250,0.9799901383695966,0.5003376277145437,0.1783568548797685,-0.8213319837128764,-0.3777396798881257,0
1571235003500,0.9364560732255135,0.5003376277145437,0.1783568548797685,0.08101172729738754,-0.37975156833934076,0
1571235003750,0.9799901383695966,0.5003376277145437,0.1783568548797685,-1.2003180338616246,-0.37975156833934076,0
1571235004000,0.9799901383695966,0.5003376277145437,0.1783568548797685,1.0869613100845354,-0.38176345679055584,0
1571235004250,0.9799901383695966,0.5003376277145437,0.1783568548797685,-0.2377560528879799,-0.3777396798881257,0
1571235004500,1.0235242035136798,0.5003376277145437,0.1783568548797685,1.1203689177187142,-0.37975156833934076,0
1571235004750,0.9799901383695966,0.5003376277145437,0.1783568548797685,0.15958303740410187,-0.3777396798881257,0
1571235005000,0.9799901383695966,0.5003376277145437,0.1783568548797685,-1.4618277118486651,-0.37975156833934076,0
1571235005250,0.9799901383695966,0.5003376277145437,0.1783568548797685,0.846595687562165,-0.37975156833934076,0
1571235005500,0.9799901383695966,0.5003376277145437,0.1783568548797685,-0.314551262335662,-0.37975156833934076,0
1571235005750,0.9799901383695966,0.4678219225631344,0.1783568548797685,1.0893294442965784,-0.37975156833934076,0
1571235006000,0.9364560732255135,0.5003376277145437,0.1783568548797685,0.09547426123522193,-0.3777396798881257,0
1571235006250,0.9799901383695966,0.5003376277145437,0.1783568548797685,-1.479081261107836,-0.37975156833934076,0
1571235006500,0.9364560732255135,0.5003376277145437,0.1783568548797685,0.8056607961825636,-0.3777396798881257,0
1571235006750,0.9799901383695966,0.5003376277145437,0.1783568548797685,-0.2572085839154764,-0.3777396798881257,0
1571235007000,0.9799901383695966,0.5003376277145437,0.1783568548797685,-0.4471667782100733,-0.3757293619977624,0
1571235007250,0.9799901383695966,0.5003376277145437,0.1783568548797685,0.5471112859605767,-0.3777396798881257,0
1571235007500,0.9799901383695966,0.5003376277145437,0.14341695061170687,-0.49368370023234764,-0.3777396798881257,0
1571235007750,0.9799901383695966,0.5003376277145437,0.14341695061170687,0.043290732348415954,-0.3777396798881257,0
1571235008000,0.9799901383695966,0.5003376277145437,0.1783568548797685,0.3272976853498656,-0.3777396798881257,0
1571235008250,0.9799901383695966,0.5003376277145437,0.1783568548797685,-0.5901005931512434,-0.3757293619977624,0
1571235008500,0.9799901383695966,0.5003376277145437,0.1783568548797685,0.8143721470340075,-0.37975156833934076,0
1571235008750,1.0235242035136798,0.5003376277145437,0.1783568548797685,0.13158830796887858,-0.3777396798881257,0
1571235009000,0.9799901383695966,0.5003376277145437,0.1783568548797685,-0.9092066782240457,-0.37975156833934076,0
1571235009250,0.9799901383695966,0.5003376277145437,0.1783568548797685,1.0467030284798036,-0.3757293619977624,0
1571235009500,0.9799901383695966,0.5003376277145437,0.1783568548797685,-0.847127731379774,-0.3777396798881257,0
1571235009750,0.9364560732255135,0.5003376277145437,0.1783568548797685,-1.445419924808081,-0.3777396798881257,0
1571235010000,0.9799901383695966,0.5003376277145437,0.1783568548797685,0.7069603452734832,-0.3777396798881257,0
1571235010250,0.9799901383695966,0.5003376277145437,0.1783568548797685,0.06401190670379271,-0.3777396798881257,0
1571235010500,0.9799901383695966,0.5003376277145437,0.1783568548797685,0.36983952494478195,-0.3777396798881257,0
1571235010750,0.9799901383695966,0.5003376277145437,0.1783568548797685,0.33465581665157085,-0.3757293619977624,0
1571235011000,0.9799901383695966,0.5003376277145437,0.14341695061170687,-0.6976815473554853,-0.3777396798881257,0
1571235011250,0.9799901383695966,0.5003376277145437,0.14341695061170687,1.302630675824171,-0.37975156833934076,0
1571235011500,0.9799901383695966,0.5003376277145437,0.14341695061170687,0.06223580604476042,-0.3777396798881257,0
1571235011750,1.0235242035136798,0.5003376277145437,0.1783568548797685,-1.4089675731869895,-0.37975156833934076,0
1571235012000,1.0235242035136798,0.5003376277145437,0.1783568548797685,0.6531698681713624,-0.37975156833934076,0
1571235012250,1.0235242035136798,0.5003376277145437,0.14341695061170687,-0.5188028381243758,-0.3777396798881257,0
1571235012500,1.0235242035136798,0.5003376277145437,0.14341695061170687,0.9173859852578806,-0.3757293619977624,0
1571235012750,0.9799901383695966,0.5003376277145437,0.14341695061170687,0.22301520379811238,-0.3777396798881257,0
1571235013000,0.9364560732255135,0.5003376277145437,0.14341695061170687,-0.790207934068882,-0.3777396798881257,0
1571235013250,1.0235242035136798,0.5003376277145437,0.14341695061170687,1.4907281932378769,-0.37975156833934076,0
1571235013500,1.067058268657763,0.532853332865953,0.07353714207558366,-0.10429477479498181,-0.3777396798881257,0
1571235013750,1.0235242035136798,0.532853332865953,0.10847704634364527,-1.6271742255823858,-0.3757293619977624,0
1571235014000,1.0235242035136798,0.5003376277145437,0.07353714207558366,1.0416284551682826,-0.37975156833934076,0
1571235014250,0.9799901383695966,0.5003376277145437,0.14341695061170687,-0.5615984063848681,-0.3777396798881257,0
1571235014500,1.0235242035136798,0.5003376277145437,0.10847704634364527,0.838899251373025,-0.3757293619977624,0
1571235014750,1.0235242035136798,0.5003376277145437,0.10847704634364527,-0.15664745612550515,-0.37975156833934076,0
1571235015000,1.0235242035136798,0.5003376277145437,0.10847704634364527,-1.256053764066495,-0.3777396798881257,0
1571235015250,1.0235242035136798,0.5003376277145437,0.14341695061170687,1.1333936558849511,-0.3777396798881257,0
1571235015500,1.0235242035136798,0.5003376277145437,0.14341695061170687,0.13091169819400914,-0.37975156833934076,0
1571235015750,1.0235242035136798,0.5003376277145437,0.14341695061170687,-0.8341029932135372,-0.37975156833934076,0
1571235016000,1.0235242035136798,0.5003376277145437,0.14341695061170687,0.4307344046830321,-0.3777396798881257,0
1571235016250,1.0235242035136798,0.5003376277145437,0.14341695061170687,-0.5319967287343299,-0.37975156833934076,0
1571235016500,1.0235242035136798,0.5003376277145437,0.14341695061170687,1.24308901563566,-0.3777396798881257,0
1571235016750,1.0235242035136798,0.5003376277145437,0.10847704634364527,0.036017177268569414,-0.37975156833934076,0
1571235017000,0.9799901383695966,0.5003376277145437,0.10847704634364527,-1.333102702179753,-0.3777396798881257,0
1571235017250,0.9799901383695966,0.532853332865953,0.07353714207558366,0.5496485726163371,-0.3777396798881257,0
1571235017500,1.0235242035136798,0.5003376277145437,0.07353714207558366,-0.510006911051073,-0.3777396798881257,0
1571235017750,1.0235242035136798,0.532853332865953,0.07353714207558366,1.3546450522672597,-0.37975156833934076,0
1571235018000,1.067058268657763,0.5003376277145437,0.07353714207558366,0.18520963262728213,-0.3777396798881257,0
1571235018250,1.0235242035136798,0.5003376277145437,0.07353714207558366,-1.3182172871326254,-0.3777396798881257,0
1571235018500,1.067058268657763,0.532853332865953,0.07353714207558366,1.2101042891107745,-0.3777396798881257,0
1571235018750,1.067058268657763,0.5003376277145437,0.07353714207558366,-0.9518330940408207,-0.3777396798881257,0
1571235019000,1.0235242035136798,0.5003376277145437,0.07353714207558366,-0.2794521302643095,-0.3757293619977624,0
1571235019250,1.0235242035136798,0.5003376277145437,0.10847704634364527,0.178612687322305,-0.37975156833934076,0
1571235019500,1.0235242035136798,0.532853332865953,0.10847704634364527,-0.9342412398942151,-0.3777396798881257,0
1571235019750,1.0235242035136798,0.5003376277145437,0.10847704634364527,1.2161937770845994,-0.37975156833934076,0
1571235020000,1.0235242035136798,0.5003376277145437,0.07353714207558366,-0.30736228347767414,-0.37975156833934076,0
1571235020250,1.0235242035136798,0.5003376277145437,0.10847704634364527,0.45213218881327827,-0.37975156833934076,0
1571235020500,1.0235242035136798,0.5003376277145437,0.10847704634364527,0.17912014465345713,-0.3777396798881257,0
1571235020750,1.1541263989459292,0.532853332865953,0.038597237807522056,-1.2549542731823322,-0.3777396798881257,0
1571235021000,1.0235242035136798,0.532853332865953,0.038597237807522056,1.3581972535853242,-0.37975156833934076,0
1571235021250,1.0235242035136798,0.532853332865953,0.038597237807522056,0.20576165453894152,-0.3757293619977624,0
1571235021500,1.067058268657763,0.532853332865953,0.07353714207558366,-1.3296350770835472,-0.37975156833934076,0
1571235021750,1.067058268657763,0.532853332865953,-0.031282570728601154,1.0236982961342422,-0.3777396798881257,0
1571235022000,1.067058268657763,0.5003376277145437,0.10847704634364527,-0.8568539968935224,-0.37975156833934076,0
1571235022250,1.0235242035136798,0.532853332865953,0.10847704634364527,0.7819794540621329,-0.3777396798881257,0
1571235022500,1.0235242035136798,0.5003376277145437,0.10847704634364527,0.1599213422915366,-0.3777396798881257,0
1571235022750,1.067058268657763,0.532853332865953,0.10847704634364527,-1.7858392177892706,-0.37975156833934076,0
1571235023000,1.0235242035136798,0.5003376277145437,0.10847704634364527,1.5384291823661727,-0.3777396798881257,0
1571235023250,1.067058268657763,0.532853332865953,0.10847704634364527,-0.8604061982115869,-0.3777396798881257,0
1571235023500,1.0235242035136798,0.5003376277145437,0.10847704634364527,-1.1057618178236195,-0.3757293619977624,0
1571235023750,1.0235242035136798,0.532853332865953,0.07353714207558366,0.5144648643231259,-0.37975156833934076,0
1571235024000,1.0235242035136798,0.5003376277145437,0.14341695061170687,-0.7726160799222764,-0.3777396798881257,0
1571235024250,1.1541263989459292,0.5978847431687717,-0.2059820920689092,1.5594886616089843,-0.37975156833934076,0
1571235024500,1.3282626595222617,0.5978847431687717,-0.13610228353278597,0.03965395480849269,-0.38176345679055584,0
1571235024750,1.2847285943781785,0.6954318586229997,-0.4156215176772788,-1.6127962678664103,-0.383775345241771,0
1571235025000,0.7623198126491809,0.4678219225631344,0.2831765676839533,0.5167484223133103,-0.37975156833934076,0
1571235025250,0.9364560732255135,0.5978847431687717,0.2831765676839533,-0.9308581910198679,-0.38176345679055584,0
1571235025500,0.9799901383695966,0.5653690380173624,0.1783568548797685,2.558249265538144,-0.38176345679055584,0
1571235025750,0.8493879429373472,0.532853332865953,0.24823666341589168,0.0522558118654361,-0.37975156833934076,0
1571235026000,0.9364560732255135,0.532853332865953,0.21329675914783008,-0.8275060479085602,-0.3777396798881257,0
1571235026250,0.9364560732255135,0.532853332865953,0.21329675914783008,1.6016076200946072,-0.37975156833934076,0
1571235026500,0.6317176172169315,0.4678219225631344,0.4229361847561997,0.23198028331513254,-0.3777396798881257,0
1571235026750,0.7187857475050978,0.5003376277145437,0.3879962804881381,-3.2032521199189,-0.3777396798881257,0
1571235027000,0.8493879429373472,0.5003376277145437,0.4229361847561997,-0.6964129040276051,-0.3777396798881257,0
1571235027250,0.8929220080814304,0.4678219225631344,0.5626958018284461,-1.8108737794594403,-0.3757293619977624,0
1571235027500,0.45758135664059896,0.4678219225631344,0.5976357060965077,1.2472332505067352,-0.37975156833934076,0
1571235027750,0.5011154217846822,0.5003376277145437,0.5976357060965077,0.8923514235877112,-0.37975156833934076,0
1571235028000,0.5011154217846822,0.43530621741172504,0.6675155146326309,-1.2914066248034237,-0.3777396798881257,0
1571235028250,0.5011154217846822,0.532853332865953,0.6325756103645693,0.36950122005734726,-0.3777396798881257,0
1571235028500,0.5881835520728484,0.4678219225631344,0.6325756103645693,-0.5702251810144535,-0.3777396798881257,0
1571235028750,0.5446494869287652,0.43530621741172504,0.6675155146326309,1.3459337014158157,-0.3777396798881257,0
1571235029000,0.3269791612083496,0.532853332865953,0.6325756103645693,0.42802796558355427,-0.37975156833934076,0
1571235029250,0.5011154217846822,0.4678219225631344,0.5976357060965077,-1.2850634081640226,-0.3777396798881257,0
1571235029500,0.41404729149651587,0.5003376277145437,0.6325756103645693,1.4736437964224234,-0.3777396798881257,0
1571235029750,0.5011154217846822,0.5003376277145437,0.5976357060965077,-0.11038426276880682,-0.3757293619977624,0
1571235030000,0.5446494869287652,0.4678219225631344,0.6325756103645693,-0.8805353390139529,-0.3777396798881257,0
1571235030250,0.5881835520728484,0.4678219225631344,0.6325756103645693,0.6210309038650635,-0.3777396798881257,0
1571235030500,0.45758135664059896,0.4678219225631344,0.6325756103645693,-0.5747922969948224,-0.3777396798881257,0
1571235030750,0.5011154217846822,0.4678219225631344,0.6325756103645693,2.0698215843042633,-0.3777396798881257,0
1571235031000,0.41404729149651587,0.43530621741172504,0.7024554189006925,0.42489864537478306,-0.3777396798881257,0
1571235031250,0.45758135664059896,0.4678219225631344,0.7024554189006925,-2.4144096986429857,-0.3777396798881257,0
1571235031500,0.45758135664059896,0.4678219225631344,0.6675155146326309,0.5176787607537559,-0.3777396798881257,0
1571235031750,0.41404729149651587,0.5003376277145437,0.7024554189006925,-0.4068239203834826,-0.3777396798881257,0
1571235032000,0.41404729149651587,0.4678219225631344,0.7024554189006925,1.0837474136539056,-0.3777396798881257,0
1571235032250,0.3705132263524327,0.4678219225631344,0.7024554189006925,0.09648917589752609,-0.3777396798881257,0
1571235032500,0.41404729149651587,0.43530621741172504,0.7024554189006925,-1.1914375305664628,-0.3757293619977624,0
1571235032750,0.41404729149651587,0.43530621741172504,0.7024554189006925,1.185830913437333,-0.3757293619977624,0
1571235033000,0.45758135664059896,0.43530621741172504,0.6675155146326309,0.023922777542778082,-0.3777396798881257,0
1571235033250,0.3705132263524327,0.43530621741172504,0.7024554189006925,0.2645421287307246,-0.3737174735465473,0
1571235033500,0.3269791612083496,0.43530621741172504,0.7373953231687541,-0.1511500017046909,-0.3757293619977624,0
1571235033750,0.3705132263524327,0.43530621741172504,0.7024554189006925,-1.4799270233264228,-0.3757293619977624,0
1571235034000,0.19637696577610014,0.4678219225631344,0.8072751317048774,1.064041153960833,-0.3757293619977624,0
1571235034250,0.3269791612083496,0.4678219225631344,0.8072751317048774,-0.18667201488533675,-0.3737174735465473,0
1571235034500,0.3269791612083496,0.4678219225631344,0.7723352274368158,-0.7299050878836426,-0.3737174735465473,0
1571235034750,0.6752516823610146,0.5653690380173624,0.7024554189006925,0.6211154800869223,-0.3757293619977624,0
1571235035000,0.45758135664059896,0.4678219225631344,0.7723352274368158,-0.252556891713249,-0.3777396798881257,0
1571235035250,0.9364560732255135,0.5653690380173624,0.3879962804881381,1.4542758416167856,-0.3757293619977624,0
1571235035500,0.8058538777932641,0.5003376277145437,0.3530563762200765,-0.19360726507774859,-0.3777396798881257,0
1571235035750,0.9799901383695966,0.5653690380173624,0.14341695061170687,-0.6411000549320279,-0.37975156833934076,0
1571235036000,1.067058268657763,0.5653690380173624,0.10847704634364527,1.3652170799995949,-0.37975156833934076,0
1571235036250,0.7623198126491809,0.5653690380173624,0.4229361847561997,-2.4996625302765354,-0.3777396798881257,0
1571235036500,0.5881835520728484,0.5978847431687717,0.5626958018284461,-1.4590366965273287,-0.37975156833934076,0
1571235036750,0.5881835520728484,0.630400448320181,0.6675155146326309,0.31587989539894373,-0.38176345679055584,0
1571235037000,0.6317176172169315,0.5653690380173624,0.3879962804881381,-0.6621595341748395,-0.3777396798881257,0
1571235037250,0.7187857475050978,0.5653690380173624,0.2831765676839533,1.6470250512327187,-0.37975156833934076,0
1571235037500,0.8058538777932641,0.532853332865953,0.3181164719520149,0.5123504587766589,-0.3777396798881257,0
1571235037750,1.0235242035136798,0.532853332865953,0.21329675914783008,-1.2954662834526403,-0.37975156833934076,0
1571235038000,0.9364560732255135,0.5653690380173624,0.21329675914783008,-0.04678294393107896,-0.3757293619977624,0
1571235038250,1.0235242035136798,0.532853332865953,0.24823666341589168,-0.3297749822702245,-0.3777396798881257,0
1571235038500,0.8929220080814304,0.532853332865953,0.2831765676839533,0.2607361987470839,-0.37975156833934076,0
1571235038750,0.5446494869287652,0.5653690380173624,0.3530563762200765,0.5238528249494394,-0.3777396798881257,0
1571235039000,0.6317176172169315,0.5003376277145437,0.49281599329232295,-1.8764203513999178,-0.37975156833934076,0
1571235039250,0.6752516823610146,0.5003376277145437,0.4578760890242613,1.3856845256893955,-0.3777396798881257,0
1571235039500,0.7187857475050978,0.4678219225631344,0.49281599329232295,0.008022447833346115,-0.3777396798881257,0
1571235039750,0.5881835520728484,0.4678219225631344,0.5277558975603845,0.028574469745005517,-0.3777396798881257,0
1571235040000,0.7187857475050978,0.5003376277145437,0.4229361847561997,0.27714398578766797,-0.37975156833934076,0
1571235040250,0.7623198126491809,0.5003376277145437,0.4229361847561997,-1.0867321679054163,-0.3777396798881257,0
1571235040500,0.6752516823610146,0.5003376277145437,0.4578760890242613,1.398793840077491,-0.3777396798881257,0
1571235040750,0.7187857475050978,0.5003376277145437,0.4578760890242613,0.28788516596372044,-0.3757293619977624,0
1571235041000,0.6752516823610146,0.4678219225631344,0.4578760890242613,-0.7887701382972844,-0.3757293619977624,0
1571235041250,0.7187857475050978,0.5003376277145437,0.4229361847561997,0.6266975107295952,-0.3777396798881257,0
1571235041500,0.7187857475050978,0.5003376277145437,0.4578760890242613,-0.8689483966193136,-0.3777396798881257,0
1571235041750,0.7623198126491809,0.5003376277145437,0.4578760890242613,1.7063975589775127,-0.3777396798881257,0
1571235042000,0.7187857475050978,0.5003376277145437,0.4578760890242613,0.2958353308184364,-0.3777396798881257,0
1571235042250,0.8929220080814304,0.4678219225631344,0.3530563762200765,-1.988399269140811,-0.3777396798881257,0
1571235042500,0.8058538777932641,0.5003376277145437,0.3530563762200765,1.1942039594013425,-0.3777396798881257,0
1571235042750,0.8058538777932641,0.4678219225631344,0.3530563762200765,0.2822185590991888,-0.3777396798881257,0
1571235043000,0.8929220080814304,0.4678219225631344,0.3530563762200765,-1.5544386747839205,-0.3777396798881257,0
1571235043250,0.8058538777932641,0.4678219225631344,0.3530563762200765,0.7498404897558343,-0.38176345679055584,0
1571235043500,0.8493879429373472,0.4678219225631344,0.3530563762200765,-0.4688182910058955,-0.3777396798881257,0
1571235043750,0.7623198126491809,0.5003376277145437,0.3530563762200765,1.840620023067239,-0.3777396798881257,0
1571235044000,0.7623198126491809,0.4678219225631344,0.3879962804881381,-0.10412562235126445,-0.37975156833934076,0
1571235044250,0.8058538777932641,0.4678219225631344,0.3530563762200765,-2.790520157248538,-0.3777396798881257,0
1571235044500,0.7623198126491809,0.4678219225631344,0.3879962804881381,0.9593357912997862,-0.3777396798881257,0
1571235044750,0.8058538777932641,0.4678219225631344,0.3879962804881381,-0.19106997842198817,-0.3777396798881257,0
1571235045000,0.8058538777932641,0.4678219225631344,0.3879962804881381,0.8059145248481395,-0.3777396798881257,0
1571235045250,0.8058538777932641,0.4678219225631344,0.3879962804881381,0.414072888976872,-0.3777396798881257,0
1571235045500,0.8058538777932641,0.4678219225631344,0.3879962804881381,-1.2815957830678169,-0.3777396798881257,0
1571235045750,0.7623198126491809,0.43530621741172504,0.3879962804881381,1.2123032708791002,-0.3777396798881257,0
1571235046000,0.8058538777932641,0.4678219225631344,0.3879962804881381,0.0021021123032384692,-0.3777396798881257,0
1571235046250,0.8058538777932641,0.4678219225631344,0.3879962804881381,-0.8043321631192817,-0.3777396798881257,0
1571235046500,0.7623198126491809,0.4678219225631344,0.4229361847561997,0.36341173208352223,-0.3757293619977624,0
1571235046750,0.7623198126491809,0.4678219225631344,0.3879962804881381,-0.9777979941514356,-0.3777396798881257,0
1571235047000,0.7623198126491809,0.4678219225631344,0.3879962804881381,1.6772187624362678,-0.3777396798881257,0
1571235047250,0.8058538777932641,0.4678219225631344,0.3879962804881381,0.27122365025756034,-0.3777396798881257,0
1571235047500,0.7623198126491809,0.43530621741172504,0.3879962804881381,-1.8578981588128667,-0.3777396798881257,0
1571235047750,0.7623198126491809,0.4678219225631344,0.3879962804881381,0.9518930837762224,-0.37975156833934076,0
1571235048000,0.8493879429373472,0.43530621741172504,0.4229361847561997,-0.3488892084102863,-0.3777396798881257,0
1571235048250,0.8058538777932641,0.4678219225631344,0.3879962804881381,1.0349469336414467,-0.3757293619977624,0
1571235048500,0.8058538777932641,0.4678219225631344,0.3879962804881381,0.12913559753497683,-0.3757293619977624,0
1571235048750,0.8058538777932641,0.43530621741172504,0.3879962804881381,-1.662865391206749,-0.3757293619977624,0
1571235049000,0.8058538777932641,0.4678219225631344,0.3879962804881381,1.0056835608783432,-0.3757293619977624,0
1571235049250,0.8058538777932641,0.4678219225631344,0.3879962804881381,-0.25551705947830283,-0.3757293619977624,0
1571235049500,0.8058538777932641,0.4678219225631344,0.3879962804881381,0.08583257194333234,-0.3777396798881257,0
1571235049750,0.8058538777932641,0.4678219225631344,0.3879962804881381,0.7659945481308422,-0.3757293619977624,0
1571235050000,0.8058538777932641,0.4678219225631344,0.3879962804881381,-1.1223387573079209,-0.3757293619977624,0
1571235050250,0.8058538777932641,0.4678219225631344,0.3879962804881381,0.8697695723514435,-0.3757293619977624,0
1571235050500,0.7623198126491809,0.4678219225631344,0.3879962804881381,0.6023395588342952,-0.3777396798881257,0
1571235050750,0.8929220080814304,0.43530621741172504,0.3181164719520149,-0.7651733723987124,-0.3757293619977624,0
1571235051000,0.7623198126491809,0.5003376277145437,0.2831765676839533,1.1172395975099432,-0.3777396798881257,0
1571235051250,0.8929220080814304,0.4678219225631344,0.21329675914783008,-0.06792699939574912,-0.37975156833934076,0
1571235051500,0.9364560732255135,0.43530621741172504,0.24823666341589168,-1.2402380105789217,-0.3777396798881257,0
1571235051750,0.7623198126491809,0.4678219225631344,0.3530563762200765,0.6606125756949262,-0.3777396798881257,0
1571235052000,0.8929220080814304,0.4678219225631344,0.2831765676839533,0.23553248463319712,-0.3757293619977624,0
1571235052250,0.8929220080814304,0.4678219225631344,0.2831765676839533,-0.6882935867291717,-0.3777396798881257,0
1571235052500,0.8929220080814304,0.4678219225631344,0.2831765676839533,0.5279970598205148,-0.37975156833934076,0
1571235052750,0.8493879429373472,0.43530621741172504,0.3181164719520149,-0.9962356105166281,-0.3777396798881257,0
1571235053000,0.9364560732255135,0.4678219225631344,0.2831765676839533,0.07923562663835523,-0.3777396798881257,0
1571235053250,0.8929220080814304,0.4678219225631344,0.2831765676839533,0.23832349995453359,-0.3757293619977624,0
1571235053500,0.8493879429373472,0.4678219225631344,0.3530563762200765,-0.32072532653134567,-0.3777396798881257,0
1571235053750,0.8058538777932641,0.4678219225631344,0.3530563762200765,0.8798341427526265,-0.3777396798881257,0
1571235054000,0.8058538777932641,0.4678219225631344,0.3530563762200765,0.029420231963592326,-0.3777396798881257,0
1571235054250,0.8493879429373472,0.4678219225631344,0.3181164719520149,-0.9833800247941086,-0.3777396798881257,0
1571235054500,0.8058538777932641,0.43530621741172504,0.24823666341589168,0.5401760357681649,-0.3757293619977624,0
1571235054750,0.8493879429373472,0.4678219225631344,0.3181164719520149,-0.25162655327280353,-0.37975156833934076,0
1571235055000,0.8493879429373472,0.4678219225631344,0.3181164719520149,-0.6970895138024745,-0.37975156833934076,0
1571235055250,0.9799901383695966,0.4678219225631344,0.24823666341589168,0.6508017339593193,-0.37975156833934076,0
1571235055500,0.9364560732255135,0.4678219225631344,0.24823666341589168,-0.5266684267572331,-0.38176345679055584,0
1571235055750,0.8493879429373472,0.4678219225631344,0.2831765676839533,1.2198305546245227,-0.383775345241771,0
1571235056000,0.8493879429373472,0.4678219225631344,0.2831765676839533,0.415933565857763,-0.38176345679055584,0
1571235056250,0.8493879429373472,0.4678219225631344,0.3181164719520149,-0.17584625848742566,-0.38176345679055584,0
1571235056500,0.8493879429373472,0.4678219225631344,0.3181164719520149,0.5859317717937111,-0.38176345679055584,0
1571235056750,0.8493879429373472,0.4678219225631344,0.2831765676839533,-0.27048705074728935,-0.38176345679055584,0
1571235057000,1.1541263989459292,0.33775910195749703,0.21329675914783008,-0.9443058102953982,-0.37975156833934076,0
1571235057250,1.0235242035136798,0.532853332865953,-0.24092199633697078,-0.2603379041242476,-0.3877975515833494,0
1571235057500,1.2847285943781785,0.6954318586229997,-0.6951407518217716,-0.5155889416937459,-0.3757293619977624,0
1571235057750,1.371796724666345,0.6629161534715904,-0.8349003688940181,1.568792046013439,-0.38176345679055584,0
1571235058000,1.4588648549545111,0.6954318586229997,-0.9047801774301413,1.1592739797737075,-0.37975156833934076,0
1571235058250,1.3282626595222617,0.5978847431687717,-0.5903210390175868,1.5111956389276775,-0.383775345241771,0
1571235058500,1.0235242035136798,0.5003376277145437,0.07353714207558366,0.2238609660166992,-0.38176345679055584,0
1571235058750,0.8929220080814304,0.5003376277145437,0.2831765676839533,-0.3399241288932662,-0.38176345679055584,0
1571235059000,0.8493879429373472,0.5003376277145437,0.3181164719520149,-1.5494486776942582,-0.38176345679055584,0
1571235059250,0.8058538777932641,0.5003376277145437,0.3530563762200765,-5.184450116958495,-0.3757293619977624,0
1571235059500,0.8058538777932641,0.5003376277145437,0.3879962804881381,-2.285853841417791,-0.37975156833934076,0
1571235059750,0.7623198126491809,0.5003376277145437,0.3879962804881381,-0.6356871767330724,-0.3777396798881257,0
1571235060000,0.7623198126491809,0.5003376277145437,0.4229361847561997,1.122060442155888,-0.37975156833934076,0
1571235060250,0.5011154217846822,0.43530621741172504,0.5976357060965077,0.7416365962355422,-0.37975156833934076,0
1571235060500,0.5011154217846822,0.5003376277145437,0.5976357060965077,2.478832193212843,-0.37975156833934076,0
1571235060750,0.5446494869287652,0.4678219225631344,0.6325756103645693,1.0596431904241814,-0.3777396798881257,0
1571235061000,0.5011154217846822,0.4678219225631344,0.6325756103645693,0.4214310202785772,-0.3757293619977624,0
1571235061250,0.5011154217846822,0.4678219225631344,0.6325756103645693,2.2802472242886607,-0.3757293619977624,0
1571235061500,0.5011154217846822,0.4678219225631344,0.6325756103645693,0.8492175504397841,-0.3757293619977624,0
1571235061750,0.5011154217846822,0.4678219225631344,0.6325756103645693,-2.958826838747313,-0.3777396798881257,0
1571235062000,0.5011154217846822,0.4678219225631344,0.6325756103645693,-1.1825570272713015,-0.3757293619977624,0
1571235062250,0.45758135664059896,0.4678219225631344,0.6325756103645693,0.4446049050678557,-0.3777396798881257,0
1571235062500,0.5011154217846822,0.4678219225631344,0.6325756103645693,0.5943893939795792,-0.3757293619977624,0
1571235062750,0.45758135664059896,0.4678219225631344,0.6325756103645693,-1.4651261845011536,-0.3757293619977624,0
1571235063000,0.5011154217846822,0.4678219225631344,0.6325756103645693,1.2691384919681334,-0.3757293619977624,0
1571235063250,0.45758135664059896,0.4678219225631344,0.6325756103645693,-0.1218020527197287,-0.3757293619977624,0
1571235063500,0.45758135664059896,0.4678219225631344,0.6325756103645693,-0.6805971505400318,-0.3757293619977624,0
1571235063750,0.5011154217846822,0.4678219225631344,0.6325756103645693,0.6661946063375991,-0.3757293619977624,0
1571235064000,0.5011154217846822,0.4678219225631344,0.6325756103645693,-0.451480165524866,-0.3757293619977624,0
1571235064250,0.5011154217846822,0.4678219225631344,0.6325756103645693,0.9789574747710003,-0.3717055850953322,0
1571235064500,0.45758135664059896,0.4678219225631344,0.6675155146326309,0.08228037062526775,-0.3757293619977624,0
1571235064750,0.45758135664059896,0.5003376277145437,0.6325756103645693,-1.4463502632485266,-0.3737174735465473,0
1571235065000,0.5446494869287652,0.4678219225631344,0.6325756103645693,1.074105724362016,-0.3737174735465473,0
1571235065250,0.5446494869287652,0.4678219225631344,0.5976357060965077,-0.5319121525124713,-0.3717055850953322,0
1571235065500,0.5011154217846822,0.4678219225631344,0.5976357060965077,-0.2885017860031883,-0.3737174735465473,0
1571235065750,0.5011154217846822,0.4678219225631344,0.5976357060965077,0.6929206924449421,-0.3737174735465473,0
1571235066000,0.45758135664059896,0.4678219225631344,0.5976357060965077,-0.6821195225334881,-0.3737174735465473,0
1571235066250,0.5446494869287652,0.4678219225631344,0.5976357060965077,0.5662255121006385,-0.3737174735465473,0
1571235066500,0.41404729149651587,0.4678219225631344,0.6325756103645693,0.29871092236163155,-0.3737174735465473,0
1571235066750,0.45758135664059896,0.4678219225631344,0.6325756103645693,-0.866495686185412,-0.3737174735465473,0
1571235067000,0.5011154217846822,0.4678219225631344,0.6325756103645693,0.7929743629037614,-0.3737174735465473,0
1571235067250,0.41404729149651587,0.43530621741172504,0.6675155146326309,0.01749498468151835,-0.3737174735465473,0
1571235067500,0.45758135664059896,0.4678219225631344,0.6675155146326309,-0.7485964329144111,-0.3757293619977624,0
1571235067750,0.41404729149651587,0.4678219225631344,0.6675155146326309,0.5235145200620047,-0.3737174735465473,0
1571235068000,0.45758135664059896,0.5003376277145437,0.6675155146326309,-0.7460591462586507,-0.3717055850953322,0
1571235068250,0.28344509606426643,0.4678219225631344,0.8771549402410006,0.8975951493429494,-0.3737174735465473,0
1571235068500,0.45758135664059896,0.4027905122603157,0.8072751317048774,0.3093675263158253,-0.3737174735465473,0
1571235068750,0.2399110309201833,0.4678219225631344,0.7723352274368158,-0.9921759518674114,-0.3757293619977624,0
1571235069000,0.2399110309201833,0.43530621741172504,0.8072751317048774,1.5131408920304275,-0.3737174735465473,0
1571235069250,0.28344509606426643,0.4678219225631344,0.7723352274368158,1.9739121487165197,-0.3737174735465473,0
1571235069500,0.2399110309201833,0.4678219225631344,0.8072751317048774,-2.678625815729504,-0.3737174735465473,0
1571235069750,0.2399110309201833,0.5003376277145437,0.8072751317048774,-0.7617057473025066,-0.3737174735465473,0
1571235070000,0.2399110309201833,0.5003376277145437,0.7723352274368158,-0.6992884955708003,-0.3737174735465473,0
1571235070250,0.3269791612083496,0.5003376277145437,0.7723352274368158,0.40257052280409145,-0.3737174735465473,0
1571235070500,0.19637696577610014,0.5003376277145437,0.8072751317048774,0.3858244308760726,-0.3737174735465473,0
1571235070750,0.3705132263524327,0.5003376277145437,0.7723352274368158,-1.8859774644699485,-0.3717055850953322,0
1571235071000,0.3705132263524327,0.4678219225631344,0.7723352274368158,1.8962711770502507,-0.3737174735465473,0
1571235071250,0.28344509606426643,0.43530621741172504,0.8072751317048774,0.651647496177906,-0.3696952672049689,0
1571235071500,0.3269791612083496,0.4678219225631344,0.7723352274368158,1.6646169053793245,-0.3737174735465473,0
1571235071750,0.19637696577610014,0.37027480710890637,0.9470347487771238,0.06468851647866217,-0.3737174735465473,0
1571235072000,0.15284290063201703,0.4678219225631344,0.842215035972939,-0.4870021787055118,-0.3737174735465473,0
1571235072250,0.28344509606426643,0.4678219225631344,0.8072751317048774,-0.161975758102602,-0.3717055850953322,0
1571235072500,0.2399110309201833,0.4678219225631344,0.8072751317048774,0.19544335547218247,-0.3737174735465473,0
1571235072750,0.19637696577610014,0.4678219225631344,0.8072751317048774,-2.7725054219926393,-0.3737174735465473,0
1571235073000,0.15284290063201703,0.5003376277145437,0.7723352274368158,2.7872816743314517,-0.3737174735465473,0
1571235073250,0.3705132263524327,0.532853332865953,0.7024554189006925,-2.3566441391135067,-0.3737174735465473,0
1571235073500,0.3269791612083496,0.4678219225631344,0.7373953231687541,-1.7383073811046923,-0.3757293619977624,0
1571235073750,0.28344509606426643,0.4678219225631344,0.7373953231687541,1.3640330128935731,-0.3737174735465473,0
1571235074000,0.2399110309201833,0.4678219225631344,0.7723352274368158,0.5786582167138646,-0.3717055850953322,0
1571235074250,0.19637696577610014,0.4678219225631344,0.8072751317048774,0.8315411200713198,-0.3737174735465473,0
1571235074500,0.19637696577610014,0.5003376277145437,0.8072751317048774,-0.35362547683437245,-0.3696952672049689,0
1571235074750,0.2399110309201833,0.5003376277145437,0.8072751317048774,-1.4168331618198469,-0.3737174735465473,0
1571235075000,0.19637696577610014,0.5003376277145437,0.8072751317048774,1.0962646944889902,-0.3737174735465473,0
1571235075250,0.2399110309201833,0.4678219225631344,0.8072751317048774,0.5904988877740799,-0.3737174735465473,0
1571235075500,0.2399110309201833,0.5003376277145437,0.842215035972939,-1.7408446677604525,-0.3717055850953322,0
1571235075750,0.15284290063201703,0.4678219225631344,0.842215035972939,1.4885292114695512,-0.3717055850953322,0
1571235076000,0.19637696577610014,0.5003376277145437,0.842215035972939,-0.11579714096776236,-0.3717055850953322,0
1571235076250,0.15284290063201703,0.4678219225631344,0.842215035972939,0.38252595822358404,-0.3696952672049689,0
1571235076500,0.022240705199767605,0.5003376277145437,0.842215035972939,0.5345094289036332,-0.3717055850953322,0
1571235076750,-0.06482742508839867,0.4678219225631344,0.8771549402410006,-0.5358872349398293,-0.3717055850953322,0
1571235077000,0.19637696577610014,0.5003376277145437,0.8072751317048774,1.3139638895532344,-0.3717055850953322,0
1571235077250,0.10930883548793388,0.4678219225631344,0.8072751317048774,0.27164653136685374,-0.3717055850953322,0
1571235077500,0.5881835520728484,0.5653690380173624,0.5626958018284461,-1.230934626174467,-0.3757293619977624,0
1571235077750,0.9799901383695966,0.532853332865953,0.21329675914783008,1.2805562819190555,-0.3757293619977624,0
1571235078000,0.9364560732255135,0.5978847431687717,-0.06622247499666276,0.31334260874318326,-0.3757293619977624,0
1571235078250,1.3282626595222617,0.6629161534715904,-0.6252609432856484,-0.46814168123102606,-0.3777396798881257,0
1571235078500,1.2847285943781785,0.6629161534715904,-0.5204412304814636,-1.0138274646632337,-0.3777396798881257,0
1571235078750,1.2411945292340956,0.5978847431687717,-0.3457417091411556,0.2709699215919843,-0.3777396798881257,0
1571235079000,1.067058268657763,0.5003376277145437,-0.17104218780084757,1.7255117851175743,-0.3757293619977624,0
1571235079250,1.2411945292340956,0.532853332865953,-0.24092199633697078,-0.013882793628052177,-0.3777396798881257,0
1571235079500,1.2847285943781785,0.5653690380173624,-0.2758619006050324,-1.7744214278383488,-0.3777396798881257,0
1571235079750,1.2411945292340956,0.5653690380173624,-0.2758619006050324,0.404262047241265,-0.3777396798881257,0
1571235080000,1.1976604640900124,0.532853332865953,-0.24092199633697078,-1.443305519261614,-0.3757293619977624,0
1571235080250,1.2411945292340956,0.5653690380173624,-0.24092199633697078,0.34345174372487364,-0.3737174735465473,0
1571235080500,1.110592333801846,0.5003376277145437,-0.13610228353278597,0.21963215492376514,-0.3777396798881257,0
1571235080750,1.2411945292340956,0.532853332865953,-0.2758619006050324,-1.5110510729704174,-0.3757293619977624,0
1571235081000,1.2411945292340956,0.5653690380173624,-0.2758619006050324,1.1175779023973778,-0.3777396798881257,0
1571235081250,1.2411945292340956,0.5653690380173624,-0.310801804873094,-0.8279289290178535,-0.3737174735465473,0
1571235081500,1.2411945292340956,0.5653690380173624,-0.3457417091411556,1.5226980051004582,-0.3777396798881257,0
1571235081750,1.2411945292340956,0.5653690380173624,-0.310801804873094,1.447002286536939,-0.3757293619977624,0
1571235082000,1.2411945292340956,0.5653690380173624,-0.310801804873094,-2.4501008642673487,-0.3757293619977624,0
1571235082250,1.1976604640900124,0.5978847431687717,-0.310801804873094,1.61936862668493,-0.3757293619977624,0
1571235082500,1.2411945292340956,0.5978847431687717,-0.3457417091411556,-0.0623449687530762,-0.3757293619977624,0
1571235082750,1.2847285943781785,0.5978847431687717,-0.310801804873094,-2.0217223005531313,-0.3777396798881257,0
1571235083000,1.2411945292340956,0.5653690380173624,-0.2758619006050324,1.1800797303509427,-0.3757293619977624,0
1571235083250,1.2411945292340956,0.5653690380173624,-0.2758619006050324,0.16135913806313418,-0.3777396798881257,0
1571235083500,1.110592333801846,0.5653690380173624,-0.2059820920689092,1.5408818928000747,-0.3737174735465473,0
1571235083750,1.371796724666345,0.5653690380173624,-0.2758619006050324,-0.14903559615822387,-0.3777396798881257,0
1571235084000,1.110592333801846,0.5003376277145437,-0.13610228353278597,-2.4470561202804366,-0.3777396798881257,0
1571235084250,1.1541263989459292,0.532853332865953,-0.13610228353278597,1.578687463970905,-0.3737174735465473,0
1571235084500,1.2411945292340956,0.532853332865953,-0.13610228353278597,0.5953197324200247,-0.3757293619977624,0
1571235084750,1.1541263989459292,0.532853332865953,-0.13610228353278597,-0.891107366746288,-0.3737174735465473,0
1571235085000,1.110592333801846,0.5003376277145437,-0.06622247499666276,0.46439574098278696,-0.3757293619977624,0
1571235085250,1.110592333801846,0.5003376277145437,0.003657333539460452,-0.21001505211833263,-0.3737174735465473,0
1571235085500,1.067058268657763,0.43530621741172504,-0.06622247499666276,0.08456392861545212,-0.37975156833934076,0
1571235085750,1.1976604640900124,0.532853332865953,-0.2758619006050324,0.0031170269655426373,-0.3777396798881257,0
1571235086000,1.1976604640900124,0.5003376277145437,-0.2059820920689092,-2.086423110275022,-0.37975156833934076,0
1571235086250,1.110592333801846,0.532853332865953,-0.13610228353278597,0.7497559135339755,-0.3757293619977624,0
1571235086500,1.067058268657763,0.5003376277145437,0.003657333539460452,-0.22599995804962328,-0.3757293619977624,0
1571235086750,1.110592333801846,0.5003376277145437,0.003657333539460452,-0.20172658237618193,-0.3777396798881257,0
1571235087000,1.1541263989459292,0.5653690380173624,-0.06622247499666276,0.5170021509788864,-0.3777396798881257,0
1571235087250,1.110592333801846,0.532853332865953,-0.031282570728601154,-0.3179343112100092,-0.37975156833934076,0
1571235087500,1.5023989200985943,0.7929789740772277,-0.7300806560898333,2.5283092830001714,-0.3737174735465473,0
1571235087750,1.2847285943781785,0.5653690380173624,-0.17104218780084757,0.3272976853498656,-0.3757293619977624,0
1571235088000,1.415330789810428,0.630400448320181,-0.17104218780084757,-1.738391957326551,-0.3777396798881257,0
1571235088250,1.415330789810428,0.7929789740772277,-0.5204412304814636,1.6600497893989554,-0.38176345679055584,0
1571235088500,1.110592333801846,0.6954318586229997,-0.10116237926472436,0.8177551959083549,-0.38176345679055584,0
1571235088750,1.2847285943781785,0.6629161534715904,-0.13610228353278597,0.5017784310443238,-0.38176345679055584,0
1571235089000,1.110592333801846,0.6954318586229997,-0.13610228353278597,-4.410915991839002,-0.38176345679055584,0
1571235089250,1.1541263989459292,0.6954318586229997,-0.13610228353278597,-1.68460148022443,-0.37975156833934076,0
1571235089500,1.1541263989459292,0.7279475637744091,-0.10116237926472436,1.339167603667121,-0.38176345679055584,0
1571235089750,1.110592333801846,0.7279475637744091,-0.10116237926472436,-0.37849088606082454,-0.38176345679055584,0
1571235090000,1.1976604640900124,0.7279475637744091,-0.13610228353278597,1.9485392821589154,-0.38176345679055584,0
1571235090250,1.1976604640900124,0.6954318586229997,-0.10116237926472436,0.34252140528442815,-0.37975156833934076,0
1571235090500,0.8493879429373472,0.7279475637744091,0.10847704634364527,-1.7745905802820663,-0.38176345679055584,0
1571235090750,0.9799901383695966,0.7279475637744091,0.1783568548797685,0.679980530500564,-0.38176345679055584,0
1571235091000,0.9799901383695966,0.7929789740772277,0.10847704634364527,-0.4969821728848362,-0.38176345679055584,0
1571235091250,1.0235242035136798,0.7604632689258184,0.10847704634364527,0.12194661867698897,-0.38176345679055584,0
1571235091500,0.8929220080814304,0.7604632689258184,0.1783568548797685,0.2674177202739197,-0.37975156833934076,0
1571235091750,0.9364560732255135,0.7929789740772277,0.1783568548797685,-0.27480043806208204,-0.38176345679055584,0
1571235092000,0.9364560732255135,0.7604632689258184,0.24823666341589168,-0.12078713805742453,-0.37975156833934076,0
1571235092250,0.8058538777932641,0.7604632689258184,0.21329675914783008,0.5246985871680263,-0.38176345679055584,0
1571235092500,0.8493879429373472,0.7604632689258184,0.21329675914783008,-0.5289519847474174,-0.37975156833934076,0
1571235092750,0.9364560732255135,0.7604632689258184,0.1783568548797685,1.1351697565439833,-0.383775345241771,0
1571235093000,0.8929220080814304,0.7929789740772277,0.14341695061170687,0.043206156126557274,-0.37975156833934076,0
1571235093250,0.9799901383695966,0.7929789740772277,0.14341695061170687,-0.9618976644420038,-0.37975156833934076,0
1571235093500,0.9364560732255135,0.7604632689258184,0.10847704634364527,1.2316712256847382,-0.37975156833934076,0
1571235093750,1.0235242035136798,0.7279475637744091,0.07353714207558366,0.17573709577910987,-0.37975156833934076,0
1571235094000,0.9799901383695966,0.7604632689258184,0.10847704634364527,-1.7240985758324339,-0.37975156833934076,0
1571235094250,1.0235242035136798,0.7604632689258184,0.14341695061170687,0.7919594482414573,-0.3777396798881257,0
1571235094500,1.0235242035136798,0.7604632689258184,0.14341695061170687,-0.026907531794288994,-0.3777396798881257,0
1571235094750,0.8493879429373472,0.7929789740772277,0.14341695061170687,-0.5007035266466181,-0.37975156833934076,0
1571235095000,0.9364560732255135,0.7604632689258184,0.10847704634364527,0.196627422578204,-0.37975156833934076,0
1571235095250,0.9799901383695966,0.7604632689258184,0.10847704634364527,-0.8763065279210188,-0.3777396798881257,0
1571235095500,1.0235242035136798,0.7279475637744091,0.07353714207558366,1.0807872458888517,-0.38176345679055584,0
1571235095750,0.9799901383695966,0.7604632689258184,0.07353714207558366,0.5387382399965672,-0.3777396798881257,0
1571235096000,0.9364560732255135,0.7604632689258184,0.10847704634364527,-1.6563530221236304,-0.37975156833934076,0
1571235096250,0.9799901383695966,0.7604632689258184,0.14341695061170687,0.4955197906267814,-0.37975156833934076,0
1571235096500,0.9364560732255135,0.7604632689258184,0.14341695061170687,-0.16789609363270966,-0.37975156833934076,0
1571235096750,0.8493879429373472,0.7279475637744091,0.24823666341589168,-0.2583080747996393,-0.37975156833934076,0
1571235097000,0.9364560732255135,0.7604632689258184,0.1783568548797685,0.1800504830939026,-0.37975156833934076,0
1571235097250,0.8929220080814304,0.7604632689258184,0.1783568548797685,-0.7284672921120451,-0.3777396798881257,0
1571235097500,0.8929220080814304,0.7279475637744091,0.2831765676839533,1.2274424145918041,-0.3777396798881257,0
1571235097750,0.5011154217846822,0.6629161534715904,0.4229361847561997,0.24331349704419575,-0.37975156833934076,0
1571235098000,1.1541263989459292,1.18316743589414,-0.2758619006050324,-1.4123506220613369,-0.3777396798881257,0
1571235098250,1.067058268657763,0.7604632689258184,-0.5553811347495252,0.6554534261615467,-0.3777396798881257,0
1571235098500,1.1541263989459292,0.7929789740772277,-0.3457417091411556,-0.4584154157172778,-0.3777396798881257,0
1571235098750,1.067058268657763,0.5978847431687717,-0.17104218780084757,1.2437656254105294,-0.3777396798881257,0
1571235099000,1.2411945292340956,0.630400448320181,-0.2059820920689092,2.687228003872632,-0.3757293619977624,0
1571235099250,1.1976604640900124,0.5978847431687717,-0.24092199633697078,1.0570213275465625,-0.3757293619977624,0
1571235099500,1.2847285943781785,0.5978847431687717,-0.2758619006050324,0.14190660703563762,-0.3777396798881257,0
1571235099750,1.2411945292340956,0.5978847431687717,-0.310801804873094,-1.5597669767610174,-0.3777396798881257,0
1571235100000,1.2411945292340956,0.5978847431687717,-0.3457417091411556,-6.160121412320235,-0.3777396798881257,0
1571235100250,1.2411945292340956,0.5978847431687717,-0.3457417091411556,-0.5792748367533324,-0.3777396798881257,0
1571235100500,1.3282626595222617,0.630400448320181,-0.3806816134092172,-0.34575988820151515,-0.3777396798881257,0
1571235100750,1.2847285943781785,0.5978847431687717,-0.3457417091411556,1.4423505943347117,-0.3757293619977624,0
1571235101000,1.2847285943781785,0.5978847431687717,-0.3457417091411556,0.7709845452205044,-0.3777396798881257,0
1571235101250,1.2847285943781785,0.5978847431687717,-0.3457417091411556,-1.526782250236132,-0.3757293619977624,0
1571235101500,1.2847285943781785,0.5978847431687717,-0.3457417091411556,1.2085819171173182,-0.3757293619977624,0
1571235101750,1.2847285943781785,0.5978847431687717,-0.3457417091411556,0.418555428735382,-0.3777396798881257,0
1571235102000,1.2847285943781785,0.5978847431687717,-0.3806816134092172,-0.0863646157609415,-0.3757293619977624,0
1571235102250,1.2847285943781785,0.5978847431687717,-0.3457417091411556,0.5088828336804531,-0.3777396798881257,0
1571235102500,1.2411945292340956,0.5653690380173624,-0.3457417091411556,-1.3588138736247921,-0.3777396798881257,0
1571235102750,1.2847285943781785,0.5978847431687717,-0.3806816134092172,0.8464265351184476,-0.3777396798881257,0
1571235103000,1.2411945292340956,0.5978847431687717,-0.3457417091411556,-0.6629207201715676,-0.3757293619977624,0
1571235103250,1.2847285943781785,0.5978847431687717,-0.3806816134092172,1.5281954595212726,-0.3777396798881257,0
1571235103500,1.2847285943781785,0.5978847431687717,-0.3806816134092172,0.5899068542210691,-0.3777396798881257,0
1571235103750,1.2847285943781785,0.5978847431687717,-0.3806816134092172,-1.2130890433622852,-0.3777396798881257,0
1571235104000,1.2411945292340956,0.5978847431687717,-0.3457417091411556,0.7940738537879243,-0.3757293619977624,0
1571235104250,1.2847285943781785,0.5978847431687717,-0.3806816134092172,-0.5733545012232247,-0.3757293619977624,0
1571235104500,1.2847285943781785,0.5978847431687717,-0.3806816134092172,0.9970567862487578,-0.3777396798881257,0
1571235104750,1.2411945292340956,0.532853332865953,-0.310801804873094,0.3691629151699125,-0.3777396798881257,0
1571235105000,1.2847285943781785,0.5978847431687717,-0.3457417091411556,-1.1095677478072603,-0.3777396798881257,0
1571235105250,1.2847285943781785,0.5653690380173624,-0.3457417091411556,0.9304107234241176,-0.3777396798881257,0
1571235105500,1.2411945292340956,0.5978847431687717,-0.3457417091411556,-0.46019151637631006,-0.3757293619977624,0
1571235105750,1.2411945292340956,0.5653690380173624,-0.310801804873094,-0.46864913856217816,-0.3777396798881257,0
1571235106000,1.2411945292340956,0.5978847431687717,-0.310801804873094,0.6073295559239574,-0.3777396798881257,0
1571235106250,1.2847285943781785,0.5653690380173624,-0.310801804873094,-0.7716011652599722,-0.3757293619977624,0
1571235106500,1.2411945292340956,0.5653690380173624,-0.310801804873094,1.3014466087181498,-0.3777396798881257,0
1571235106750,1.2411945292340956,0.5653690380173624,-0.3457417091411556,0.19730403235307345,-0.3737174735465473,0
1571235107000,1.2411945292340956,0.5653690380173624,-0.310801804873094,-1.229073949293576,-0.3757293619977624,0
1571235107250,1.2411945292340956,0.5653690380173624,-0.3457417091411556,0.8329789158429173,-0.3737174735465473,0
1571235107500,1.2411945292340956,0.5653690380173624,-0.3457417091411556,-0.03113634288722303,-0.3757293619977624,0
1571235107750,1.2847285943781785,0.5653690380173624,-0.3457417091411556,0.06367360181635799,-0.3777396798881257,0
1571235108000,1.2847285943781785,0.5653690380173624,-0.3457417091411556,0.16795608336811127,-0.3757293619977624,0
1571235108250,1.2411945292340956,0.5653690380173624,-0.310801804873094,-1.0985728389656317,-0.3737174735465473,0
1571235108500,1.2847285943781785,0.5653690380173624,-0.3457417091411556,0.8789883805340396,-0.3777396798881257,0
1571235108750,1.2847285943781785,0.5653690380173624,-0.3457417091411556,-0.300765338172697,-0.3757293619977624,0
1571235109000,1.2847285943781785,0.5653690380173624,-0.3457417091411556,0.6255980198454324,-0.3737174735465473,0
1571235109250,1.2847285943781785,0.5653690380173624,-0.3457417091411556,0.1297276310879876,-0.3757293619977624,0
1571235109500,1.2847285943781785,0.5653690380173624,-0.310801804873094,-1.2904762863629782,-0.3737174735465473,0
1571235109750,1.2847285943781785,0.5653690380173624,-0.3457417091411556,0.9005553171080033,-0.3737174735465473,0
1571235110000,1.2411945292340956,0.5653690380173624,-0.3457417091411556,-0.02817617512216921,-0.3737174735465473,0
1571235110250,1.2411945292340956,0.5653690380173624,-0.3457417091411556,-1.2499642760926701,-0.3717055850953322,0
1571235110500,1.2411945292340956,0.5653690380173624,-0.310801804873094,0.345989030380634,-0.3757293619977624,0
1571235110750,1.2411945292340956,0.5653690380173624,-0.3457417091411556,-0.41984865854971937,-0.3757293619977624,0
1571235111000,1.2847285943781785,0.5978847431687717,-0.3457417091411556,1.0576133610995733,-0.3757293619977624,0
1571235111250,1.415330789810428,0.5978847431687717,-0.3806816134092172,-0.036972102195472,-0.3777396798881257,0
1571235111500,1.1541263989459292,0.6954318586229997,-0.4156215176772788,-1.7312029784685632,-0.3777396798881257,0
1571235111750,1.2847285943781785,0.6954318586229997,-0.48550132621340203,0.9489329160111686,-0.3757293619977624,0
1571235112000,1.5023989200985943,0.532853332865953,-0.10116237926472436,-0.12205578138530473,-0.37975156833934076,0
1571235112250,1.2411945292340956,0.5978847431687717,-0.2758619006050324,0.23891553350754435,-0.3757293619977624,0
1571235112500,1.3282626595222617,0.5653690380173624,-0.24092199633697078,1.4448033047686133,-0.3757293619977624,0
1571235112750,1.1976604640900124,0.5978847431687717,-0.2059820920689092,-0.8141430048548887,-0.3737174735465473,0
1571235113000,1.1976604640900124,0.5653690380173624,-0.17104218780084757,0.08693206282749517,-0.3757293619977624,0
1571235113250,1.1976604640900124,0.5653690380173624,-0.2059820920689092,0.43022694735187994,-0.3757293619977624,0
1571235113500,1.1976604640900124,0.5653690380173624,-0.2059820920689092,-0.9070076964557199,-0.3757293619977624,0
1571235113750,1.2411945292340956,0.5653690380173624,-0.24092199633697078,-0.5966975384562205,-0.3757293619977624,0
1571235114000,1.2411945292340956,0.5653690380173624,-0.2059820920689092,-1.8177244534299934,-0.3757293619977624,0
1571235114250,1.2411945292340956,0.5653690380173624,-0.2059820920689092,0.5557380605901621,-0.3757293619977624,0
1571235114500,1.1541263989459292,0.5653690380173624,-0.2059820920689092,-0.7498650762422913,-0.3717055850953322,0
1571235114750,1.2411945292340956,0.5653690380173624,-0.2758619006050324,1.6632636858295855,-0.3757293619977624,0
1571235115000,1.1976604640900124,0.5653690380173624,-0.2758619006050324,0.192652340150846,-0.3737174735465473,0
1571235115250,1.2847285943781785,0.5653690380173624,-0.3457417091411556,0.546772981073142,-0.3737174735465473,0
1571235115500,1.2847285943781785,0.5653690380173624,-0.3457417091411556,0.6292347973853556,-0.3757293619977624,0
1571235115750,1.1976604640900124,0.532853332865953,-0.24092199633697078,-0.6586073328567749,-0.3757293619977624,0
1571235116000,1.2847285943781785,0.5653690380173624,-0.2758619006050324,0.6031853210528819,-0.3757293619977624,0
1571235116250,1.2411945292340956,0.5653690380173624,-0.2758619006050324,-1.026175593054601,-0.3737174735465473,0
1571235116500,1.2411945292340956,0.5653690380173624,-0.24092199633697078,1.607527955624715,-0.3757293619977624,0
1571235116750,1.1976604640900124,0.5653690380173624,-0.24092199633697078,0.011659225373269385,-0.3737174735465473,0
1571235117000,1.2411945292340956,0.5653690380173624,-0.2758619006050324,-0.989892393877227,-0.3777396798881257,0
1571235117250,1.2411945292340956,0.5653690380173624,-0.24092199633697078,0.07162376667107398,-0.3737174735465473,0
1571235117500,1.2411945292340956,0.5653690380173624,-0.2758619006050324,-0.6038865173142085,-0.3757293619977624,0
1571235117750,1.2411945292340956,0.5653690380173624,-0.2758619006050324,0.5825487229193639,-0.3737174735465473,0
1571235118000,1.2411945292340956,0.5653690380173624,-0.2758619006050324,-1.1454280658753406,-0.3757293619977624,0
1571235118250,1.2411945292340956,0.5653690380173624,-0.310801804873094,1.300262541612128,-0.3737174735465473,0
1571235118500,1.2411945292340956,0.5653690380173624,-0.2758619006050324,-0.21035335700576735,-0.3757293619977624,0
1571235118750,1.2411945292340956,0.5653690380173624,-0.310801804873094,0.609528537692283,-0.3757293619977624,0
1571235119000,1.2411945292340956,0.5653690380173624,-0.2758619006050324,0.25464671077325896,-0.3777396798881257,0
1571235119250,1.2847285943781785,0.5653690380173624,-0.310801804873094,-1.2842176459454355,-0.3757293619977624,0
1571235119500,1.2411945292340956,0.5653690380173624,-0.2758619006050324,1.0469567571453793,-0.3757293619977624,0
1571235119750,1.2411945292340956,0.5653690380173624,-0.310801804873094,-0.20612454591283333,-0.3737174735465473,0
1571235120000,1.2411945292340956,0.5653690380173624,-0.2758619006050324,-0.41739594811581765,-0.3737174735465473,0
1571235120250,1.2411945292340956,0.5653690380173624,-0.2758619006050324,0.14706575656901713,-0.3737174735465473,0
1571235120500,1.2847285943781785,0.5653690380173624,-0.310801804873094,-0.917579724188055,-0.3717055850953322,0
1571235120750,1.2847285943781785,0.5653690380173624,-0.310801804873094,1.2913820383169667,-0.3757293619977624,0
1571235121000,1.2847285943781785,0.5653690380173624,-0.310801804873094,-0.041792946841416795,-0.3737174735465473,0
1571235121250,1.2847285943781785,0.5653690380173624,-0.310801804873094,-0.9000724462633082,-0.3737174735465473,0
1571235121500,1.2411945292340956,0.5653690380173624,-0.310801804873094,0.4261672887026633,-0.3737174735465473,0
1571235121750,1.2411945292340956,0.5653690380173624,-0.310801804873094,-0.872585174159237,-0.3757293619977624,0
1571235122000,1.2411945292340956,0.5653690380173624,-0.310801804873094,1.4239975541913779,-0.3717055850953322,0
1571235122250,1.2847285943781785,0.5653690380173624,-0.3457417091411556,0.1559462598641786,-0.3737174735465473,0
1571235122500,1.2411945292340956,0.5653690380173624,-0.3457417091411556,-1.6137266063068556,-0.3737174735465473,0
1571235122750,1.2411945292340956,0.5653690380173624,-0.3457417091411556,0.4911218270901301,-0.3737174735465473,0
1571235123000,1.2411945292340956,0.5653690380173624,-0.3457417091411556,-0.6004188922180025,-0.3737174735465473,0
1571235123250,1.2411945292340956,0.5653690380173624,-0.3457417091411556,1.271675778623894,-0.3717055850953322,0
1571235123500,1.2847285943781785,0.5653690380173624,-0.310801804873094,-0.0688573378361946,-0.3737174735465473,0
1571235123750,1.2847285943781785,0.5978847431687717,-0.310801804873094,-0.7712628603725374,-0.3737174735465473,0
1571235124000,1.2847285943781785,0.5653690380173624,-0.3457417091411556,0.22233859402324294,-0.3757293619977624,0
1571235124250,1.2411945292340956,0.5978847431687717,-0.3457417091411556,-1.0651652313314528,-0.3737174735465473,0
1571235124500,1.2847285943781785,0.5653690380173624,-0.310801804873094,1.3174315146494402,-0.3757293619977624,0
1571235124750,1.2411945292340956,0.5653690380173624,-0.3457417091411556,-0.17195575228192633,-0.3737174735465473,0
1571235125000,1.2411945292340956,0.5653690380173624,-0.3457417091411556,0.2841638122019385,-0.3757293619977624,0
1571235125250,1.2411945292340956,0.5653690380173624,-0.3457417091411556,0.25464671077325896,-0.3757293619977624,0
1571235125500,1.2411945292340956,0.5978847431687717,-0.310801804873094,-1.1352789192522992,-0.3757293619977624,0
1571235125750,1.2411945292340956,0.5653690380173624,-0.3457417091411556,1.3245359172855693,-0.3757293619977624,0
1571235126000,1.2411945292340956,0.5653690380173624,-0.3457417091411556,0.1324340701874654,-0.3717055850953322,0
1571235126250,1.2411945292340956,0.5978847431687717,-0.3457417091411556,-1.4060074054219358,-0.3737174735465473,0
1571235126500,1.2411945292340956,0.5653690380173624,-0.3457417091411556,0.34844174081453577,-0.3717055850953322,0
1571235126750,1.2847285943781785,0.5653690380173624,-0.3457417091411556,-0.5659963699215195,-0.3737174735465473,0
1571235127000,1.2847285943781785,0.5978847431687717,-0.3457417091411556,1.394057571653405,-0.3717055850953322,0
1571235127250,1.2847285943781785,0.5978847431687717,-0.3457417091411556,0.19823437079351894,-0.3737174735465473,0
1571235127500,1.2847285943781785,0.5978847431687717,-0.3806816134092172,-1.8805645862709932,-0.3757293619977624,0
1571235127750,1.2847285943781785,0.5978847431687717,-0.3457417091411556,1.0159172837232437,-0.3757293619977624,0
1571235128000,1.2847285943781785,0.5978847431687717,-0.3806816134092172,-0.16442846853650375,-0.3757293619977624,0
1571235128250,1.2847285943781785,0.5978847431687717,-0.3457417091411556,0.1511254152182338,-0.3757293619977624,0
1571235128500,1.2847285943781785,0.5978847431687717,-0.3806816134092172,0.289576690400894,-0.3757293619977624,0
1571235128750,1.2411945292340956,0.5978847431687717,-0.3457417091411556,-0.9035400713595141,-0.3737174735465473,0
1571235129000,1.2411945292340956,0.5978847431687717,-0.3457417091411556,1.2956954256317592,-0.3757293619977624,0
1571235129250,1.2411945292340956,0.5978847431687717,-0.3806816134092172,-0.023101601810648367,-0.3717055850953322,0
1571235129500,1.2411945292340956,0.5978847431687717,-0.3457417091411556,-0.8147350384078993,-0.3757293619977624,0
1571235129750,1.2411945292340956,0.5653690380173624,-0.3457417091411556,0.27215398869800583,-0.3737174735465473,0
1571235130000,1.2411945292340956,0.5653690380173624,-0.3457417091411556,-0.9279825994766727,-0.3757293619977624,0
1571235130250,1.2847285943781785,0.5653690380173624,-0.3457417091411556,1.4601961771468932,-0.3757293619977624,0
1571235130500,1.2847285943781785,0.5653690380173624,-0.310801804873094,-0.06403649319024982,-0.3737174735465473,0
1571235130750,1.2411945292340956,0.5653690380173624,-0.3457417091411556,-0.2667656969855074,-0.3717055850953322,0
1571235131000,1.371796724666345,0.5653690380173624,-0.3806816134092172,0.30733769699121694,-0.3737174735465473,0
1571235131250,1.2411945292340956,0.630400448320181,-0.2758619006050324,-0.9471814018385932,-0.3757293619977624,0
1571235131500,1.2847285943781785,0.6629161534715904,-0.3457417091411556,1.3326552345840028,-0.3777396798881257,0
1571235131750,1.2847285943781785,0.5978847431687717,-0.3457417091411556,0.10021052965930805,-0.3757293619977624,0
1571235132000,1.2847285943781785,0.5653690380173624,-0.2758619006050324,-1.7005863861557207,-0.3757293619977624,0
1571235132250,1.2411945292340956,0.5653690380173624,-0.24092199633697078,0.20305521543946373,-0.3757293619977624,0
1571235132500,1.2411945292340956,0.5978847431687717,-0.2758619006050324,-0.296790255745339,-0.3757293619977624,0
1571235132750,1.1541263989459292,0.5978847431687717,-0.24092199633697078,0.6058917601523598,-0.3777396798881257,0
1571235133000,1.1976604640900124,0.630400448320181,-0.24092199633697078,1.1355080614314181,-0.3757293619977624,0
1571235133250,1.2411945292340956,0.630400448320181,-0.2758619006050324,-1.19676583254356,-0.3777396798881257,0
1571235133500,1.2411945292340956,0.630400448320181,-0.3457417091411556,1.2176315728561968,-0.3777396798881257,0
1571235133750,1.2411945292340956,0.6629161534715904,-0.5553811347495252,-0.0032261896738584126,-0.37975156833934076,0
1571235134000,1.2847285943781785,0.6954318586229997,-0.5903210390175868,-0.2509499434979341,-0.3757293619977624,0
1571235134250,1.2411945292340956,0.6629161534715904,-0.5204412304814636,0.10790696584844799,-0.3757293619977624,0
1571235134500,1.2847285943781785,0.6629161534715904,-0.5204412304814636,-0.7436910120466076,-0.3737174735465473,0
1571235134750,1.3282626595222617,0.6629161534715904,-0.5204412304814636,1.904390494348684,-0.3757293619977624,0
1571235135000,1.3282626595222617,0.6954318586229997,-0.5553811347495252,1.3905053703353405,-0.3757293619977624,0
1571235135250,1.4588648549545111,0.6629161534715904,-0.5553811347495252,-1.5729608673709716,-0.3737174735465473,0
1571235135500,1.2847285943781785,0.6629161534715904,-0.48550132621340203,-0.3669039436661853,-0.3757293619977624,0
1571235135750,1.2847285943781785,0.6954318586229997,-0.3806816134092172,-1.4823797337603244,-0.3757293619977624,0
1571235136000,1.2847285943781785,0.630400448320181,-0.4156215176772788,0.22986587776866552,-0.3757293619977624,0
1571235136250,1.3282626595222617,0.6629161534715904,-0.48550132621340203,-0.6339956522958988,-0.3757293619977624,0
1571235136500,1.067058268657763,0.5978847431687717,-0.2059820920689092,-2.405529195347824,-0.3777396798881257,0
1571235136750,1.2847285943781785,0.5978847431687717,-0.310801804873094,0.2307116399872523,-0.3757293619977624,0
1571235137000,1.067058268657763,0.5653690380173624,-0.10116237926472436,-0.39726680731345165,-0.3777396798881257,0
1571235137250,1.2411945292340956,0.5978847431687717,-0.2059820920689092,1.5572896798406586,-0.3777396798881257,0
1571235137500,1.1976604640900124,0.5978847431687717,-0.2758619006050324,1.1685773641781623,-0.3777396798881257,0
1571235137750,1.1541263989459292,0.5653690380173624,-0.06622247499666276,-1.294451368790336,-0.3777396798881257,0
1571235138000,1.1541263989459292,0.5653690380173624,-0.10116237926472436,0.5604743290142482,-0.3757293619977624,0
1571235138250,1.1541263989459292,0.5978847431687717,-0.10116237926472436,-1.326505756874776,-0.3757293619977624,0
1571235138500,1.110592333801846,0.5653690380173624,-0.10116237926472436,1.9134401500875629,-0.3757293619977624,0
1571235138750,1.067058268657763,0.5978847431687717,-0.10116237926472436,0.010052277157954452,-0.3777396798881257,0
1571235139000,1.2411945292340956,0.5653690380173624,-0.17104218780084757,-1.4639421173951321,-0.3757293619977624,0
1571235139250,1.1541263989459292,0.5653690380173624,-0.17104218780084757,1.5997469432137161,-0.3777396798881257,0
1571235139500,1.1541263989459292,0.6629161534715904,-0.3806816134092172,-0.5292057134129935,-0.3757293619977624,0
1571235139750,1.1976604640900124,0.6629161534715904,-0.5903210390175868,0.5577678899147706,-0.3777396798881257,0
1571235140000,1.371796724666345,0.5653690380173624,-0.4156215176772788,1.0186237228227215,-0.3777396798881257,0
1571235140250,1.4588648549545111,0.6629161534715904,-0.5553811347495252,-2.17049187480255,-0.3777396798881257,0
1571235140500,1.2847285943781785,0.6629161534715904,-0.5204412304814636,1.365724537330747,-0.3777396798881257,0
1571235140750,1.2411945292340956,0.5978847431687717,-0.3806816134092172,1.3450879391972288,-0.3777396798881257,0
1571235141000,1.415330789810428,0.630400448320181,-0.48550132621340203,1.9455791143938617,-0.3777396798881257,0
1571235141250,1.2847285943781785,0.5978847431687717,-0.2758619006050324,1.1010009629130764,-0.3757293619977624,0
1571235141500,1.110592333801846,0.5978847431687717,-0.10116237926472436,-2.2230137085767914,-0.3777396798881257,0
1571235141750,1.110592333801846,0.5978847431687717,-0.10116237926472436,-0.6340802285177575,-0.3757293619977624,0
1571235142000,0.8493879429373472,0.630400448320181,-0.10116237926472436,-1.6985565568311123,-0.3777396798881257,0
1571235142250,1.067058268657763,0.5003376277145437,0.14341695061170687,-1.2097059944879383,-0.3757293619977624,0
1571235142500,1.2411945292340956,0.630400448320181,-0.3806816134092172,1.49309632744992,-0.3757293619977624,0
1571235142750,0.9364560732255135,0.5978847431687717,-0.5204412304814636,0.02975853685102705,-0.3757293619977624,0
1571235143000,1.1541263989459292,0.5978847431687717,-0.3806816134092172,3.056741517173208,-0.3777396798881257,0
1571235143250,1.3282626595222617,0.630400448320181,-0.4156215176772788,0.41043611143694875,-0.3757293619977624,0
1571235143500,1.3282626595222617,0.630400448320181,-0.17104218780084757,0.3744066409251507,-0.37975156833934076,0
1571235143750,0.8929220080814304,0.532853332865953,0.10847704634364527,1.3066903344733876,-0.37975156833934076,0
1571235144000,0.8058538777932641,0.43530621741172504,0.1783568548797685,-1.158875685150871,-0.37975156833934076,0
1571235144250,1.1976604640900124,0.5978847431687717,0.003657333539460452,-5.241369914269387,-0.3777396798881257,0
1571235144500,0.8929220080814304,0.5003376277145437,0.2831765676839533,-1.4532855134409384,-0.3777396798881257,0
1571235144750,0.9364560732255135,0.5653690380173624,0.14341695061170687,-0.6423686982599082,-0.3777396798881257,0
1571235145000,0.9799901383695966,0.532853332865953,0.1783568548797685,0.61485683966938,-0.3757293619977624,0
1571235145250,0.9799901383695966,0.5653690380173624,0.1783568548797685,2.473842196123181,-0.3757293619977624,0
1571235145500,0.9799901383695966,0.532853332865953,0.1783568548797685,-0.40657019171790654,-0.3757293619977624,0
1571235145750,0.9799901383695966,0.5653690380173624,0.1783568548797685,1.5396132494721944,-0.3757293619977624,0
1571235146000,0.9364560732255135,0.532853332865953,0.1783568548797685,0.7086518697106567,-0.3757293619977624,0
1571235146250,1.0235242035136798,0.5653690380173624,0.10847704634364527,-1.4297733237642252,-0.3757293619977624,0
1571235146500,1.0235242035136798,0.5653690380173624,0.07353714207558366,1.8156700376189279,-0.3757293619977624,0
1571235146750,1.0235242035136798,0.5653690380173624,0.10847704634364527,0.4081525534467643,-0.3757293619977624,0
1571235147000,1.1541263989459292,0.5653690380173624,0.038597237807522056,-1.9787575798489212,-0.3777396798881257,0
1571235147250,1.4588648549545111,0.6629161534715904,-0.24092199633697078,1.4222214535323456,-0.3757293619977624,0
1571235147500,1.1976604640900124,0.5653690380173624,-0.17104218780084757,0.3828642631110188,-0.3777396798881257,0
1571235147750,1.110592333801846,0.6629161534715904,-0.3457417091411556,-2.485453725004277,-0.3777396798881257,0
1571235148000,0.8929220080814304,0.6629161534715904,-0.48550132621340203,0.645304279538505,-0.3757293619977624,0
1571235148250,1.2411945292340956,0.6629161534715904,-0.66020084755371,0.10427018830852472,-0.3737174735465473,0
1571235148500,1.2411945292340956,0.630400448320181,-0.6951407518217716,-0.5082308103920407,-0.3757293619977624,0
1571235148750,0.8058538777932641,0.5978847431687717,-0.17104218780084757,2.3989076635563897,-0.3757293619977624,0
1571235149000,0.9799901383695966,0.532853332865953,0.10847704634364527,1.1218912897121704,-0.37975156833934076,0
1571235149250,1.067058268657763,0.5978847431687717,0.003657333539460452,0.1371703386115515,-0.3777396798881257,0
1571235149500,1.1541263989459292,0.5653690380173624,0.038597237807522056,-0.3046558443781963,-0.3777396798881257,0
1571235149750,1.067058268657763,0.5653690380173624,0.07353714207558366,-3.9129311975350896,-0.3757293619977624,0
1571235150000,1.067058268657763,0.5653690380173624,0.07353714207558366,-4.1306303925993335,-0.3777396798881257,0
1571235150250,0.9364560732255135,0.5653690380173624,0.10847704634364527,0.11120543850093653,-0.3757293619977624,0
1571235150500,1.1976604640900124,0.5003376277145437,0.038597237807522056,1.2375069849929872,-0.3777396798881257,0
1571235150750,1.067058268657763,0.532853332865953,0.003657333539460452,2.6763176712528627,-0.3737174735465473,0
1571235151000,1.110592333801846,0.532853332865953,-0.031282570728601154,0.6192548032060313,-0.3757293619977624,0
1571235151250,0.8929220080814304,0.5003376277145437,0.003657333539460452,-1.5447124092701723,-0.3777396798881257,0
1571235151500,1.1541263989459292,0.5978847431687717,-0.17104218780084757,1.6108264282772033,-0.3757293619977624,0
1571235151750,1.3282626595222617,0.630400448320181,-0.2758619006050324,0.3084371878753798,-0.3777396798881257,0
1571235152000,1.1541263989459292,0.5653690380173624,-0.24092199633697078,0.7577060783886916,-0.37975156833934076,0
1571235152250,1.2411945292340956,0.7929789740772277,-0.3806816134092172,-0.39286884377680026,-0.3777396798881257,0
1571235152500,1.067058268657763,0.6629161534715904,-0.310801804873094,-0.9503107220473644,-0.3757293619977624,0
1571235152750,1.2847285943781785,0.6629161534715904,-0.3806816134092172,1.3212374446330808,-0.3777396798881257,0
1571235153000,1.067058268657763,0.5003376277145437,-0.031282570728601154,0.009967700936095772,-0.3757293619977624,0
1571235153250,1.371796724666345,0.6629161534715904,-0.8698402731620797,2.2972470448822557,-0.3777396798881257,0
1571235153500,1.5459329852426775,0.630400448320181,-0.7650205603578949,0.9654252792736112,-0.3737174735465473,0
1571235153750,1.6330011155308437,0.6954318586229997,-0.45056142194534043,-2.15898950862977,-0.3777396798881257,0
1571235154000,1.1976604640900124,0.532853332865953,-0.06622247499666276,1.1753434619268566,-0.3757293619977624,0
1571235154250,1.067058268657763,0.5003376277145437,-0.031282570728601154,1.9219823484952896,-0.3777396798881257,0
1571235154500,1.110592333801846,0.532853332865953,-0.06622247499666276,0.06883275134973753,-0.3737174735465473,0
1571235154750,1.1541263989459292,0.532853332865953,-0.10116237926472436,-1.2744068042098287,-0.3777396798881257,0
1571235155000,1.1541263989459292,0.532853332865953,-0.06622247499666276,-6.520416117438215,-0.3757293619977624,0
1571235155250,1.110592333801846,0.532853332865953,-0.06622247499666276,-2.187322542952428,-0.3737174735465473,0
1571235155500,1.110592333801846,0.532853332865953,-0.10116237926472436,1.697009598351199,-0.3757293619977624,0
1571235155750,1.1541263989459292,0.5653690380173624,-0.10116237926472436,1.2862228887835871,-0.3757293619977624,0
1571235156000,1.1541263989459292,0.532853332865953,-0.10116237926472436,1.850938322133998,-0.3757293619977624,0
1571235156250,1.1541263989459292,0.532853332865953,-0.13610228353278597,1.075712672577331,-0.3717055850953322,0
1571235156500,1.1541263989459292,0.5653690380173624,-0.13610228353278597,-1.1454280658753406,-0.3737174735465473,0
1571235156750,1.1541263989459292,0.532853332865953,-0.06622247499666276,1.712148742063903,-0.3737174735465473,0
1571235157000,1.2847285943781785,0.5978847431687717,-0.13610228353278597,0.9099432777343168,-0.3757293619977624,0
1571235157250,1.0235242035136798,0.5003376277145437,0.07353714207558366,-1.1030553787241417,-0.3737174735465473,0
1571235157500,1.0235242035136798,0.532853332865953,0.07353714207558366,1.5797869548550676,-0.3737174735465473,0
1571235157750,1.067058268657763,0.532853332865953,0.07353714207558366,0.5981107477413612,-0.3737174735465473,0
1571235158000,1.0235242035136798,0.532853332865953,0.07353714207558366,-1.5368468206373147,-0.3717055850953322,0
1571235158250,1.067058268657763,0.532853332865953,0.07353714207558366,0.5017784310443238,-0.3737174735465473,0
1571235158500,1.0235242035136798,0.532853332865953,0.038597237807522056,0.058683604726695836,-0.3717055850953322,0
1571235158750,1.110592333801846,0.532853332865953,0.003657333539460452,-1.3979726643453612,-0.3737174735465473,0
1571235159000,0.8493879429373472,0.532853332865953,0.3181164719520149,1.6021996536476182,-0.3696952672049689,0
1571235159250,0.8058538777932641,0.532853332865953,0.3530563762200765,0.3302578531149194,-0.3737174735465473,0
1571235159500,0.8929220080814304,0.532853332865953,0.3181164719520149,-0.6772141016656846,-0.3737174735465473,0
1571235159750,0.8058538777932641,0.532853332865953,0.3530563762200765,0.5164946936477343,-0.3757293619977624,0
1571235160000,0.8493879429373472,0.532853332865953,0.3181164719520149,-0.8651424666356731,-0.3757293619977624,0
1571235160250,0.6752516823610146,0.5653690380173624,0.3530563762200765,-0.5248077498763422,-0.3737174735465473,0
1571235160500,0.6317176172169315,0.5003376277145437,0.5277558975603845,1.209935136667057,-0.3757293619977624,0
1571235160750,0.3705132263524327,0.5653690380173624,0.6675155146326309,-0.3519339523971988,-0.3737174735465473,0
1571235161000,0.8493879429373472,0.5003376277145437,0.7024554189006925,0.7132189856910255,-0.3757293619977624,0
1571235161250,0.06577477034385075,0.630400448320181,0.6675155146326309,-0.23716401933496914,-0.3757293619977624,0
1571235161500,0.41404729149651587,0.5653690380173624,0.7024554189006925,-1.5112202254141345,-0.3777396798881257,0
1571235161750,0.5011154217846822,0.5653690380173624,0.5626958018284461,1.3340930303556002,-0.3737174735465473,0
1571235162000,0.5446494869287652,0.5653690380173624,0.5277558975603845,0.532987056910177,-0.3777396798881257,0
1571235162250,0.6317176172169315,0.5653690380173624,0.49281599329232295,-0.2715865416314522,-0.3737174735465473,0
1571235162500,0.6317176172169315,0.532853332865953,0.49281599329232295,0.7076369550483527,-0.3757293619977624,0
1571235162750,0.6317176172169315,0.532853332865953,0.49281599329232295,-1.6241294815954734,-0.3757293619977624,0
1571235163000,0.8058538777932641,0.532853332865953,0.4229361847561997,-0.8920377051867334,-0.3777396798881257,0
1571235163250,0.6752516823610146,0.532853332865953,0.4578760890242613,0.47564437848999147,-0.3757293619977624,0
1571235163500,0.7187857475050978,0.532853332865953,0.4578760890242613,-0.5975433006748074,-0.3757293619977624,0
1571235163750,0.7187857475050978,0.532853332865953,0.4578760890242613,0.7021395006275384,-0.3737174735465473,0
1571235164000,0.6752516823610146,0.532853332865953,0.4578760890242613,-0.6605525859595246,-0.3737174735465473,0
1571235164250,0.7623198126491809,0.532853332865953,0.4578760890242613,-0.15005051082052803,-0.3757293619977624,0
1571235164500,0.6752516823610146,0.532853332865953,0.49281599329232295,1.0572750562121385,-0.3737174735465473,0
1571235164750,0.6317176172169315,0.6629161534715904,0.4578760890242613,-0.12205578138530473,-0.3757293619977624,0
1571235165000,0.7623198126491809,0.5978847431687717,0.4229361847561997,-0.5988965202245463,-0.3737174735465473,0
1571235165250,0.6752516823610146,0.5653690380173624,0.5277558975603845,0.7915365671321639,-0.3757293619977624,0
1571235165500,0.6752516823610146,0.5653690380173624,0.5277558975603845,0.24432841170649988,-0.3737174735465473,0
1571235165750,0.5881835520728484,0.5653690380173624,0.5277558975603845,-0.32943667738278976,-0.3737174735465473,0
1571235166000,0.6317176172169315,0.5653690380173624,0.5277558975603845,0.3956352726116796,-0.3737174735465473,0
1571235166250,0.5881835520728484,0.5653690380173624,0.5277558975603845,-1.2593522367189836,-0.3737174735465473,0
1571235166500,0.6317176172169315,0.5653690380173624,0.5277558975603845,-2.11923868435619,-0.3737174735465473,0
1571235166750,0.6317176172169315,0.5653690380173624,0.5277558975603845,0.307591425656793,-0.3757293619977624,0
1571235167000,0.7187857475050978,0.5653690380173624,0.49281599329232295,-0.7658499821735819,-0.3737174735465473,0
1571235167250,0.6317176172169315,0.5653690380173624,0.49281599329232295,0.22969672532494814,-0.3737174735465473,0
1571235167500,0.5881835520728484,0.532853332865953,0.5626958018284461,0.7113583088101346,-0.3737174735465473,0
1571235167750,0.6317176172169315,0.532853332865953,0.5277558975603845,-0.6187719323613362,-0.3737174735465473,0
1571235168000,0.5881835520728484,0.532853332865953,0.5626958018284461,1.3697841959799635,-0.3737174735465473,0
1571235168250,0.6752516823610146,0.532853332865953,0.5277558975603845,0.6144339585600864,-0.3696952672049689,0
1571235168500,0.6317176172169315,0.532853332865953,0.5277558975603845,-1.5803189986726769,-0.3737174735465473,0
1571235168750,0.6317176172169315,0.5653690380173624,0.5626958018284461,1.4501316067457102,-0.3717055850953322,0
1571235169000,0.5881835520728484,0.5978847431687717,0.5626958018284461,0.5674941554285187,-0.3737174735465473,0
1571235169250,0.41404729149651587,0.5978847431687717,0.6675155146326309,-1.4155645184919667,-0.3717055850953322,0
1571235169500,0.3705132263524327,0.5978847431687717,0.7024554189006925,1.266093747981221,-0.3737174735465473,0
1571235169750,0.41404729149651587,0.630400448320181,0.7024554189006925,0.2579451834257475,-0.3737174735465473,0
1571235170000,0.3269791612083496,0.630400448320181,0.7373953231687541,-1.3626198036084327,-0.3737174735465473,0
1571235170250,0.5881835520728484,0.630400448320181,0.5976357060965077,0.3758444366967483,-0.3717055850953322,0
1571235170500,0.5446494869287652,0.630400448320181,0.49281599329232295,-0.5117830117101053,-0.3737174735465473,0
1571235170750,0.6317176172169315,0.630400448320181,0.5277558975603845,1.1151251919634761,-0.3737174735465473,0
1571235171000,0.6752516823610146,0.630400448320181,0.49281599329232295,0.23443299374903426,-0.3737174735465473,0
1571235171250,0.6317176172169315,0.630400448320181,0.49281599329232295,-0.8412073958496664,-0.3737174735465473,0
1571235171500,0.7187857475050978,0.630400448320181,0.4578760890242613,1.4885292114695512,-0.3717055850953322,0
1571235171750,0.7187857475050978,0.630400448320181,0.4578760890242613,0.01368905469787772,-0.3737174735465473,0
1571235172000,0.6752516823610146,0.630400448320181,0.49281599329232295,-1.7136111243219574,-0.3717055850953322,0
1571235172250,0.5881835520728484,0.630400448320181,0.5277558975603845,0.9662710414921981,-0.3737174735465473,0
1571235172500,0.5881835520728484,0.630400448320181,0.5626958018284461,-0.29898923751366474,-0.3717055850953322,0
1571235172750,0.5446494869287652,0.6629161534715904,0.6325756103645693,0.7966111404436846,-0.3737174735465473,0
1571235173000,0.3705132263524327,0.5978847431687717,0.7024554189006925,-0.0039027994487278585,-0.3717055850953322,0
1571235173250,0.3705132263524327,0.5978847431687717,0.7024554189006925,-0.8350333316539827,-0.3717055850953322,0
1571235173500,0.3705132263524327,0.5978847431687717,0.7024554189006925,1.0384145587376528,-0.3737174735465473,0
1571235173750,0.28344509606426643,0.5653690380173624,0.7373953231687541,0.4165255994107737,-0.3717055850953322,0
1571235174000,0.45758135664059896,0.5978847431687717,0.6675155146326309,-0.06970310005478142,-0.3737174735465473,0
1571235174250,0.45758135664059896,0.5978847431687717,0.6675155146326309,-0.583588224068125,-0.3717055850953322,0
1571235174500,0.5446494869287652,0.5653690380173624,0.6325756103645693,-0.9150424375322946,-0.3696952672049689,0
1571235174750,0.41404729149651587,0.5978847431687717,0.6675155146326309,1.4365994112483214,-0.3717055850953322,0
1571235175000,0.8493879429373472,0.5978847431687717,0.7024554189006925,0.4142420414205893,-0.3737174735465473,0
1571235175250,0.15284290063201703,0.5978847431687717,0.6325756103645693,-2.262595380406654,-0.3696952672049689,0
1571235175500,0.2399110309201833,0.6629161534715904,0.9819746530451854,1.6495623378884792,-0.36365960185132357,0
1571235175750,0.28344509606426643,0.43530621741172504,0.9819746530451854,1.1520850009157193,-0.36768337875375384,0
1571235176000,0.022240705199767605,0.43530621741172504,0.9120948445090622,-1.0789511554944178,-0.3737174735465473,0
1571235176250,0.3269791612083496,0.5653690380173624,0.6325756103645693,3.451374168365812,-0.3737174735465473,0
1571235176500,0.9799901383695966,0.532853332865953,0.1783568548797685,0.5719766951870288,-0.3737174735465473,0
1571235176750,0.6317176172169315,0.5003376277145437,0.3879962804881381,-5.458815380668055,-0.3737174735465473,0
1571235177000,0.8493879429373472,0.630400448320181,0.24823666341589168,-2.1067214035211053,-0.3717055850953322,0
1571235177250,0.6317176172169315,0.5978847431687717,0.4578760890242613,3.087696414373485,-0.3717055850953322,0
1571235177500,0.6752516823610146,0.5978847431687717,0.49281599329232295,-0.39286884377680026,-0.3737174735465473,0
1571235177750,0.9799901383695966,0.5978847431687717,0.3879962804881381,1.716377553156837,-0.3737174735465473,0
1571235178000,0.6752516823610146,0.5003376277145437,0.4229361847561997,0.062489534710336456,-0.3737174735465473,0
1571235178250,1.067058268657763,0.5978847431687717,0.07353714207558366,-2.455260013800728,-0.3737174735465473,0
1571235178500,0.9364560732255135,0.5978847431687717,0.07353714207558366,0.8106507932722257,-0.3737174735465473,0
1571235178750,0.8493879429373472,0.4678219225631344,0.21329675914783008,-0.5882399162703525,-0.3737174735465473,0
1571235179000,0.6752516823610146,0.5978847431687717,0.3879962804881381,1.2819095014687945,-0.3757293619977624,0
1571235179250,0.8058538777932641,0.5653690380173624,0.3181164719520149,-0.11266782075899119,-0.3696952672049689,0
1571235179500,0.8929220080814304,0.5978847431687717,0.3181164719520149,-0.7761682812403409,-0.3737174735465473,0
1571235179750,0.8058538777932641,0.532853332865953,0.3530563762200765,1.862017807197485,-0.3696952672049689,0
1571235180000,0.8493879429373472,0.532853332865953,0.2831765676839533,-1.1384082394610704,-0.3717055850953322,0
1571235180250,0.8493879429373472,0.532853332865953,0.3181164719520149,-1.8842859400327752,-0.3696952672049689,0
1571235180500,0.8058538777932641,0.5003376277145437,0.3530563762200765,0.4031625563571022,-0.3717055850953322,0
1571235180750,0.8058538777932641,0.5003376277145437,0.3879962804881381,-0.6699405465858381,-0.3717055850953322,0
1571235181000,0.8493879429373472,0.5003376277145437,0.3530563762200765,1.5698069606757434,-0.3696952672049689,0
1571235181250,0.8058538777932641,0.5003376277145437,0.3530563762200765,0.23942299083869642,-0.3696952672049689,0
1571235181500,0.8058538777932641,0.5003376277145437,0.3530563762200765,0.1768365866632727,-0.3696952672049689,0
1571235181750,0.8493879429373472,0.5003376277145437,0.3530563762200765,0.14249864058864836,-0.3696952672049689,0
1571235182000,0.6752516823610146,0.4027905122603157,0.49281599329232295,-1.2338102177176622,-0.36768337875375384,0
1571235182250,0.7623198126491809,0.4678219225631344,0.4229361847561997,0.7373232089207494,-0.3696952672049689,0
1571235182500,0.7623198126491809,0.5003376277145437,0.4229361847561997,-0.274546709396506,-0.3696952672049689,0
1571235182750,0.7187857475050978,0.4678219225631344,0.4578760890242613,0.981917642536054,-0.3696952672049689,0
1571235183000,0.6317176172169315,0.5003376277145437,0.4578760890242613,0.08151918462853962,-0.36768337875375384,0
1571235183250,0.6752516823610146,0.4678219225631344,0.49281599329232295,-1.0201706813026348,-0.3696952672049689,0
1571235183500,0.7623198126491809,0.532853332865953,0.4578760890242613,0.613249891454065,-0.3696952672049689,0
1571235183750,0.6317176172169315,0.4678219225631344,0.5277558975603845,-0.11588171718962105,-0.36567149030253865,0
1571235184000,0.5881835520728484,0.4678219225631344,0.5277558975603845,-0.014051946071769537,-0.3696952672049689,0
1571235184250,0.6317176172169315,0.4678219225631344,0.5277558975603845,0.3726305402661184,-0.36768337875375384,0
1571235184500,0.6317176172169315,0.4678219225631344,0.5277558975603845,0.06646461713769446,-0.3696952672049689,0
1571235184750,0.6317176172169315,0.4678219225631344,0.49281599329232295,0.45238591747885426,-0.36768337875375384,0
1571235185000,0.6317176172169315,0.4678219225631344,0.49281599329232295,0.08735494393678858,-0.3696952672049689,0
1571235185250,0.6752516823610146,0.5003376277145437,0.49281599329232295,-0.44285339089528053,-0.36768337875375384,0
1571235185500,0.6752516823610146,0.4678219225631344,0.49281599329232295,0.08168833707225698,-0.36768337875375384,0
1571235185750,0.6317176172169315,0.5003376277145437,0.49281599329232295,-0.24266147375578337,-0.36768337875375384,0
1571235186000,0.6317176172169315,0.4678219225631344,0.5277558975603845,0.1747221811168057,-0.36567149030253865,0
1571235186250,0.6317176172169315,0.4678219225631344,0.5277558975603845,0.10063341076860145,-0.36365960185132357,0
1571235186500,0.6317176172169315,0.4678219225631344,0.5277558975603845,-1.0975579243033275,-0.36365960185132357,0
1571235186750,0.6752516823610146,0.4678219225631344,0.49281599329232295,0.19417471214430226,-0.36768337875375384,0
1571235187000,0.6317176172169315,0.5003376277145437,0.5277558975603845,0.10097171565603617,-0.36768337875375384,0
1571235187250,0.45758135664059896,0.5003376277145437,0.5976357060965077,0.6506325815156018,-0.36768337875375384,0
1571235187500,0.3705132263524327,0.43530621741172504,0.6325756103645693,0.09877273388771048,-0.36768337875375384,0
1571235187750,0.5011154217846822,0.4678219225631344,0.6325756103645693,-0.7113828952965916,-0.36768337875375384,0
1571235188000,0.5011154217846822,0.4678219225631344,0.6325756103645693,1.2404671527580409,-0.36768337875375384,0
1571235188250,0.5011154217846822,0.4678219225631344,0.6325756103645693,0.6063146412616531,-0.36768337875375384,0
1571235188500,0.45758135664059896,0.4678219225631344,0.6325756103645693,2.009603314340883,-0.36768337875375384,0
1571235188750,0.5011154217846822,0.4678219225631344,0.5976357060965077,-1.3956891063551768,-0.36567149030253865,0
1571235189000,0.5446494869287652,0.4678219225631344,0.5976357060965077,-2.777495419082302,-0.36768337875375384,0
1571235189250,0.5011154217846822,0.4678219225631344,0.5976357060965077,-0.041623794397699435,-0.36768337875375384,0
1571235189500,0.5011154217846822,0.4678219225631344,0.5976357060965077,-0.5960209286813511,-0.36768337875375384,0
1571235189750,0.5446494869287652,0.4678219225631344,0.5976357060965077,0.8418594191380788,-0.36768337875375384,0
1571235190000,0.5446494869287652,0.4678219225631344,0.5976357060965077,0.26445755250886593,-0.36768337875375384,0
1571235190250,0.5446494869287652,0.4678219225631344,0.5976357060965077,-1.446265687026668,-0.36768337875375384,0
1571235190500,0.5881835520728484,0.4678219225631344,0.5626958018284461,0.8605507641688472,-0.36768337875375384,0
1571235190750,0.5446494869287652,0.43530621741172504,0.5976357060965077,0.21802520670845021,-0.3717055850953322,0
1571235191000,0.5881835520728484,0.5003376277145437,0.5626958018284461,0.3686554578387604,-0.36768337875375384,0
1571235191250,0.7187857475050978,0.43530621741172504,0.5626958018284461,0.5352706149003613,-0.36768337875375384,0
1571235191500,0.5881835520728484,0.4678219225631344,0.5626958018284461,-1.8815795009332974,-0.3696952672049689,0
1571235191750,0.5881835520728484,0.4678219225631344,0.5626958018284461,1.3608191164629433,-0.3696952672049689,0
1571235192000,0.5446494869287652,0.4678219225631344,0.5626958018284461,1.3921968947725138,-0.36768337875375384,0
1571235192250,0.5446494869287652,0.4678219225631344,0.5976357060965077,-2.5308711561423887,-0.36567149030253865,0
1571235192500,0.5446494869287652,0.4027905122603157,0.5976357060965077,-0.02479312624782198,-0.3696952672049689,0
1571235192750,0.5446494869287652,0.4678219225631344,0.5626958018284461,-0.19597539928979163,-0.36768337875375384,0
1571235193000,0.6752516823610146,0.4678219225631344,0.49281599329232295,0.5603897527923897,-0.3696952672049689,0
1571235193250,0.7187857475050978,0.4678219225631344,0.49281599329232295,0.6343093706968765,-0.3696952672049689,0
1571235193500,0.6317176172169315,0.4678219225631344,0.49281599329232295,-1.2119895524781223,-0.3696952672049689,0
1571235193750,0.5881835520728484,0.43530621741172504,0.5277558975603845,1.723481955792966,-0.3696952672049689,0
1571235194000,0.6317176172169315,0.43530621741172504,0.5976357060965077,0.4532316796974411,-0.3696952672049689,0
1571235194250,0.5446494869287652,0.43530621741172504,0.5626958018284461,0.43826168842845464,-0.36567149030253865,0
1571235194500,0.7187857475050978,0.4678219225631344,0.49281599329232295,-0.5602451868351291,-0.36365960185132357,0
1571235194750,0.8493879429373472,0.43530621741172504,0.3530563762200765,-2.3246743272509254,-0.36768337875375384,0
1571235195000,1.1541263989459292,0.5003376277145437,0.1783568548797685,0.6650105392315775,-0.36768337875375384,0
1571235195250,0.8929220080814304,0.5003376277145437,-0.031282570728601154,0.8754361792159752,-0.3717055850953322,0
1571235195500,1.2411945292340956,0.5978847431687717,-0.5903210390175868,-0.909629559333339,-0.3737174735465473,0
1571235195750,1.3282626595222617,0.5653690380173624,-0.6252609432856484,1.1014238440223698,-0.3737174735465473,0
1571235196000,1.3282626595222617,0.5978847431687717,-0.6252609432856484,0.6233144618552481,-0.3717055850953322,0
1571235196250,1.371796724666345,0.5653690380173624,-0.6252609432856484,2.7101481599963346,-0.3717055850953322,0
1571235196500,1.371796724666345,0.5978847431687717,-0.6252609432856484,1.507643437609613,-0.3717055850953322,0
1571235196750,1.2847285943781785,0.5653690380173624,-0.45056142194534043,-0.7203479748136118,-0.3717055850953322,0
1571235197000,1.2847285943781785,0.5653690380173624,-0.48550132621340203,-1.757167878579178,-0.3717055850953322,0
1571235197250,1.3282626595222617,0.5653690380173624,-0.45056142194534043,-1.6510247201465338,-0.3696952672049689,0
1571235197500,1.2847285943781785,0.5653690380173624,-0.3806816134092172,0.18723946195189045,-0.3717055850953322,0
1571235197750,1.371796724666345,0.5653690380173624,-0.4156215176772788,0.43098813334860814,-0.3696952672049689,0
1571235198000,1.2411945292340956,0.5653690380173624,-0.3806816134092172,-2.394703438949913,-0.3717055850953322,0
1571235198250,1.3282626595222617,0.532853332865953,-0.3806816134092172,0.8353470500549603,-0.3696952672049689,0
1571235198500,1.2847285943781785,0.5653690380173624,-0.3806816134092172,0.09099172147671185,-0.3717055850953322,0
1571235198750,1.2847285943781785,0.5653690380173624,-0.3806816134092172,1.1165629877350736,-0.3717055850953322,0
1571235199000,1.2847285943781785,0.532853332865953,-0.3806816134092172,0.81614824769304,-0.3696952672049689,0
1571235199250,1.2847285943781785,0.532853332865953,-0.3457417091411556,-1.9059374528285973,-0.3717055850953322,0
1571235199500,1.2411945292340956,0.532853332865953,-0.3457417091411556,0.830949086518309,-0.3717055850953322,0
1571235199750,1.2847285943781785,0.532853332865953,-0.3457417091411556,-0.3917693528926374,-0.3717055850953322,0
1571235200000,1.2411945292340956,0.532853332865953,-0.3457417091411556,1.0384145587376528,-0.3696952672049689,0
1571235200250,1.2411945292340956,0.5003376277145437,-0.2758619006050324,0.22157740802651482,-0.3717055850953322,0
1571235200500,1.2411945292340956,0.5003376277145437,-0.2758619006050324,-1.7139494292093922,-0.3717055850953322,0
1571235200750,1.2847285943781785,0.5653690380173624,-0.310801804873094,0.9970567862487578,-0.3737174735465473,0
1571235201000,1.2411945292340956,0.532853332865953,-0.2758619006050324,-0.07435479225700883,-0.3717055850953322,0
1571235201250,1.2847285943781785,0.532853332865953,-0.310801804873094,0.8997095548894164,-0.3717055850953322,0
1571235201500,1.2847285943781785,0.532853332865953,-0.310801804873094,-0.15453305057903813,-0.3737174735465473,0
1571235201750,1.2847285943781785,0.532853332865953,-0.3457417091411556,-0.756292869103551,-0.3737174735465473,0
1571235202000,1.2411945292340956,0.5653690380173624,-0.2758619006050324,0.8202924825641152,-0.3717055850953322,0
1571235202250,1.3282626595222617,0.532853332865953,-0.2758619006050324,-0.6602142810720898,-0.3696952672049689,0
1571235202500,1.1976604640900124,0.532853332865953,-0.2059820920689092,1.1688310928437384,-0.3717055850953322,0
1571235202750,1.2411945292340956,0.532853332865953,-0.2758619006050324,0.05597716562721805,-0.3696952672049689,0
1571235203000,1.2847285943781785,0.532853332865953,-0.310801804873094,-1.1585373802634362,-0.3717055850953322,0
1571235203250,1.2411945292340956,0.532853332865953,-0.2758619006050324,0.4378388073191612,-0.3696952672049689,0
1571235203500,1.1976604640900124,0.532853332865953,-0.24092199633697078,-0.7126515386244718,-0.3737174735465473,0
1571235203750,1.1976604640900124,0.532853332865953,-0.2758619006050324,1.2830935685748157,-0.3717055850953322,0
1571235204000,1.2847285943781785,0.532853332865953,-0.2758619006050324,0.0973349381161129,-0.3717055850953322,0
1571235204250,1.2847285943781785,0.532853332865953,-0.2758619006050324,-1.1400151876763853,-0.36768337875375384,0
1571235204500,1.2411945292340956,0.532853332865953,-0.24092199633697078,0.38760053153510493,-0.3696952672049689,0
1571235204750,1.2411945292340956,0.532853332865953,-0.24092199633697078,-0.5841802576211359,-0.3717055850953322,0
1571235205000,1.2847285943781785,0.532853332865953,-0.2758619006050324,1.0001015302356704,-0.3696952672049689,0
1571235205250,1.2411945292340956,0.532853332865953,-0.2758619006050324,0.3048004103354566,-0.3717055850953322,0
1571235205500,1.2847285943781785,0.532853332865953,-0.2758619006050324,-0.5310663902938845,-0.3696952672049689,0
1571235205750,1.2847285943781785,0.5653690380173624,-0.3806816134092172,0.9792112034365763,-0.3717055850953322,0
1571235206000,1.3282626595222617,0.5653690380173624,-0.3806816134092172,-0.8656499239668252,-0.3717055850953322,0
1571235206250,1.3282626595222617,0.5653690380173624,-0.3806816134092172,-0.7727006561441351,-0.3717055850953322,0
1571235206500,1.3282626595222617,0.5653690380173624,-0.3806816134092172,0.6759208718513474,-0.3717055850953322,0
1571235206750,1.5023989200985943,0.7279475637744091,-0.8698402731620797,0.35512326234137154,-0.3696952672049689,0
1571235207000,1.3282626595222617,0.630400448320181,-1.2192393158426957,1.4004853645146647,-0.3717055850953322,0
1571235207250,1.1976604640900124,0.532853332865953,-0.4156215176772788,-1.0906226741109157,-0.36567149030253865,0
1571235207500,1.4588648549545111,0.6629161534715904,-0.2758619006050324,0.8054070675169875,-0.3717055850953322,0
1571235207750,0.5881835520728484,0.5978847431687717,0.3181164719520149,1.6488011518917511,-0.3737174735465473,0
1571235208000,0.6317176172169315,0.532853332865953,0.4229361847561997,0.6398914013395494,-0.3737174735465473,0
1571235208250,0.8058538777932641,0.5978847431687717,0.3530563762200765,-0.9588529204550912,-0.3737174735465473,0
1571235208500,0.6752516823610146,0.5978847431687717,0.3879962804881381,-4.1849283270326065,-0.3717055850953322,0
1571235208750,0.7187857475050978,0.5978847431687717,0.4229361847561997,-3.755534848656085,-0.3737174735465473,0
1571235209000,0.7623198126491809,0.5653690380173624,0.4229361847561997,0.6494485144095803,-0.3717055850953322,0
1571235209250,0.7187857475050978,0.5978847431687717,0.3879962804881381,-0.23919384865957746,-0.3737174735465473,0
1571235209500,0.7187857475050978,0.5978847431687717,0.4578760890242613,2.118030030763711,-0.3717055850953322,0
1571235209750,0.7187857475050978,0.5978847431687717,0.4229361847561997,-0.5702251810144535,-0.3737174735465473,0
1571235210000,0.7187857475050978,0.5978847431687717,0.4229361847561997,1.472206000650826,-0.3717055850953322,0
1571235210250,0.7187857475050978,0.5653690380173624,0.4229361847561997,0.9079134484097084,-0.3737174735465473,0
1571235210500,0.7187857475050978,0.5978847431687717,0.4578760890242613,1.9520914834769798,-0.3717055850953322,0
1571235210750,0.6752516823610146,0.532853332865953,0.4578760890242613,0.8620731361623034,-0.3717055850953322,0
1571235211000,0.7187857475050978,0.5978847431687717,0.4229361847561997,-1.8055454774823434,-0.3717055850953322,0
1571235211250,0.5011154217846822,0.5653690380173624,0.49281599329232295,1.0776579256800805,-0.36768337875375384,0
1571235211500,0.7623198126491809,0.5653690380173624,0.4578760890242613,-0.43955491824279197,-0.3717055850953322,0
1571235211750,0.6752516823610146,0.5653690380173624,0.4578760890242613,1.5945877936803368,-0.36768337875375384,0
1571235212000,0.6752516823610146,0.5653690380173624,0.4578760890242613,0.6751596858546193,-0.3696952672049689,0
1571235212250,0.7187857475050978,0.5653690380173624,0.4229361847561997,-2.626442286842698,-0.36768337875375384,0
1571235212500,0.7623198126491809,0.5653690380173624,0.4229361847561997,0.9317639429738565,-0.3717055850953322,0
1571235212750,0.7623198126491809,0.5653690380173624,0.4229361847561997,-0.2298904642551226,-0.3696952672049689,0
1571235213000,0.7623198126491809,0.5653690380173624,0.4229361847561997,-0.030544309334212264,-0.3696952672049689,0
1571235213250,0.7187857475050978,0.5653690380173624,0.4229361847561997,0.6057226077086425,-0.3696952672049689,0
1571235213500,0.7187857475050978,0.5653690380173624,0.4578760890242613,-0.8209936788254418,-0.3696952672049689,0
1571235213750,0.7623198126491809,0.5653690380173624,0.4578760890242613,0.8654561850366508,-0.3696952672049689,0
1571235214000,0.7623198126491809,0.5653690380173624,0.4578760890242613,0.2385772286201096,-0.36567149030253865,0
1571235214250,0.7187857475050978,0.532853332865953,0.49281599329232295,-1.1586219564852949,-0.3696952672049689,0
1571235214500,0.6317176172169315,0.532853332865953,0.49281599329232295,1.2447805400728336,-0.36567149030253865,0
1571235214750,0.7623198126491809,0.5003376277145437,0.5277558975603845,0.16228947650357964,-0.3717055850953322,0
1571235215000,0.5011154217846822,0.532853332865953,0.5976357060965077,0.8158945190274639,-0.3696952672049689,0
1571235215250,0.5881835520728484,0.532853332865953,0.5626958018284461,-0.2834272126916675,-0.3696952672049689,0
1571235215500,0.5011154217846822,0.5003376277145437,0.6325756103645693,-1.7307800973592697,-0.3696952672049689,0
1571235215750,0.5446494869287652,0.5003376277145437,0.5626958018284461,1.269561373077427,-0.36567149030253865,0
1571235216000,0.5881835520728484,0.5003376277145437,0.5626958018284461,0.8609736452781407,-0.3696952672049689,0
1571235216250,0.5446494869287652,0.532853332865953,0.5976357060965077,-2.2224216750237806,-0.36567149030253865,0
1571235216500,0.5446494869287652,0.5003376277145437,0.5976357060965077,0.2796812724434284,-0.3696952672049689,0
1571235216750,0.5446494869287652,0.5003376277145437,0.5976357060965077,-0.3776451238422377,-0.36567149030253865,0
1571235217000,0.5881835520728484,0.532853332865953,0.5976357060965077,1.1361846712062875,-0.3696952672049689,0
1571235217250,0.5446494869287652,0.532853332865953,0.5976357060965077,0.45289337481000635,-0.36768337875375384,0
1571235217500,0.5446494869287652,0.532853332865953,0.5626958018284461,-1.5167176798349489,-0.3717055850953322,0
1571235217750,0.6752516823610146,0.5003376277145437,0.5626958018284461,0.9250824214470206,-0.36768337875375384,0
1571235218000,0.5446494869287652,0.532853332865953,0.5626958018284461,-0.10353358879825368,-0.3696952672049689,0
1571235218250,0.5011154217846822,0.532853332865953,0.5976357060965077,0.14664287545972374,-0.36768337875375384,0
1571235218500,0.5446494869287652,0.532853332865953,0.5976357060965077,0.5020321597098999,-0.36567149030253865,0
1571235218750,0.5881835520728484,0.532853332865953,0.5976357060965077,-0.5520412933148372,-0.36768337875375384,0
1571235219000,0.6317176172169315,0.4678219225631344,0.5976357060965077,1.4674697322267398,-0.36567149030253865,0
1571235219250,0.7187857475050978,0.5653690380173624,0.5626958018284461,0.4319184717890536,-0.36768337875375384,0
1571235219500,0.6317176172169315,0.6629161534715904,0.3530563762200765,-1.6902680870889617,-0.36768337875375384,0
1571235219750,0.8058538777932641,0.532853332865953,0.49281599329232295,0.8499787364365122,-0.3696952672049689,0
1571235220000,0.5881835520728484,0.630400448320181,0.4578760890242613,0.564533987663465,-0.36768337875375384,0
1571235220250,0.7623198126491809,0.630400448320181,0.49281599329232295,-0.8341029932135372,-0.36768337875375384,0
1571235220500,0.7187857475050978,0.5978847431687717,0.49281599329232295,2.791425909202527,-0.36567149030253865,0
1571235220750,0.7623198126491809,0.630400448320181,0.49281599329232295,0.792297753128892,-0.36768337875375384,0
1571235221000,0.6752516823610146,0.5978847431687717,0.49281599329232295,-0.6463437806872662,-0.36768337875375384,0
1571235221250,0.8929220080814304,0.7279475637744091,0.2831765676839533,-1.3764903039932563,-0.36365960185132357,0
1571235221500,0.6752516823610146,0.4678219225631344,0.5626958018284461,-2.6460639703139117,-0.3696952672049689,0
1571235221750,0.8058538777932641,0.6954318586229997,0.3530563762200765,-0.09854359170859152,-0.3696952672049689,0
1571235222000,0.7187857475050978,0.5653690380173624,0.5626958018284461,-0.35523242504968733,-0.36768337875375384,0
1571235222250,0.06577477034385075,0.20769628135185966,1.1566741743854934,0.6449659746510703,-0.3696952672049689,0
1571235222500,0.5446494869287652,0.7604632689258184,0.3879962804881381,-1.2533473249670173,-0.36768337875375384,0
1571235222750,0.2399110309201833,0.37027480710890637,0.9120948445090622,3.8251164927593218,-0.36768337875375384,0
1571235223000,0.7187857475050978,0.5978847431687717,0.5976357060965077,-2.2242823519046713,-0.3717055850953322,0
1571235223250,-0.06482742508839867,0.4027905122603157,0.9470347487771238,-1.678765720916181,-0.3717055850953322,0
1571235223500,0.41404729149651587,0.532853332865953,0.7024554189006925,4.595352145226326,-0.3696952672049689,0
1571235223750,0.6317176172169315,0.532853332865953,0.6675155146326309,-0.8512719662508494,-0.3696952672049689,0
1571235224000,0.45758135664059896,0.532853332865953,0.6675155146326309,-3.459348919706985,-0.3696952672049689,0
1571235224250,0.5446494869287652,0.532853332865953,0.6325756103645693,0.7340247362682609,-0.3696952672049689,0
1571235224500,0.45758135664059896,0.532853332865953,0.6325756103645693,3.2073717683035183,-0.36768337875375384,0
1571235224750,0.5011154217846822,0.532853332865953,0.6325756103645693,-1.0819958994813301,-0.3696952672049689,0
1571235225000,-0.4566340113851469,0.4678219225631344,0.7024554189006925,1.7890285277334435,-0.36768337875375384,0
1571235225250,0.3705132263524327,0.4678219225631344,0.7373953231687541,0.30463125789173917,-0.3696952672049689,0
1571235225500,0.3269791612083496,0.4678219225631344,0.7723352274368158,-0.6569158084196013,-0.3696952672049689,0
1571235225750,0.3269791612083496,0.4678219225631344,0.7373953231687541,0.22673655755989433,-0.36768337875375384,0
1571235226000,0.3269791612083496,0.4678219225631344,0.7373953231687541,-1.4274897657740409,-0.3696952672049689,0
1571235226250,0.3705132263524327,0.4678219225631344,0.7373953231687541,1.7762575182327829,-0.36768337875375384,0
1571235226500,0.2399110309201833,0.43530621741172504,0.7723352274368158,0.57062347563729,-0.3696952672049689,0
1571235226750,0.2399110309201833,0.43530621741172504,0.7723352274368158,-0.9663802042005138,-0.36768337875375384,0
1571235227000,0.2399110309201833,0.37027480710890637,0.8771549402410006,0.4641420123172109,-0.3717055850953322,0
1571235227250,0.2399110309201833,0.43530621741172504,0.7723352274368158,-0.7893621718502951,-0.3696952672049689,0
1571235227500,0.28344509606426643,0.4678219225631344,0.7723352274368158,1.1187619695033992,-0.3696952672049689,0
1571235227750,0.28344509606426643,0.4678219225631344,0.8072751317048774,0.4861318300004679,-0.36768337875375384,0
1571235228000,0.45758135664059896,0.6629161534715904,0.5626958018284461,-0.38068986782915026,-0.36768337875375384,0
1571235228250,0.41404729149651587,0.5653690380173624,0.6675155146326309,1.5090812333812105,-0.3696952672049689,0
1571235228500,0.41404729149651587,0.5653690380173624,0.7024554189006925,-0.20307980192592082,-0.3696952672049689,0
1571235228750,0.41404729149651587,0.532853332865953,0.6675155146326309,-1.2983418749958355,-0.3696952672049689,0
1571235229000,0.3705132263524327,0.532853332865953,0.7024554189006925,1.8539830661209102,-0.3696952672049689,0
1571235229250,0.3705132263524327,0.532853332865953,0.7024554189006925,-0.23843266266284932,-0.36768337875375384,0
1571235229500,0.41404729149651587,0.532853332865953,0.6675155146326309,-1.4489721261261457,-0.36768337875375384,0
1571235229750,0.3705132263524327,0.532853332865953,0.6675155146326309,-0.3842420691472148,-0.36768337875375384,0
1571235230000,0.41404729149651587,0.4027905122603157,0.8771549402410006,-0.8498341704792518,-0.36768337875375384,0
1571235230250,0.3269791612083496,0.5978847431687717,0.6675155146326309,0.15239405854611401,-0.36567149030253865,0
1571235230500,0.3705132263524327,0.5978847431687717,0.7024554189006925,0.507022156799562,-0.36768337875375384,0
1571235230750,0.3705132263524327,0.5653690380173624,0.7024554189006925,-0.3310436255981047,-0.36768337875375384,0
1571235231000,0.41404729149651587,0.5978847431687717,0.6675155146326309,0.05310157408402291,-0.36768337875375384,0
1571235231250,0.45758135664059896,0.5978847431687717,0.6675155146326309,1.8928035519540447,-0.36768337875375384,0
1571235231500,0.41404729149651587,0.5653690380173624,0.6675155146326309,-2.044727032898692,-0.36768337875375384,0
1571235231750,0.41404729149651587,0.5653690380173624,0.6675155146326309,-0.20993047589647393,-0.36567149030253865,0
1571235232000,0.41404729149651587,0.5653690380173624,0.6675155146326309,0.705945430611179,-0.36567149030253865,0
1571235232250,0.41404729149651587,0.5653690380173624,0.6675155146326309,-1.4223306162406613,-0.36365960185132357,0
1571235232500,0.41404729149651587,0.5653690380173624,0.7024554189006925,1.8495851025842591,-0.36365960185132357,0
1571235232750,0.45758135664059896,0.5653690380173624,0.6675155146326309,0.9699078190321213,-0.36567149030253865,0
1571235233000,0.3705132263524327,0.5653690380173624,0.6675155146326309,-1.6264976158075162,-0.36365960185132357,0
1571235233250,0.41404729149651587,0.5653690380173624,0.6675155146326309,1.776764975563935,-0.36365960185132357,0
1571235233500,0.41404729149651587,0.5653690380173624,0.6675155146326309,0.5776433020515604,-0.36365960185132357,0
1571235233750,0.41404729149651587,0.5653690380173624,0.6675155146326309,-1.8264358042814375,-0.36567149030253865,0
1571235234000,0.41404729149651587,0.5653690380173624,0.6675155146326309,1.651169286103794,-0.36365960185132357,0
1571235234250,0.41404729149651587,0.5653690380173624,0.6675155146326309,0.19375183103500884,-0.36365960185132357,0
1571235234500,0.45758135664059896,0.5653690380173624,0.6325756103645693,-1.435101625741322,-0.3616492839609603,0
1571235234750,0.41404729149651587,0.5653690380173624,0.6675155146326309,0.877296856096866,-0.36567149030253865,0
1571235235000,0.45758135664059896,0.5653690380173624,0.6675155146326309,-0.41342086568845965,-0.36567149030253865,0
1571235235250,0.5011154217846822,0.5653690380173624,0.6675155146326309,0.023838201320919402,-0.3616492839609603,0
1571235235500,0.5011154217846822,0.5653690380173624,0.6325756103645693,0.6807417164972921,-0.36567149030253865,0
1571235235750,0.45758135664059896,0.532853332865953,0.6675155146326309,-0.6816966414241947,-0.36365960185132357,0
1571235236000,0.6317176172169315,0.5978847431687717,0.5626958018284461,0.9474105440177123,-0.36567149030253865,0
1571235236250,0.5011154217846822,0.5653690380173624,0.5626958018284461,0.4778433602583172,-0.36365960185132357,0
1571235236500,0.5881835520728484,0.5978847431687717,0.5277558975603845,-1.2109746378158182,-0.36768337875375384,0
1571235236750,0.5446494869287652,0.5978847431687717,0.5626958018284461,1.3890675745637426,-0.36567149030253865,0
1571235237000,0.5446494869287652,0.5978847431687717,0.5277558975603845,-0.00542517144218411,-0.36567149030253865,0
1571235237250,0.6752516823610146,0.5653690380173624,0.5626958018284461,-1.5366776681935976,-0.36567149030253865,0
1571235237500,0.8929220080814304,0.6954318586229997,0.21329675914783008,1.4470868627587978,-0.36365960185132357,0
1571235237750,1.5023989200985943,0.630400448320181,-0.3806816134092172,-0.32250142719037794,-0.36768337875375384,0
1571235238000,1.110592333801846,0.5653690380173624,-0.48550132621340203,0.08735494393678858,-0.3696952672049689,0
1571235238250,1.371796724666345,0.6954318586229997,-0.6252609432856484,0.4691320094068731,-0.3696952672049689,0
1571235238500,1.2411945292340956,0.6954318586229997,-0.48550132621340203,-0.06572801762742342,-0.3696952672049689,0
1571235238750,1.2411945292340956,0.630400448320181,-0.3806816134092172,2.1946560877676764,-0.3717055850953322,0
1571235239000,1.2847285943781785,0.6629161534715904,-0.24092199633697078,0.4673559087478408,-0.3696952672049689,0
1571235239250,1.110592333801846,0.5978847431687717,-0.10116237926472436,-1.4848324441942262,-0.3737174735465473,0
1571235239500,1.2411945292340956,0.630400448320181,-0.17104218780084757,-0.18007506958035968,-0.3737174735465473,0
1571235239750,1.1541263989459292,0.630400448320181,-0.2059820920689092,-0.04238498039442756,-0.3717055850953322,0
1571235240000,1.1976604640900124,0.630400448320181,-0.2059820920689092,-2.6150244968917757,-0.3696952672049689,0
1571235240250,1.1976604640900124,0.630400448320181,-0.2059820920689092,-0.13990136419748636,-0.36768337875375384,0
1571235240500,1.1976604640900124,0.630400448320181,-0.2059820920689092,-0.37815258117338985,-0.3717055850953322,0
1571235240750,1.1976604640900124,0.630400448320181,-0.2059820920689092,0.40054069347948307,-0.3696952672049689,0
1571235241000,1.1541263989459292,0.630400448320181,-0.2059820920689092,1.1719604130525096,-0.3717055850953322,0
1571235241250,1.1976604640900124,0.630400448320181,-0.24092199633697078,-1.091553012551361,-0.3696952672049689,0
1571235241500,1.1976604640900124,0.630400448320181,-0.2059820920689092,2.291326709352148,-0.3717055850953322,0
1571235241750,1.0235242035136798,0.6629161534715904,-0.13610228353278597,0.6660254538938818,-0.3717055850953322,0
1571235242000,1.3282626595222617,0.6629161534715904,-0.2758619006050324,-1.820430892529471,-0.3717055850953322,0
1571235242250,0.3705132263524327,0.37027480710890637,0.5277558975603845,1.4733900677568472,-0.3696952672049689,0
1571235242500,0.9364560732255135,0.5978847431687717,0.24823666341589168,0.08270325173456114,-0.3696952672049689,0
1571235242750,0.9364560732255135,0.5978847431687717,0.1783568548797685,-1.6852780899992994,-0.3717055850953322,0
1571235243000,0.8929220080814304,0.5653690380173624,0.24823666341589168,3.1325218119585863,-0.3696952672049689,0
1571235243250,0.8929220080814304,0.5653690380173624,0.2831765676839533,-0.10514053701356861,-0.3717055850953322,0
1571235243500,0.8493879429373472,0.5653690380173624,0.2831765676839533,-2.3375299129734444,-0.3696952672049689,0
1571235243750,0.9799901383695966,0.5978847431687717,0.21329675914783008,0.7916211433540224,-0.3717055850953322,0
1571235244000,0.9364560732255135,0.5653690380173624,0.24823666341589168,-0.4661118519064177,-0.3717055850953322,0
1571235244250,0.8929220080814304,0.5978847431687717,0.24823666341589168,-0.047713282371524446,-0.3696952672049689,0
1571235244500,0.9364560732255135,0.5978847431687717,0.21329675914783008,0.863257203268325,-0.3696952672049689,0
1571235244750,0.9364560732255135,0.5978847431687717,0.21329675914783008,0.049887677653393046,-0.36768337875375384,0
1571235245000,0.9364560732255135,0.5978847431687717,0.21329675914783008,1.6153089680357136,-0.3717055850953322,0
1571235245250,0.9364560732255135,0.5653690380173624,0.1783568548797685,-0.5604143392788467,-0.3696952672049689,0
1571235245500,1.0235242035136798,0.5653690380173624,0.1783568548797685,-2.0467568622233006,-0.3717055850953322,0
1571235245750,0.8058538777932641,0.4678219225631344,0.4229361847561997,0.5680016127596709,-0.3717055850953322,0
1571235246000,0.8493879429373472,0.5003376277145437,0.3879962804881381,-0.4309281436132066,-0.3717055850953322,0
1571235246250,0.9364560732255135,0.5653690380173624,0.1783568548797685,0.164319305828188,-0.3717055850953322,0
1571235246500,1.067058268657763,0.5978847431687717,0.038597237807522056,0.9431817329247782,-0.3696952672049689,0
1571235246750,1.067058268657763,0.5978847431687717,0.003657333539460452,-1.00443950403692,-0.3717055850953322,0
1571235247000,1.110592333801846,0.5978847431687717,-0.031282570728601154,1.2598351075636787,-0.36768337875375384,0
1571235247250,1.110592333801846,0.5978847431687717,-0.031282570728601154,-0.15707033723479852,-0.36768337875375384,0
1571235247500,1.110592333801846,0.5978847431687717,-0.06622247499666276,-1.2446359741155733,-0.3696952672049689,0
1571235247750,1.110592333801846,0.5978847431687717,-0.06622247499666276,0.5137882545482565,-0.3717055850953322,0
1571235248000,1.067058268657763,0.5653690380173624,0.003657333539460452,-0.5735236536669421,-0.3696952672049689,0
1571235248250,1.0235242035136798,0.6629161534715904,0.003657333539460452,1.4223060297542043,-0.3717055850953322,0
1571235248500,0.7623198126491809,0.532853332865953,0.2831765676839533,0.025445149536234335,-0.3717055850953322,0
1571235248750,0.9364560732255135,0.5978847431687717,0.14341695061170687,-0.7245767859065457,-0.3696952672049689,0
1571235249000,0.9799901383695966,0.5653690380173624,0.1783568548797685,0.15307066832098346,-0.3717055850953322,0
1571235249250,1.0235242035136798,0.5978847431687717,0.10847704634364527,-1.2321186932804884,-0.3696952672049689,0
1571235249500,1.067058268657763,0.5978847431687717,0.07353714207558366,0.3973267970488532,-0.3717055850953322,0
1571235249750,1.0235242035136798,0.5978847431687717,0.038597237807522056,-0.66596546415848,-0.36768337875375384,0
1571235250000,1.067058268657763,0.630400448320181,0.038597237807522056,1.6542986063125653,-0.3696952672049689,0
1571235250250,1.067058268657763,0.5978847431687717,0.038597237807522056,0.7485718464279542,-0.36768337875375384,0
1571235250500,1.067058268657763,0.5978847431687717,0.038597237807522056,-0.4963055631099667,-0.3717055850953322,0
1571235250750,1.067058268657763,0.5978847431687717,0.003657333539460452,-0.31015329879901055,-0.3696952672049689,0
1571235251000,1.0235242035136798,0.5978847431687717,0.038597237807522056,-1.1307118032719303,-0.3717055850953322,0
1571235251250,1.0235242035136798,0.5978847431687717,0.038597237807522056,1.0752052152461788,-0.3696952672049689,0
1571235251500,1.067058268657763,0.5978847431687717,0.003657333539460452,-0.23817893399727327,-0.3717055850953322,0
1571235251750,1.067058268657763,0.5978847431687717,0.003657333539460452,1.3165857524308535,-0.3696952672049689,0
1571235252000,1.067058268657763,0.630400448320181,0.003657333539460452,-0.23530334245407813,-0.3696952672049689,0
1571235252250,1.110592333801846,0.630400448320181,0.003657333539460452,-0.47947489496008927,-0.3696952672049689,0
1571235252500,1.110592333801846,0.5978847431687717,0.003657333539460452,0.052678692974729505,-0.3696952672049689,0
1571235252750,1.067058268657763,0.630400448320181,0.003657333539460452,-1.3664257335920733,-0.3696952672049689,0
1571235253000,1.067058268657763,0.630400448320181,0.003657333539460452,0.7490793037591061,-0.36768337875375384,0
1571235253250,1.067058268657763,0.5978847431687717,0.003657333539460452,-0.5384245215955897,-0.3696952672049689,0
1571235253500,1.110592333801846,0.630400448320181,-0.031282570728601154,0.9843703529699558,-0.36768337875375384,0
1571235253750,1.110592333801846,0.630400448320181,0.003657333539460452,-0.40115731351895095,-0.3696952672049689,0
1571235254000,1.067058268657763,0.630400448320181,0.003657333539460452,-0.2307362264737094,-0.36768337875375384,0
1571235254250,1.110592333801846,0.630400448320181,-0.031282570728601154,-0.039932269960525825,-0.3696952672049689,0
1571235254500,1.067058268657763,0.630400448320181,0.003657333539460452,-1.5628962969697886,-0.36365960185132357,0
1571235254750,1.110592333801846,0.630400448320181,-0.031282570728601154,0.5195394376346467,-0.3696952672049689,0
1571235255000,1.110592333801846,0.630400448320181,-0.031282570728601154,-0.931619377016596,-0.3696952672049689,0
1571235255250,1.067058268657763,0.630400448320181,-0.031282570728601154,1.6544677587562826,-0.36768337875375384,0
1571235255500,1.067058268657763,0.630400448320181,-0.031282570728601154,0.04633547633532846,-0.36768337875375384,0
1571235255750,1.067058268657763,0.630400448320181,-0.031282570728601154,-1.6352935428808193,-0.3696952672049689,0
1571235256000,1.110592333801846,0.630400448320181,-0.031282570728601154,0.9243212354502924,-0.3696952672049689,0
1571235256250,1.110592333801846,0.630400448320181,-0.031282570728601154,-0.12417018693177176,-0.36567149030253865,0
1571235256500,1.067058268657763,0.630400448320181,-0.031282570728601154,-1.3797887766457448,-0.3696952672049689,0
1571235256750,1.110592333801846,0.630400448320181,-0.031282570728601154,0.7215920316550348,-0.36768337875375384,0
1571235257000,1.110592333801846,0.630400448320181,0.003657333539460452,-0.2554324832564442,-0.3696952672049689,0
1571235257250,1.110592333801846,0.630400448320181,-0.031282570728601154,-0.5115292830445293,-0.3696952672049689,0
1571235257500,1.110592333801846,0.630400448320181,-0.031282570728601154,0.4855397964474571,-0.36768337875375384,0
1571235257750,1.067058268657763,0.630400448320181,-0.031282570728601154,-0.6165729505930106,-0.36768337875375384,0
1571235258000,1.110592333801846,0.630400448320181,-0.031282570728601154,1.1112346857579767,-0.36768337875375384,0
1571235258250,1.067058268657763,0.630400448320181,-0.031282570728601154,0.030435146625896494,-0.3696952672049689,0
1571235258500,1.110592333801846,0.630400448320181,-0.031282570728601154,-1.3764057277713977,-0.36768337875375384,0
1571235258750,1.067058268657763,0.630400448320181,-0.031282570728601154,1.4566439758288285,-0.3696952672049689,0
1571235259000,1.067058268657763,0.630400448320181,-0.031282570728601154,-0.14210034596581206,-0.36768337875375384,0
1571235259250,1.110592333801846,0.630400448320181,-0.031282570728601154,-0.9384700509871492,-0.3696952672049689,0
1571235259500,1.067058268657763,0.630400448320181,-0.031282570728601154,0.45221676503513697,-0.36768337875375384,0
1571235259750,0.9799901383695966,0.5978847431687717,0.038597237807522056,-0.7528252440073452,-0.3696952672049689,0
1571235260000,1.067058268657763,0.630400448320181,0.038597237807522056,1.598985757216988,-0.36768337875375384,0
1571235260250,0.9364560732255135,0.5653690380173624,0.21329675914783008,0.04159920791124234,-0.3717055850953322,0
1571235260500,0.9364560732255135,0.630400448320181,0.1783568548797685,-1.6655718303062268,-0.3696952672049689,0
1571235260750,0.8493879429373472,0.5653690380173624,0.3181164719520149,1.4291567037247574,-0.3696952672049689,0
1571235261000,0.7623198126491809,0.5653690380173624,0.3530563762200765,-0.24147740664976183,-0.3696952672049689,0
1571235261250,0.8058538777932641,0.5653690380173624,0.2831765676839533,0.43969948420005217,-0.3696952672049689,0
1571235261500,1.0235242035136798,0.5653690380173624,0.21329675914783008,-0.2977205941857845,-0.3717055850953322,0
1571235261750,0.9364560732255135,0.5653690380173624,0.24823666341589168,-1.7286656918128027,-0.36768337875375384,0
1571235262000,0.9799901383695966,0.5978847431687717,0.1783568548797685,1.8071278392112013,-0.3696952672049689,0
1571235262250,0.7623198126491809,0.5653690380173624,0.3530563762200765,0.1387772868268664,-0.36768337875375384,0
1571235262500,0.6752516823610146,0.4678219225631344,0.4578760890242613,-1.0843640336933733,-0.3696952672049689,0
1571235262750,0.8493879429373472,0.4678219225631344,0.3181164719520149,0.23646282307364258,-0.36768337875375384,0
1571235263000,0.8929220080814304,0.5978847431687717,0.24823666341589168,-1.087831658789579,-0.3696952672049689,0
1571235263250,0.7623198126491809,0.532853332865953,0.4229361847561997,1.2225369937240005,-0.3696952672049689,0
1571235263500,0.7623198126491809,0.532853332865953,0.3879962804881381,-0.2756462002806689,-0.3696952672049689,0
1571235263750,0.8493879429373472,0.5653690380173624,0.3530563762200765,-0.2215174182911132,-0.3696952672049689,0
1571235264000,0.7623198126491809,0.532853332865953,0.3879962804881381,1.7358300841843335,-0.3696952672049689,0
1571235264250,0.7623198126491809,0.532853332865953,0.3879962804881381,-2.4538222180291305,-0.3696952672049689,0
1571235264500,0.8058538777932641,0.5653690380173624,0.3530563762200765,0.15653829341718936,-0.36768337875375384,0
1571235264750,0.8058538777932641,0.5653690380173624,0.3530563762200765,-0.8893312660872558,-0.3696952672049689,0
1571235265000,0.8493879429373472,0.5653690380173624,0.3181164719520149,1.4025997700611315,-0.36768337875375384,0
1571235265250,0.8493879429373472,0.532853332865953,0.3181164719520149,0.4562764236843536,-0.3696952672049689,0
1571235265500,0.8493879429373472,0.5653690380173624,0.3181164719520149,-1.6436665888448285,-0.36768337875375384,0
1571235265750,0.8493879429373472,0.5653690380173624,0.3181164719520149,1.1501397478129698,-0.3717055850953322,0
1571235266000,0.8058538777932641,0.5653690380173624,0.3181164719520149,-0.3066856737028047,-0.3696952672049689,0
1571235266250,0.8493879429373472,0.5653690380173624,0.3181164719520149,0.050987168537555895,-0.36768337875375384,0
1571235266500,0.8493879429373472,0.532853332865953,0.3181164719520149,0.11805611247148967,-0.3696952672049689,0
1571235266750,0.9799901383695966,0.5653690380173624,0.1783568548797685,-1.3594059071778029,-0.3696952672049689,0
1571235267000,0.9799901383695966,0.630400448320181,0.14341695061170687,1.3488092929590108,-0.3696952672049689,0
1571235267250,1.110592333801846,0.5978847431687717,0.10847704634364527,-0.16502050208951452,-0.36768337875375384,0
1571235267500,0.7623198126491809,0.5003376277145437,0.3181164719520149,-0.0039027994487278585,-0.3696952672049689,0
1571235267750,0.7623198126491809,0.5653690380173624,0.2831765676839533,0.9120576832807838,-0.36768337875375384,0
1571235268000,0.9364560732255135,0.630400448320181,0.21329675914783008,0.5167484223133103,-0.36768337875375384,0
1571235268250,0.8493879429373472,0.5653690380173624,0.2831765676839533,2.391295803589109,-0.36567149030253865,0
1571235268500,1.067058268657763,0.5978847431687717,0.10847704634364527,-1.7700234643016977,-0.36768337875375384,0
1571235268750,1.067058268657763,0.5978847431687717,0.10847704634364527,-1.0637274355598552,-0.3696952672049689,0
1571235269000,0.8058538777932641,0.4678219225631344,0.3181164719520149,-0.4756689649764486,-0.3696952672049689,0
1571235269250,1.110592333801846,0.532853332865953,0.1783568548797685,-1.3396150712628716,-0.3696952672049689,0
1571235269500,0.9364560732255135,0.5653690380173624,0.14341695061170687,-2.0191850138973706,-0.3696952672049689,0
1571235269750,0.8058538777932641,0.5003376277145437,0.14341695061170687,0.9166247992611525,-0.3717055850953322,0
1571235270000,1.0235242035136798,0.5653690380173624,0.038597237807522056,1.5358073194885535,-0.36768337875375384,0
1571235270250,1.067058268657763,0.5653690380173624,0.003657333539460452,-1.4312956957576815,-0.3696952672049689,0
1571235270500,0.9364560732255135,0.532853332865953,0.07353714207558366,2.367107004137526,-0.36768337875375384,0
1571235270750,1.110592333801846,0.5653690380173624,0.003657333539460452,0.43420202977923794,-0.3696952672049689,0
1571235271000,1.067058268657763,0.532853332865953,0.038597237807522056,-1.8071524256976583,-0.36768337875375384,0
1571235271250,1.067058268657763,0.532853332865953,0.038597237807522056,0.5314646849167207,-0.3696952672049689,0
1571235271500,1.110592333801846,0.5653690380173624,0.003657333539460452,-0.16941846562616591,-0.3696952672049689,0
1571235271750,1.067058268657763,0.532853332865953,0.003657333539460452,1.464509564461686,-0.3696952672049689,0
1571235272000,1.110592333801846,0.5653690380173624,0.003657333539460452,-0.286725685344156,-0.3696952672049689,0
1571235272250,1.110592333801846,0.5653690380173624,-0.031282570728601154,-1.758521098128917,-0.3696952672049689,0
1571235272500,1.110592333801846,0.5653690380173624,-0.031282570728601154,1.9154699794121712,-0.36768337875375384,0
1571235272750,1.110592333801846,0.5653690380173624,-0.031282570728601154,0.7310645685032071,-0.3696952672049689,0
1571235273000,1.110592333801846,0.5653690380173624,-0.031282570728601154,-1.1806963503904107,-0.36768337875375384,0
1571235273250,1.110592333801846,0.5653690380173624,-0.06622247499666276,0.7226069463173391,-0.36768337875375384,0
1571235273500,1.110592333801846,0.5653690380173624,-0.06622247499666276,-0.3420385344397332,-0.3696952672049689,0
1571235273750,1.110592333801846,0.5653690380173624,-0.06622247499666276,0.3322876824395278,-0.36768337875375384,0
1571235274000,1.067058268657763,0.5653690380173624,-0.06622247499666276,0.35427750012278475,-0.3696952672049689,0
1571235274250,1.110592333801846,0.5653690380173624,-0.031282570728601154,-0.9197787059563808,-0.36768337875375384,0
1571235274500,1.110592333801846,0.532853332865953,0.003657333539460452,1.2926506816448466,-0.36768337875375384,0
1571235274750,1.110592333801846,0.532853332865953,-0.031282570728601154,0.02595260686738642,-0.3696952672049689,0
1571235275000,1.110592333801846,0.532853332865953,0.003657333539460452,-1.2289893730717172,-0.3696952672049689,0
1571235275250,1.110592333801846,0.532853332865953,0.003657333539460452,0.9540074893226894,-0.3696952672049689,0
1571235275500,1.110592333801846,0.5653690380173624,-0.031282570728601154,-1.3713311544598767,-0.36768337875375384,0
1571235275750,1.110592333801846,0.5653690380173624,-0.031282570728601154,0.6830252744874766,-0.3696952672049689,0
1571235276000,1.1541263989459292,0.5653690380173624,-0.06622247499666276,0.50330080303778,-0.36768337875375384,0
1571235276250,1.110592333801846,0.5653690380173624,-0.06622247499666276,-0.800272504470065,-0.36768337875375384,0
1571235276500,1.110592333801846,0.5653690380173624,-0.031282570728601154,1.358281829807183,-0.3696952672049689,0
1571235276750,1.110592333801846,0.532853332865953,-0.06622247499666276,0.18258776974966304,-0.3696952672049689,0
1571235277000,1.110592333801846,0.5653690380173624,-0.031282570728601154,-1.8742213696315921,-0.3696952672049689,0
1571235277250,1.110592333801846,0.532853332865953,0.003657333539460452,0.3234071791443663,-0.36768337875375384,0
1571235277500,1.0235242035136798,0.5653690380173624,0.003657333539460452,-0.5217630058894296,-0.3696952672049689,0
1571235277750,1.067058268657763,0.532853332865953,0.038597237807522056,0.6246676814049869,-0.3696952672049689,0
1571235278000,1.067058268657763,0.532853332865953,0.003657333539460452,0.10976764272933896,-0.3696952672049689,0
1571235278250,1.067058268657763,0.532853332865953,0.003657333539460452,-1.3615203127242699,-0.36768337875375384,0
1571235278500,1.110592333801846,0.532853332865953,0.003657333539460452,1.7165467056005543,-0.3696952672049689,0
1571235278750,1.110592333801846,0.532853332865953,0.003657333539460452,0.28120364443688467,-0.36768337875375384,0
1571235279000,1.110592333801846,0.532853332865953,0.003657333539460452,-1.5915676361798812,-0.3696952672049689,0
1571235279250,1.110592333801846,0.532853332865953,0.003657333539460452,1.0586282757618775,-0.3696952672049689,0
1571235279500,1.110592333801846,0.532853332865953,0.003657333539460452,0.043544461013991995,-0.3696952672049689,0
1571235279750,1.067058268657763,0.532853332865953,0.003657333539460452,-0.9122514222109581,-0.3696952672049689,0
1571235280000,1.110592333801846,0.532853332865953,0.003657333539460452,0.5301114653669818,-0.36567149030253865,0
1571235280250,1.110592333801846,0.532853332865953,0.003657333539460452,-0.5026487797493677,-0.36768337875375384,0
1571235280500,1.110592333801846,0.532853332865953,0.003657333539460452,0.955952742425439,-0.36567149030253865,0
1571235280750,1.067058268657763,0.532853332865953,0.003657333539460452,0.11644916425617473,-0.36768337875375384,0
1571235281000,1.110592333801846,0.5653690380173624,-0.031282570728601154,-1.4228380735718134,-0.3696952672049689,0
1571235281250,1.110592333801846,0.5653690380173624,-0.06622247499666276,0.9075751435222738,-0.3696952672049689,0
1571235281500,1.110592333801846,0.5653690380173624,-0.06622247499666276,-0.26498959632647506,-0.36567149030253865,0
1571235281750,1.110592333801846,0.532853332865953,-0.06622247499666276,0.18520963262728213,-0.36768337875375384,0
1571235282000,1.1976604640900124,0.5978847431687717,-0.17104218780084757,0.2737609369133207,-0.3696952672049689,0
1571235282250,0.8493879429373472,0.5003376277145437,0.24823666341589168,-1.0478271058504232,-0.36768337875375384,0
1571235282500,1.067058268657763,0.532853332865953,0.07353714207558366,1.399893330961654,-0.3696952672049689,0
1571235282750,1.0235242035136798,0.532853332865953,0.07353714207558366,0.037708701705743024,-0.36768337875375384,0
1571235283000,1.067058268657763,0.532853332865953,0.10847704634364527,-2.095388189792042,-0.3696952672049689,0
1571235283250,1.067058268657763,0.4678219225631344,0.14341695061170687,0.1375932197208449,-0.36365960185132357,0
1571235283500,0.9799901383695966,0.532853332865953,0.14341695061170687,-0.532757914731058,-0.3696952672049689,0
1571235283750,1.0235242035136798,0.532853332865953,0.10847704634364527,1.4899670072411488,-0.36567149030253865,0
1571235284000,0.9799901383695966,0.532853332865953,0.10847704634364527,0.2748604277974836,-0.36768337875375384,0
1571235284250,1.0235242035136798,0.532853332865953,0.10847704634364527,-1.7964958217434646,-0.36567149030253865,0
1571235284500,0.9799901383695966,0.532853332865953,0.14341695061170687,1.121214679937301,-0.3696952672049689,0
1571235284750,0.9799901383695966,0.532853332865953,0.10847704634364527,0.1756525195572512,-0.36768337875375384,0
1571235285000,1.0235242035136798,0.532853332865953,0.07353714207558366,-0.12873730291214053,-0.3696952672049689,0
1571235285250,1.0235242035136798,0.532853332865953,0.10847704634364527,0.17658285799769669,-0.36768337875375384,0
1571235285500,1.067058268657763,0.5653690380173624,0.07353714207558366,-0.9772059605984249,-0.36768337875375384,0
1571235285750,0.9799901383695966,0.5003376277145437,0.24823666341589168,1.3329089632495787,-0.36768337875375384,0
1571235286000,0.9364560732255135,0.5003376277145437,0.21329675914783008,-0.006017204995194875,-0.36768337875375384,0
1571235286250,0.8493879429373472,0.5003376277145437,0.2831765676839533,0.29431295882498015,-0.36768337875375384,0
1571235286500,0.9364560732255135,0.5003376277145437,0.2831765676839533,-0.17466219138140412,-0.36768337875375384,0
1571235286750,0.8929220080814304,0.5003376277145437,0.2831765676839533,-0.8037401295662708,-0.3696952672049689,0
1571235287000,0.8929220080814304,0.5003376277145437,0.2831765676839533,-0.6125132919437939,-0.36567149030253865,0
1571235287250,0.8929220080814304,0.532853332865953,0.2831765676839533,-1.0923141985480893,-0.36768337875375384,0
1571235287500,0.8929220080814304,0.5003376277145437,0.2831765676839533,1.3423815000977508,-0.36768337875375384,0
1571235287750,0.9364560732255135,0.5003376277145437,0.24823666341589168,-0.0666583560678689,-0.36567149030253865,0
1571235288000,0.8929220080814304,0.5003376277145437,0.24823666341589168,1.3465257349688262,-0.36768337875375384,0
1571235288250,0.8929220080814304,0.5003376277145437,0.2831765676839533,-0.020733467598605306,-0.36768337875375384,0
1571235288500,0.9364560732255135,0.5003376277145437,0.24823666341589168,-1.4782354988892492,-0.36768337875375384,0
1571235288750,0.9364560732255135,0.532853332865953,0.24823666341589168,1.381624867040179,-0.36567149030253865,0
1571235289000,0.8929220080814304,0.532853332865953,0.21329675914783008,0.052763269196588185,-0.36768337875375384,0
1571235289250,0.9364560732255135,0.532853332865953,0.21329675914783008,-1.769600583192404,-0.36365960185132357,0
1571235289500,0.9364560732255135,0.532853332865953,0.1783568548797685,1.5190612275605349,-0.36768337875375384,0
1571235289750,0.8493879429373472,0.532853332865953,0.24823666341589168,0.10063341076860145,-0.36567149030253865,0
1571235290000,0.8493879429373472,0.5003376277145437,0.3879962804881381,-1.561458501198191,-0.36567149030253865,0
1571235290250,0.9364560732255135,0.5653690380173624,0.3181164719520149,0.5753597440613761,-0.36567149030253865,0
1571235290500,0.8058538777932641,0.630400448320181,0.3181164719520149,-0.007032119657499043,-0.36567149030253865,0
1571235290750,0.8058538777932641,0.5978847431687717,0.3530563762200765,-0.6429607318129189,-0.36768337875375384,0
1571235291000,0.7187857475050978,0.630400448320181,0.3530563762200765,-0.22566165316218856,-0.36365960185132357,0
1571235291250,0.8493879429373472,0.630400448320181,0.3181164719520149,-0.2534026539318358,-0.36768337875375384,0
1571235291500,0.8058538777932641,0.630400448320181,0.3181164719520149,0.5579370423584878,-0.36567149030253865,0
1571235291750,0.8058538777932641,0.630400448320181,0.3181164719520149,0.6259363247328672,-0.36768337875375384,0
1571235292000,0.7623198126491809,0.6629161534715904,0.3181164719520149,0.06502682136609689,-0.36567149030253865,0
1571235292250,0.8058538777932641,0.630400448320181,0.3530563762200765,1.5747969577654055,-0.3696952672049689,0
1571235292500,0.8929220080814304,0.630400448320181,0.3181164719520149,0.08041969374437677,-0.36768337875375384,0
1571235292750,0.7623198126491809,0.630400448320181,0.3181164719520149,-1.6045077981242593,-0.36768337875375384,0
1571235293000,0.7623198126491809,0.630400448320181,0.3530563762200765,0.2746912753537662,-0.36567149030253865,0
1571235293250,0.7623198126491809,0.630400448320181,0.3530563762200765,-0.5163501276904741,-0.36365960185132357,0
1571235293500,0.8058538777932641,0.6629161534715904,0.3530563762200765,0.7000250950810714,-0.36768337875375384,0
1571235293750,0.5446494869287652,0.5978847431687717,0.3530563762200765,0.00480855140271625,-0.36365960185132357,0
1571235294000,1.2847285943781785,0.630400448320181,-0.5903210390175868,-0.9633354602136013,-0.36768337875375384,0
1571235294250,1.110592333801846,0.8905260895314557,-0.7650205603578949,1.1618112664294677,-0.36768337875375384,0
1571235294500,1.371796724666345,0.8254946792286371,-0.45056142194534043,0.2425523110474676,-0.36768337875375384,0
1571235294750,1.110592333801846,0.7604632689258184,-0.310801804873094,0.7451042213317481,-0.36567149030253865,0
1571235295000,1.1541263989459292,0.5978847431687717,-0.031282570728601154,1.5114493675932537,-0.3717055850953322,0
1571235295250,1.1976604640900124,0.630400448320181,-0.17104218780084757,0.7063683117204724,-0.36567149030253865,0
1571235295500,1.2847285943781785,0.43530621741172504,0.003657333539460452,0.035086838828123926,-0.36768337875375384,0
1571235295750,1.2847285943781785,0.7279475637744091,-0.5204412304814636,-2.103000049759323,-0.36768337875375384,0
1571235296000,1.3282626595222617,0.6629161534715904,-0.48550132621340203,-5.843468037681335,-0.36567149030253865,0
1571235296250,1.2411945292340956,0.6954318586229997,-0.45056142194534043,0.2558307778792805,-0.36567149030253865,0
1571235296500,1.1541263989459292,0.6629161534715904,-0.13610228353278597,-0.4785445565196437,-0.36567149030253865,0
1571235296750,1.1541263989459292,0.6954318586229997,-0.17104218780084757,3.5177665025248768,-0.3717055850953322,0
1571235297000,1.067058268657763,0.630400448320181,-0.06622247499666276,-0.9282363281422488,-0.3696952672049689,0
1571235297250,1.1541263989459292,0.6629161534715904,-0.13610228353278597,-0.05287243190490397,-0.3696952672049689,0
1571235297500,1.1976604640900124,0.6954318586229997,-0.17104218780084757,-2.291097567173029,-0.3696952672049689,0
1571235297750,1.1541263989459292,0.6629161534715904,-0.13610228353278597,-1.5530854552341817,-0.3696952672049689,0
1571235298000,1.1541263989459292,0.6954318586229997,-0.13610228353278597,1.981439432461942,-0.36768337875375384,0
1571235298250,1.1541263989459292,0.6629161534715904,-0.13610228353278597,1.2861383125617285,-0.36567149030253865,0
1571235298500,1.110592333801846,0.630400448320181,-0.06622247499666276,-0.6087919381820119,-0.3696952672049689,0
1571235298750,1.1976604640900124,0.6954318586229997,-0.17104218780084757,1.2797105197004686,-0.36768337875375384,0
1571235299000,1.1541263989459292,0.6629161534715904,-0.13610228353278597,-0.23479588512292607,-0.36768337875375384,0
1571235299250,1.110592333801846,0.6629161534715904,-0.13610228353278597,0.933962924742182,-0.36567149030253865,0
1571235299500,1.110592333801846,0.6629161534715904,-0.13610228353278597,0.6775278200666623,-0.3696952672049689,0
1571235299750,1.1541263989459292,0.6629161534715904,-0.13610228353278597,-1.2573224073943754,-0.36768337875375384,0
1571235300000,1.1541263989459292,0.6629161534715904,-0.13610228353278597,1.1554680497900667,-0.36768337875375384,0
1571235300250,1.110592333801846,0.6629161534715904,-0.13610228353278597,0.7606662461537453,-0.36768337875375384,0
1571235300500,1.1541263989459292,0.6629161534715904,-0.13610228353278597,-1.3106900033872029,-0.36768337875375384,0
1571235300750,1.1541263989459292,0.6629161534715904,-0.13610228353278597,1.930609123124875,-0.36768337875375384,0
1571235301000,1.1541263989459292,0.6629161534715904,-0.13610228353278597,0.2705470404826909,-0.36567149030253865,0
1571235301250,1.110592333801846,0.6629161534715904,-0.06622247499666276,-2.3408283856259335,-0.36768337875375384,0
1571235301500,1.110592333801846,0.6629161534715904,-0.06622247499666276,1.4153707795617925,-0.36768337875375384,0
1571235301750,1.110592333801846,0.6629161534715904,-0.06622247499666276,0.11112086227907786,-0.3696952672049689,0
1571235302000,1.0235242035136798,0.630400448320181,0.1783568548797685,-1.656268445901772,-0.36768337875375384,0
1571235302250,0.7187857475050978,0.532853332865953,0.3879962804881381,0.5856780431281351,-0.3696952672049689,0
1571235302500,0.7623198126491809,0.5003376277145437,0.3879962804881381,-0.48759421225852256,-0.3696952672049689,0
1571235302750,0.8493879429373472,0.532853332865953,0.3181164719520149,0.03855446392432984,-0.36768337875375384,0
1571235303000,0.8493879429373472,0.5653690380173624,0.3181164719520149,0.03982310725221004,-0.3696952672049689,0
1571235303250,0.7623198126491809,0.532853332865953,0.3181164719520149,-1.779665153593587,-0.3696952672049689,0
1571235303500,0.9799901383695966,0.5978847431687717,0.14341695061170687,1.1513238149189915,-0.3696952672049689,0
1571235303750,1.2847285943781785,0.6954318586229997,-0.310801804873094,0.5846631284658309,-0.36768337875375384,0
1571235304000,1.2847285943781785,0.6629161534715904,-0.3457417091411556,-1.0899460643360461,-0.3696952672049689,0
1571235304250,1.2411945292340956,0.6629161534715904,-0.3457417091411556,1.8736047495921242,-0.36768337875375384,0
1571235304500,1.2847285943781785,0.6954318586229997,-0.3457417091411556,2.444071366028925,-0.36768337875375384,0
1571235304750,1.2411945292340956,0.6629161534715904,-0.310801804873094,0.9369230925072359,-0.36567149030253865,0
1571235305000,1.1976604640900124,0.630400448320181,-0.24092199633697078,1.084931480759927,-0.36768337875375384,0
1571235305250,1.1541263989459292,0.6629161534715904,-0.24092199633697078,-1.0130662786665054,-0.36365960185132357,0
1571235305500,1.2411945292340956,0.6954318586229997,-0.24092199633697078,-1.8792113667212542,-0.36768337875375384,0
1571235305750,1.2847285943781785,0.7604632689258184,-0.24092199633697078,-1.5472496959259328,-0.36768337875375384,0
1571235306000,0.8493879429373472,0.5653690380173624,0.2831765676839533,-1.9766431743024542,-0.3696952672049689,0
1571235306250,0.8929220080814304,0.5978847431687717,0.3181164719520149,1.9858373959985935,-0.3696952672049689,0
1571235306500,0.6317176172169315,0.630400448320181,0.4578760890242613,-1.3346250741732093,-0.36768337875375384,0
1571235306750,0.5011154217846822,0.5978847431687717,0.842215035972939,-1.3834255541856681,-0.3717055850953322,0
1571235307000,-0.1083614902324818,0.7604632689258184,0.9470347487771238,-2.7736894890986608,-0.3717055850953322,0
1571235307250,-0.4130999462410638,0.6629161534715904,1.016914557313247,0.6529161395057863,-0.3717055850953322,0
1571235307500,-0.4566340113851469,0.6954318586229997,0.9819746530451854,1.0209918570347645,-0.36768337875375384,0
1571235307750,0.5011154217846822,0.7279475637744091,0.7723352274368158,3.5209803989555066,-0.3717055850953322,0
1571235308000,0.28344509606426643,0.7279475637744091,0.7373953231687541,3.047522708990612,-0.3717055850953322,0
1571235308250,0.6317176172169315,0.6629161534715904,0.842215035972939,-1.2146959915776,-0.3696952672049689,0
1571235308500,0.10930883548793388,0.630400448320181,0.9470347487771238,-3.5779247827528553,-0.3696952672049689,0
1571235308750,0.10930883548793388,0.532853332865953,0.8771549402410006,-1.5891995019678382,-0.3717055850953322,0
1571235309000,0.41404729149651587,0.8254946792286371,0.5976357060965077,3.317828314050955,-0.3696952672049689,0
1571235309250,0.19637696577610014,0.7929789740772277,0.5626958018284461,-3.072328128481662,-0.36567149030253865,0
1571235309500,0.8929220080814304,0.8254946792286371,0.49281599329232295,-0.49799708754714034,-0.36567149030253865,0
1571235309750,0.10930883548793388,0.5978847431687717,0.7024554189006925,2.795823872739178,-0.36567149030253865,0
1571235310000,-0.5437021416733132,0.630400448320181,0.9120948445090622,2.4477081435688484,-0.36768337875375384,0
1571235310250,0.022240705199767605,0.5978847431687717,0.9120948445090622,2.4991304864589265,-0.36768337875375384,0
1571235310500,0.06577477034385075,0.630400448320181,0.842215035972939,-0.6068466850792623,-0.36768337875375384,0
1571235310750,0.022240705199767605,0.5978847431687717,0.8771549402410006,-5.376099835690265,-0.3696952672049689,0
1571235311000,0.15284290063201703,0.5978847431687717,0.842215035972939,-1.5510556259095731,-0.36768337875375384,0
1571235311250,0.19637696577610014,0.5978847431687717,0.8072751317048774,2.123696637628243,-0.36768337875375384,0
1571235311500,0.10930883548793388,0.630400448320181,0.8771549402410006,0.4439282952929862,-0.36768337875375384,0
1571235311750,0.06577477034385075,0.5978847431687717,0.8771549402410006,1.7220441600213685,-0.36768337875375384,0
1571235312000,0.10930883548793388,0.5978847431687717,0.8072751317048774,0.4945048759644773,-0.36567149030253865,0
1571235312250,0.2399110309201833,0.5978847431687717,0.7723352274368158,-0.5928070322507213,-0.36567149030253865,0
1571235312500,0.3705132263524327,0.630400448320181,0.7024554189006925,0.6052151503774904,-0.36567149030253865,0
1571235312750,0.3269791612083496,0.6629161534715904,0.6675155146326309,-1.5740603582551345,-0.36768337875375384,0
1571235313000,0.3705132263524327,0.6629161534715904,0.6325756103645693,1.656497588080891,-0.36365960185132357,0
1571235313250,0.6752516823610146,0.7929789740772277,0.3879962804881381,1.0412055740589892,-0.36768337875375384,0
1571235313500,0.5011154217846822,0.532853332865953,0.7723352274368158,-1.9025544039542501,-0.36768337875375384,0
1571235313750,0.06577477034385075,0.5653690380173624,0.7373953231687541,1.4385446643510709,-0.3717055850953322,0
1571235314000,0.45758135664059896,0.630400448320181,0.6675155146326309,0.6761746005169235,-0.3696952672049689,0
1571235314250,0.41404729149651587,0.5003376277145437,0.7723352274368158,0.8314565438494611,-0.36567149030253865,0
1571235314500,0.19637696577610014,0.532853332865953,0.7723352274368158,-1.383763859073103,-0.36365960185132357,0
1571235314750,0.3705132263524327,0.5978847431687717,0.7723352274368158,-2.3595197306567015,-0.36567149030253865,0
1571235315000,0.2399110309201833,0.5978847431687717,0.7723352274368158,0.7004479761903647,-0.36768337875375384,0
1571235315250,0.28344509606426643,0.5653690380173624,0.7723352274368158,1.228457329254108,-0.36567149030253865,0
1571235315500,0.2399110309201833,0.5978847431687717,0.7723352274368158,-2.0391450022560194,-0.3696952672049689,0
1571235315750,0.28344509606426643,0.5653690380173624,0.7723352274368158,1.5192303800042524,-0.36567149030253865,0
1571235316000,0.5011154217846822,0.630400448320181,0.7024554189006925,0.41305797431456776,-0.36567149030253865,0
1571235316250,0.15284290063201703,0.5978847431687717,0.7723352274368158,-0.6963283278057464,-0.36567149030253865,0
1571235316500,0.19637696577610014,0.6954318586229997,0.7373953231687541,0.3986800165985921,-0.36567149030253865,0
1571235316750,0.3705132263524327,0.5653690380173624,0.7373953231687541,-0.7161191637206777,-0.36567149030253865,0
1571235317000,0.28344509606426643,0.7604632689258184,0.6325756103645693,2.7671525335290856,-0.36567149030253865,0
1571235317250,0.41404729149651587,0.7279475637744091,0.6325756103645693,0.6121504005699021,-0.36365960185132357,0
1571235317500,0.3705132263524327,0.6954318586229997,0.6325756103645693,-1.734163146233617,-0.3616492839609603,0
1571235317750,0.3705132263524327,0.6954318586229997,0.6675155146326309,-0.7482581280269763,-0.36365960185132357,0
1571235318000,0.41404729149651587,0.6629161534715904,0.6675155146326309,1.3969331631966,-0.3616492839609603,0
1571235318250,0.3705132263524327,0.6954318586229997,0.6675155146326309,1.617338797360322,-0.3616492839609603,0
1571235318500,0.3705132263524327,0.630400448320181,0.7723352274368158,-1.1898305823511481,-0.3616492839609603,0
1571235318750,-0.19542962052064808,0.6629161534715904,0.8771549402410006,-1.682740803343539,-0.36365960185132357,0
1571235319000,0.06577477034385075,0.6954318586229997,0.8072751317048774,0.37821257090879135,-0.36365960185132357,0
1571235319250,0.3269791612083496,0.6954318586229997,0.7723352274368158,-0.37561529451762943,-0.36365960185132357,0
1571235319500,0.19637696577610014,0.5978847431687717,0.842215035972939,-0.40969951192667775,-0.36567149030253865,0
1571235319750,0.2399110309201833,0.630400448320181,0.8072751317048774,1.8759728838041672,-0.36567149030253865,0
1571235320000,0.2399110309201833,0.5978847431687717,0.8072751317048774,-4.059840094903618,-0.36567149030253865,0
1571235320250,0.15284290063201703,0.6629161534715904,0.7723352274368158,0.25549247299184574,-0.36365960185132357,0
1571235320500,0.3269791612083496,0.7604632689258184,0.21329675914783008,0.2729151746947339,-0.36768337875375384,0
1571235320750,1.2847285943781785,0.8905260895314557,-0.5903210390175868,0.31182023674972703,-0.36768337875375384,0
1571235321000,1.371796724666345,0.7279475637744091,-1.0445397945023878,1.3843313061396565,-0.3717055850953322,0
1571235321250,1.5894670503867605,0.7604632689258184,-1.0794796987704494,-0.8220085934877459,-0.3696952672049689,0
1571235321500,1.1541263989459292,0.6954318586229997,-0.5553811347495252,2.6934020680683157,-0.3717055850953322,0
1571235321750,1.067058268657763,0.7604632689258184,-0.2059820920689092,2.7142923948674103,-0.3696952672049689,0
1571235322000,1.067058268657763,0.6954318586229997,0.003657333539460452,-0.1892093015410972,-0.3696952672049689,0
1571235322250,1.0235242035136798,0.7279475637744091,0.038597237807522056,0.09412104168548305,-0.3717055850953322,0
1571235322500,1.0235242035136798,0.7279475637744091,0.038597237807522056,-2.7542369580711643,-0.3717055850953322,0
1571235322750,1.067058268657763,0.7279475637744091,0.038597237807522056,-4.798951697726629,-0.3717055850953322,0
1571235323000,1.0235242035136798,0.7279475637744091,0.07353714207558366,0.7555070966203659,-0.3717055850953322,0
1571235323250,1.0235242035136798,0.6954318586229997,0.14341695061170687,-0.3302824396013766,-0.3696952672049689,0
1571235323500,0.8929220080814304,0.7604632689258184,0.10847704634364527,1.9918423077505598,-0.3696952672049689,0
1571235323750,0.9799901383695966,0.7604632689258184,0.038597237807522056,0.03965395480849269,-0.3696952672049689,0
1571235324000,0.9799901383695966,0.630400448320181,0.4229361847561997,2.2802472242886607,-0.3696952672049689,0
1571235324250,0.6752516823610146,0.5978847431687717,0.6325756103645693,0.5993793910692414,-0.3696952672049689,0
1571235324500,0.28344509606426643,0.5653690380173624,0.6675155146326309,-1.8125653038966136,-0.36567149030253865,0
1571235324750,0.45758135664059896,0.5003376277145437,0.7024554189006925,1.087891648524981,-0.36567149030253865,0
1571235325000,0.6752516823610146,0.6629161534715904,0.4578760890242613,-0.7738001470282979,-0.36365960185132357,0
1571235325250,0.8058538777932641,0.5978847431687717,0.3530563762200765,-0.8374860420878845,-0.36567149030253865,0
1571235325500,0.8058538777932641,0.630400448320181,0.3181164719520149,1.7217904313557926,-0.3696952672049689,0
1571235325750,0.8058538777932641,0.5978847431687717,0.3181164719520149,-0.5991502488901224,-0.36768337875375384,0
1571235326000,0.8493879429373472,0.630400448320181,0.2831765676839533,0.5400068833244475,-0.36768337875375384,0
1571235326250,0.8058538777932641,0.5978847431687717,0.3530563762200765,0.10401645964294869,-0.36768337875375384,0
1571235326500,1.6330011155308437,0.8905260895314557,-0.5903210390175868,-1.4870314259625521,-0.36768337875375384,0
1571235326750,1.5459329852426775,0.8580103843800464,-0.6252609432856484,1.1390602627494826,-0.3717055850953322,0
1571235327000,1.110592333801846,0.7279475637744091,-0.10116237926472436,0.026629216642255864,-0.36768337875375384,0
1571235327250,0.9364560732255135,0.7604632689258184,0.1783568548797685,0.28695482752327495,-0.3696952672049689,0
1571235327500,0.5881835520728484,0.6629161534715904,0.6675155146326309,1.6343386179539166,-0.3696952672049689,0
1571235327750,0.28344509606426643,0.6954318586229997,0.6675155146326309,1.3348542163523285,-0.3696952672049689,0
1571235328000,0.28344509606426643,0.6629161534715904,0.8072751317048774,-0.5560163757421952,-0.3696952672049689,0
1571235328250,0.2399110309201833,0.6629161534715904,0.8072751317048774,-3.8235341310304642,-0.3696952672049689,0
1571235328500,0.41404729149651587,0.6954318586229997,0.6675155146326309,-2.5246970919467047,-0.36768337875375384,0
1571235328750,0.45758135664059896,0.6954318586229997,0.5976357060965077,1.369445891092529,-0.36768337875375384,0
1571235329000,0.5881835520728484,0.6954318586229997,0.49281599329232295,-0.21779606452933123,-0.3696952672049689,0
1571235329250,0.10930883548793388,0.5653690380173624,0.8771549402410006,0.47708217426158905,-0.36567149030253865,0
1571235329500,0.28344509606426643,0.630400448320181,0.7373953231687541,-0.5221013107768644,-0.3696952672049689,0
1571235329750,0.28344509606426643,0.5003376277145437,0.8072751317048774,-1.3492567605547612,-0.36768337875375384,0
1571235330000,0.3269791612083496,0.532853332865953,0.7723352274368158,1.8148242754003412,-0.36768337875375384,0
1571235330250,0.3269791612083496,0.5978847431687717,0.7373953231687541,-1.0633891306724206,-0.36768337875375384,0
1571235330500,0.41404729149651587,0.5978847431687717,0.49281599329232295,1.533354609054652,-0.36567149030253865,0
1571235330750,0.7187857475050978,0.532853332865953,0.49281599329232295,-0.5491657017716421,-0.3696952672049689,0
1571235331000,0.6317176172169315,0.532853332865953,0.5277558975603845,-0.40843086859879746,-0.36768337875375384,0
1571235331250,0.7187857475050978,0.532853332865953,0.49281599329232295,1.2707454401834484,-0.36768337875375384,0
1571235331500,0.6752516823610146,0.532853332865953,0.49281599329232295,-0.2825814504730807,-0.36768337875375384,0
1571235331750,0.6317176172169315,0.532853332865953,0.5277558975603845,1.570145265563178,-0.3696952672049689,0
1571235332000,0.6317176172169315,0.5653690380173624,0.5277558975603845,-0.5146586032533004,-0.36768337875375384,0
1571235332250,0.5881835520728484,0.5978847431687717,0.5277558975603845,0.04033056458336213,-0.36567149030253865,0
1571235332500,0.5881835520728484,0.532853332865953,0.5626958018284461,-0.09084715551945158,-0.36567149030253865,0
1571235332750,0.5881835520728484,0.5653690380173624,0.5277558975603845,-1.0402998221050006,-0.36567149030253865,0
1571235333000,0.5446494869287652,0.5653690380173624,0.5277558975603845,0.40434662346312367,-0.36768337875375384,0
1571235333250,0.6317176172169315,0.5653690380173624,0.5277558975603845,-0.6870249434012916,-0.36567149030253865,0
1571235333500,0.5881835520728484,0.5653690380173624,0.5277558975603845,1.1380453480871784,-0.36768337875375384,0
1571235333750,0.5881835520728484,0.5653690380173624,0.5277558975603845,-0.41350544191031835,-0.36768337875375384,0
1571235334000,0.5881835520728484,0.5653690380173624,0.49281599329232295,0.824859598544484,-0.36768337875375384,0
1571235334250,0.5881835520728484,0.5653690380173624,0.49281599329232295,-0.17483134382512147,-0.36768337875375384,0
1571235334500,0.6317176172169315,0.5653690380173624,0.49281599329232295,-0.8591375548837067,-0.36365960185132357,0
1571235334750,0.6317176172169315,0.5653690380173624,0.49281599329232295,0.09530510879150457,-0.36768337875375384,0
1571235335000,0.6317176172169315,0.5653690380173624,0.5277558975603845,-1.1455972183190581,-0.36567149030253865,0
1571235335250,0.6317176172169315,0.5653690380173624,0.49281599329232295,0.9227988634568363,-0.36768337875375384,0
1571235335500,0.6317176172169315,0.5653690380173624,0.5277558975603845,-0.3532871719469377,-0.36567149030253865,0
1571235335750,0.6317176172169315,0.5653690380173624,0.5277558975603845,0.9709227336944255,-0.36768337875375384,0
1571235336000,0.6752516823610146,0.532853332865953,0.49281599329232295,0.033310738169091636,-0.36567149030253865,0
1571235336250,0.6317176172169315,0.5653690380173624,0.5626958018284461,-1.4427134857086032,-0.36768337875375384,0
1571235336500,0.45758135664059896,0.532853332865953,0.5976357060965077,0.4630425214330481,-0.36567149030253865,0
1571235336750,0.5446494869287652,0.5653690380173624,0.5626958018284461,-0.3847495264783669,-0.36768337875375384,0
1571235337000,0.45758135664059896,0.5653690380173624,0.6325756103645693,0.9067293813036869,-0.36567149030253865,0
1571235337250,0.45758135664059896,0.5978847431687717,0.6675155146326309,0.09792697166912367,-0.36567149030253865,0
1571235337500,0.3269791612083496,0.630400448320181,0.6675155146326309,-1.223999375982055,-0.36768337875375384,0
1571235337750,0.41404729149651587,0.5978847431687717,0.6675155146326309,0.5913446499926668,-0.36567149030253865,0
1571235338000,0.45758135664059896,0.5978847431687717,0.6325756103645693,-0.17364727671909994,-0.36567149030253865,0
1571235338250,0.41404729149651587,0.5978847431687717,0.6675155146326309,1.3570131864793027,-0.3616492839609603,0
1571235338500,0.41404729149651587,0.630400448320181,0.6675155146326309,-0.8620131464269019,-0.36567149030253865,0
1571235338750,0.3705132263524327,0.630400448320181,0.6325756103645693,-0.675268848562935,-0.3616492839609603,0
1571235339000,0.41404729149651587,0.5978847431687717,0.6675155146326309,0.2149804627215377,-0.36567149030253865,0
1571235339250,0.45758135664059896,0.5978847431687717,0.6675155146326309,-0.8324114687763636,-0.36567149030253865,0
1571235339500,0.45758135664059896,0.5978847431687717,0.6675155146326309,0.9769276454463919,-0.36365960185132357,0
1571235339750,0.45758135664059896,0.5978847431687717,0.6675155146326309,-0.21111454300249546,-0.36365960185132357,0
1571235340000,0.45758135664059896,0.5653690380173624,0.6325756103645693,0.8991175213364057,-0.3616492839609603,0
1571235340250,0.41404729149651587,0.5978847431687717,0.6675155146326309,-0.007708729432368488,-0.36365960185132357,0
1571235340500,0.45758135664059896,0.5653690380173624,0.6675155146326309,-1.219009378892393,-0.3616492839609603,0
1571235340750,0.41404729149651587,0.5978847431687717,0.6325756103645693,0.47885827492062133,-0.36567149030253865,0
1571235341000,0.45758135664059896,0.5653690380173624,0.7024554189006925,-0.6767912205563912,-0.36365960185132357,0
1571235341250,0.41404729149651587,0.5978847431687717,0.6675155146326309,1.3208145635237876,-0.36365960185132357,0
1571235341500,0.41404729149651587,0.5978847431687717,0.6675155146326309,-0.01168381185972648,-0.36567149030253865,0
1571235341750,0.5011154217846822,0.5978847431687717,0.6675155146326309,-0.7991730135859021,-0.36768337875375384,0
1571235342000,0.2399110309201833,0.5978847431687717,0.7373953231687541,0.6449659746510703,-0.36365960185132357,0
1571235342250,0.3705132263524327,0.5653690380173624,0.7373953231687541,-0.1405779739723558,-0.3616492839609603,0
1571235342500,0.3269791612083496,0.5978847431687717,0.7373953231687541,0.6525778346183515,-0.36365960185132357,0
1571235342750,0.3705132263524327,0.5978847431687717,0.7024554189006925,-0.7873323425256868,-0.3616492839609603,0
1571235343000,0.3705132263524327,0.5978847431687717,0.7024554189006925,-1.1716466946515318,-0.36365960185132357,0
1571235343250,0.3705132263524327,0.5978847431687717,0.7024554189006925,0.5048231750312363,-0.3616492839609603,0
1571235343500,0.3705132263524327,0.5978847431687717,0.7024554189006925,-0.7260991579000021,-0.36365960185132357,0
1571235343750,0.3705132263524327,0.5978847431687717,0.7024554189006925,1.3504162411743257,-0.36365960185132357,0
1571235344000,0.41404729149651587,0.5978847431687717,0.7024554189006925,0.23155740220583912,-0.36365960185132357,0
1571235344250,0.3705132263524327,0.5978847431687717,0.7024554189006925,-1.3747987795560828,-0.36365960185132357,0
1571235344500,0.3705132263524327,0.5978847431687717,0.7024554189006925,0.5314646849167207,-0.36365960185132357,0
1571235344750,0.45758135664059896,0.5978847431687717,0.7024554189006925,-0.5970358433436553,-0.36365960185132357,0
1571235345000,0.3705132263524327,0.5978847431687717,0.7024554189006925,1.1725524466055202,-0.3616492839609603,0
1571235345250,0.3705132263524327,0.5978847431687717,0.7024554189006925,0.22064706958606933,-0.36365960185132357,0
1571235345500,0.3705132263524327,0.5978847431687717,0.7024554189006925,-1.4750216024586191,-0.3616492839609603,0
1571235345750,0.28344509606426643,0.630400448320181,0.7024554189006925,0.7430743920071399,-0.36365960185132357,0
1571235346000,0.15284290063201703,0.630400448320181,0.7723352274368158,-0.93136564835102,-0.3616492839609603,0
1571235346250,0.19637696577610014,0.5978847431687717,0.8072751317048774,1.2429198631919425,-0.36365960185132357,0
1571235346500,0.19637696577610014,0.5978847431687717,0.8072751317048774,-0.15723948967851592,-0.36365960185132357,0
1571235346750,0.19637696577610014,0.5978847431687717,0.8072751317048774,-1.5303344515541966,-0.3616492839609603,0
1571235347000,0.19637696577610014,0.5978847431687717,0.8072751317048774,0.32712853290614824,-0.36365960185132357,0
1571235347250,0.06577477034385075,0.5978847431687717,0.8072751317048774,-0.39489867310140864,-0.3616492839609603,0
1571235347500,0.2399110309201833,0.5978847431687717,0.7723352274368158,1.6177616784696152,-0.36365960185132357,0
1571235347750,0.3269791612083496,0.5978847431687717,0.7723352274368158,-0.09609088127468977,-0.36365960185132357,0
1571235348000,0.28344509606426643,0.5978847431687717,0.7373953231687541,-0.397435959757169,-0.36365960185132357,0
1571235348250,0.28344509606426643,0.5978847431687717,0.7373953231687541,0.252786033892368,-0.3616492839609603,0
1571235348500,0.28344509606426643,0.5978847431687717,0.7373953231687541,-1.2029398967392437,-0.36365960185132357,0
1571235348750,0.28344509606426643,0.5978847431687717,0.7373953231687541,1.022683381471938,-0.3616492839609603,0
1571235349000,0.3269791612083496,0.5978847431687717,0.7373953231687541,-0.30397923460332693,-0.36365960185132357,0
1571235349250,0.3705132263524327,0.5978847431687717,0.7024554189006925,0.5194548614127881,-0.36365960185132357,0
1571235349500,0.41404729149651587,0.5978847431687717,0.7024554189006925,0.3265364993531375,-0.3616492839609603,0
1571235349750,0.3705132263524327,0.5978847431687717,0.7024554189006925,-1.056115575592574,-0.36365960185132357,0
1571235350000,0.3269791612083496,0.5978847431687717,0.7373953231687541,1.3871223214609931,-0.36365960185132357,0
1571235350250,0.3269791612083496,0.5978847431687717,0.7024554189006925,0.06570343114096633,-0.3616492839609603,0
1571235350500,0.41404729149651587,0.5978847431687717,0.7373953231687541,-1.3359782937229483,-0.3616492839609603,0
1571235350750,0.41404729149651587,0.532853332865953,0.7373953231687541,0.7039156012865707,-0.36365960185132357,0
1571235351000,0.41404729149651587,0.5653690380173624,0.7373953231687541,-0.6117521059470657,-0.36365960185132357,0
1571235351250,0.3705132263524327,0.5653690380173624,0.7373953231687541,1.2350542745590851,-0.3616492839609603,0
1571235351500,0.3269791612083496,0.5653690380173624,0.7024554189006925,0.4802960706922189,-0.3616492839609603,0
1571235351750,0.3705132263524327,0.5653690380173624,0.7373953231687541,-2.0509856733162346,-0.3616492839609603,0
1571235352000,0.3269791612083496,0.5653690380173624,0.7024554189006925,1.586891357491197,-0.36365960185132357,0
1571235352250,0.19637696577610014,0.5653690380173624,0.7373953231687541,0.24771146058084714,-0.3616492839609603,0
1571235352500,0.3269791612083496,0.5653690380173624,0.7373953231687541,-1.9447579386617317,-0.36365960185132357,0
1571235352750,0.2399110309201833,0.5978847431687717,0.7373953231687541,0.756014553951518,-0.36365960185132357,0
1571235353000,0.19637696577610014,0.5653690380173624,0.7723352274368158,-0.08222038088986615,-0.36365960185132357,0
1571235353250,0.28344509606426643,0.5653690380173624,0.7723352274368158,0.5279970598205148,-0.3616492839609603,0
1571235353500,0.2399110309201833,0.5653690380173624,0.7723352274368158,0.15044880544336436,-0.36365960185132357,0
1571235353750,0.2399110309201833,0.5653690380173624,0.8072751317048774,-1.7401680579855834,-0.3616492839609603,0
1571235354000,0.28344509606426643,0.5653690380173624,0.8072751317048774,1.2280344481448149,-0.3596373955097452,0
1571235354250,0.28344509606426643,0.5978847431687717,0.7723352274368158,-0.010499744753704951,-0.3616492839609603,0
1571235354500,0.28344509606426643,0.5978847431687717,0.7723352274368158,0.059783095610858684,-0.3576255070585301,0
1571235354750,0.19637696577610014,0.5978847431687717,0.8072751317048774,0.2517711192300638,-0.36365960185132357,0
1571235355000,0.15284290063201703,0.5653690380173624,0.8072751317048774,-1.332595244848601,-0.3616492839609603,0
1571235355250,0.2399110309201833,0.5978847431687717,0.7723352274368158,1.349570478955739,-0.3596373955097452,0
1571235355500,0.3269791612083496,0.5653690380173624,0.7723352274368158,0.14850355234061471,-0.3616492839609603,0
1571235355750,0.2399110309201833,0.5978847431687717,0.8072751317048774,0.610881757242022,-0.36365960185132357,0
1571235356000,0.28344509606426643,0.5978847431687717,0.7373953231687541,-0.01168381185972648,-0.36365960185132357,0
1571235356250,0.28344509606426643,0.5978847431687717,0.7024554189006925,-1.7291731491439548,-0.3616492839609603,0
1571235356500,0.28344509606426643,0.5978847431687717,0.7373953231687541,1.0212455857003406,-0.3616492839609603,0
1571235356750,0.19637696577610014,0.5978847431687717,0.7373953231687541,-0.143707294181127,-0.3596373955097452,0
1571235357000,0.3269791612083496,0.5653690380173624,0.7723352274368158,1.2511237567122344,-0.3616492839609603,0
1571235357250,0.28344509606426643,0.5978847431687717,0.7373953231687541,0.11238950560695807,-0.3616492839609603,0
1571235357500,0.3269791612083496,0.5978847431687717,0.7373953231687541,-1.7621578756688403,-0.3616492839609603,0
1571235357750,0.19637696577610014,0.5653690380173624,0.7723352274368158,0.03178836617563539,-0.3616492839609603,0
1571235358000,0.3269791612083496,0.5978847431687717,0.7373953231687541,-0.6027024502081869,-0.36365960185132357,0
1571235358250,0.3269791612083496,0.5978847431687717,0.7373953231687541,1.4942803945559415,-0.3616492839609603,0
1571235358500,0.28344509606426643,0.5978847431687717,0.7723352274368158,-0.26118366634283446,-0.3616492839609603,0
1571235358750,0.3269791612083496,0.5978847431687717,0.7723352274368158,0.9382763120569748,-0.3616492839609603,0
1571235359000,0.28344509606426643,0.5978847431687717,0.7373953231687541,0.299387532136501,-0.3616492839609603,0
1571235359250,0.3269791612083496,0.5978847431687717,0.7373953231687541,-1.3585601449592162,-0.3616492839609603,0
1571235359500,0.2399110309201833,0.5978847431687717,0.7373953231687541,0.020793457334006896,-0.3596373955097452,0
1571235359750,0.19637696577610014,0.5653690380173624,0.7723352274368158,-1.1246223152981054,-0.3616492839609603,0
1571235360000,0.19637696577610014,0.5653690380173624,0.7723352274368158,1.6089657513963125,-0.3596373955097452,0
1571235360250,0.10930883548793388,0.5653690380173624,0.7723352274368158,-0.12907560779957525,-0.36365960185132357,0
1571235360500,0.15284290063201703,0.5978847431687717,0.7723352274368158,0.5016092786006064,-0.3616492839609603,0
1571235360750,0.19637696577610014,0.5653690380173624,0.8072751317048774,-0.3837346118160628,-0.3616492839609603,0
1571235361000,0.2399110309201833,0.5978847431687717,0.8072751317048774,-1.7106509565569037,-0.3616492839609603,0
1571235361250,0.19637696577610014,0.5978847431687717,0.8072751317048774,0.8104816408285083,-0.3616492839609603,0
1571235361500,0.10930883548793388,0.5978847431687717,0.8072751317048774,-0.40817713993322147,-0.3616492839609603,0
1571235361750,0.19637696577610014,0.5978847431687717,0.7723352274368158,1.4542758416167856,-0.3596373955097452,0
1571235362000,0.28344509606426643,0.5978847431687717,0.8072751317048774,0.38895375108484376,-0.3616492839609603,0
1571235362250,0.19637696577610014,0.5978847431687717,0.8072751317048774,-1.5025934507845493,-0.3596373955097452,0
1571235362500,0.19637696577610014,0.5653690380173624,0.8072751317048774,0.7182935590025463,-0.3596373955097452,0
1571235362750,0.19637696577610014,0.5653690380173624,0.8072751317048774,-0.8860327934347672,-0.3596373955097452,0
1571235363000,0.19637696577610014,0.5978847431687717,0.7723352274368158,1.0986328287010332,-0.3596373955097452,0
1571235363250,0.2399110309201833,0.5978847431687717,0.7723352274368158,0.26192026585310546,-0.3596373955097452,0
1571235363500,0.19637696577610014,0.5978847431687717,0.7723352274368158,-0.8363865512037216,-0.3596373955097452,0
1571235363750,0.19637696577610014,0.5978847431687717,0.7723352274368158,0.40688391011888414,-0.3616492839609603,0
1571235364000,0.28344509606426643,0.5978847431687717,0.7373953231687541,-0.5615138301630095,-0.3596373955097452,0
1571235364250,0.28344509606426643,0.5978847431687717,0.7723352274368158,1.4229826395290737,-0.3616492839609603,0
1571235364500,0.2399110309201833,0.5978847431687717,0.7723352274368158,0.15104083899637513,-0.3616492839609603,0
1571235364750,0.28344509606426643,0.5978847431687717,0.7723352274368158,-1.5930054319514788,-0.3596373955097452,0
1571235365000,0.19637696577610014,0.5978847431687717,0.8072751317048774,1.0681853888319084,-0.3596373955097452,0
1571235365250,0.3269791612083496,0.5978847431687717,0.7723352274368158,-0.4955443771132386,-0.3596373955097452,0
1571235365500,0.19637696577610014,0.630400448320181,0.7723352274368158,0.34192937173141735,-0.3616492839609603,0
1571235365750,0.2399110309201833,0.5978847431687717,0.8072751317048774,0.11509594470643583,-0.3596373955097452,0
1571235366000,0.28344509606426643,0.5978847431687717,0.7723352274368158,-1.4173406191509992,-0.3596373955097452,0
1571235366250,0.28344509606426643,0.5978847431687717,0.7723352274368158,1.4253507737411166,-0.3616492839609603,0
1571235366500,0.28344509606426643,0.5978847431687717,0.7723352274368158,-0.5829116142932557,-0.3616492839609603,0
1571235366750,0.2399110309201833,0.5653690380173624,0.7723352274368158,0.36248139364307674,-0.3596373955097452,0
1571235367000,0.19637696577610014,0.5653690380173624,0.7723352274368158,0.4194011909539688,-0.3596373955097452,0
1571235367250,0.28344509606426643,0.5653690380173624,0.7723352274368158,-1.3138193235959739,-0.3596373955097452,0
1571235367500,0.19637696577610014,0.5978847431687717,0.7723352274368158,0.8593666970628258,-0.3596373955097452,0
1571235367750,0.28344509606426643,0.5978847431687717,0.7723352274368158,-0.2720939989626043,-0.3576255070585301,0
1571235368000,0.2399110309201833,0.5978847431687717,0.7723352274368158,1.060319800199051,-0.3596373955097452,0
1571235368250,0.15284290063201703,0.630400448320181,0.7373953231687541,0.2548158632169763,-0.3576255070585301,0
1571235368500,0.15284290063201703,0.5978847431687717,0.7723352274368158,-1.6634574247597598,-0.3596373955097452,0
1571235368750,0.3705132263524327,0.5653690380173624,0.8072751317048774,0.589145668224341,-0.3616492839609603,0
1571235369000,0.19637696577610014,0.532853332865953,0.842215035972939,-0.6711246136918596,-0.3596373955097452,0
1571235369250,0.15284290063201703,0.5978847431687717,0.8072751317048774,2.004275012363786,-0.3616492839609603,0
1571235369500,0.19637696577610014,0.630400448320181,0.8072751317048774,-0.18235862757054405,-0.3576255070585301,0
1571235369750,0.10930883548793388,0.5653690380173624,0.842215035972939,-1.1463584043157864,-0.3596373955097452,0
1571235370000,0.19637696577610014,0.5978847431687717,0.8771549402410006,0.09860358144399312,-0.3596373955097452,0
1571235370250,-0.4566340113851469,0.5978847431687717,1.016914557313247,-0.9712856250683173,-0.3616492839609603,0
1571235370500,-0.7613724673937289,0.5653690380173624,1.0518544615813086,1.47770345507164,-0.3616492839609603,0
1571235370750,-0.3260318159528975,-0.1499764753136431,0.3530563762200765,-0.20984589967461528,-0.36365960185132357,0
1571235371000,1.0235242035136798,0.8905260895314557,-0.4156215176772788,0.5084599525711596,-0.3696952672049689,0
1571235371250,0.8058538777932641,0.7279475637744091,0.07353714207558366,0.460674387221005,-0.36567149030253865,0
1571235371500,1.1976604640900124,0.7929789740772277,0.003657333539460452,-2.28847570429541,-0.36768337875375384,0
1571235371750,1.0235242035136798,0.5653690380173624,0.07353714207558366,1.4017540078425448,-0.36365960185132357,0
1571235372000,0.8929220080814304,0.532853332865953,0.1783568548797685,2.7072725684531393,-0.36768337875375384,0
1571235372250,0.9364560732255135,0.532853332865953,0.1783568548797685,-1.3975497832360677,-0.36567149030253865,0
1571235372500,0.8929220080814304,0.5653690380173624,0.21329675914783008,-5.881358185074024,-0.36768337875375384,0
1571235372750,0.9364560732255135,0.532853332865953,0.21329675914783008,-1.070662685752267,-0.36567149030253865,0
1571235373000,0.8493879429373472,0.532853332865953,0.2831765676839533,2.406773252189247,-0.36567149030253865,0
1571235373250,0.9364560732255135,0.5003376277145437,0.24823666341589168,-0.25754688880291116,-0.36567149030253865,0
1571235373500,0.9364560732255135,0.532853332865953,0.2831765676839533,1.0474642144765316,-0.36567149030253865,0
1571235373750,0.9364560732255135,0.4678219225631344,0.2831765676839533,-0.6085382095164359,-0.36768337875375384,0
1571235374000,0.9799901383695966,0.630400448320181,0.14341695061170687,1.5074742851658955,-0.3696952672049689,0
1571235374250,1.2847285943781785,0.630400448320181,0.003657333539460452,-0.18227405134868538,-0.3717055850953322,0
1571235374500,0.9799901383695966,0.43530621741172504,0.21329675914783008,-0.03553430642387443,-0.36365960185132357,0
1571235374750,0.9799901383695966,0.4027905122603157,0.07353714207558366,0.4355552493289769,-0.3737174735465473,0
1571235375000,1.0235242035136798,0.3052433968060877,0.3181164719520149,-1.2850634081640226,-0.3717055850953322,0
1571235375250,1.3282626595222617,0.532853332865953,-0.48550132621340203,1.8418040901732604,-0.3757293619977624,0
1571235375500,0.3705132263524327,0.240211986503269,0.5976357060965077,-0.472116763658384,-0.3717055850953322,0
1571235375750,0.3705132263524327,0.4027905122603157,0.4578760890242613,0.5865238053467219,-0.3696952672049689,0
1571235376000,-0.06482742508839867,0.4027905122603157,0.9120948445090622,2.215884719454205,-0.36768337875375384,0
1571235376250,-0.19542962052064808,0.27272769165467836,1.1566741743854934,-0.7620440521899413,-0.36567149030253865,0
1571235376500,0.3705132263524327,0.3052433968060877,0.7723352274368158,-2.618999579319134,-0.3696952672049689,0
1571235376750,0.2399110309201833,0.4678219225631344,0.7723352274368158,-1.9357928591447116,-0.3717055850953322,0
1571235377000,-0.15189555537656493,0.3052433968060877,1.0867943658493702,0.25016417101474886,-0.3737174735465473,0
1571235377250,-1.0661109234023107,-0.2150078856164618,1.1566741743854934,0.4187245811790994,-0.17458449258010264,0
1571235377500,-0.8919746628259783,-0.1499764753136431,1.191614078653555,1.3247896459511455,-0.257054642910552,0
1571235377750,-1.109644988546394,-0.2800392959192805,1.1217342701174318,0.5510017921660759,-0.3093511781553302,0
1571235378000,-0.7178384022496457,0.6954318586229997,1.2614938871896781,0.5015247023787478,-0.331477239436141,0
1571235378250,0.10930883548793388,0.9555574998342745,0.7723352274368158,-0.40124188974080965,-0.34354542902172797,0
1571235378500,-0.28249775080881434,0.5653690380173624,1.016914557313247,-0.9183409101847831,-0.34957952381452145,0
1571235378750,0.2399110309201833,0.20769628135185966,0.8072751317048774,-1.4219923113532267,-0.3576255070585301,0
1571235379000,0.45758135664059896,0.5978847431687717,0.5626958018284461,-1.50318548433756,-0.3596373955097452,0
1571235379250,0.6317176172169315,0.5978847431687717,-0.10116237926472436,1.5899361014781093,-0.3616492839609603,0
1571235379500,1.2847285943781785,0.5653690380173624,-0.3806816134092172,-0.8530480669098817,-0.36365960185132357,0
1571235379750,1.2847285943781785,0.5653690380173624,-0.4156215176772788,0.323491755366225,-0.36365960185132357,0
1571235380000,1.2411945292340956,0.5978847431687717,-0.4156215176772788,0.02223125310560447,-0.36365960185132357,0
1571235380250,0.5881835520728484,0.43530621741172504,0.24823666341589168,2.6484075180394977,-0.36567149030253865,0
1571235380500,0.15284290063201703,0.4027905122603157,0.842215035972939,0.1782743824348703,-0.36768337875375384,0
1571235380750,0.45758135664059896,0.43530621741172504,0.7723352274368158,-0.770078793266516,-0.3696952672049689,0
1571235381000,0.2399110309201833,0.43530621741172504,0.8072751317048774,0.042106665242394425,-0.3696952672049689,0
1571235381250,0.28344509606426643,0.43530621741172504,0.7373953231687541,-1.8800571289398411,-0.36768337875375384,0
1571235381500,0.3705132263524327,0.43530621741172504,0.7024554189006925,0.5476187432917288,-0.3696952672049689,0
1571235381750,0.5881835520728484,0.43530621741172504,0.6325756103645693,-0.3082080456962609,-0.36768337875375384,0
1571235382000,0.5881835520728484,0.532853332865953,0.49281599329232295,0.8069294395104437,-0.3696952672049689,0
1571235382250,0.8058538777932641,0.5003376277145437,0.3879962804881381,0.24458214037207593,-0.36768337875375384,0
1571235382500,0.7187857475050978,0.4678219225631344,0.4229361847561997,-0.6578461468600467,-0.3696952672049689,0
1571235382750,0.7623198126491809,0.4678219225631344,0.49281599329232295,0.043544461013991995,-0.36768337875375384,0
1571235383000,0.5446494869287652,0.4678219225631344,0.5626958018284461,-0.7934218304995119,-0.3717055850953322,0
1571235383250,0.5881835520728484,0.43530621741172504,0.5626958018284461,1.071483861484397,-0.3696952672049689,0
1571235383500,0.5881835520728484,0.4678219225631344,0.5626958018284461,-0.5289519847474174,-0.3696952672049689,0
1571235383750,0.7187857475050978,0.5003376277145437,0.5277558975603845,1.1180853597285298,-0.3696952672049689,0
1571235384000,0.5446494869287652,0.532853332865953,0.5277558975603845,-0.182104898904968,-0.3696952672049689,0
1571235384250,0.3269791612083496,0.4027905122603157,0.6325756103645693,-0.6987810382396482,-0.3696952672049689,0
1571235384500,0.7623198126491809,0.4678219225631344,0.5277558975603845,-0.15698576101293987,-0.36768337875375384,0
1571235384750,0.5446494869287652,0.43530621741172504,0.5976357060965077,-1.2170641257896433,-0.3717055850953322,0
1571235385000,0.6752516823610146,0.5003376277145437,0.49281599329232295,1.235646308112096,-0.3696952672049689,0
1571235385250,0.7623198126491809,0.4678219225631344,0.4578760890242613,-0.9820268052443697,-0.3717055850953322,0
1571235385500,0.45758135664059896,0.37027480710890637,0.6675155146326309,1.140328906077363,-0.3696952672049689,0
1571235385750,0.6317176172169315,0.5003376277145437,0.49281599329232295,-0.8539784053503272,-0.3717055850953322,0
1571235386000,0.7187857475050978,0.4678219225631344,0.49281599329232295,1.3849233396926672,-0.36768337875375384,0
1571235386250,0.5881835520728484,0.43530621741172504,0.5976357060965077,-0.8469585789360566,-0.3717055850953322,0
1571235386500,0.5446494869287652,0.43530621741172504,0.5626958018284461,1.052369635344335,-0.3717055850953322,0
1571235386750,1.0235242035136798,0.5003376277145437,0.2831765676839533,-0.23141283624857886,-0.3717055850953322,0
1571235387000,1.067058268657763,0.532853332865953,-0.06622247499666276,0.9029234513200464,-0.3717055850953322,0
1571235387250,0.19637696577610014,0.6954318586229997,0.5626958018284461,-0.4520721990778767,-0.3696952672049689,0
1571235387500,-2.5462691383011373,0.240211986503269,1.1566741743854934,1.6284182824238091,-0.3717055850953322,0
1571235387750,-0.5437021416733132,0.532853332865953,1.016914557313247,-0.6878707056198783,-0.3717055850953322,0
1571235388000,3.809704372735001,0.532853332865953,0.3181164719520149,1.6299406544172652,-0.3737174735465473,0
1571235388250,1.3282626595222617,0.5978847431687717,-0.310801804873094,-0.6883781629510305,-0.3737174735465473,0
1571235388500,1.5023989200985943,0.630400448320181,-0.9746599859662645,0.414072888976872,-0.3737174735465473,0
1571235388750,1.371796724666345,0.6629161534715904,-1.289119124378819,-0.6297668412029648,-0.3737174735465473,0
1571235389000,1.8506714412512595,0.7279475637744091,-0.8698402731620797,0.6979106895346043,-0.3737174735465473,0
1571235389250,-0.8919746628259783,0.4678219225631344,0.3530563762200765,0.9530771508822439,-0.3757293619977624,0
1571235389500,-0.4566340113851469,0.33775910195749703,1.0867943658493702,-1.5511402021314318,-0.3737174735465473,0
1571235389750,-0.3260318159528975,0.27272769165467836,1.0518544615813086,-0.4115601888075687,-0.3717055850953322,0
1571235390000,0.8058538777932641,1.280714551348368,0.9120948445090622,-2.612148905348581,-0.3696952672049689,0
1571235390250,0.28344509606426643,0.07763346074622228,1.0518544615813086,-1.6215076187178543,-0.3717055850953322,0
1571235390500,0.19637696577610014,-0.3775864113735085,0.8072751317048774,-1.974613344977846,-0.3737174735465473,0
1571235390750,0.8058538777932641,0.4027905122603157,0.21329675914783008,1.918937604508377,-0.3777396798881257,0
1571235391000,1.2847285943781785,0.3052433968060877,0.1783568548797685,-0.14184661730023604,-0.3777396798881257,0
1571235391250,1.067058268657763,0.14266487104904096,0.5626958018284461,1.501807678301364,-0.3757293619977624,0
1571235391500,-0.28249775080881434,0.8580103843800464,0.8771549402410006,-0.7156117063895256,-0.3737174735465473,0
1571235391750,-0.5872362068173963,0.7929789740772277,1.0518544615813086,1.8880672835299586,-0.3777396798881257,0
1571235392000,-0.4566340113851469,0.7604632689258184,1.2265539829216165,0.20440843498920264,-0.3777396798881257,0
1571235392250,-0.6743043371055626,0.7604632689258184,1.0518544615813086,0.4541620181378866,-0.3777396798881257,0
1571235392500,-0.7178384022496457,0.630400448320181,1.1217342701174318,1.4421814418909942,-0.3757293619977624,0
1571235392750,-0.7178384022496457,0.630400448320181,1.1566741743854934,1.5925579643557284,-0.3757293619977624,0
1571235393000,-0.6743043371055626,0.6629161534715904,1.1217342701174318,-0.3385709093435273,-0.3737174735465473,0
1571235393250,-0.6743043371055626,0.630400448320181,1.1566741743854934,-0.42044069210273016,-0.3717055850953322,0
1571235393500,-0.7178384022496457,0.630400448320181,1.1217342701174318,-0.775660823909189,-0.3757293619977624,0
1571235393750,-0.7178384022496457,0.630400448320181,1.1217342701174318,-0.3004270332852623,-0.3737174735465473,0
1571235394000,-0.7178384022496457,0.630400448320181,1.1566741743854934,-0.288332633559471,-0.3757293619977624,0
1571235394250,-0.6743043371055626,0.5653690380173624,1.1566741743854934,-0.739885082062967,-0.3737174735465473,0
1571235394500,-0.6743043371055626,0.630400448320181,1.1217342701174318,0.0009180451972169399,-0.3717055850953322,0
1571235394750,-0.7613724673937289,0.5978847431687717,1.1566741743854934,-1.1594677187038815,-0.3737174735465473,0
1571235395000,-0.6743043371055626,0.6629161534715904,1.1217342701174318,0.08693206282749517,-0.3737174735465473,0
1571235395250,-0.7613724673937289,0.630400448320181,1.1217342701174318,-1.4942204048205399,-0.3737174735465473,0
1571235395500,-0.7178384022496457,0.5978847431687717,1.1566741743854934,0.4645648934265043,-0.3717055850953322,0
1571235395750,-0.7613724673937289,0.5978847431687717,1.1217342701174318,-1.2792276488557737,-0.3737174735465473,0
1571235396000,-0.7178384022496457,0.630400448320181,1.1217342701174318,1.1754280381487154,-0.3737174735465473,0
1571235396250,-0.7178384022496457,0.6629161534715904,1.1217342701174318,-0.493852852676065,-0.3757293619977624,0
1571235396500,-0.7613724673937289,0.630400448320181,1.1217342701174318,1.688551976165331,-0.3737174735465473,0
1571235396750,-0.7613724673937289,0.630400448320181,1.1566741743854934,-0.2554324832564442,-0.3757293619977624,0
1571235397000,-0.7178384022496457,0.630400448320181,1.1566741743854934,0.7344476173775544,-0.3757293619977624,0
1571235397250,-0.7178384022496457,0.630400448320181,1.1217342701174318,0.07822071197605107,-0.3717055850953322,0
1571235397500,-0.7613724673937289,0.630400448320181,1.1217342701174318,-1.4718922822498481,-0.3737174735465473,0
1571235397750,-0.7178384022496457,0.630400448320181,1.1566741743854934,0.5275741787112214,-0.3737174735465473,0
1571235398000,-0.7178384022496457,0.630400448320181,1.1217342701174318,-0.8862019458784846,-0.3737174735465473,0
1571235398250,-0.7178384022496457,0.630400448320181,1.1566741743854934,1.6373833619408293,-0.3717055850953322,0
1571235398500,-0.7178384022496457,0.630400448320181,1.1217342701174318,-0.22752233004307953,-0.3777396798881257,0
1571235398750,-0.7613724673937289,0.630400448320181,1.1217342701174318,0.19603538902519324,-0.3757293619977624,0
1571235399000,-0.6743043371055626,0.6629161534715904,1.1566741743854934,0.1796276019846092,-0.3757293619977624,0
1571235399250,-0.6743043371055626,0.5978847431687717,1.1217342701174318,-1.4892304077308776,-0.3737174735465473,0
1571235399500,-0.4566340113851469,0.5978847431687717,1.191614078653555,1.2443576589635401,-0.3757293619977624,0
1571235399750,-0.804906532537812,0.630400448320181,1.2614938871896781,-0.2957753410830348,-0.3757293619977624,0
1571235400000,-0.8919746628259783,0.5003376277145437,1.191614078653555,0.3392229326319396,-0.3737174735465473,0
1571235400250,-0.8484405976818952,0.5003376277145437,1.191614078653555,0.035763448602993374,-0.3737174735465473,0
1571235400500,-0.804906532537812,0.4678219225631344,1.191614078653555,-1.3616048889461285,-0.3717055850953322,0
1571235400750,-0.8484405976818952,0.4678219225631344,1.191614078653555,0.8931126095844393,-0.3737174735465473,0
1571235401000,-0.8484405976818952,0.5003376277145437,1.1566741743854934,0.7338555838245436,-0.3737174735465473,0
1571235401250,-0.804906532537812,0.5003376277145437,1.1217342701174318,-1.0345486390186105,-0.3717055850953322,0
1571235401500,-0.8484405976818952,0.4678219225631344,1.191614078653555,0.9169631041485873,-0.3737174735465473,0
1571235401750,-0.8484405976818952,0.5003376277145437,1.1566741743854934,-0.21957216518836353,-0.3717055850953322,0
1571235402000,-0.7613724673937289,0.5003376277145437,1.1566741743854934,0.8324714585117652,-0.3737174735465473,0
1571235402250,-0.804906532537812,0.4678219225631344,1.1566741743854934,0.5863546529030046,-0.3737174735465473,0
1571235402500,-0.804906532537812,0.532853332865953,1.1566741743854934,-0.6431298842566363,-0.3757293619977624,0
1571235402750,-0.804906532537812,0.4678219225631344,1.191614078653555,0.2528706101142266,-0.3717055850953322,0
1571235403000,-0.8484405976818952,0.5003376277145437,1.1566741743854934,0.4238837307124789,-0.3737174735465473,0
1571235403250,-0.8484405976818952,0.5003376277145437,1.1566741743854934,-0.46645015679385243,-0.3696952672049689,0
1571235403500,-0.8484405976818952,0.4678219225631344,1.191614078653555,0.17751319643814217,-0.3717055850953322,0
1571235403750,-0.8484405976818952,0.5003376277145437,1.191614078653555,0.3644266467458264,-0.3696952672049689,0
1571235404000,-0.8484405976818952,0.5003376277145437,1.1566741743854934,-0.4987582735438684,-0.3696952672049689,0
1571235404250,-0.804906532537812,0.4678219225631344,1.1566741743854934,-1.0380162641148163,-0.3717055850953322,0
1571235404500,-0.804906532537812,0.5003376277145437,1.191614078653555,0.6832790031530526,-0.3717055850953322,0
1571235404750,-0.7613724673937289,0.5003376277145437,1.1566741743854934,0.1673640498151005,-0.3717055850953322,0
1571235405000,-0.7613724673937289,0.4678219225631344,1.1566741743854934,-2.007090614171579,-0.3717055850953322,0
1571235405250,-0.804906532537812,0.5003376277145437,1.1566741743854934,0.8277351900876793,-0.3737174735465473,0
1571235405500,-0.804906532537812,0.4678219225631344,1.191614078653555,-0.04077803217911263,-0.3717055850953322,0
1571235405750,-0.804906532537812,0.5003376277145437,1.1566741743854934,-1.6472187901628932,-0.3717055850953322,0
1571235406000,-0.804906532537812,0.5003376277145437,1.1566741743854934,0.8977643017866667,-0.3737174735465473,0
1571235406250,-0.804906532537812,0.5003376277145437,1.1217342701174318,-0.0444148097190359,-0.3717055850953322,0
1571235406500,-0.9355087279700615,0.5003376277145437,1.1566741743854934,-1.593174584395196,-0.3737174735465473,0
1571235406750,-0.8919746628259783,0.4678219225631344,1.1566741743854934,0.7440047304475853,-0.3717055850953322,0
1571235407000,-0.804906532537812,0.4678219225631344,1.191614078653555,-0.3444066686517762,-0.3717055850953322,0
1571235407250,-0.8919746628259783,0.4678219225631344,1.1566741743854934,-0.33002871093580055,-0.3737174735465473,0
1571235407500,-0.8484405976818952,0.4678219225631344,1.191614078653555,0.5014401261568892,-0.3717055850953322,0
1571235407750,-0.8484405976818952,0.4678219225631344,1.191614078653555,-0.3837346118160628,-0.3717055850953322,0
1571235408000,-0.8919746628259783,0.4678219225631344,1.191614078653555,0.15814524163250432,-0.3717055850953322,0
1571235408250,-0.9790427931141445,0.5003376277145437,1.191614078653555,0.3750832507000202,-0.3717055850953322,0
1571235408500,-0.7178384022496457,0.5653690380173624,1.1566741743854934,-0.45071897952813783,-0.3717055850953322,0
1571235408750,-0.5872362068173963,0.532853332865953,1.1217342701174318,0.5057535134716818,-0.3717055850953322,0
1571235409000,-0.4566340113851469,0.4678219225631344,1.1217342701174318,0.378043418465074,-0.3737174735465473,0
1571235409250,-0.5437021416733132,0.43530621741172504,1.0867943658493702,-0.6337419236303228,-0.3696952672049689,0
1571235409500,-0.50016807652923,0.43530621741172504,1.1217342701174318,0.7658253956871249,-0.3717055850953322,0
1571235409750,-0.5437021416733132,0.43530621741172504,1.0867943658493702,0.1953587792503238,-0.3696952672049689,0
1571235410000,-0.5437021416733132,0.43530621741172504,1.0867943658493702,-0.8255607948058105,-0.3737174735465473,0
1571235410250,-0.4566340113851469,0.43530621741172504,1.0867943658493702,1.5507773107575402,-0.3696952672049689,0
1571235410500,-0.5872362068173963,0.43530621741172504,1.0867943658493702,-0.022847873145072323,-0.3737174735465473,0
1571235410750,-0.50016807652923,0.43530621741172504,1.0867943658493702,-1.6393532015300358,-0.3717055850953322,0
1571235411000,-0.5872362068173963,0.4027905122603157,1.0867943658493702,1.3828089341462002,-0.3717055850953322,0
1571235411250,-0.15189555537656493,0.6954318586229997,0.9819746530451854,0.06908648001531356,-0.3717055850953322,0
1571235411500,-0.8484405976818952,0.5653690380173624,1.0867943658493702,-1.0324342334721435,-0.3717055850953322,0
1571235411750,-0.804906532537812,0.43530621741172504,1.191614078653555,0.4676942136352755,-0.3717055850953322,0
1571235412000,-0.5437021416733132,0.4678219225631344,1.1217342701174318,-0.4746540503141445,-0.36567149030253865,0
1571235412250,-0.6743043371055626,0.4027905122603157,1.1566741743854934,0.7142339003533298,-0.36768337875375384,0
1571235412500,-0.6743043371055626,0.37027480710890637,1.1566741743854934,-0.3848341027002256,-0.36768337875375384,0
1571235412750,-0.7178384022496457,0.4027905122603157,1.1566741743854934,-0.24223859264648995,-0.3696952672049689,0
1571235413000,-0.804906532537812,0.33775910195749703,1.1566741743854934,-0.03638006864246123,-0.36768337875375384,0
1571235413250,-0.804906532537812,0.37027480710890637,1.1566741743854934,0.12812068287267267,-0.36768337875375384,0
1571235413500,-1.5885197051313085,-0.41010211652491785,0.9819746530451854,1.7173078915972824,-0.36768337875375384,0
1571235413750,1.110592333801846,-0.5726806422819646,0.21329675914783008,-0.500449797981042,-0.36768337875375384,0
1571235414000,1.2847285943781785,0.7604632689258184,-0.7650205603578949,0.2922831295003718,-0.3777396798881257,0
1571235414250,1.7200692458190099,1.020588910137093,-0.9746599859662645,-0.2106070856713434,-0.3737174735465473,0
1571235414500,1.371796724666345,0.27272769165467836,-0.13610228353278597,-1.0148423793255377,-0.36768337875375384,0
1571235414750,0.8493879429373472,0.1751805762004503,0.4229361847561997,-0.278521791823864,-0.3737174735465473,0
1571235415000,0.5881835520728484,0.4027905122603157,0.6325756103645693,0.3293275146744739,-0.3737174735465473,0
1571235415250,0.7623198126491809,0.532853332865953,0.5626958018284461,1.5320859657267716,-0.3737174735465473,0
1571235415500,0.5446494869287652,0.4678219225631344,0.6675155146326309,-1.521453948259035,-0.3777396798881257,0
1571235415750,0.6317176172169315,0.43530621741172504,0.5976357060965077,-0.7918994585060555,-0.3757293619977624,0
1571235416000,0.5446494869287652,0.4678219225631344,0.5976357060965077,-0.3139592287826512,-0.3757293619977624,0
1571235416250,0.5011154217846822,0.5003376277145437,0.5976357060965077,1.660726399173825,-0.3757293619977624,0
1571235416500,0.3705132263524327,0.5003376277145437,0.6325756103645693,0.3755907080311722,-0.3757293619977624,0
1571235416750,0.41404729149651587,0.5003376277145437,0.6675155146326309,-1.1451743372097647,-0.3757293619977624,0
1571235417000,0.2399110309201833,0.4678219225631344,0.7723352274368158,0.4857089488911745,-0.3777396798881257,0
1571235417250,0.28344509606426643,0.5003376277145437,0.7024554189006925,-0.6992884955708003,-0.3757293619977624,0
1571235417500,0.45758135664059896,0.5003376277145437,0.49281599329232295,0.6667866398906099,-0.37975156833934076,0
1571235417750,0.9799901383695966,0.630400448320181,0.10847704634364527,0.2706316167045496,-0.37975156833934076,0
1571235418000,0.9799901383695966,0.5978847431687717,0.2831765676839533,-0.9623205455512971,-0.3777396798881257,0
1571235418250,0.9364560732255135,0.630400448320181,0.3530563762200765,2.0433492268624964,-0.3777396798881257,0
1571235418500,0.45758135664059896,0.630400448320181,0.24823666341589168,-0.057524124107131404,-0.3777396798881257,0
1571235418750,0.022240705199767605,0.43530621741172504,0.842215035972939,-1.0233000015114058,-0.37975156833934076,0
1571235419000,-0.9355087279700615,0.630400448320181,1.4361934085299863,0.8604661879469886,-0.37975156833934076,0
1571235419250,-0.3260318159528975,0.9230417946828652,1.1217342701174318,-1.3506099801045002,-0.3777396798881257,0
1571235419500,1.5023989200985943,0.5978847431687717,0.24823666341589168,1.21424852398185,-0.3777396798881257,0
1571235419750,0.8929220080814304,0.532853332865953,0.2831765676839533,-1.7235065422794231,-0.37975156833934076,0
1571235420000,0.3705132263524327,0.532853332865953,0.7723352274368158,-1.0183945806436023,-0.38176345679055584,0
1571235420250,0.3705132263524327,0.43530621741172504,0.8771549402410006,1.1520004246938609,-0.3777396798881257,0
1571235420500,0.6317176172169315,0.532853332865953,1.0518544615813086,-1.1908454970134523,-0.38176345679055584,0
1571235420750,-0.8919746628259783,0.5003376277145437,1.4012535042619247,2.1977008317545885,-0.38176345679055584,0
1571235421000,-0.3260318159528975,0.630400448320181,1.0867943658493702,-0.11317527809014329,-0.3757293619977624,0
1571235421250,-0.4566340113851469,0.5978847431687717,1.0518544615813086,1.016340164832537,-0.3757293619977624,0
1571235421500,-0.50016807652923,0.5653690380173624,1.0867943658493702,0.8218148545575715,-0.3777396798881257,0
1571235421750,-0.50016807652923,0.5653690380173624,1.0867943658493702,-0.2987355088480887,-0.3737174735465473,0
1571235422000,-0.5437021416733132,0.5978847431687717,1.0867943658493702,1.0746977579150268,-0.3737174735465473,0
1571235422250,-0.50016807652923,0.5653690380173624,1.0867943658493702,-2.2893214665139965,-0.3737174735465473,0
1571235422500,-0.5437021416733132,0.5978847431687717,1.0867943658493702,1.0231908388030901,-0.3717055850953322,0
1571235422750,-0.50016807652923,0.5653690380173624,1.0867943658493702,-0.347113107751254,-0.3737174735465473,0
1571235423000,-0.50016807652923,0.5978847431687717,1.0867943658493702,0.007768719167770073,-0.3717055850953322,0
1571235423250,-0.50016807652923,0.5653690380173624,1.0867943658493702,0.2984571936960555,-0.3737174735465473,0
1571235423500,-0.5437021416733132,0.5978847431687717,1.0867943658493702,-1.824405974956829,-0.3737174735465473,0
1571235423750,-0.5437021416733132,0.5978847431687717,1.0867943658493702,1.3236901550669826,-0.3717055850953322,0
1571235424000,-0.5437021416733132,0.5653690380173624,1.0867943658493702,-0.5704789096800296,-0.3717055850953322,0
1571235424250,-0.50016807652923,0.630400448320181,1.0867943658493702,1.4644249882398273,-0.3737174735465473,0
1571235424500,-0.5872362068173963,0.5978847431687717,1.0867943658493702,0.27071619292640825,-0.3717055850953322,0
1571235424750,-0.5437021416733132,0.5653690380173624,1.0867943658493702,-2.03204059961989,-0.3717055850953322,0
1571235425000,-0.5437021416733132,0.5978847431687717,1.0867943658493702,1.177880748582617,-0.3717055850953322,0
1571235425250,-0.5437021416733132,0.532853332865953,1.0867943658493702,-0.48903200803012015,-0.3717055850953322,0
1571235425500,-0.4566340113851469,1.0856203204399117,0.9120948445090622,0.738507276026771,-0.3717055850953322,0
1571235425750,-0.7178384022496457,0.4027905122603157,1.016914557313247,0.2566765400978673,-0.3717055850953322,0
1571235426000,-0.8919746628259783,-0.41010211652491785,1.0867943658493702,-1.8860620406918074,-0.3737174735465473,0
1571235426250,-0.28249775080881434,0.27272769165467836,1.0518544615813086,1.8380827364114785,-0.3737174735465473,0
1571235426500,-0.3260318159528975,-0.05242935985941508,1.016914557313247,0.2747758515756249,-0.3757293619977624,0
1571235426750,-1.2402471839786433,0.240211986503269,1.1566741743854934,-3.8450164913825686,-0.3757293619977624,0
1571235427000,-1.4143834445549759,0.07763346074622228,1.191614078653555,0.8865156642794622,-0.3777396798881257,0
1571235427250,-1.1531790536904771,0.11014916589763163,1.1566741743854934,0.8092975737224868,-0.3737174735465473,0
1571235427500,-0.50016807652923,0.14266487104904096,1.0518544615813086,1.8970323630469788,-0.3717055850953322,0
1571235427750,-0.1083614902324818,0.27272769165467836,1.016914557313247,0.3917447664061803,-0.3696952672049689,0
1571235428000,-1.6320537702753917,0.7279475637744091,1.0518544615813086,-1.096035552309871,-0.3696952672049689,0
1571235428250,0.5446494869287652,0.8254946792286371,-0.3457417091411556,-0.5374096069332855,-0.3717055850953322,0
1571235428500,0.9364560732255135,0.4027905122603157,0.038597237807522056,-1.4955736243702786,-0.37975156833934076,0
1571235428750,1.8942055063953425,0.3052433968060877,-0.5903210390175868,1.2767503519354149,-0.3737174735465473,0
1571235429000,2.1989439624039244,0.5653690380173624,0.003657333539460452,0.2949049923779909,-0.3073392897041151,0
1571235429250,0.8929220080814304,0.27272769165467836,-0.17104218780084757,2.4334147620747313,-0.331477239436141,0
1571235429500,1.067058268657763,0.43530621741172504,0.003657333539460452,2.6031592393451035,-0.35159141226573665,0
1571235429750,0.8493879429373472,0.4027905122603157,-0.031282570728601154,0.2622585707405402,-0.3576255070585301,0
1571235430000,1.067058268657763,0.43530621741172504,0.1783568548797685,-2.3083511164322,-0.3596373955097452,0
1571235430250,1.067058268657763,0.43530621741172504,0.14341695061170687,-5.2215790783544564,-0.36365960185132357,0
1571235430500,0.9799901383695966,0.4027905122603157,0.14341695061170687,-0.5916229651446998,-0.36567149030253865,0
1571235430750,0.9799901383695966,0.37027480710890637,0.1783568548797685,-1.7120041761066425,-0.36768337875375384,0
1571235431000,1.067058268657763,0.4678219225631344,0.14341695061170687,2.09570190819302,-0.36768337875375384,0
1571235431250,0.9799901383695966,0.43530621741172504,0.14341695061170687,-0.29010873421850325,-0.36768337875375384,0
1571235431500,0.9799901383695966,0.4027905122603157,0.14341695061170687,2.5218814901389117,-0.36768337875375384,0
1571235431750,0.9799901383695966,0.4027905122603157,0.14341695061170687,-0.4102069692578298,-0.3696952672049689,0
1571235432000,1.0235242035136798,0.43530621741172504,0.10847704634364527,-1.4098979116274353,-0.3696952672049689,0
1571235432250,-0.021293359944315533,0.14266487104904096,0.9470347487771238,0.3938591719526473,-0.3696952672049689,0
1571235432500,-0.1083614902324818,0.240211986503269,0.9120948445090622,-1.5355781773094346,-0.37975156833934076,0
1571235432750,0.022240705199767605,0.240211986503269,0.9120948445090622,1.581055598182948,-0.3737174735465473,0
1571235433000,0.6317176172169315,0.37027480710890637,0.7373953231687541,-1.1680944933334672,-0.3737174735465473,0
1571235433250,0.45758135664059896,0.37027480710890637,0.5976357060965077,1.7222978886869447,-0.38176345679055584,0
1571235433500,0.5011154217846822,0.37027480710890637,0.5976357060965077,-1.0941748754289802,-0.38176345679055584,0
1571235433750,0.45758135664059896,0.33775910195749703,0.6675155146326309,1.4871759919198122,-0.3777396798881257,0
1571235434000,0.41404729149651587,0.33775910195749703,0.6675155146326309,-0.43363458271268435,-0.3777396798881257,0
1571235434250,0.41404729149651587,0.3052433968060877,0.7024554189006925,0.3329642922143972,-0.3757293619977624,0
1571235434500,0.41404729149651587,0.3052433968060877,0.7024554189006925,0.5773049971641258,-0.3757293619977624,0
1571235434750,0.45758135664059896,0.3052433968060877,0.6675155146326309,-0.9805890094727722,-0.3777396798881257,0
1571235435000,0.45758135664059896,0.33775910195749703,0.6675155146326309,1.622836251781136,-0.3757293619977624,0
1571235435250,0.41404729149651587,0.3052433968060877,0.6675155146326309,-0.284865008463265,-0.3737174735465473,0
1571235435500,0.41404729149651587,0.3052433968060877,0.7024554189006925,-0.1415083124128013,-0.3737174735465473,0
1571235435750,1.4588648549545111,0.37027480710890637,0.4578760890242613,-0.268710950088257,-0.3757293619977624,0
1571235436000,0.15284290063201703,0.20769628135185966,1.0518544615813086,-1.3767440326588325,-0.3717055850953322,0
1571235436250,-1.6320537702753917,-2.5561386565179345,1.715712642674479,2.3150926276944372,-0.3576255070585301,0
1571235436500,2.460148353268423,0.5978847431687717,-2.1975566353484206,0.3422676766188521,-0.3717055850953322,0
1571235436750,0.8493879429373472,-0.897837693796058,1.016914557313247,-1.3856245359539938,-0.3717055850953322,0
1571235437000,-0.8919746628259783,-1.3855732710671982,-0.10116237926472436,1.089160291852861,-0.257054642910552,0
1571235437250,-0.8484405976818952,-1.4506046813700169,0.24823666341589168,-2.258789450423013,-0.29929487702095836,0
1571235437500,0.28344509606426643,-2.3285287204580687,0.24823666341589168,0.22952757288123077,-0.3576255070585301,0
1571235437750,0.10930883548793388,-1.4831203865214262,-2.337316252420667,1.8639630603002346,-0.3596373955097452,0
1571235438000,0.022240705199767605,-1.7432460277327009,-1.0095998902343262,-1.2207009033295666,-0.3696952672049689,0
1571235438250,0.10930883548793388,-1.8733088483383382,-0.8698402731620797,-0.5582153575105209,-0.3696952672049689,0
1571235438500,-2.5462691383011373,-2.1334344895496127,-0.13610228353278597,-2.4998316827202527,-0.3717055850953322,0
1571235438750,-0.804906532537812,-1.6456989122784729,-1.1493595073065725,0.1485881285624734,-0.3717055850953322,0
1571235439000,-0.19542962052064808,-1.7432460277327009,-0.48550132621340203,0.1543393116488637,-0.3757293619977624,0
1571235439250,0.022240705199767605,-1.3205418607643795,-0.66020084755371,2.443563908697773,-0.3717055850953322,0
1571235439500,-0.4566340113851469,-1.6456989122784729,-1.0445397945023878,-1.1124433393504554,-0.3717055850953322,0
1571235439750,-0.5872362068173963,-1.5806675019756542,-0.7300806560898333,-1.0739611584047557,-0.3737174735465473,0
1571235440000,-0.4130999462410638,-1.7757617328841102,-0.5553811347495252,0.23096536865282835,-0.3737174735465473,0
1571235440250,-1.0661109234023107,-1.5481517968242449,-0.6951407518217716,0.011320920485834662,-0.3737174735465473,0
1571235440500,-0.6307702719614795,-1.5156360916728355,-0.3457417091411556,0.8217302783357128,-0.3737174735465473,0
1571235440750,-0.7178384022496457,-1.4180889762186075,-0.13610228353278597,-0.9051470195748289,-0.3757293619977624,0
1571235441000,-0.6307702719614795,-1.5156360916728355,-0.48550132621340203,2.2143623474607486,-0.3717055850953322,0
1571235441250,-0.804906532537812,-1.3205418607643795,-0.24092199633697078,-0.7489347378018457,-0.3757293619977624,0
1571235441500,-0.36956588109698063,-1.4506046813700169,-0.17104218780084757,0.10021052965930805,-0.3717055850953322,0
1571235441750,-3.1557460503183012,-2.0684030792467945,-1.0445397945023878,0.5700314420842791,-0.3717055850953322,0
1571235442000,-1.4143834445549759,-1.7757617328841102,-1.1493595073065725,-0.9982654398412364,-0.3737174735465473,0
1571235442250,-0.9790427931141445,-1.6782146174298822,-1.8830974969358663,0.5143802881012672,-0.3696952672049689,0
1571235442500,-1.1531790536904771,-1.8733088483383382,-0.8698402731620797,-1.3343713455076334,-0.3696952672049689,0
1571235442750,-0.8484405976818952,-1.2880261556129702,-0.7999604646259565,0.5174250320881798,-0.3596373955097452,0
1571235443000,-0.8484405976818952,-1.7757617328841102,-0.66020084755371,-1.1236919768576599,-0.3737174735465473,0
1571235443250,0.022240705199767605,-0.8328062834932394,-0.9047801774301413,2.7966696349577647,-0.3717055850953322,0
1571235443500,0.5446494869287652,-1.6131832071270635,-1.4288787414510653,-0.8584609451088373,-0.3777396798881257,0
1571235443750,-0.28249775080881434,-0.995384809250286,-0.9047801774301413,1.2673623913091014,-0.3737174735465473,0
1571235444000,-0.4566340113851469,-2.3935601307608874,-1.0095998902343262,-0.6959900229183117,-0.3757293619977624,0
1571235444250,0.10930883548793388,-1.0279005144016955,-1.0095998902343262,-0.6298514174248234,-0.3737174735465473,0
1571235444500,-0.021293359944315533,-2.1334344895496127,-1.3589989329149421,1.6882136712778963,-0.3737174735465473,0
1571235444750,-0.6743043371055626,-1.7432460277327009,-1.1493595073065725,-1.4283355279926278,-0.3757293619977624,0
1571235445000,-0.6743043371055626,-1.5481517968242449,-0.9746599859662645,0.2503333234584662,-0.3717055850953322,0
1571235445250,0.28344509606426643,-1.8082774380355195,0.038597237807522056,-1.3002025518767264,-0.3737174735465473,0
1571235445500,-0.3260318159528975,-1.5481517968242449,-1.0794796987704494,0.23020418265610024,-0.3717055850953322,0
1571235445750,-1.8932581611398904,-2.523622951366525,0.038597237807522056,-1.162850767578229,-0.3737174735465473,0
1571235446000,0.06577477034385075,-1.3205418607643795,-0.7999604646259565,-0.03511142531458103,-0.37975156833934076,0
1571235446250,-1.0661109234023107,-1.3855732710671982,-1.0095998902343262,-0.5649814552592153,-0.37975156833934076,0
1571235446500,-0.3260318159528975,-1.7107303225812915,0.07353714207558366,1.8054363147740276,-0.3717055850953322,0
1571235446750,-1.0661109234023107,-1.2555104504615608,-1.3240590286468805,-2.615531954222928,-0.3737174735465473,0
1571235447000,0.7187857475050978,-2.816264297729209,-0.7650205603578949,-0.08568800598607207,-0.3737174735465473,0
1571235447250,0.022240705199767605,-1.3530575659157889,-0.6951407518217716,-1.4728226206902937,-0.3717055850953322,0
1571235447500,-0.804906532537812,-1.6456989122784729,-0.9397200816982029,0.9179780188108914,-0.3737174735465473,0
1571235447750,-0.6743043371055626,-2.1984658998524313,-0.6951407518217716,-0.03570345886759179,-0.3717055850953322,0
1571235448000,-0.3260318159528975,-0.4751335268277365,-0.9047801774301413,-0.7125669624026131,-0.3737174735465473,0
1571235448250,-0.50016807652923,-1.5156360916728355,-1.1493595073065725,-0.4973204777722709,-0.3717055850953322,0
1571235448500,-0.3260318159528975,-1.1579633350073328,-0.7300806560898333,0.3691629151699125,-0.3737174735465473,0
1571235448750,0.15284290063201703,-2.686201477123572,-1.0794796987704494,-0.7506262622390194,-0.36768337875375384,0
1571235449000,-1.4143834445549759,-1.4831203865214262,-0.9397200816982029,1.9280718364691145,-0.3737174735465473,0
1571235449250,0.6752516823610146,-1.7432460277327009,-0.5553811347495252,-0.963673765101036,-0.3737174735465473,0
1571235449500,-0.15189555537656493,-1.3205418607643795,-0.9047801774301413,0.46431116476092826,-0.3737174735465473,0
1571235449750,-1.1531790536904771,-1.6782146174298822,-0.8349003688940181,0.3545312287883608,-0.3717055850953322,0
1571235450000,-1.457917509699059,-1.6782146174298822,-1.0095998902343262,-2.232655397868681,-0.3737174735465473,0
1571235450250,-1.1531790536904771,-0.6377120525847833,-0.7650205603578949,-1.1155726595592264,-0.3737174735465473,0
1571235450500,0.8493879429373472,-1.4506046813700169,-0.10116237926472436,0.44240592329952994,-0.39584353482735807,0
1571235450750,0.8929220080814304,-1.7107303225812915,-1.0445397945023878,-0.39472952065769124,-0.3737174735465473,0
1571235451000,0.2399110309201833,-1.1904790401587422,-1.289119124378819,0.5877924486746021,-0.3717055850953322,0
1571235451250,1.067058268657763,-1.8733088483383382,-0.45056142194534043,1.0725833523685597,-0.3757293619977624,0
1571235451500,-0.06482742508839867,-1.0604162195531048,-0.17104218780084757,2.432061542524993,-0.36768337875375384,0
1571235451750,-0.3260318159528975,-0.80029057834183,-1.3589989329149421,0.6277970016137581,-0.3757293619977624,0
1571235452000,-0.06482742508839867,-1.3530575659157889,-0.8698402731620797,-0.7808199734425685,-0.3696952672049689,0
1571235452250,1.2847285943781785,-1.9708559637925664,-0.7300806560898333,-4.165222067339534,-0.36768337875375384,0
1571235452500,-0.50016807652923,-0.8328062834932394,-0.6252609432856484,-0.6716320710230116,-0.36567149030253865,0
1571235452750,1.763603310963093,-1.7757617328841102,0.07353714207558366,-1.981802323835834,-0.3696952672049689,0
1571235453000,0.15284290063201703,-1.6131832071270635,-0.9047801774301413,0.07162376667107398,-0.3696952672049689,0
1571235453250,-0.1083614902324818,-1.2229947453101515,-0.7650205603578949,0.48342539090099007,-0.3737174735465473,0
1571235453500,-1.1531790536904771,-1.6782146174298822,-0.9397200816982029,2.082338865139348,-0.3757293619977624,0
1571235453750,-0.4566340113851469,-0.897837693796058,-0.8349003688940181,-0.4004807037440815,-0.36768337875375384,0
1571235454000,1.5459329852426775,-1.5156360916728355,-0.17104218780084757,-0.03663379730803728,-0.3978554232785731,0
1571235454250,0.41404729149651587,-1.6782146174298822,-0.9397200816982029,0.7408754102388141,-0.3616492839609603,0
1571235454500,0.41404729149651587,-1.0929319247045142,-0.7999604646259565,1.352446070498934,-0.36567149030253865,0
1571235454750,0.5881835520728484,-1.1904790401587422,-0.7650205603578949,0.8454116204561434,-0.36768337875375384,0
1571235455000,-0.7178384022496457,-0.897837693796058,-0.7999604646259565,-2.124059529002135,-0.36768337875375384,0
1571235455250,1.1976604640900124,-1.5806675019756542,0.6325756103645693,0.5235145200620047,-0.36567149030253865,0
1571235455500,-0.021293359944315533,-0.8653219886446487,-0.7650205603578949,0.3446358108308952,-0.36768337875375384,0
1571235455750,0.28344509606426643,-1.5481517968242449,-0.8698402731620797,-0.07215581048868315,-0.36768337875375384,0
1571235456000,0.8493879429373472,-1.2229947453101515,-0.17104218780084757,1.0798569074484061,-0.3696952672049689,0
1571235456250,-1.8061900308517242,-1.9058245534897476,-0.8349003688940181,-0.592384151141428,-0.3696952672049689,0
1571235456500,-0.6307702719614795,-0.9303533989474674,-0.310801804873094,-0.5945831329097535,-0.36768337875375384,0
1571235456750,-0.36956588109698063,-1.3530575659157889,0.1783568548797685,1.6531991154284023,-0.3717055850953322,0
1571235457000,-0.5872362068173963,-0.9303533989474674,-1.1493595073065725,0.244835869037652,-0.3696952672049689,0
1571235457250,-0.06482742508839867,-1.5481517968242449,-0.66020084755371,0.9899523836126287,-0.3737174735465473,0
1571235457500,0.10930883548793388,-1.5806675019756542,-0.6951407518217716,1.1182545121722471,-0.3696952672049689,0
1571235457750,0.022240705199767605,-1.2880261556129702,-0.6951407518217716,-3.427548260288121,-0.3717055850953322,0
1571235458000,-0.4566340113851469,-1.0604162195531048,-0.2758619006050324,-0.433719158934543,-0.3717055850953322,0
1571235458250,0.2399110309201833,-0.8328062834932394,0.10847704634364527,-0.3901624046773225,-0.3696952672049689,0
1571235458500,0.06577477034385075,-0.9303533989474674,0.1783568548797685,-0.002380427455271606,-0.36768337875375384,0
1571235458750,1.067058268657763,-1.2555104504615608,-1.0445397945023878,-0.2027414970384861,-0.36365960185132357,0
1571235459000,-0.23896368566473122,-1.4506046813700169,-1.0095998902343262,1.3494859027338801,-0.3717055850953322,0
1571235459250,0.022240705199767605,-1.3855732710671982,-0.6951407518217716,-2.336684150754858,-0.36768337875375384,0
1571235459500,-1.5449856399872253,-1.5481517968242449,-1.5686383585233117,0.059698519389000004,-0.3717055850953322,0
1571235459750,0.10930883548793388,-0.6702277577361927,-0.45056142194534043,-0.11055341521252418,-0.36768337875375384,0
1571235460000,1.067058268657763,-1.4506046813700169,-0.13610228353278597,0.40671475767516674,-0.3696952672049689,0
1571235460250,0.10930883548793388,-1.1579633350073328,-0.8349003688940181,-0.5146586032533004,-0.3696952672049689,0
1571235460500,0.15284290063201703,-1.5481517968242449,-1.0794796987704494,1.2841930594589785,-0.3717055850953322,0
1571235460750,0.45758135664059896,-1.6131832071270635,-1.0445397945023878,-0.5920458462539931,-0.3717055850953322,0
1571235461000,-0.5872362068173963,-1.8733088483383382,-0.8698402731620797,0.9122268357245011,-0.3717055850953322,0
1571235461250,-0.36956588109698063,-1.0279005144016955,-0.310801804873094,-0.7837801412076222,-0.36768337875375384,0
1571235461500,1.2411945292340956,-2.4911072462151154,0.003657333539460452,1.5028225929636683,-0.3696952672049689,0
1571235461750,-0.5437021416733132,-1.6456989122784729,-1.4987585499871885,0.23976129572613114,-0.3696952672049689,0
1571235462000,0.28344509606426643,-1.5806675019756542,-0.4156215176772788,1.1401597536336454,-0.3696952672049689,0
1571235462250,-0.3260318159528975,-1.8082774380355195,-0.48550132621340203,-0.8684409392881616,-0.3737174735465473,0
1571235462500,-0.36956588109698063,-0.9628691040988767,-0.17104218780084757,0.12059339912725009,-0.36768337875375384,0
1571235462750,-0.23896368566473122,-0.897837693796058,-0.4156215176772788,-0.7205171272573291,-0.3717055850953322,0
1571235463000,-0.36956588109698063,-1.8733088483383382,-1.0445397945023878,2.026264830047043,-0.3717055850953322,0
1571235463250,0.10930883548793388,-1.7757617328841102,-0.48550132621340203,-0.36918750165636965,-0.3696952672049689,0
1571235463500,0.3269791612083496,-1.8082774380355195,-0.13610228353278597,-2.0994478484412586,-0.3696952672049689,0
1571235463750,-0.021293359944315533,-1.8407931431869289,-0.10116237926472436,-1.4159028233794015,-0.36768337875375384,0
1571235464000,-0.6307702719614795,-1.6782146174298822,-0.7300806560898333,0.9704152763632734,-0.3696952672049689,0
1571235464250,-0.5872362068173963,-1.8733088483383382,-1.114419603038511,1.1216375610465945,-0.36567149030253865,0
1571235464500,-0.06482742508839867,-1.4506046813700169,-0.7650205603578949,0.3957198488335383,-0.36768337875375384,0
1571235464750,0.3269791612083496,-1.4831203865214262,-0.3806816134092172,-1.3382618517131326,-0.36567149030253865,0
1571235465000,-0.9355087279700615,-1.8733088483383382,-0.6252609432856484,-1.4862702399658239,-0.3696952672049689,0
1571235465250,-0.6307702719614795,-1.1579633350073328,-0.48550132621340203,1.2007163284844609,-0.36567149030253865,0
1571235465500,-0.3260318159528975,-1.3205418607643795,-0.2059820920689092,0.0829569804001372,-0.36768337875375384,0
1571235465750,-0.19542962052064808,-1.0604162195531048,-0.3806816134092172,1.2402980003143234,-0.36567149030253865,0
1571235466000,-0.021293359944315533,-1.3530575659157889,-0.9746599859662645,0.5745985580646479,-0.36768337875375384,0
1571235466250,0.45758135664059896,-1.4831203865214262,-0.7650205603578949,-2.799231508099983,-0.36365960185132357,0
1571235466500,-0.3260318159528975,-1.5481517968242449,-0.8698402731620797,-2.5342542050167363,-0.36567149030253865,0
1571235466750,0.2399110309201833,-1.3530575659157889,-1.0794796987704494,0.708313564823222,-0.36768337875375384,0
1571235467000,-0.6743043371055626,-1.4506046813700169,-0.9397200816982029,-0.5376633355988616,-0.3616492839609603,0
1571235467250,-0.50016807652923,-1.3855732710671982,-0.8698402731620797,1.444887880990472,-0.36567149030253865,0
1571235467500,-0.28249775080881434,-1.5156360916728355,-0.6951407518217716,0.6981644182001804,-0.36567149030253865,0
1571235467750,-0.15189555537656493,-1.5481517968242449,-0.6951407518217716,4.842314713053674,-0.36768337875375384,0
1571235468000,-0.23896368566473122,-1.5481517968242449,-0.7650205603578949,1.447509743868091,-0.36768337875375384,0
1571235468250,-0.15189555537656493,-1.5156360916728355,-0.7650205603578949,-2.764386104694206,-0.36768337875375384,0
1571235468500,-0.06482742508839867,-1.4506046813700169,-0.7300806560898333,-3.1986004277166726,-0.36567149030253865,0
1571235468750,-0.06482742508839867,-1.4831203865214262,-0.7300806560898333,0.4488337161607897,-0.36768337875375384,0
1571235469000,-0.021293359944315533,-1.4506046813700169,-0.7300806560898333,0.2981188888086208,-0.36768337875375384,0
1571235469250,-0.19542962052064808,-1.5806675019756542,-0.7999604646259565,1.189552267199115,-0.36567149030253865,0
1571235469500,-0.4566340113851469,-1.8082774380355195,-1.0794796987704494,-0.2736163709560605,-0.36768337875375384,0
1571235469750,-0.5872362068173963,-1.3530575659157889,-0.7999604646259565,0.8857544782827341,-0.36365960185132357,0
1571235470000,-1.0225768582582277,-1.8407931431869289,-0.7300806560898333,0.2496567136835968,-0.36567149030253865,0
1571235470250,0.5446494869287652,-1.2229947453101515,-1.2192393158426957,1.4752507446377383,-0.36365960185132357,0
1571235470500,0.06577477034385075,-1.3530575659157889,-1.0794796987704494,0.3991028977078855,-0.3696952672049689,0
1571235470750,0.19637696577610014,-1.3855732710671982,-1.0445397945023878,0.41415746519873065,-0.36768337875375384,0
1571235471000,0.3705132263524327,-1.2880261556129702,-0.9047801774301413,-2.104184116865345,-0.36768337875375384,0
1571235471250,-0.4566340113851469,-1.2880261556129702,-0.8698402731620797,-0.9068385440120026,-0.36365960185132357,0
1571235471500,-0.23896368566473122,-1.4831203865214262,-0.7650205603578949,-0.19825895727997603,-0.36567149030253865,0
1571235471750,0.28344509606426643,-1.3855732710671982,-0.48550132621340203,-0.4520721990778767,-0.36567149030253865,0
1571235472000,0.9799901383695966,-1.1904790401587422,-0.6951407518217716,0.44130643241536716,-0.36567149030253865,0
1571235472250,0.41404729149651587,-1.0279005144016955,-1.2192393158426957,0.5492256915070437,-0.3616492839609603,0
1571235472500,0.19637696577610014,-1.0929319247045142,-1.4987585499871885,2.04377210797179,-0.36365960185132357,0
1571235472750,0.2399110309201833,-1.3855732710671982,-1.638518167059435,-1.1731690666449879,-0.36567149030253865,0
1571235473000,-0.021293359944315533,-1.4831203865214262,-1.3939388371830037,0.2571839974290194,-0.36365960185132357,0
1571235473250,0.28344509606426643,-1.3530575659157889,-0.2758619006050324,-2.3062367108857327,-0.36365960185132357,0
1571235473500,-0.36956588109698063,-1.6131832071270635,-0.3806816134092172,0.34192937173141735,-0.36365960185132357,0
1571235473750,-0.6307702719614795,-1.4831203865214262,-0.5553811347495252,-0.10700121389445959,-0.36567149030253865,0
1571235474000,-0.28249775080881434,-1.5481517968242449,-0.9746599859662645,1.4817631137208567,-0.36365960185132357,0
1571235474250,-0.021293359944315533,-1.6456989122784729,-0.7999604646259565,1.1556372022337842,-0.36567149030253865,0
1571235474500,0.15284290063201703,-1.4831203865214262,-0.9047801774301413,1.0884836820779917,-0.3616492839609603,0
1571235474750,0.10930883548793388,-1.4831203865214262,-0.8349003688940181,-0.013206183853182731,-0.36567149030253865,0
1571235475000,-0.1083614902324818,-1.5156360916728355,-0.9047801774301413,-3.9360205061025093,-0.36567149030253865,0
1571235475250,-0.28249775080881434,-1.6131832071270635,-0.9047801774301413,-0.9358481881095301,-0.3616492839609603,0
1571235475500,-0.23896368566473122,-1.6131832071270635,-0.8698402731620797,-0.915465318641588,-0.36365960185132357,0
1571235475750,-0.28249775080881434,-1.5806675019756542,-0.9047801774301413,0.5820412655882118,-0.3616492839609603,0
1571235476000,-0.19542962052064808,-1.5481517968242449,-0.8698402731620797,-0.530389780519015,-0.36567149030253865,0
1571235476250,-0.28249775080881434,-1.5156360916728355,-0.9047801774301413,0.5478724719573048,-0.3616492839609603,0
1571235476500,-0.28249775080881434,-1.5806675019756542,-0.9746599859662645,-0.06445937429954322,-0.36567149030253865,0
1571235476750,-0.3260318159528975,-1.6456989122784729,-0.8698402731620797,0.16804065958996994,-0.36365960185132357,0
1571235477000,-0.15189555537656493,-1.5156360916728355,-0.9047801774301413,0.5553997557027275,-0.36365960185132357,0
1571235477250,0.10930883548793388,-1.4180889762186075,-1.1493595073065725,-0.5391011313704591,-0.3616492839609603,0
1571235477500,0.15284290063201703,-1.3530575659157889,-1.0794796987704494,0.726328300079121,-0.36365960185132357,0
1571235477750,0.022240705199767605,-1.5481517968242449,-1.2192393158426957,-0.0754542831411717,-0.36567149030253865,0
1571235478000,0.45758135664059896,-1.8082774380355195,-1.114419603038511,1.021414738144058,-0.36365960185132357,0
1571235478250,-0.5437021416733132,-1.9708559637925664,-1.1842994115746341,0.11019052383863236,-0.36567149030253865,0
1571235478500,0.2399110309201833,-0.897837693796058,-0.8698402731620797,-0.15258779747628848,-0.36567149030253865,0
1571235478750,-0.021293359944315533,-1.4180889762186075,-0.5903210390175868,-0.151657459035843,-0.36567149030253865,0
1571235479000,-0.804906532537812,-1.2555104504615608,-0.9047801774301413,0.5520167068283802,-0.36567149030253865,0
1571235479250,0.3705132263524327,-1.4180889762186075,-1.463818645719127,1.6454181030174038,-0.36365960185132357,0
1571235479500,-0.021293359944315533,-1.4180889762186075,-0.9047801774301413,-0.095498847721679,-0.36365960185132357,0
1571235479750,-0.7613724673937289,-1.7432460277327009,-1.2192393158426957,-1.5077526003179287,-0.3616492839609603,0
1571235480000,-0.28249775080881434,-0.8328062834932394,-0.45056142194534043,-0.5294594420785695,-0.36567149030253865,0
1571235480250,-0.4130999462410638,-1.5156360916728355,-0.8349003688940181,0.1337027135153456,-0.3616492839609603,0
1571235480500,-0.7178384022496457,-1.8407931431869289,-1.1493595073065725,0.15298609209912478,-0.36365960185132357,0
1571235480750,-0.28249775080881434,-1.4506046813700169,-1.2192393158426957,-0.04602175793435083,-0.36365960185132357,0
1571235481000,-0.15189555537656493,-1.5806675019756542,-1.0794796987704494,0.3716156256038143,-0.36365960185132357,0
1571235481250,0.10930883548793388,-1.8407931431869289,-0.8698402731620797,-0.6870249434012916,-0.3616492839609603,0
1571235481500,-0.6743043371055626,-1.6131832071270635,-1.2192393158426957,-0.9842257870126955,-0.36365960185132357,0
1571235481750,-1.109644988546394,-1.4831203865214262,-0.5903210390175868,-0.465773547018983,-0.36365960185132357,0
1571235482000,-1.3273153142668097,-1.2880261556129702,-0.66020084755371,1.1796568492416495,-0.35360330071695173,0
1571235482250,0.45758135664059896,-1.0279005144016955,-1.1493595073065725,0.29710397414631656,-0.36365960185132357,0
1571235482500,-0.021293359944315533,-1.4831203865214262,-1.53369845425525,1.7352380506313227,-0.36365960185132357,0
1571235482750,0.28344509606426643,-2.1009187843982033,-0.9397200816982029,-0.5903543218168196,-0.36567149030253865,0
1571235483000,-1.2837812491227265,-1.6456989122784729,-1.6035782627913733,-0.9842257870126955,-0.3616492839609603,0
1571235483250,-0.23896368566473122,-0.18249218046505244,0.14341695061170687,-0.8473814600453501,-0.36768337875375384,0
1571235483500,3.0260912001415043,-0.5726806422819646,0.8072751317048774,1.020061518594319,-0.3717055850953322,0
1571235483750,0.5446494869287652,2.1586385904364205,-2.791535007905468,1.9688375754049987,-0.3757293619977624,0
1571235484000,-0.021293359944315533,2.19115429558783,0.3530563762200765,3.0246871290887682,-0.3696952672049689,0
1571235484250,-0.50016807652923,2.19115429558783,-0.66020084755371,-0.38787884668713807,-0.3696952672049689,0
1571235484500,0.3705132263524327,1.8985129492251454,-0.48550132621340203,0.8552224621917505,-0.34957952381452145,0
1571235484750,0.5011154217846822,2.0285757698307827,-0.3806816134092172,-0.7534172775603558,-0.3113630666065453,0
1571235485000,-0.06482742508839867,1.378261666802596,0.1783568548797685,0.23942299083869642,-0.34957952381452145,0
1571235485250,-0.7613724673937289,0.4027905122603157,-0.8698402731620797,0.40519238568171045,-0.3596373955097452,0
1571235485500,4.245045024175832,-0.18249218046505244,0.07353714207558366,0.03466395771883052,-0.36365960185132357,0
1571235485750,0.8493879429373472,0.5978847431687717,-0.13610228353278597,-0.3354415891347561,-0.36768337875375384,0
1571235486000,-1.2837812491227265,0.07763346074622228,-1.114419603038511,-1.1035628360552938,-0.36768337875375384,0
1571235486250,1.1976604640900124,-0.11746077016223377,-0.3806816134092172,-3.4109713208038195,-0.35360330071695173,0
1571235486500,-0.3260318159528975,-1.3855732710671982,-0.7300806560898333,-3.7892807611776984,-0.36768337875375384,0
1571235486750,-0.3260318159528975,-0.9628691040988767,-2.1276768268122974,-0.7145122155053628,-0.3717055850953322,0
1571235487000,0.6752516823610146,-0.6051963474333739,-2.1626167310803592,-0.28528788957255846,-0.3576255070585301,0
1571235487250,0.10930883548793388,-0.2150078856164618,-0.5903210390175868,2.4896579496107543,-0.36567149030253865,0
1571235487500,0.9799901383695966,-0.5726806422819646,-1.3589989329149421,-0.6093839717350227,-0.3737174735465473,0
1571235487750,1.5023989200985943,-0.6051963474333739,-1.2541792201107573,0.05699208028952222,-0.3696952672049689,0
1571235488000,1.371796724666345,-0.897837693796058,-0.8698402731620797,0.4339483011136619,-0.3696952672049689,0
1571235488250,0.45758135664059896,-0.6702277577361927,-0.06622247499666276,-0.881296525010681,-0.3717055850953322,0
1571235488500,-0.36956588109698063,-1.9708559637925664,0.24823666341589168,-0.04492226705018798,-0.3696952672049689,0
1571235488750,1.3282626595222617,-0.41010211652491785,-1.114419603038511,1.7162929769349782,-0.36567149030253865,0
1571235489000,0.8493879429373472,-0.6377120525847833,-1.9180374012039278,2.860862987348504,-0.3737174735465473,0
1571235489250,-0.7178384022496457,-0.897837693796058,-2.2324965396164824,-1.0178871233124505,-0.37975156833934076,0
1571235489500,-0.7178384022496457,-1.1904790401587422,-1.1493595073065725,1.5462101947771716,-0.3696952672049689,0
1571235489750,-0.28249775080881434,-0.80029057834183,-1.9529773054719894,-0.47727591319176355,-0.3556151891681668,0
1571235490000,-1.1531790536904771,-1.2880261556129702,-2.3023763481526056,0.7014628908526689,-0.35360330071695173,0
1571235490250,0.15284290063201703,-0.9303533989474674,-1.638518167059435,0.7971185977748367,-0.3616492839609603,0
1571235490500,-0.15189555537656493,-1.6782146174298822,-0.8349003688940181,1.7467404168041032,-0.36567149030253865,0
1571235490750,-0.8484405976818952,-2.0684030792467945,-0.7300806560898333,-0.042131251728851515,-0.3737174735465473,0
1571235491000,0.6317176172169315,-1.8733088483383382,-1.1842994115746341,-2.5433884369774735,-0.36768337875375384,0
1571235491250,-2.415666942868888,0.27272769165467836,-0.7650205603578949,-0.9407536089773336,-0.3717055850953322,0
1571235491500,0.7187857475050978,-0.702743462887602,-1.4288787414510653,-1.2690785022327318,-0.36768337875375384,0
1571235491750,0.5881835520728484,-1.0604162195531048,-1.53369845425525,0.3633271558616636,-0.36768337875375384,0
1571235492000,-0.3260318159528975,-0.5401649371305552,-1.9529773054719894,-2.7984703221032543,-0.3616492839609603,0
1571235492250,-0.021293359944315533,-1.1904790401587422,-2.267436443884544,-0.4487737264253882,-0.3596373955097452,0
1571235492500,-0.4566340113851469,-1.3530575659157889,-1.6035782627913733,2.9646380115691047,-0.3576255070585301,0
1571235492750,0.8929220080814304,-0.80029057834183,-1.3589989329149421,3.185212798176544,-0.35360330071695173,0
1571235493000,0.9364560732255135,-0.5401649371305552,-1.3240590286468805,-0.5449368906787081,-0.3556151891681668,0
1571235493250,1.067058268657763,-0.7352591680390114,-1.3240590286468805,-0.21483589676427745,-0.34957952381452145,0
1571235493500,0.8493879429373472,-0.897837693796058,-1.1842994115746341,-3.250614804159761,-0.3556151891681668,0
1571235493750,0.8058538777932641,-0.8653219886446487,-1.3240590286468805,1.164940586638239,-0.3556151891681668,0
1571235494000,0.7623198126491809,-1.0279005144016955,-1.2192393158426957,-0.21179115277736493,-0.3576255070585301,0
1571235494250,0.8058538777932641,-0.9628691040988767,-1.289119124378819,-0.7437755882684662,-0.3576255070585301,0
1571235494500,0.7623198126491809,-1.0279005144016955,-1.3240590286468805,-1.9500016644169698,-0.3556151891681668,0
1571235494750,0.8493879429373472,-0.9303533989474674,-1.3240590286468805,-1.6707309798396064,-0.3576255070585301,0
1571235495000,0.8929220080814304,-0.9303533989474674,-1.3240590286468805,0.6192548032060313,-0.3576255070585301,0
1571235495250,0.7623198126491809,-0.9628691040988767,-1.3589989329149421,0.527151297601928,-0.3556151891681668,0
1571235495500,0.8493879429373472,-0.8328062834932394,-1.3589989329149421,-0.2597458705712369,-0.3556151891681668,0
1571235495750,0.6317176172169315,-0.9628691040988767,-1.2541792201107573,1.0586282757618775,-0.3556151891681668,0
1571235496000,0.8493879429373472,-0.8653219886446487,-1.2192393158426957,-1.7802571871465978,-0.35360330071695173,0
1571235496250,0.8929220080814304,-0.9303533989474674,-1.2541792201107573,1.3176852433150164,-0.35360330071695173,0
1571235496500,0.7623198126491809,-0.9628691040988767,-1.289119124378819,1.0576133610995733,-0.3556151891681668,0
1571235496750,0.7187857475050978,-0.9628691040988767,-1.289119124378819,0.2395921432824138,-0.3576255070585301,0
1571235497000,0.8058538777932641,-0.9628691040988767,-1.3240590286468805,1.9542058890234468,-0.3576255070585301,0
1571235497250,0.8058538777932641,-0.9628691040988767,-1.289119124378819,-1.734163146233617,-0.3556151891681668,0
1571235497500,0.8058538777932641,-0.9628691040988767,-1.289119124378819,1.3139638895532344,-0.3556151891681668,0
1571235497750,0.8493879429373472,-0.897837693796058,-1.2541792201107573,0.5868621102341567,-0.3556151891681668,0
1571235498000,0.8493879429373472,-0.9303533989474674,-1.2541792201107573,-0.6306126034215516,-0.3576255070585301,0
1571235498250,0.8058538777932641,-0.9303533989474674,-1.289119124378819,0.6525778346183515,-0.35360330071695173,0
1571235498500,0.8493879429373472,-0.897837693796058,-1.2192393158426957,-0.42492323186124026,-0.3576255070585301,0
1571235498750,0.9364560732255135,-0.8328062834932394,-1.1842994115746341,-0.5593148483946837,-0.3556151891681668,0
1571235499000,1.0235242035136798,-0.80029057834183,-1.114419603038511,0.08718579149307122,-0.3576255070585301,0
1571235499250,0.9799901383695966,-0.7677748731904207,-1.0095998902343262,-0.587055849164331,-0.3576255070585301,0
1571235499500,1.067058268657763,-0.7677748731904207,-1.1493595073065725,1.4523305885140358,-0.3556151891681668,0
1571235499750,1.0235242035136798,-0.7352591680390114,-1.0794796987704494,0.6154488732223907,-0.3556151891681668,0
1571235500000,0.9364560732255135,-0.80029057834183,-1.1842994115746341,0.8379689129325795,-0.35360330071695173,0
1571235500250,0.8929220080814304,-0.7677748731904207,-1.114419603038511,-2.2483865751343957,-0.3556151891681668,0
1571235500500,0.9364560732255135,-0.7677748731904207,-1.2541792201107573,-1.124453162854388,-0.3556151891681668,0
1571235500750,0.8929220080814304,-0.80029057834183,-1.3240590286468805,-1.6582982752263804,-0.3576255070585301,0
1571235501000,0.8929220080814304,-0.80029057834183,-1.3589989329149421,0.5658872072132038,-0.3556151891681668,0
1571235501250,0.8929220080814304,-0.80029057834183,-1.3589989329149421,0.0640964829256514,-0.3596373955097452,0
1571235501500,0.8493879429373472,-0.897837693796058,-1.4987585499871885,1.3602270829099325,-0.3596373955097452,0
1571235501750,0.8493879429373472,-0.8328062834932394,-1.4288787414510653,0.23764689017966412,-0.3596373955097452,0
1571235502000,0.8493879429373472,-0.7677748731904207,-1.3240590286468805,2.1342686653605782,-0.3576255070585301,0
1571235502250,1.110592333801846,-0.6702277577361927,-1.2192393158426957,0.09065341658927714,-0.3556151891681668,0
1571235502500,1.067058268657763,-0.6377120525847833,-1.2192393158426957,1.6309555690795694,-0.3576255070585301,0
1571235502750,1.1541263989459292,-0.702743462887602,-1.2541792201107573,0.26631822938975686,-0.3556151891681668,0
1571235503000,1.067058268657763,-0.6702277577361927,-1.2541792201107573,1.8155008851752108,-0.3576255070585301,0
1571235503250,1.067058268657763,-0.6377120525847833,-1.2541792201107573,0.6484335997472762,-0.3556151891681668,0
1571235503500,1.067058268657763,-0.6377120525847833,-1.2541792201107573,0.5977724428539264,-0.3596373955097452,0
1571235503750,1.067058268657763,-0.6377120525847833,-1.2541792201107573,-0.534618591611949,-0.3576255070585301,0
1571235504000,1.067058268657763,-0.6377120525847833,-1.289119124378819,-0.04043972729167791,-0.3596373955097452,0
1571235504250,1.110592333801846,-0.6702277577361927,-1.289119124378819,-0.5002806455373247,-0.3556151891681668,0
1571235504500,1.110592333801846,-0.6051963474333739,-1.2541792201107573,-0.9520022464845381,-0.3556151891681668,0
1571235504750,1.1541263989459292,-0.6051963474333739,-1.2192393158426957,0.04126090302380761,-0.3576255070585301,0
1571235505000,0.9364560732255135,-0.4751335268277365,-1.114419603038511,-0.49013149891428304,-0.3556151891681668,0
1571235505250,1.2847285943781785,-0.4751335268277365,-0.9746599859662645,0.31198938919344443,-0.3556151891681668,0
1571235505500,1.067058268657763,-0.41010211652491785,-0.3457417091411556,-0.6610600432906766,-0.3556151891681668,0
1571235505750,1.110592333801846,0.045117755594812944,-0.2059820920689092,-0.22490046716546044,-0.3596373955097452,0
1571235506000,0.7623198126491809,0.14266487104904096,0.49281599329232295,-0.9215548066154131,-0.3616492839609603,0
1571235506250,0.3705132263524327,0.27272769165467836,0.14341695061170687,0.743581849338292,-0.36365960185132357,0
1571235506500,2.3730802229802572,0.20769628135185966,-0.310801804873094,0.3263673469094201,-0.36768337875375384,0
1571235506750,1.1541263989459292,0.240211986503269,0.3879962804881381,0.7228606749829152,-0.35159141226573665,0
1571235507000,0.6752516823610146,0.11014916589763163,0.24823666341589168,0.9649178219424592,-0.3475692059241582,0
1571235507250,0.9799901383695966,-0.01991365470800574,0.1783568548797685,1.6635174144951617,-0.3415351111313647,0
1571235507500,1.0235242035136798,-0.01991365470800574,0.10847704634364527,0.019101932896833287,-0.34354542902172797,0
1571235507750,0.9364560732255135,-0.05242935985941508,0.10847704634364527,1.0466184522579447,-0.34354542902172797,0
1571235508000,1.067058268657763,-0.1499764753136431,-0.06622247499666276,-0.16053796233100442,-0.34354542902172797,0
1571235508250,1.110592333801846,-0.11746077016223377,-0.10116237926472436,-0.019211095605149057,-0.3455573174729431,0
1571235508500,1.110592333801846,-0.11746077016223377,-0.031282570728601154,-1.9527926797383064,-0.34354542902172797,0
1571235508750,1.110592333801846,-0.05242935985941508,-0.031282570728601154,-0.6268066734379109,-0.34354542902172797,0
1571235509000,1.067058268657763,-0.05242935985941508,-0.06622247499666276,-1.978080970074052,-0.3415351111313647,0
1571235509250,1.0235242035136798,0.0126020504434036,-0.06622247499666276,0.7759745423101666,-0.3415351111313647,0
1571235509500,1.110592333801846,-0.05242935985941508,-0.06622247499666276,-0.5498423115465115,-0.34354542902172797,0
1571235509750,1.110592333801846,-0.01991365470800574,-0.06622247499666276,1.4404053412319617,-0.3455573174729431,0
1571235510000,1.415330789810428,-0.24752359076787114,0.003657333539460452,-0.6468512380184183,-0.34354542902172797,0
1571235510250,0.8058538777932641,-0.41010211652491785,-0.13610228353278597,0.7275123671851426,-0.3455573174729431,0
1571235510500,0.6317176172169315,-0.6051963474333739,0.1783568548797685,-0.6957362942527356,-0.3556151891681668,0
1571235510750,0.8929220080814304,-0.995384809250286,0.07353714207558366,0.8849087160641472,-0.3616492839609603,0
1571235511000,-0.3260318159528975,-0.8653219886446487,0.038597237807522056,0.034325652831395805,-0.3475692059241582,0
1571235511250,-0.50016807652923,-1.3530575659157889,0.038597237807522056,0.9666939226014915,-0.36365960185132357,0
1571235511500,-0.5872362068173963,-1.2880261556129702,0.1783568548797685,-2.110696485948463,-0.36567149030253865,0
1571235511750,-0.4566340113851469,-1.2229947453101515,0.24823666341589168,0.05716123273323958,-0.36365960185132357,0
1571235512000,-0.4130999462410638,-1.2229947453101515,0.24823666341589168,0.5806034698166141,-0.36567149030253865,0
1571235512250,-0.4130999462410638,-1.1579633350073328,0.2831765676839533,1.1650251628600976,-0.36365960185132357,0
1571235512500,-0.4130999462410638,-1.1904790401587422,0.2831765676839533,0.14207575947935497,-0.36567149030253865,0
1571235512750,-0.4566340113851469,-1.1904790401587422,0.2831765676839533,0.9182317474764674,-0.36365960185132357,0
1571235513000,-0.4130999462410638,-1.1904790401587422,0.2831765676839533,-0.9315348007947374,-0.36365960185132357,0
1571235513250,-0.36956588109698063,-1.1579633350073328,0.2831765676839533,0.858520934844239,-0.36365960185132357,0
1571235513500,-0.50016807652923,-1.1254476298559235,0.3181164719520149,-0.7529098202292037,-0.3616492839609603,0
1571235513750,-0.4566340113851469,-1.1579633350073328,0.3530563762200765,0.7791884387407965,-0.36567149030253865,0
1571235514000,-0.4130999462410638,-1.1579633350073328,0.3181164719520149,-0.7353179660825981,-0.3616492839609603,0
1571235514250,-0.4566340113851469,-1.1579633350073328,0.3530563762200765,0.7682781061210266,-0.36567149030253865,0
1571235514500,-0.4566340113851469,-1.1254476298559235,0.3879962804881381,-0.36242140390767524,-0.3596373955097452,0
1571235514750,-0.4566340113851469,-1.0929319247045142,0.3879962804881381,0.8876997313854837,-0.3616492839609603,0
1571235515000,-0.36956588109698063,-1.0604162195531048,0.4229361847561997,-0.5998268586649917,-0.3616492839609603,0
1571235515250,-0.3260318159528975,-1.0279005144016955,0.4229361847561997,0.19688115124378003,-0.3596373955097452,0
1571235515500,-0.36956588109698063,-1.0279005144016955,0.4578760890242613,-0.07012598116407481,-0.36365960185132357,0
1571235515750,-0.4130999462410638,-0.9628691040988767,0.49281599329232295,-0.689562230057052,-0.3616492839609603,0
1571235516000,-0.36956588109698063,-0.9628691040988767,0.4578760890242613,0.2451741739250867,-0.36365960185132357,0
1571235516250,-0.36956588109698063,-0.995384809250286,0.49281599329232295,-0.6746768150099242,-0.3596373955097452,0
1571235516500,-0.3260318159528975,-0.995384809250286,0.4578760890242613,0.9662710414921981,-0.3616492839609603,0
1571235516750,-0.3260318159528975,-1.0279005144016955,0.4578760890242613,-0.05701666677597932,-0.3596373955097452,0
1571235517000,-0.3260318159528975,-1.0279005144016955,0.4229361847561997,1.08281707521346,-0.3616492839609603,0
1571235517250,-0.36956588109698063,-1.0929319247045142,0.3879962804881381,-0.11055341521252418,-0.3616492839609603,0
1571235517500,-0.4130999462410638,-1.0929319247045142,0.4229361847561997,-0.7976506415924459,-0.3616492839609603,0
1571235517750,-0.36956588109698063,-1.0604162195531048,0.3879962804881381,0.06917105623717223,-0.3616492839609603,0
1571235518000,-0.4130999462410638,-1.0929319247045142,0.4229361847561997,-0.4730471020988295,-0.3596373955097452,0
1571235518250,-0.4130999462410638,-1.0604162195531048,0.3879962804881381,0.76421844747181,-0.3616492839609603,0
1571235518500,-0.3260318159528975,-1.0604162195531048,0.4229361847561997,-0.3597995410300561,-0.3596373955097452,0
1571235518750,-0.36956588109698063,-1.0604162195531048,0.4229361847561997,0.5981107477413612,-0.3596373955097452,0
1571235519000,-0.28249775080881434,-1.0604162195531048,0.3879962804881381,-0.554747732414315,-0.3596373955097452,0
1571235519250,-0.28249775080881434,-1.0279005144016955,0.3879962804881381,0.23358723153044744,-0.3596373955097452,0
1571235519500,-0.3260318159528975,-1.0279005144016955,0.4229361847561997,-0.21009962834019133,-0.3576255070585301,0
1571235519750,-0.28249775080881434,-1.0279005144016955,0.4229361847561997,-0.19766692372696526,-0.3596373955097452,0
1571235520000,-0.28249775080881434,-0.995384809250286,0.4578760890242613,-0.19123913086570554,-0.3596373955097452,0
1571235520250,-0.3260318159528975,-1.0279005144016955,0.4229361847561997,-0.8594758597711415,-0.3576255070585301,0
1571235520500,-0.3260318159528975,-1.0279005144016955,0.4229361847561997,0.22250774646696028,-0.3596373955097452,0
1571235520750,-0.36956588109698063,-1.0279005144016955,0.4229361847561997,-0.16848812718572043,-0.3596373955097452,0
1571235521000,-0.3260318159528975,-0.995384809250286,0.4229361847561997,1.201984971812341,-0.3596373955097452,0
1571235521250,-0.3260318159528975,-1.0279005144016955,0.4229361847561997,0.178612687322305,-0.3596373955097452,0
1571235521500,-0.3260318159528975,-1.0279005144016955,0.4229361847561997,-1.0040166229276268,-0.3616492839609603,0
1571235521750,-0.3260318159528975,-0.9628691040988767,0.49281599329232295,0.6908062868984751,-0.3596373955097452,0
1571235522000,-0.3260318159528975,-0.995384809250286,0.4578760890242613,0.08532511461218024,-0.3576255070585301,0
1571235522250,-0.3260318159528975,-0.995384809250286,0.4229361847561997,-0.6827115560864988,-0.3596373955097452,0
1571235522500,-0.3260318159528975,-1.0279005144016955,0.4229361847561997,-0.12027968072627246,-0.3576255070585301,0
1571235522750,-0.3260318159528975,-0.995384809250286,0.4578760890242613,-0.0903396981882995,-0.3616492839609603,0
1571235523000,-0.28249775080881434,-0.9628691040988767,0.49281599329232295,0.8784809232028876,-0.3576255070585301,0
1571235523250,-0.28249775080881434,-0.9628691040988767,0.49281599329232295,-0.17643829204043643,-0.3576255070585301,0
1571235523500,-0.28249775080881434,-0.9628691040988767,0.49281599329232295,-0.6503188631146242,-0.3596373955097452,0
1571235523750,-0.3260318159528975,-0.9628691040988767,0.4578760890242613,0.014957698025757929,-0.3616492839609603,0
1571235524000,-0.28249775080881434,-0.995384809250286,0.4578760890242613,-0.08035970400897517,-0.3596373955097452,0
1571235524250,-0.28249775080881434,-0.995384809250286,0.4578760890242613,1.167054992184706,-0.3596373955097452,0
1571235524500,-0.28249775080881434,-1.0279005144016955,0.4229361847561997,-0.13169747067719434,-0.3616492839609603,0
1571235524750,-0.3260318159528975,-1.0279005144016955,0.4229361847561997,-0.7098605233031354,-0.3596373955097452,0
1571235525000,-0.36956588109698063,-1.0279005144016955,0.4229361847561997,-0.3710481785372607,-0.3576255070585301,0
1571235525250,-0.36956588109698063,-1.0604162195531048,0.4229361847561997,-0.7470740609209549,-0.3576255070585301,0
1571235525500,-0.23896368566473122,-0.995384809250286,0.4229361847561997,0.2224231702451016,-0.3596373955097452,0
1571235525750,-0.3260318159528975,-1.0279005144016955,0.3879962804881381,-0.3055861828186418,-0.3596373955097452,0
1571235526000,-0.4130999462410638,-1.0929319247045142,0.3879962804881381,0.6547768163866772,-0.3596373955097452,0
1571235526250,-0.4130999462410638,-1.0604162195531048,0.3879962804881381,-0.5503497688776636,-0.3576255070585301,0
1571235526500,-0.36956588109698063,-1.0604162195531048,0.4229361847561997,0.5496485726163371,-0.3596373955097452,0
1571235526750,-0.36956588109698063,-1.0604162195531048,0.4229361847561997,-0.3484663273009929,-0.3596373955097452,0
1571235527000,-0.3260318159528975,-1.0604162195531048,0.3879962804881381,1.0781653830112325,-0.3596373955097452,0
1571235527250,-0.4130999462410638,-1.0279005144016955,0.4578760890242613,-0.1297522175744447,-0.3556151891681668,0
1571235527500,-0.4130999462410638,-1.0604162195531048,0.4229361847561997,1.3116803315630499,-0.3576255070585301,0
1571235527750,-0.36956588109698063,-1.0279005144016955,0.4229361847561997,0.004554822737140209,-0.3596373955097452,0
1571235528000,-0.36956588109698063,-1.0604162195531048,0.4229361847561997,1.1388065340839066,-0.3576255070585301,0
1571235528250,-0.3260318159528975,-1.0604162195531048,0.4229361847561997,0.0566537754020875,-0.3596373955097452,0
1571235528500,-0.3260318159528975,-1.0279005144016955,0.4229361847561997,-0.730581697658512,-0.3576255070585301,0
1571235528750,-0.36956588109698063,-1.0279005144016955,0.4229361847561997,-0.034011934430418174,-0.3596373955097452,0
1571235529000,-0.36956588109698063,-1.0279005144016955,0.4229361847561997,-0.2194875889665049,-0.3596373955097452,0
1571235529250,-0.36956588109698063,-1.0279005144016955,0.4229361847561997,1.1258663721395283,-0.3576255070585301,0
1571235529500,-0.36956588109698063,-1.0279005144016955,0.4229361847561997,0.053270726527740266,-0.3596373955097452,0
1571235529750,-0.36956588109698063,-1.0279005144016955,0.4229361847561997,-0.5368175733802747,-0.3576255070585301,0
1571235530000,-0.36956588109698063,-1.0279005144016955,0.4229361847561997,0.801262832645912,-0.3596373955097452,0
1571235530250,-0.36956588109698063,-1.0279005144016955,0.4578760890242613,0.17226947068290396,-0.3556151891681668,0
1571235530500,-0.36956588109698063,-1.0279005144016955,0.4578760890242613,-0.8214165599347352,-0.3596373955097452,0
1571235530750,-0.36956588109698063,-1.0279005144016955,0.4578760890242613,0.3876851077569636,-0.3576255070585301,0
1571235531000,-0.36956588109698063,-1.0279005144016955,0.4578760890242613,0.035255991271841286,-0.3616492839609603,0
1571235531250,-0.36956588109698063,-1.0279005144016955,0.4578760890242613,-0.5056089475144215,-0.3596373955097452,0
1571235531500,-0.36956588109698063,-0.995384809250286,0.4578760890242613,-0.20079624393573645,-0.3616492839609603,0
1571235531750,-0.4130999462410638,-0.995384809250286,0.49281599329232295,-0.3729934316400103,-0.3576255070585301,0
1571235532000,-0.28249775080881434,-0.995384809250286,0.4578760890242613,0.5702851707498552,-0.3576255070585301,0
1571235532250,-0.3260318159528975,-0.995384809250286,0.4578760890242613,-0.16476677342393847,-0.3596373955097452,0
1571235532500,-0.3260318159528975,-1.0279005144016955,0.4578760890242613,-0.937708864990421,-0.3576255070585301,0
1571235532750,-0.28249775080881434,-0.9628691040988767,0.4578760890242613,0.08566341949961498,-0.3596373955097452,0
1571235533000,-0.28249775080881434,-0.995384809250286,0.4578760890242613,-0.14091627885979052,-0.3576255070585301,0
1571235533250,-0.28249775080881434,-0.9628691040988767,0.4578760890242613,1.0158327075013849,-0.3596373955097452,0
1571235533500,-0.3260318159528975,-0.9628691040988767,0.49281599329232295,0.060121400498293405,-0.3596373955097452,0
1571235533750,-0.28249775080881434,-0.995384809250286,0.4578760890242613,-0.17973676469292493,-0.3596373955097452,0
1571235534000,-0.28249775080881434,-0.995384809250286,0.4578760890242613,-0.5471358724470337,-0.3596373955097452,0
1571235534250,-0.3260318159528975,-0.995384809250286,0.4578760890242613,-0.13110543712418357,-0.3576255070585301,0
1571235534500,-0.28249775080881434,-0.9628691040988767,0.49281599329232295,0.32924293845261526,-0.3596373955097452,0
1571235534750,-0.3260318159528975,-0.9628691040988767,0.49281599329232295,0.020286000002854812,-0.3576255070585301,0
1571235535000,-0.3260318159528975,-0.9628691040988767,0.49281599329232295,0.5904988877740799,-0.3596373955097452,0
1571235535250,-0.36956588109698063,-0.995384809250286,0.49281599329232295,-0.0522803983518932,-0.3596373955097452,0
1571235535500,-0.3260318159528975,-0.7677748731904207,0.5626958018284461,0.6798959542787054,-0.3576255070585301,0
1571235535750,-0.3260318159528975,-0.897837693796058,0.5277558975603845,-0.056678361888544596,-0.3576255070585301,0
1571235536000,-0.28249775080881434,-0.897837693796058,0.5277558975603845,-0.014559403402921622,-0.3576255070585301,0
1571235536250,-0.28249775080881434,-0.897837693796058,0.5277558975603845,-0.018957366939573013,-0.3576255070585301,0
1571235536500,-0.3260318159528975,-0.897837693796058,0.5277558975603845,-0.4781216754103504,-0.3576255070585301,0
1571235536750,-0.3260318159528975,-0.9303533989474674,0.5277558975603845,1.0188774514882974,-0.3596373955097452,0
1571235537000,-0.3260318159528975,-0.9628691040988767,0.49281599329232295,1.1483636471539376,-0.3596373955097452,0
1571235537250,-0.36956588109698063,-0.995384809250286,0.49281599329232295,-0.008469915429096616,-0.3576255070585301,0
1571235537500,-0.4130999462410638,-1.0279005144016955,0.4578760890242613,-0.2074777654625722,-0.3576255070585301,0
1571235537750,-0.4130999462410638,-1.0604162195531048,0.4229361847561997,-0.6334881949647467,-0.3576255070585301,0
1571235538000,-0.4130999462410638,-1.0279005144016955,0.4578760890242613,-0.5135591123691375,-0.3596373955097452,0
1571235538250,-0.4130999462410638,-0.9628691040988767,0.5277558975603845,0.04472852812001352,-0.3576255070585301,0
1571235538500,-0.3260318159528975,-0.995384809250286,0.49281599329232295,-0.4924150569044674,-0.3576255070585301,0
1571235538750,-0.36956588109698063,-0.9628691040988767,0.49281599329232295,-0.119603070951403,-0.3576255070585301,0
1571235539000,-0.3260318159528975,-0.9628691040988767,0.49281599329232295,-0.639746835382289,-0.3596373955097452,0
1571235539250,-0.3260318159528975,-0.9628691040988767,0.49281599329232295,0.08321070906571323,-0.3596373955097452,0
1571235539500,-0.36956588109698063,-0.995384809250286,0.49281599329232295,-0.28774060000646023,-0.3576255070585301,0
1571235539750,-0.3260318159528975,-0.9628691040988767,0.49281599329232295,0.426251864924522,-0.3596373955097452,0
1571235540000,-0.3260318159528975,-0.9628691040988767,0.49281599329232295,0.07424562954869307,-0.3576255070585301,0
1571235540250,-0.3260318159528975,-0.9628691040988767,0.49281599329232295,-0.13381187622366136,-0.3596373955097452,0
1571235540500,-0.36956588109698063,-0.9628691040988767,0.49281599329232295,0.051240897203131935,-0.3576255070585301,0
1571235540750,-0.36956588109698063,-0.9628691040988767,0.49281599329232295,-0.31658109166027026,-0.3616492839609603,0
1571235541000,-0.36956588109698063,-0.9628691040988767,0.49281599329232295,-0.07799156979693213,-0.3596373955097452,0
1571235541250,-0.36956588109698063,-0.995384809250286,0.49281599329232295,-0.6911691782723669,-0.3576255070585301,0
1571235541500,-0.3260318159528975,-0.995384809250286,0.49281599329232295,0.08811612993351671,-0.3596373955097452,0
1571235541750,-0.3260318159528975,-0.9628691040988767,0.49281599329232295,-0.7514720244576063,-0.3576255070585301,0
1571235542000,-0.3260318159528975,-0.9628691040988767,0.49281599329232295,-0.029106513562614695,-0.3596373955097452,0
1571235542250,-0.28249775080881434,-0.9628691040988767,0.49281599329232295,-0.5355489300523946,-0.3556151891681668,0
1571235542500,-0.3260318159528975,-0.9628691040988767,0.49281599329232295,0.2548158632169763,-0.3596373955097452,0
1571235542750,-0.28249775080881434,-0.9628691040988767,0.49281599329232295,-0.08433478643633317,-0.3576255070585301,0
1571235543000,-0.3260318159528975,-1.0929319247045142,0.4578760890242613,0.40595357167843865,-0.3596373955097452,0
1571235543250,-0.3260318159528975,-0.995384809250286,0.4229361847561997,-0.40513239594630895,-0.3576255070585301,0
1571235543500,-0.3260318159528975,-1.0279005144016955,0.4229361847561997,0.36857088161690177,-0.3616492839609603,0
1571235543750,-0.3260318159528975,-1.0604162195531048,0.4229361847561997,-0.5626133210471722,-0.3576255070585301,0
1571235544000,-0.36956588109698063,-1.0279005144016955,0.4578760890242613,0.17404557134193627,-0.3596373955097452,0
1571235544250,-0.36956588109698063,-0.995384809250286,0.4578760890242613,-0.1927615028591618,-0.3576255070585301,0
1571235544500,-0.36956588109698063,-0.995384809250286,0.4578760890242613,0.3486108932582531,-0.3576255070585301,0
1571235544750,-0.4130999462410638,-1.0279005144016955,0.4578760890242613,0.16127456184127548,-0.3596373955097452,0
1571235545000,-0.36956588109698063,-1.0279005144016955,0.4578760890242613,0.7961036831125325,-0.3576255070585301,0
1571235545250,-0.36956588109698063,-0.995384809250286,0.49281599329232295,-0.14734407172105027,-0.3556151891681668,0
1571235545500,-0.4130999462410638,-1.0279005144016955,0.4578760890242613,0.46566438431066715,-0.3576255070585301,0
1571235545750,-0.36956588109698063,-0.995384809250286,0.49281599329232295,-0.010246016088128909,-0.3576255070585301,0
1571235546000,-0.3260318159528975,-1.0279005144016955,0.4578760890242613,-0.7387010149569455,-0.3556151891681668,0
1571235546250,-0.36956588109698063,-1.0279005144016955,0.4578760890242613,0.06764868424371598,-0.3576255070585301,0
1571235546500,-0.4130999462410638,-0.9628691040988767,0.49281599329232295,-0.22676114404635142,-0.3556151891681668,0
1571235546750,-0.36956588109698063,-0.9628691040988767,0.49281599329232295,0.754153877070627,-0.3556151891681668,0
1571235547000,-0.36956588109698063,-0.9628691040988767,0.49281599329232295,0.19984131900883387,-0.3576255070585301,0
1571235547250,-0.36956588109698063,-0.9628691040988767,0.49281599329232295,-0.29323805442727446,-0.3556151891681668,0
1571235547500,-0.36956588109698063,-0.9628691040988767,0.49281599329232295,0.7840938596085999,-0.3596373955097452,0
1571235547750,-0.3260318159528975,-0.9628691040988767,0.49281599329232295,0.36341173208352223,-0.3576255070585301,0
1571235548000,-0.36956588109698063,-0.9628691040988767,0.49281599329232295,-0.6504034393364828,-0.3576255070585301,0
1571235548250,-0.36956588109698063,-0.995384809250286,0.49281599329232295,0.2626814518498336,-0.35360330071695173,0
1571235548500,-0.36956588109698063,-0.995384809250286,0.4578760890242613,-0.1787218500306208,-0.3576255070585301,0
1571235548750,-0.28249775080881434,-0.9628691040988767,0.49281599329232295,-0.13812526353845406,-0.3556151891681668,0
1571235549000,-0.15189555537656493,-0.995384809250286,0.3181164719520149,-0.28613365179114525,-0.3576255070585301,0
1571235549250,-0.15189555537656493,-1.1579633350073328,0.3181164719520149,-0.5612601014974334,-0.35360330071695173,0
1571235549500,-0.23896368566473122,-1.2555104504615608,0.038597237807522056,0.1366628812803994,-0.3576255070585301,0
1571235549750,-0.28249775080881434,-1.3205418607643795,0.003657333539460452,-0.37857546228268324,-0.3576255070585301,0
1571235550000,1.8071373761071763,-0.41010211652491785,-0.6252609432856484,0.16025964717897132,-0.3616492839609603,0
1571235550250,0.9364560732255135,-0.3775864113735085,-0.5553811347495252,-0.3358644702440495,-0.3616492839609603,0
1571235550500,1.110592333801846,-1.0279005144016955,-1.0445397945023878,-0.28122823092334176,-0.3616492839609603,0
1571235550750,0.10930883548793388,-0.24752359076787114,-0.8698402731620797,0.8103970646066496,-0.3616492839609603,0
1571235551000,1.1976604640900124,-0.6377120525847833,-1.9529773054719894,0.13784694838642092,-0.36567149030253865,0
1571235551250,0.8058538777932641,-0.9628691040988767,-2.1626167310803592,0.5721458476307462,-0.36567149030253865,0
1571235551500,1.5894670503867605,-0.31255500107068984,-0.66020084755371,1.7816703964317384,-0.3696952672049689,0
1571235551750,0.7623198126491809,-0.11746077016223377,0.5277558975603845,0.04016141213964477,-0.36365960185132357,0
1571235552000,1.415330789810428,-0.1499764753136431,1.0867943658493702,-0.5308972378501671,-0.36365960185132357,0
1571235552250,0.19637696577610014,1.118136025591321,0.003657333539460452,-1.6374925246491447,-0.36365960185132357,0
1571235552500,-1.6755878354194749,-1.5806675019756542,0.5277558975603845,-1.1614975480284901,-0.36365960185132357,0
1571235552750,-1.370849379410893,-0.8653219886446487,0.8072751317048774,-0.4669576141250045,-0.36365960185132357,0
1571235553000,-1.9367922262839736,-0.8653219886446487,0.8771549402410006,0.035255991271841286,-0.36365960185132357,0
1571235553250,0.8493879429373472,-1.7107303225812915,0.5976357060965077,1.6361992948348076,-0.3616492839609603,0
1571235553500,1.5894670503867605,1.378261666802596,0.4229361847561997,0.3667102047360108,-0.38176345679055584,0
1571235553750,1.5459329852426775,0.7279475637744091,-1.8830974969358663,1.3574360675885961,-0.36768337875375384,0
1571235554000,0.5446494869287652,0.6629161534715904,-2.1276768268122974,-1.2385464861417483,-0.3717055850953322,0
1571235554250,0.28344509606426643,0.6954318586229997,-2.092736922544236,-1.8979872879738815,-0.3696952672049689,0
1571235554500,0.3705132263524327,0.8905260895314557,-2.4770758694929134,-1.7125962096596532,-0.3717055850953322,0
1571235554750,0.41404729149651587,0.6954318586229997,-2.6168354865651597,3.279769014214549,-0.3737174735465473,0
1571235555000,-0.021293359944315533,0.7604632689258184,-2.4770758694929134,-2.2721524934766846,-0.3737174735465473,0
1571235555250,0.5881835520728484,0.7929789740772277,-2.9312946249777143,-1.1823878748275842,-0.3696952672049689,0
1571235555500,0.3705132263524327,0.9230417946828652,-2.7216551993693447,1.3067749106952464,-0.3757293619977624,0
1571235555750,0.5446494869287652,0.8905260895314557,-2.267436443884544,1.208328188451742,-0.3717055850953322,0
1571235556000,1.8071373761071763,0.7604632689258184,-1.6734580713274967,-1.0451206667509456,-0.3737174735465473,0
1571235556250,0.19637696577610014,0.37027480710890637,-0.6252609432856484,0.6374386909056478,-0.3737174735465473,0
1571235556500,1.2411945292340956,0.14266487104904096,-0.45056142194534043,-0.6696868179202621,-0.3717055850953322,0
1571235556750,0.3269791612083496,-1.3205418607643795,-0.9397200816982029,-1.0262601692764597,-0.3757293619977624,0
1571235557000,0.7187857475050978,-0.897837693796058,-1.53369845425525,0.09538968501336324,-0.3717055850953322,0
1571235557250,0.7623198126491809,0.20769628135185966,-0.8349003688940181,1.179995154129084,-0.3717055850953322,0
1571235557500,0.9364560732255135,-0.3450707062220992,0.003657333539460452,2.4839913427462226,-0.3737174735465473,0
1571235557750,0.8929220080814304,-0.9303533989474674,-1.9180374012039278,-4.425716830664271,-0.3737174735465473,0
1571235558000,0.8929220080814304,-0.9303533989474674,-1.0445397945023878,0.5255443493866131,-0.3717055850953322,0
1571235558250,2.851954939565172,-0.6377120525847833,0.3879962804881381,0.681841207381455,-0.38176345679055584,0
1571235558500,0.10930883548793388,-0.5401649371305552,0.3879962804881381,0.9380225833913988,-0.3777396798881257,0
1571235558750,0.15284290063201703,-0.6377120525847833,-0.2758619006050324,1.216362929528317,-0.3696952672049689,0
1571235559000,1.0235242035136798,-0.6377120525847833,-0.2758619006050324,0.7977952075497062,-0.3696952672049689,0
1571235559250,0.8058538777932641,-0.9628691040988767,-0.5903210390175868,-1.259267660497125,-0.36567149030253865,0
1571235559500,1.4588648549545111,0.11014916589763163,-1.3939388371830037,-0.8786746621330619,-0.3696952672049689,0
1571235559750,0.8493879429373472,0.1751805762004503,-0.6951407518217716,2.3953554622383253,-0.36768337875375384,0
1571235560000,1.2847285943781785,0.27272769165467836,-0.7999604646259565,-0.2952678837518828,-0.36768337875375384,0
1571235560250,1.4588648549545111,0.3052433968060877,-1.0794796987704494,-0.8296204534550272,-0.36768337875375384,0
1571235560500,1.371796724666345,0.37027480710890637,-1.1842994115746341,-1.7710383789640016,-0.36768337875375384,0
1571235560750,1.4588648549545111,0.3052433968060877,-1.0794796987704494,0.21210487117834256,-0.3696952672049689,0
1571235561000,1.763603310963093,0.1751805762004503,-1.0445397945023878,-1.2666257917988302,-0.3696952672049689,0
1571235561250,1.7200692458190099,0.5003376277145437,-1.1493595073065725,0.016987527350366266,-0.3717055850953322,0
1571235561500,1.415330789810428,0.43530621741172504,-1.114419603038511,-1.4443204339239182,-0.3737174735465473,0
1571235561750,0.5446494869287652,-0.01991365470800574,-0.9047801774301413,0.8880380362729184,-0.36768337875375384,0
1571235562000,1.415330789810428,-0.9303533989474674,-0.6252609432856484,-1.032265081028426,-0.36768337875375384,0
1571235562250,-0.5872362068173963,-2.1009187843982033,-0.7650205603578949,0.5819566893663531,-0.3696952672049689,0
1571235562500,-0.50016807652923,-1.4506046813700169,-0.7999604646259565,-1.026936779051329,-0.36768337875375384,0
1571235562750,-0.4130999462410638,-2.003371668943976,-0.66020084755371,0.5405143406555996,-0.3696952672049689,0
1571235563000,-0.36956588109698063,-1.5481517968242449,-1.0445397945023878,-0.9607981735578409,-0.36768337875375384,0
1571235563250,-0.5437021416733132,-1.7432460277327009,-1.2192393158426957,1.1989402278254286,-0.3696952672049689,0
1571235563500,-0.36956588109698063,-1.7757617328841102,-1.0095998902343262,-0.39633646887300616,-0.3696952672049689,0
1571235563750,-0.6743043371055626,-1.7432460277327009,-0.7300806560898333,1.2539993482554297,-0.3696952672049689,0
1571235564000,-0.6743043371055626,-1.4831203865214262,-0.7999604646259565,-0.10564799434472069,-0.3696952672049689,0
1571235564250,-0.9790427931141445,-1.6782146174298822,-1.0095998902343262,0.3527551281293285,-0.36567149030253865,0
1571235564500,0.3269791612083496,-1.4180889762186075,-0.3457417091411556,-1.0461355814132496,-0.3696952672049689,0
1571235564750,-0.6743043371055626,-1.6782146174298822,-0.8349003688940181,0.7386764284704884,-0.36768337875375384,0
1571235565000,-0.8484405976818952,-1.6456989122784729,0.9120948445090622,-0.4541020284024851,-0.36768337875375384,0
1571235565250,-0.28249775080881434,-0.9303533989474674,0.10847704634364527,0.06654919335955313,-0.36365960185132357,0
1571235565500,-1.2837812491227265,-0.8328062834932394,0.6675155146326309,0.18901556261092275,-0.36365960185132357,0
1571235565750,-0.7613724673937289,-0.4426178216763272,-0.3806816134092172,-0.20113454882317117,-0.3616492839609603,0
1571235566000,1.110592333801846,-0.8653219886446487,0.14341695061170687,1.1218067134903118,-0.36365960185132357,0
1571235566250,-0.50016807652923,-2.1009187843982033,-1.1493595073065725,1.5881600008190768,-0.36567149030253865,0
1571235566500,-0.36956588109698063,-1.4506046813700169,-1.289119124378819,1.2964566116284875,-0.3616492839609603,0
1571235566750,-0.6743043371055626,-1.7107303225812915,-0.7650205603578949,-0.37003326387495644,-0.3113630666065453,0
1571235567000,-0.8484405976818952,-1.6782146174298822,-0.5903210390175868,-2.6067360271496254,-0.3013051949113216,0
1571235567250,-0.6743043371055626,-1.6456989122784729,-0.6951407518217716,-1.1923678690069086,-0.30532897181375185,0
1571235567500,-0.804906532537812,-1.6456989122784729,-0.5553811347495252,0.5131962209952458,-0.28521479898415625,0
1571235567750,-0.8919746628259783,-1.6456989122784729,-0.48550132621340203,0.9644103646113071,-0.26912283249613905,0
1571235568000,-0.8484405976818952,-1.6456989122784729,-0.48550132621340203,0.8070140157323025,-0.27113472094735414,0
1571235568250,-0.8919746628259783,-1.6782146174298822,-0.5204412304814636,-0.5107680970478011,-0.28923700532573465,0
1571235568500,-0.804906532537812,-1.6131832071270635,-0.3806816134092172,-0.18607998133232598,-0.3073392897041151,0
1571235568750,-0.7178384022496457,-1.5806675019756542,-0.24092199633697078,-1.3463811690115661,-0.31940904985055396,0
1571235569000,-0.23896368566473122,-1.4506046813700169,-0.48550132621340203,-1.0864784392398403,-0.35360330071695173,0
1571235569250,-1.1531790536904771,-2.1009187843982033,0.3530563762200765,-1.7756054949443705,-0.3616492839609603,0
1571235569500,-0.50016807652923,-2.4911072462151154,-1.114419603038511,0.3927596810684844,-0.3576255070585301,0
1571235569750,-1.2402471839786433,-1.3855732710671982,-0.7999604646259565,0.8027852046393684,-0.3717055850953322,0
1571235570000,-0.7178384022496457,-1.4506046813700169,-1.2541792201107573,1.2882527181081955,-0.36768337875375384,0
1571235570250,-0.4130999462410638,-1.4831203865214262,-1.0095998902343262,1.5936574552398912,-0.3696952672049689,0
1571235570500,-0.3260318159528975,-1.6131832071270635,-0.5903210390175868,-0.7174723832704165,-0.3737174735465473,0
1571235570750,-0.6307702719614795,-2.035887374095385,-0.9746599859662645,-4.18594324169491,-0.3737174735465473,0
1571235571000,-0.7613724673937289,-1.3530575659157889,-0.8698402731620797,-1.2854017130514572,-0.3757293619977624,0
1571235571250,-0.4566340113851469,-1.5806675019756542,-0.7300806560898333,-0.02876820867517997,-0.3757293619977624,0
1571235571500,-0.36956588109698063,-1.6782146174298822,-0.6951407518217716,0.25515416810441105,-0.3737174735465473,0
1571235571750,-0.5872362068173963,-1.9058245534897476,-1.0095998902343262,0.5751905916176587,-0.3737174735465473,0
1571235572000,-0.1083614902324818,-2.621170066820753,-1.7782777841316815,1.3423815000977508,-0.3757293619977624,0
1571235572250,1.0235242035136798,-1.1254476298559235,-0.45056142194534043,2.2962321302199515,-0.3717055850953322,0
1571235572500,-0.3260318159528975,0.9230417946828652,-1.2541792201107573,1.5435883318995525,-0.3717055850953322,0
1571235572750,0.9364560732255135,0.9230417946828652,-0.8349003688940181,-0.7480043993614003,-0.3717055850953322,0
1571235573000,0.8058538777932641,0.9230417946828652,-0.45056142194534043,1.8083964825390815,-0.3717055850953322,0
1571235573250,0.6317176172169315,0.1751805762004503,-2.1975566353484206,-0.12670747358753218,-0.3737174735465473,0
1571235573500,1.763603310963093,-0.4426178216763272,-2.4770758694929134,1.0197232137068841,-0.3737174735465473,0
1571235573750,0.7623198126491809,-0.80029057834183,-1.3589989329149421,0.021808371996311065,-0.3757293619977624,0
1571235574000,0.9364560732255135,-1.1254476298559235,-1.6035782627913733,-0.9536937709217117,-0.3737174735465473,0
1571235574250,0.5011154217846822,-1.3530575659157889,-1.3939388371830037,1.2169549630813277,-0.3737174735465473,0
1571235574500,-0.06482742508839867,-1.9708559637925664,-1.0445397945023878,-2.81927607268049,-0.3717055850953322,0
1571235574750,-0.3260318159528975,-1.3855732710671982,-0.8349003688940181,0.17015506513643694,-0.3717055850953322,0
1571235575000,0.10930883548793388,-1.2229947453101515,-0.66020084755371,0.051663778312425336,-0.3717055850953322,0
1571235575250,0.06577477034385075,-1.3205418607643795,-1.4987585499871885,-1.1905917683478762,-0.3696952672049689,0
1571235575500,0.9799901383695966,-0.9303533989474674,-1.8481575926678047,1.5000315776423319,-0.3717055850953322,0
1571235575750,0.5881835520728484,-1.3205418607643795,-1.463818645719127,0.8768739749875726,-0.3717055850953322,0
1571235576000,0.9799901383695966,-1.0929319247045142,-1.6734580713274967,-0.31125278968317344,-0.3717055850953322,0
1571235576250,1.1541263989459292,-1.1254476298559235,-1.1842994115746341,-0.6789056261028582,-0.3717055850953322,0
1571235576500,0.9364560732255135,-1.5481517968242449,-1.2541792201107573,-0.22388555250315628,-0.3717055850953322,0
1571235576750,0.3705132263524327,-1.2880261556129702,-0.9746599859662645,-1.251063766976833,-0.3717055850953322,0
1571235577000,1.110592333801846,-1.3855732710671982,-1.5686383585233117,0.7349550747087064,-0.3696952672049689,0
1571235577250,0.022240705199767605,-1.4506046813700169,-1.3589989329149421,-0.13169747067719434,-0.3696952672049689,0
1571235577500,0.7623198126491809,-1.0929319247045142,-1.4987585499871885,0.7023086530712557,-0.3696952672049689,0
1571235577750,-0.19542962052064808,-1.4180889762186075,-1.1842994115746341,-0.16231406299003673,-0.3717055850953322,0
1571235578000,1.4588648549545111,-1.6131832071270635,-1.2192393158426957,0.704084753730288,-0.36768337875375384,0
1571235578250,0.5881835520728484,-0.80029057834183,-0.66020084755371,-0.020141434045594545,-0.3717055850953322,0
1571235578500,0.6317176172169315,0.240211986503269,-0.7650205603578949,-0.05219582213003452,-0.3696952672049689,0
1571235578750,1.110592333801846,0.8254946792286371,-0.5903210390175868,0.629657678494649,-0.3717055850953322,0
1571235579000,1.3282626595222617,0.6629161534715904,0.3879962804881381,0.3525013994637525,-0.3757293619977624,0
1571235579250,0.5446494869287652,0.4678219225631344,0.8771549402410006,2.4140468072690937,-0.3717055850953322,0
1571235579500,-0.1083614902324818,0.532853332865953,1.1217342701174318,0.7555916728422246,-0.3717055850953322,0
1571235579750,-0.4130999462410638,0.4678219225631344,0.8771549402410006,-1.6169405027374855,-0.36567149030253865,0
1571235580000,2.5036824184125064,0.3052433968060877,0.3181164719520149,-3.329355266710193,-0.3717055850953322,0
1571235580250,1.5894670503867605,0.37027480710890637,-0.3806816134092172,1.799769707909496,-0.3757293619977624,0
1571235580500,1.110592333801846,-0.05242935985941508,-0.5553811347495252,0.01960939022798537,-0.3777396798881257,0
1571235580750,1.1976604640900124,-0.01991365470800574,-0.2758619006050324,-0.04678294393107896,-0.3777396798881257,0
1571235581000,1.0235242035136798,0.07763346074622228,-0.17104218780084757,-1.4784892275548251,-0.3777396798881257,0
1571235581250,0.9364560732255135,-0.1499764753136431,-0.06622247499666276,1.2968794927377807,-0.3757293619977624,0
1571235581500,0.7187857475050978,-0.2150078856164618,0.038597237807522056,-0.2674423067603768,-0.3757293619977624,0
1571235581750,0.9799901383695966,-0.1499764753136431,-0.13610228353278597,-1.0084145864642782,-0.3777396798881257,0
1571235582000,0.8929220080814304,-0.3775864113735085,0.038597237807522056,0.4360627066601289,-0.3757293619977624,0
1571235582250,0.7623198126491809,-0.4751335268277365,0.14341695061170687,-1.2504717334238222,-0.3737174735465473,0
1571235582500,1.7200692458190099,-0.11746077016223377,-0.3457417091411556,0.208806398525854,-0.3737174735465473,0
1571235582750,1.1976604640900124,-0.31255500107068984,-0.3806816134092172,-1.1615821242503486,-0.3757293619977624,0
1571235583000,0.06577477034385075,-0.6051963474333739,-0.2059820920689092,1.2326015641251835,-0.3757293619977624,0
1571235583250,-0.1083614902324818,-2.4911072462151154,-0.9397200816982029,0.03906192125548192,-0.3737174735465473,0
1571235583500,-1.0661109234023107,-2.035887374095385,-0.9746599859662645,0.6557917310489814,-0.3757293619977624,0
1571235583750,-1.8061900308517242,-2.2309816050038407,0.003657333539460452,-0.11672747940820787,-0.3777396798881257,0
1571235584000,-0.3260318159528975,-1.6782146174298822,-0.9746599859662645,-0.5031562370805198,-0.3757293619977624,0
1571235584250,-0.8919746628259783,-1.4180889762186075,-0.7300806560898333,-0.3278297291674749,-0.3757293619977624,0
1571235584500,-1.7191219005635578,-1.3855732710671982,-0.031282570728601154,-0.6660500403803388,-0.3757293619977624,0
1571235584750,-0.7613724673937289,-1.7757617328841102,-0.3457417091411556,1.4283109415061706,-0.3757293619977624,0
1571235585000,-0.23896368566473122,-1.7432460277327009,-0.8698402731620797,-0.19013963998154268,-0.3737174735465473,0
1571235585250,-0.021293359944315533,-1.6456989122784729,-0.7650205603578949,0.9119731070589251,-0.3737174735465473,0
1571235585500,-0.28249775080881434,-1.2555104504615608,0.07353714207558366,1.296541187850346,-0.3737174735465473,0
1571235585750,-0.9355087279700615,-1.9058245534897476,-0.7650205603578949,-0.8559236584530768,-0.3757293619977624,0
1571235586000,0.5446494869287652,-1.3205418607643795,-0.06622247499666276,-1.4391612843905388,-0.3757293619977624,0
1571235586250,-0.7613724673937289,-1.3530575659157889,0.1783568548797685,-1.1274133306194418,-0.3737174735465473,0
1571235586500,-1.0225768582582277,-1.2229947453101515,-0.5204412304814636,1.2199151308463814,-0.3737174735465473,0
1571235586750,-0.36956588109698063,-1.3530575659157889,-0.10116237926472436,2.146278488864511,-0.3717055850953322,0
1571235587000,-0.1083614902324818,-1.1904790401587422,-0.5553811347495252,1.094488593829958,-0.3717055850953322,0
1571235587250,-0.4566340113851469,-1.2880261556129702,-0.4156215176772788,-0.98008155214162,-0.3696952672049689,0
1571235587500,-0.28249775080881434,-1.1254476298559235,-0.5553811347495252,0.019693966449844048,-0.3737174735465473,0
1571235587750,-0.4566340113851469,-2.1009187843982033,-0.9746599859662645,1.7124024707294787,-0.3737174735465473,0
1571235588000,-0.19542962052064808,-1.3530575659157889,-0.6951407518217716,1.0140566068423527,-0.3777396798881257,0
1571235588250,-0.6307702719614795,-1.1904790401587422,-0.6252609432856484,-1.637999981980297,-0.3777396798881257,0
1571235588500,1.5894670503867605,-1.3205418607643795,0.3879962804881381,-5.761429102478414,-0.3777396798881257,0
1571235588750,-0.6743043371055626,-1.0929319247045142,0.1783568548797685,-0.264735867660899,-0.3737174735465473,0
1571235589000,0.3705132263524327,-2.003371668943976,-0.310801804873094,-0.2412236779841858,-0.3717055850953322,0
1571235589250,1.1541263989459292,-0.5076492319791459,-1.8481575926678047,1.4322860239335287,-0.3717055850953322,0
1571235589500,0.15284290063201703,-0.702743462887602,-2.686715295101283,3.4054492798965486,-0.3757293619977624,0
1571235589750,0.28344509606426643,-0.01991365470800574,-2.442135965224852,1.8231973213643506,-0.37975156833934076,0
1571235590000,1.1976604640900124,0.20769628135185966,-3.1059941463180225,-1.0479962582941407,-0.3737174735465473,0
1571235590250,1.1541263989459292,0.7929789740772277,-0.06622247499666276,-4.638087723751418,-0.3777396798881257,0
1571235590500,-0.021293359944315533,-0.1499764753136431,0.9120948445090622,2.81815199530987,-0.3334891278873561,0
1571235590750,0.9364560732255135,-0.3450707062220992,0.8072751317048774,-1.0215239008523735,-0.35360330071695173,0
1571235591000,0.45758135664059896,-0.2800392959192805,0.3879962804881381,-3.532676504058461,-0.3616492839609603,0
1571235591250,-0.6743043371055626,0.11014916589763163,0.9470347487771238,-1.9404445513469388,-0.36365960185132357,0
1571235591500,0.06577477034385075,0.11014916589763163,0.7024554189006925,1.8115258027478527,-0.3717055850953322,0
1571235591750,1.0235242035136798,0.4027905122603157,0.4229361847561997,3.651904390392744,-0.3757293619977624,0
1571235592000,-0.19542962052064808,0.240211986503269,0.4578760890242613,-3.0662386405078372,-0.4119355013153752,0
1571235592250,0.10930883548793388,-0.6051963474333739,0.842215035972939,1.3424660763196097,-0.3898094400345645,0
1571235592500,1.9377395715394257,-1.0604162195531048,0.3530563762200765,0.12414560044531467,-0.3696952672049689,0
1571235592750,1.6330011155308437,-1.6456989122784729,-0.45056142194534043,1.12578179591767,-0.3898094400345645,0
1571235593000,-2.372132877724805,0.3052433968060877,-1.5686383585233117,-0.44851999775981216,-0.38176345679055584,0
1571235593250,0.15284290063201703,0.7604632689258184,-1.289119124378819,1.322844392848396,-0.3717055850953322,0
1571235593500,1.2847285943781785,1.378261666802596,-1.289119124378819,2.866614170434894,-0.3696952672049689,0
1571235593750,1.2847285943781785,1.475808782256824,-1.3240590286468805,-1.3161028815861584,-0.3777396798881257,0
1571235594000,1.2847285943781785,1.475808782256824,-1.2541792201107573,-0.2591538370182261,-0.3777396798881257,0
1571235594250,1.110592333801846,1.3457459616511867,-1.2192393158426957,0.10486222186153549,-0.3777396798881257,0
1571235594500,0.9364560732255135,1.4432930771054147,-1.2192393158426957,0.9039383659823504,-0.3737174735465473,0
1571235594750,0.5446494869287652,1.3132302564997773,-1.289119124378819,-1.6871387668801905,-0.3777396798881257,0
1571235595000,0.5446494869287652,1.573355897711052,-1.53369845425525,-0.3237700705182582,-0.3777396798881257,0
1571235595250,0.8058538777932641,1.2156831410455493,-1.3939388371830037,-0.29543703619560013,-0.38176345679055584,0
1571235595500,0.8493879429373472,0.7604632689258184,-1.6035782627913733,-0.270571626969148,-0.37975156833934076,0
1571235595750,0.9799901383695966,-1.4831203865214262,-1.1493595073065725,-0.1813437129082399,-0.38176345679055584,0
1571235596000,0.15284290063201703,-1.3205418607643795,-1.1842994115746341,-0.7699096408227986,-0.38176345679055584,0
1571235596250,0.19637696577610014,-1.6456989122784729,-1.0095998902343262,0.7075523788264939,-0.38176345679055584,0
1571235596500,0.19637696577610014,-1.5806675019756542,-1.0445397945023878,-1.6727608091642148,-0.383775345241771,0
1571235596750,0.19637696577610014,-1.5156360916728355,-1.1493595073065725,0.2273285911129051,-0.38176345679055584,0
1571235597000,-0.6743043371055626,-1.7107303225812915,-1.0794796987704494,-1.0201706813026348,-0.383775345241771,0
1571235597250,-0.7178384022496457,-1.7757617328841102,-0.66020084755371,2.3364904118246836,-0.38176345679055584,0
1571235597500,-0.4566340113851469,-1.6456989122784729,-0.7999604646259565,-0.43752508891818365,-0.38176345679055584,0
1571235597750,-0.28249775080881434,-1.4506046813700169,-0.24092199633697078,0.71228864725058,-0.37975156833934076,0
1571235598000,-0.4130999462410638,-2.035887374095385,-0.2059820920689092,0.15822981785436296,-0.383775345241771,0
1571235598250,-0.4130999462410638,-1.5156360916728355,-0.5903210390175868,1.6772187624362678,-0.38176345679055584,0
1571235598500,-0.9355087279700615,-1.8733088483383382,-1.2541792201107573,-0.001957546345978203,-0.38176345679055584,0
1571235598750,-0.6307702719614795,-1.1904790401587422,-0.7650205603578949,0.6508863101811778,-0.38176345679055584,0
1571235599000,-1.1531790536904771,-1.9708559637925664,-0.3457417091411556,0.6044539643807622,-0.38176345679055584,0
1571235599250,-0.28249775080881434,-1.3855732710671982,-0.5903210390175868,-0.48615641648692504,-0.38176345679055584,0
1571235599500,-0.8484405976818952,-1.5156360916728355,-0.5903210390175868,-0.5332653720622101,-0.3777396798881257,0
1571235599750,0.2399110309201833,-1.4831203865214262,-0.5553811347495252,-0.46771880012173267,-0.37975156833934076,0
1571235600000,-0.19542962052064808,-0.7352591680390114,-1.1493595073065725,1.2699842541867206,-0.3777396798881257,0
1571235600250,-0.7178384022496457,-2.1334344895496127,-1.987917209740051,-1.4990412494664846,-0.37975156833934076,0
1571235600500,-1.9367922262839736,-1.9383402586411569,-1.8481575926678047,-0.19639828039908505,-0.37975156833934076,0
1571235600750,-1.6320537702753917,-1.6782146174298822,-1.638518167059435,-0.9690866432999915,-0.37975156833934076,0
1571235601000,-0.9355087279700615,-2.0684030792467945,-2.022857114008113,0.05859902850483715,-0.37975156833934076,0
1571235601250,-0.06482742508839867,-1.6782146174298822,-0.8349003688940181,-0.6114983772814897,-0.383775345241771,0
1571235601500,-0.4130999462410638,-0.995384809250286,-0.310801804873094,0.41669475185449106,-0.3777396798881257,0
1571235601750,0.06577477034385075,0.6629161534715904,-0.66020084755371,1.0129571159581898,-0.37975156833934076,0
1571235602000,-0.021293359944315533,-2.1334344895496127,-0.45056142194534043,-2.6780337821764935,-0.3777396798881257,0
1571235602250,1.3282626595222617,-1.6456989122784729,-0.48550132621340203,0.7193084736648505,-0.3717055850953322,0
1571235602500,-2.2850647474366386,0.630400448320181,-2.1276768268122974,2.0819159840300547,-0.38176345679055584,0
1571235602750,-0.28249775080881434,-0.6377120525847833,0.003657333539460452,1.9702753711765961,-0.38176345679055584,0
1571235603000,-2.8945416594538025,-2.3285287204580687,-2.791535007905468,-3.2025755101440305,-0.38176345679055584,0
1571235603250,-1.8061900308517242,-3.108905644091893,-1.1842994115746341,2.3965395293443468,-0.3777396798881257,0
1571235603500,-0.06482742508839867,-2.035887374095385,-1.6734580713274967,1.1520850009157193,-0.38176345679055584,0
1571235603750,0.5011154217846822,-0.702743462887602,-1.3589989329149421,0.4855397964474571,-0.3857856631321343,0
1571235604000,-1.0661109234023107,-1.3855732710671982,0.7373953231687541,0.6323641175941268,-0.3898094400345645,0
1571235604250,-1.457917509699059,-2.523622951366525,-0.5204412304814636,-0.8458590880518939,-0.3918197579249278,0
1571235604500,-0.06482742508839867,-1.1254476298559235,-1.0445397945023878,-4.442124617704854,-0.3717055850953322,0
1571235604750,-0.8919746628259783,-2.881295708032028,-1.114419603038511,0.3958044250553969,-0.3696952672049689,0
1571235605000,-0.15189555537656493,0.045117755594812944,-1.2192393158426957,0.2963427881495885,-0.3777396798881257,0
1571235605250,-0.5872362068173963,-0.6702277577361927,-0.13610228353278597,-2.0416822889117796,-0.3877975515833494,0
1571235605500,-0.7613724673937289,-1.0279005144016955,0.6325756103645693,1.7250043277864222,-0.3777396798881257,0
1571235605750,1.5023989200985943,-0.11746077016223377,-0.5903210390175868,1.5389366396973247,-0.383775345241771,0
1571235606000,0.5011154217846822,0.1751805762004503,-1.463818645719127,-1.1373087485769076,-0.383775345241771,0
1571235606250,1.2411945292340956,-0.6377120525847833,-0.9746599859662645,1.5674388264637003,-0.3898094400345645,0
1571235606500,1.2411945292340956,-0.3450707062220992,-0.3806816134092172,-0.4809126907316868,-0.3978554232785731,0
1571235606750,0.022240705199767605,-0.2800392959192805,-0.5903210390175868,-3.3417033951015602,-0.3877975515833494,0
1571235607000,0.8058538777932641,-0.1499764753136431,0.842215035972939,-1.7570833023573194,-0.383775345241771,0
1571235607250,0.10930883548793388,-0.01991365470800574,0.5976357060965077,2.1237812138501018,-0.37975156833934076,0
1571235607500,1.1976604640900124,0.14266487104904096,-1.0445397945023878,3.246699711467805,-0.37975156833934076,0
1571235607750,1.371796724666345,-0.9303533989474674,-0.9047801774301413,1.0320713420982517,-0.38176345679055584,0
1571235608000,0.022240705199767605,-1.3530575659157889,-1.0794796987704494,-2.993080208600079,-0.383775345241771,0
1571235608250,1.763603310963093,-0.8328062834932394,-1.3589989329149421,-1.4637729649514148,-0.38176345679055584,0
1571235608500,0.9799901383695966,-0.8653219886446487,-0.8349003688940181,0.5992102386255239,-0.383775345241771,0
1571235608750,0.9364560732255135,-1.1904790401587422,-0.2059820920689092,0.6621349476883823,-0.383775345241771,0
1571235609000,0.3269791612083496,-1.3205418607643795,-1.114419603038511,-0.17990591713664233,-0.3777396798881257,0
1571235609250,0.3705132263524327,-1.0279005144016955,-0.7650205603578949,2.7284166239178096,-0.3757293619977624,0
1571235609500,0.3269791612083496,-1.1579633350073328,-1.2192393158426957,0.8823714294083869,-0.3918197579249278,0
1571235609750,0.19637696577610014,-1.2555104504615608,-1.0794796987704494,-5.744513858106679,-0.3857856631321343,0
1571235610000,1.2411945292340956,-1.6456989122784729,-0.2059820920689092,-2.0144487454732847,-0.3857856631321343,0
1571235610250,0.3269791612083496,-1.5481517968242449,-1.0445397945023878,1.617507949804039,-0.3737174735465473,0
1571235610500,0.15284290063201703,-1.4180889762186075,-0.9397200816982029,1.5130563158085686,-0.3857856631321343,0
1571235610750,0.28344509606426643,-1.4831203865214262,-0.45056142194534043,0.8021931710863576,-0.3898094400345645,0
1571235611000,-0.7613724673937289,-2.0684030792467945,-1.1842994115746341,1.7779490426699562,-0.38176345679055584,0
1571235611250,-0.021293359944315533,-1.3855732710671982,-0.66020084755371,1.916315741630758,-0.383775345241771,0
1571235611500,-0.15189555537656493,-1.9058245534897476,-0.5204412304814636,-3.086621509975779,-0.38176345679055584,0
1571235611750,-0.6743043371055626,-1.2880261556129702,-0.24092199633697078,-3.1299245355674237,-0.383775345241771,0
1571235612000,-0.3260318159528975,-1.7432460277327009,-0.13610228353278597,2.027279744709347,-0.37975156833934076,0
1571235612250,0.06577477034385075,-0.5076492319791459,-0.310801804873094,-0.7629743906303869,-0.38176345679055584,0
1571235612500,0.5881835520728484,-0.4426178216763272,-1.2541792201107573,0.5975187141883503,-0.37975156833934076,0
1571235612750,1.0235242035136798,-0.702743462887602,-2.092736922544236,0.8432972149096764,-0.3857856631321343,0
1571235613000,0.5881835520728484,-0.3450707062220992,-2.3023763481526056,0.5407680693211756,-0.3757293619977624,0
1571235613250,0.5881835520728484,-0.2150078856164618,-2.337316252420667,-0.02183295848276816,-0.3757293619977624,0
1571235613500,0.6317176172169315,-0.1499764753136431,-2.442135965224852,0.7819794540621329,-0.3757293619977624,0
1571235613750,0.7187857475050978,-0.2800392959192805,-2.372256156688729,3.462453653429299,-0.3757293619977624,0
1571235614000,0.8058538777932641,-0.2150078856164618,-2.512015773760975,2.3882510596021964,-0.3757293619977624,0
1571235614250,1.0235242035136798,-0.1499764753136431,-2.092736922544236,0.4669330276385474,-0.3757293619977624,0
1571235614500,1.6330011155308437,-0.05242935985941508,-2.1975566353484206,-0.4373559364744663,-0.3757293619977624,0
1571235614750,0.8493879429373472,0.11014916589763163,-2.3023763481526056,-0.895336177839222,-0.37975156833934076,0
1571235615000,1.110592333801846,-0.11746077016223377,-2.1975566353484206,-2.0891295493744995,-0.3757293619977624,0
1571235615250,0.9364560732255135,-0.41010211652491785,-1.3939388371830037,-3.447423672424911,-0.3737174735465473,0
1571235615500,0.3269791612083496,-1.4506046813700169,-0.5903210390175868,-3.117153526066763,-0.37975156833934076,0
1571235615750,0.41404729149651587,-1.2555104504615608,-0.17104218780084757,-1.773321936954186,-0.37975156833934076,0
1571235616000,1.415330789810428,-2.1984658998524313,-0.24092199633697078,-0.06082259675961994,-0.38176345679055584,0
1571235616250,0.3269791612083496,0.4027905122603157,-0.031282570728601154,1.3475406496311306,-0.3877975515833494,0
1571235616500,0.19637696577610014,-0.05242935985941508,-1.2541792201107573,0.23037333509981758,-0.3777396798881257,0
1571235616750,1.763603310963093,0.43530621741172504,-1.6035782627913733,0.0750913917672799,-0.3857856631321343,0
1571235617000,1.371796724666345,0.0126020504434036,-0.8349003688940181,1.467977189557892,-0.3918197579249278,0
1571235617250,0.3269791612083496,0.9880732049856839,-0.5903210390175868,4.39059311210646,-0.3918197579249278,0
1571235617500,0.3705132263524327,0.27272769165467836,0.003657333539460452,2.54184147849756,-0.3877975515833494,0
1571235617750,1.067058268657763,0.7604632689258184,-0.45056142194534043,-2.390474627856979,-0.3938316463761429,0
1571235618000,1.8071373761071763,0.532853332865953,0.14341695061170687,-0.6264683685504763,-0.39584353482735807,0
1571235618250,0.7187857475050978,0.7929789740772277,-0.4156215176772788,-0.1602842336654284,-0.3737174735465473,0
1571235618500,1.4588648549545111,0.5003376277145437,-0.2758619006050324,2.6619397135368867,-0.383775345241771,0
1571235618750,1.8506714412512595,0.9555574998342745,-0.7650205603578949,-3.340942209104832,-0.3938316463761429,0
1571235619000,1.1541263989459292,1.7034187183166893,-1.3589989329149421,0.929734113649248,-0.419979913998532,0
1571235619250,-2.415666942868888,1.020588910137093,-1.638518167059435,2.2888739989182465,-0.3877975515833494,0
1571235619500,1.6330011155308437,0.7929789740772277,-0.45056142194534043,-0.8511873900289907,-0.383775345241771,0
1571235619750,1.2847285943781785,0.8580103843800464,-0.7300806560898333,-3.054313393225763,-0.39584353482735807,0
1571235620000,1.8942055063953425,0.7604632689258184,-0.17104218780084757,1.1481944947102203,-0.41394581920573853,0
1571235620250,0.5446494869287652,0.5978847431687717,0.4578760890242613,2.201675914181947,-0.4099236128641601,0
1571235620500,0.5446494869287652,0.20769628135185966,0.4229361847561997,-0.4667884616812872,-0.3978554232785731,0
1571235620750,0.5446494869287652,-0.2150078856164618,1.4361934085299863,-2.327465342572262,-0.3998657411689364,0
1571235621000,-0.4130999462410638,-0.3450707062220992,1.7506525469425407,-1.9824789336107032,-0.3877975515833494,0
1571235621250,-1.109644988546394,-0.18249218046505244,0.49281599329232295,-0.026315498241278233,-0.3877975515833494,0
1571235621500,-1.9367922262839736,0.5653690380173624,0.7723352274368158,0.7881535182578167,-0.3857856631321343,0
1571235621750,0.19637696577610014,0.37027480710890637,1.0518544615813086,2.469359656364671,-0.3938316463761429,0
1571235622000,-0.4130999462410638,0.20769628135185966,1.4361934085299863,0.2732534795821686,-0.3938316463761429,0
1571235622250,-0.4130999462410638,-0.18249218046505244,0.5976357060965077,-2.9392051552760994,-0.39584353482735807,0
1571235622500,-0.4566340113851469,-0.5401649371305552,1.2265539829216165,-2.010558239267785,-0.3877975515833494,0
1571235622750,-0.06482742508839867,-0.702743462887602,1.0867943658493702,1.4091967153661087,-0.3455573174729431,0
1571235623000,-0.1083614902324818,-0.5076492319791459,0.6325756103645693,-0.5912000840354064,-0.3696952672049689,0
1571235623250,0.8929220080814304,0.045117755594812944,-0.4156215176772788,-0.23826351021913197,-0.383775345241771,0
1571235623500,0.7623198126491809,-0.2800392959192805,-1.4288787414510653,-0.08365817666146373,-0.3857856631321343,0
1571235623750,2.3730802229802572,0.045117755594812944,-1.813217688399743,0.3545312287883608,-0.3938316463761429,0
1571235624000,-1.8497240959958072,0.1751805762004503,0.038597237807522056,-1.208437351160058,-0.3938316463761429,0
1571235624250,0.45758135664059896,-0.6377120525847833,0.842215035972939,1.470768204879228,-0.3938316463761429,0
1571235624500,-1.370849379410893,-0.7352591680390114,0.9470347487771238,0.42092356294742506,-0.3737174735465473,0
1571235624750,1.110592333801846,-0.8653219886446487,0.038597237807522056,-2.2184465925964223,-0.3938316463761429,0
1571235625000,-0.36956588109698063,-0.7352591680390114,-0.7650205603578949,0.09767324300354763,-0.40187762962015144,0
1571235625250,0.28344509606426643,-1.8082774380355195,-0.8698402731620797,2.259272321267708,-0.39584353482735807,0
1571235625500,-0.19542962052064808,-1.6131832071270635,-0.5204412304814636,-0.5889165260452219,-0.3898094400345645,0
1571235625750,-1.2837812491227265,-1.7757617328841102,-0.6951407518217716,-1.6350398142152431,-0.3857856631321343,0
1571235626000,-0.50016807652923,-2.003371668943976,-0.66020084755371,-1.289968829031826,-0.3857856631321343,0
1571235626250,0.10930883548793388,-0.9628691040988767,-0.45056142194534043,1.2431735918575186,-0.3918197579249278,0
1571235626500,1.2847285943781785,-0.6051963474333739,-1.0095998902343262,0.3223922644820621,-0.3898094400345645,0
1571235626750,0.6317176172169315,-0.8653219886446487,-1.3240590286468805,0.5413601028741863,-0.3978554232785731,0
1571235627000,0.19637696577610014,-1.2555104504615608,-0.9047801774301413,-1.560697315201463,-0.3877975515833494,0
1571235627250,0.19637696577610014,-1.1254476298559235,-0.5553811347495252,1.9049825279016948,-0.3857856631321343,0
1571235627500,0.9364560732255135,-0.995384809250286,-0.48550132621340203,0.024514811095788847,-0.38176345679055584,0
1571235627750,0.8058538777932641,-1.0929319247045142,-0.9397200816982029,2.484667952521092,-0.37975156833934076,0
1571235628000,0.8929220080814304,-1.0604162195531048,-1.2541792201107573,-1.421061972912781,-0.37975156833934076,0
1571235628250,0.5011154217846822,-1.2880261556129702,-1.289119124378819,-2.4329318912300364,-0.3757293619977624,0
1571235628500,0.3705132263524327,-1.3205418607643795,-1.2192393158426957,-0.5308972378501671,-0.37975156833934076,0
1571235628750,0.5881835520728484,-1.2880261556129702,-0.9397200816982029,0.6859008660306717,-0.3757293619977624,0
1571235629000,0.3269791612083496,-1.3205418607643795,-0.7300806560898333,-0.10141918325178666,-0.3777396798881257,0
1571235629250,0.06577477034385075,-1.3530575659157889,-0.8349003688940181,0.22309978001997105,-0.3757293619977624,0
1571235629500,0.15284290063201703,-1.3855732710671982,-0.5903210390175868,0.47268421072493766,-0.3777396798881257,0
1571235629750,-0.19542962052064808,-1.4831203865214262,-0.4156215176772788,1.0868767338626768,-0.3737174735465473,0
1571235630000,-0.1083614902324818,-1.1904790401587422,-0.8698402731620797,0.7774123380817642,-0.37975156833934076,0
1571235630250,0.10930883548793388,-1.2555104504615608,-0.66020084755371,-1.6407064210797746,-0.3777396798881257,0
1571235630500,0.45758135664059896,-1.0929319247045142,-1.289119124378819,0.6528315632839276,-0.3777396798881257,0
1571235630750,0.41404729149651587,-1.1904790401587422,-0.9746599859662645,-1.8052917488167672,-0.3757293619977624,0
1571235631000,-0.15189555537656493,-1.7757617328841102,-1.0445397945023878,-0.2096767472308979,-0.3757293619977624,0
1571235631250,-0.36956588109698063,-1.5481517968242449,-0.7999604646259565,-0.8534709480191751,-0.3757293619977624,0
1571235631500,-0.1083614902324818,-1.4180889762186075,-0.5903210390175868,0.46845539963200367,-0.3777396798881257,0
1571235631750,-0.15189555537656493,-1.7757617328841102,-0.7300806560898333,-0.9837183296815434,-0.3757293619977624,0
1571235632000,-0.15189555537656493,-1.6456989122784729,-0.8698402731620797,0.7348704984868478,-0.3717055850953322,0
1571235632250,-0.15189555537656493,-1.5481517968242449,-0.7999604646259565,0.06705665069070521,-0.3757293619977624,0
1571235632500,-0.19542962052064808,-1.5156360916728355,-0.8349003688940181,0.9957881429208776,-0.3757293619977624,0
1571235632750,-0.19542962052064808,-1.5156360916728355,-0.9047801774301413,0.0671412269125639,-0.3757293619977624,0
1571235633000,0.022240705199767605,-1.5481517968242449,-0.9397200816982029,0.0649422451442382,-0.3737174735465473,0
1571235633250,-0.06482742508839867,-1.5481517968242449,-0.8698402731620797,-0.4489428788691055,-0.3757293619977624,0
1571235633500,-0.15189555537656493,-1.4506046813700169,-0.9047801774301413,0.4449432099552904,-0.3757293619977624,0
1571235633750,-0.23896368566473122,-1.6131832071270635,-0.7999604646259565,-0.2793675540424508,-0.3757293619977624,0
1571235634000,-0.23896368566473122,-1.2555104504615608,-0.5903210390175868,0.42633644114638064,-0.3737174735465473,0
1571235634250,-0.23896368566473122,-1.5481517968242449,-0.48550132621340203,-0.22278606161899342,-0.3737174735465473,0
1571235634500,-0.8919746628259783,-1.5156360916728355,-0.7650205603578949,0.4848631866725877,-0.3717055850953322,0
1571235634750,-0.1083614902324818,-1.6782146174298822,-1.289119124378819,-0.0017883939022608412,-0.3717055850953322,0
1571235635000,0.15284290063201703,-1.4831203865214262,-1.0794796987704494,1.2867303461147392,-0.3737174735465473,0
1571235635250,-0.06482742508839867,-1.3530575659157889,-0.8349003688940181,0.0548776747430552,-0.3717055850953322,0
1571235635500,-0.4566340113851469,-1.6131832071270635,-0.5903210390175868,-1.1513484014054485,-0.3757293619977624,0
1571235635750,0.2399110309201833,-1.3205418607643795,-0.5553811347495252,-0.5562701044077712,-0.3717055850953322,0
1571235636000,-0.23896368566473122,-1.4506046813700169,-0.48550132621340203,-0.048728197033828614,-0.3717055850953322,0
1571235636250,-0.1083614902324818,-1.7757617328841102,-1.0794796987704494,0.20703029786682173,-0.3717055850953322,0
1571235636500,-0.1083614902324818,-1.4506046813700169,-1.2541792201107573,1.4700070188825,-0.3737174735465473,0
1571235636750,-0.15189555537656493,-1.5481517968242449,-1.114419603038511,1.4914893792346051,-0.3737174735465473,0
1571235637000,0.15284290063201703,-1.3855732710671982,-1.0445397945023878,-1.4418677234900166,-0.3717055850953322,0
1571235637250,-0.19542962052064808,-1.6456989122784729,-0.9397200816982029,-1.9504245455262632,-0.3717055850953322,0
1571235637500,-0.28249775080881434,-1.3855732710671982,-0.7300806560898333,-0.4481816928723774,-0.3717055850953322,0
1571235637750,0.022240705199767605,-1.4180889762186075,-0.5553811347495252,-0.10311070768896027,-0.3717055850953322,0
1571235638000,-0.1083614902324818,-1.5481517968242449,-0.7300806560898333,0.14960304322477755,-0.3717055850953322,0
1571235638250,-0.021293359944315533,-1.4180889762186075,-1.0794796987704494,0.4627042165456134,-0.3737174735465473,0
1571235638500,0.10930883548793388,-1.4506046813700169,-1.1493595073065725,0.374068336037716,-0.3717055850953322,0
1571235638750,0.15284290063201703,-1.3855732710671982,-1.0794796987704494,-0.023101601810648367,-0.3717055850953322,0
1571235639000,0.3269791612083496,-1.3855732710671982,-1.0445397945023878,-0.45672389128010416,-0.3696952672049689,0
1571235639250,-0.15189555537656493,-1.4180889762186075,-0.9746599859662645,0.13260322263118274,-0.3737174735465473,0
1571235639500,-0.06482742508839867,-1.5156360916728355,-0.6252609432856484,-0.2106070856713434,-0.3737174735465473,0
1571235639750,-0.28249775080881434,-1.6131832071270635,-0.5553811347495252,0.5757826251706695,-0.3717055850953322,0
1571235640000,-0.3260318159528975,-1.5156360916728355,-0.5903210390175868,-0.32165566497179116,-0.3717055850953322,0
1571235640250,-0.1083614902324818,-1.8407931431869289,-0.5903210390175868,0.6795576493912706,-0.3717055850953322,0
1571235640500,-0.021293359944315533,-1.6456989122784729,-0.8349003688940181,0.5185245229723425,-0.3717055850953322,0
1571235640750,0.06577477034385075,-1.3530575659157889,-0.9047801774301413,-0.01709669005868204,-0.3696952672049689,0
1571235641000,0.19637696577610014,-1.3855732710671982,-1.2192393158426957,-1.055354389595846,-0.3737174735465473,0
1571235641250,0.2399110309201833,-1.3530575659157889,-1.0794796987704494,-0.5431607900196758,-0.3717055850953322,0
1571235641500,0.5881835520728484,-1.2229947453101515,-0.9047801774301413,-0.2908699202152314,-0.3737174735465473,0
1571235641750,0.28344509606426643,-1.1579633350073328,-0.8349003688940181,-0.15038881570796275,-0.3717055850953322,0
1571235642000,0.19637696577610014,-1.1254476298559235,-1.0445397945023878,-0.15791609945338533,-0.3737174735465473,0
1571235642250,0.41404729149651587,-1.7432460277327009,-0.6252609432856484,-0.31302889034220577,-0.3717055850953322,0
1571235642500,0.28344509606426643,-1.5156360916728355,-0.9746599859662645,0.24119909149772872,-0.3717055850953322,0
1571235642750,-0.5872362068173963,-1.9058245534897476,-0.9397200816982029,-0.09786698193372208,-0.3717055850953322,0
1571235643000,-0.15189555537656493,-1.8082774380355195,-0.7999604646259565,0.4383462646503133,-0.3696952672049689,0
1571235643250,0.6752516823610146,-0.9303533989474674,-0.6252609432856484,0.11670289292175078,-0.3717055850953322,0
1571235643500,0.19637696577610014,-1.2229947453101515,-0.4156215176772788,0.6888610337957255,-0.3696952672049689,0
1571235643750,-0.15189555537656493,-1.3530575659157889,-0.7300806560898333,-0.23411927534805663,-0.3717055850953322,0
1571235644000,0.19637696577610014,-1.2229947453101515,-0.8698402731620797,0.4446049050678557,-0.3696952672049689,0
1571235644250,0.3269791612083496,-1.2229947453101515,-0.9746599859662645,0.11847899358078307,-0.3717055850953322,0
1571235644500,0.45758135664059896,-1.3530575659157889,-1.1493595073065725,-0.5498423115465115,-0.3717055850953322,0
1571235644750,-0.1083614902324818,-1.6131832071270635,-1.9180374012039278,-0.5214247010019949,-0.3717055850953322,0
1571235645000,-0.021293359944315533,-1.4506046813700169,-1.4288787414510653,0.11611085936874001,-0.3717055850953322,0
1571235645250,0.28344509606426643,-1.6782146174298822,-0.2758619006050324,0.27815890044997216,-0.3696952672049689,0
1571235645500,-0.36956588109698063,-1.6782146174298822,-1.3939388371830037,-0.04602175793435083,-0.3717055850953322,0
1571235645750,-0.15189555537656493,-1.3855732710671982,-0.7999604646259565,0.21963215492376514,-0.36768337875375384,0
1571235646000,-0.19542962052064808,-1.6456989122784729,-1.114419603038511,-0.2617756998958452,-0.3717055850953322,0
1571235646250,0.022240705199767605,-1.2229947453101515,-0.9746599859662645,0.7931435153474788,-0.3696952672049689,0
1571235646500,0.5011154217846822,-1.4180889762186075,-1.2541792201107573,-0.9326342916789001,-0.3717055850953322,0
1571235646750,-0.28249775080881434,-1.6131832071270635,-1.1842994115746341,0.36214308875564205,-0.3717055850953322,0
1571235647000,-1.0661109234023107,-1.5806675019756542,-1.0445397945023878,-0.9188483675159352,-0.3717055850953322,0
1571235647250,0.15284290063201703,-1.5481517968242449,-0.2758619006050324,-0.37434665118974925,-0.3696952672049689,0
1571235647500,-0.4130999462410638,-1.9383402586411569,-0.7999604646259565,0.7696313256707655,-0.3696952672049689,0
1571235647750,-0.36956588109698063,-1.7107303225812915,-1.1493595073065725,-0.7189101790420142,-0.3717055850953322,0
1571235648000,-0.36956588109698063,-1.6456989122784729,-1.1842994115746341,0.273422632025886,-0.3696952672049689,0
1571235648250,-0.06482742508839867,-1.5481517968242449,-1.2192393158426957,1.1690002452874555,-0.3696952672049689,0
1571235648500,0.15284290063201703,-1.4831203865214262,-1.2192393158426957,0.07297698622081288,-0.36768337875375384,0
1571235648750,-0.021293359944315533,-1.3855732710671982,-1.0794796987704494,-1.0728616675205929,-0.3717055850953322,0
1571235649000,0.022240705199767605,-1.3855732710671982,-1.289119124378819,-0.6609754670688179,-0.3717055850953322,0
1571235649250,-0.6743043371055626,-1.7107303225812915,-1.1493595073065725,0.5258826542740478,-0.3717055850953322,0
1571235649500,0.15284290063201703,-1.5481517968242449,-0.5903210390175868,0.17717489155070745,-0.3717055850953322,0
1571235649750,-0.4566340113851469,-1.7107303225812915,-1.0095998902343262,0.6625578287976759,-0.3696952672049689,0
1571235650000,0.10930883548793388,-1.3530575659157889,-0.9746599859662645,-0.4987582735438684,-0.3696952672049689,0
1571235650250,0.2399110309201833,-1.4506046813700169,-0.66020084755371,0.7050996683925922,-0.36768337875375384,0
1571235650500,0.6317176172169315,-0.7677748731904207,-1.2541792201107573,-0.010753473419280993,-0.3717055850953322,0
1571235650750,0.28344509606426643,-1.5806675019756542,-1.5686383585233117,0.5778124544952777,-0.3717055850953322,0
1571235651000,0.06577477034385075,-1.1254476298559235,-0.9397200816982029,0.13615542394924732,-0.3717055850953322,0
1571235651250,0.45758135664059896,-2.978842823486256,-1.0445397945023878,-0.8922914338523095,-0.3717055850953322,0
1571235651500,-1.5014515748431423,-1.7757617328841102,-0.7999604646259565,-1.0649960788877355,-0.3717055850953322,0
1571235651750,0.10930883548793388,-1.8082774380355195,-0.2758619006050324,0.3665410522922934,-0.3717055850953322,0
1571235652000,-0.15189555537656493,-1.5481517968242449,-1.638518167059435,-0.5825733094058209,-0.3717055850953322,0
1571235652250,-0.4566340113851469,-1.1904790401587422,-1.114419603038511,0.5517629781628042,-0.3696952672049689,0
1571235652500,0.7187857475050978,-2.4911072462151154,-0.9047801774301413,2.074811581393926,-0.3717055850953322,0
1571235652750,-0.15189555537656493,-1.1254476298559235,-0.66020084755371,-0.9398232705368881,-0.3717055850953322,0
1571235653000,1.4588648549545111,-1.9058245534897476,-0.5903210390175868,-1.5249215733552408,-0.3717055850953322,0
1571235653250,-0.19542962052064808,-1.1579633350073328,-1.7083979755955583,-1.0726079388550167,-0.3717055850953322,0
1571235653500,-0.36956588109698063,-1.2229947453101515,-1.0095998902343262,0.7411291389043901,-0.3717055850953322,0
1571235653750,-0.4130999462410638,-3.173937054394712,-1.0095998902343262,0.8577597488475108,-0.3696952672049689,0
1571235654000,-0.23896368566473122,1.9960600646793734,-2.6168354865651597,0.4753060736025567,-0.36567149030253865,0
1571235654250,0.28344509606426643,1.573355897711052,-1.114419603038511,-1.114388592453205,-0.3737174735465473,0
1571235654500,-1.1531790536904771,1.573355897711052,-1.5686383585233117,0.6561300359364161,-0.36768337875375384,0
1571235654750,-1.9803262914280568,0.630400448320181,-0.06622247499666276,2.130631887820655,-0.3737174735465473,0
1571235655000,1.067058268657763,-1.9383402586411569,-1.4987585499871885,2.645531926496303,-0.37975156833934076,0
1571235655250,1.9812736366835089,0.0126020504434036,-0.45056142194534043,-0.23471130890106737,-0.3857856631321343,0
1571235655500,1.2411945292340956,-1.1579633350073328,-0.7300806560898333,0.7237910134233606,-0.3857856631321343,0
1571235655750,0.022240705199767605,-2.165950194701022,-0.8349003688940181,0.35503868611951284,-0.3777396798881257,0
1571235656000,1.1541263989459292,-1.7757617328841102,-1.114419603038511,-0.4594303303795819,-0.3737174735465473,0
1571235656250,-0.8919746628259783,-0.995384809250286,-0.7300806560898333,-1.693059102410298,-0.3717055850953322,0
1571235656500,0.15284290063201703,-1.4506046813700169,-0.45056142194534043,-3.7876738129623835,-0.3717055850953322,0
1571235656750,-0.4130999462410638,-1.6131832071270635,-1.114419603038511,-3.634506275176313,-0.3717055850953322,0
1571235657000,0.3269791612083496,-1.4831203865214262,-0.6252609432856484,-1.4148033324952387,-0.3696952672049689,0
1571235657250,0.9364560732255135,-1.6131832071270635,-0.45056142194534043,2.909748043582821,-0.3737174735465473,0
1571235657500,0.9364560732255135,-1.4506046813700169,0.10847704634364527,-0.19030879242526003,-0.3737174735465473,0
1571235657750,-0.9355087279700615,-1.6456989122784729,-1.463818645719127,-1.447618906576407,-0.3717055850953322,0
1571235658000,-0.021293359944315533,-1.3530575659157889,-0.6951407518217716,1.1544531351277625,-0.3717055850953322,0
1571235658250,-1.9367922262839736,-1.6782146174298822,-1.114419603038511,1.8828235577747203,-0.3696952672049689,0
1571235658500,-0.23896368566473122,-0.6702277577361927,-0.7650205603578949,0.8604661879469886,-0.3737174735465473,0
1571235658750,-0.15189555537656493,-0.7677748731904207,-0.9746599859662645,-1.7068450265732629,-0.3696952672049689,0
1571235659000,0.10930883548793388,-1.1904790401587422,-0.9397200816982029,0.3224768407039208,-0.3717055850953322,0
1571235659250,-0.36956588109698063,-2.165950194701022,-1.2541792201107573,-0.5676033181368344,-0.3696952672049689,0
1571235659500,-0.6743043371055626,-0.7677748731904207,-0.7999604646259565,1.2907900047639558,-0.3717055850953322,0
1571235659750,1.1976604640900124,-2.9463271183348465,-1.3240590286468805,-1.5000561641287888,-0.3696952672049689,0
1571235660000,-1.5014515748431423,-1.9708559637925664,-1.3589989329149421,0.4793657322517734,-0.3717055850953322,0
1571235660250,0.7623198126491809,-2.1984658998524313,-1.3589989329149421,0.02493769220508225,-0.3737174735465473,0
1571235660500,-0.15189555537656493,-1.0604162195531048,-0.7999604646259565,2.8590868866894716,-0.3717055850953322,0
1571235660750,0.9799901383695966,-2.0684030792467945,-0.10116237926472436,0.051748354534284016,-0.3757293619977624,0
1571235661000,-0.06482742508839867,-1.4506046813700169,-1.463818645719127,-1.098234534078197,-0.3757293619977624,0
1571235661250,0.7187857475050978,-1.5806675019756542,-0.7650205603578949,-0.14531424239644194,-0.3757293619977624,0
1571235661500,1.3282626595222617,-1.6456989122784729,-0.3806816134092172,-0.45782338216426705,-0.3777396798881257,0
1571235661750,1.7200692458190099,-1.3205418607643795,0.038597237807522056,1.1320404363352123,-0.3777396798881257,0
1571235662000,0.06577477034385075,-1.5481517968242449,-1.463818645719127,-0.15842355678453743,-0.3757293619977624,0
1571235662250,-0.021293359944315533,-1.2880261556129702,-1.0445397945023878,1.3119340602286258,-0.3757293619977624,0
1571235662500,-1.6320537702753917,-1.8733088483383382,-1.3240590286468805,0.6782044298415317,-0.3757293619977624,0
1571235662750,-0.23896368566473122,-0.702743462887602,-0.48550132621340203,-0.6457517471342554,-0.3777396798881257,0
1571235663000,-0.6743043371055626,-0.8653219886446487,-1.53369845425525,-1.351709470988663,-0.3777396798881257,0
1571235663250,0.19637696577610014,-1.3205418607643795,-1.114419603038511,0.44274422818696474,-0.3757293619977624,0
1571235663500,-1.8061900308517242,-1.7432460277327009,-1.2192393158426957,0.6843784940372155,-0.3757293619977624,0
1571235663750,-0.7613724673937289,-0.6377120525847833,-0.8698402731620797,0.38218765333614935,-0.3757293619977624,0
1571235664000,-1.1967131188345603,-0.995384809250286,-1.0445397945023878,-1.2627352855933307,-0.3777396798881257,0
1571235664250,-0.5437021416733132,-1.7757617328841102,-0.7650205603578949,-0.3046558443781963,-0.3757293619977624,0
1571235664500,1.1541263989459292,-1.9383402586411569,-1.0445397945023878,1.0195540612631668,-0.3757293619977624,0
1571235664750,-1.109644988546394,-1.1579633350073328,-0.9047801774301413,-0.48438031582789276,-0.3737174735465473,0
1571235665000,1.415330789810428,-1.2229947453101515,-0.5204412304814636,-0.6904925684974974,-0.3777396798881257,0
1571235665250,-0.8919746628259783,-1.5481517968242449,-1.3240590286468805,-0.5396931649234699,-0.3737174735465473,0
1571235665500,0.6752516823610146,-1.7107303225812915,-1.0794796987704494,0.7506862519744212,-0.3757293619977624,0
1571235665750,-0.021293359944315533,-2.035887374095385,-0.9746599859662645,0.6119812481261848,-0.3737174735465473,0
1571235666000,0.7187857475050978,-0.7677748731904207,-0.3457417091411556,1.5391057921410423,-0.3757293619977624,0
1571235666250,-0.1083614902324818,-0.897837693796058,-1.813217688399743,-2.0414285602462034,-0.3777396798881257,0
1571235666500,-0.6743043371055626,-1.2555104504615608,-1.114419603038511,-0.5991502488901224,-0.3777396798881257,0
1571235666750,-1.1967131188345603,-1.9383402586411569,-0.8349003688940181,0.5233453676182873,-0.3757293619977624,0
1571235667000,-0.6307702719614795,-0.702743462887602,-0.9746599859662645,0.17937387331903315,-0.3757293619977624,0
1571235667250,0.5446494869287652,-1.9058245534897476,-1.1493595073065725,-0.6293439600936713,-0.3777396798881257,0
1571235667500,-0.7613724673937289,-1.8407931431869289,-1.463818645719127,-0.06285242608422828,-0.3757293619977624,0
1571235667750,0.3705132263524327,-1.7432460277327009,-1.114419603038511,1.9021069363584997,-0.3777396798881257,0
1571235668000,0.3705132263524327,-1.6131832071270635,-0.6252609432856484,0.7535618435176162,-0.3757293619977624,0
1571235668250,0.8929220080814304,-1.4831203865214262,-0.2059820920689092,-2.7544061105148816,-0.3757293619977624,0
1571235668500,-0.9790427931141445,-1.0929319247045142,-1.7433378798636199,-0.9479425878353214,-0.3777396798881257,0
1571235668750,-0.36956588109698063,-1.1254476298559235,-1.0794796987704494,0.7133035619128842,-0.3757293619977624,0
1571235669000,-0.4130999462410638,-2.0684030792467945,-1.0095998902343262,0.5816183844789184,-0.3757293619977624,0
1571235669250,-0.50016807652923,-0.9628691040988767,-0.8349003688940181,0.4217693251660119,-0.3737174735465473,0
1571235669500,0.19637696577610014,-1.5156360916728355,0.038597237807522056,-0.9871013785558906,-0.3757293619977624,0
1571235669750,0.10930883548793388,-1.7107303225812915,-1.3939388371830037,-0.4196795061060021,-0.3737174735465473,0
1571235670000,-0.4566340113851469,-1.4831203865214262,-1.1493595073065725,0.9238983543409991,-0.3757293619977624,0
1571235670250,0.5446494869287652,-1.1904790401587422,-1.1842994115746341,0.8427051813566656,-0.3757293619977624,0
1571235670500,-0.50016807652923,-1.5806675019756542,-0.10116237926472436,0.27570619001607044,-0.3737174735465473,0
1571235670750,-0.6743043371055626,-1.3855732710671982,-0.4156215176772788,-1.5541849461183443,-0.3717055850953322,0
1571235671000,-0.5437021416733132,-1.7757617328841102,-0.66020084755371,0.5668175456536493,-0.3737174735465473,0
1571235671250,-0.021293359944315533,-1.4180889762186075,-1.0095998902343262,-0.1113146012092523,-0.3757293619977624,0
1571235671500,0.28344509606426643,-1.3530575659157889,-1.2541792201107573,0.7850241980490453,-0.3737174735465473,0
1571235671750,0.28344509606426643,-1.2880261556129702,-1.1493595073065725,0.8717148254541931,-0.3717055850953322,0
1571235672000,0.06577477034385075,-1.4831203865214262,-0.8698402731620797,-0.9352561545565192,-0.3717055850953322,0
1571235672250,-0.021293359944315533,-1.6456989122784729,-0.7300806560898333,-2.172775432792735,-0.3717055850953322,0
1571235672500,-0.06482742508839867,-1.4506046813700169,-0.7650205603578949,-0.8170185963980838,-0.3717055850953322,0
1571235672750,-0.36956588109698063,-1.4180889762186075,-0.66020084755371,0.6102897236890111,-0.3717055850953322,0
1571235673000,-0.3260318159528975,-1.5806675019756542,-0.6951407518217716,0.4404606701967803,-0.3696952672049689,0
1571235673250,-0.19542962052064808,-1.5481517968242449,-0.8349003688940181,0.5637728016667368,-0.3696952672049689,0
1571235673500,-0.06482742508839867,-1.5156360916728355,-0.8698402731620797,0.8761973652127032,-0.3696952672049689,0
1571235673750,-0.1083614902324818,-1.5156360916728355,-0.9047801774301413,1.6393286150435789,-0.3717055850953322,0
1571235674000,-0.1083614902324818,-1.5156360916728355,-0.9047801774301413,-0.8849333025506042,-0.3717055850953322,0
1571235674250,-0.15189555537656493,-1.5481517968242449,-0.9397200816982029,-1.9115194834712703,-0.3717055850953322,0
1571235674500,-0.1083614902324818,-1.5156360916728355,-0.9047801774301413,0.6370158097963542,-0.36768337875375384,0
1571235674750,-0.1083614902324818,-1.5156360916728355,-0.9047801774301413,0.05952936694528264,-0.3696952672049689,0
1571235675000,-0.1083614902324818,-1.5156360916728355,-0.9047801774301413,0.5095594434553224,-0.3717055850953322,0
1571235675250,-0.1083614902324818,-1.5156360916728355,-0.9047801774301413,-0.4174805243376763,-0.36768337875375384,0
1571235675500,-0.1083614902324818,-1.5156360916728355,-0.9047801774301413,-0.0846730913237679,-0.3717055850953322,0
1571235675750,-0.1083614902324818,-1.4831203865214262,-0.9047801774301413,0.34142191440026526,-0.3696952672049689,0
1571235676000,-0.15189555537656493,-1.5156360916728355,-0.9047801774301413,-0.36149106546722976,-0.3717055850953322,0
1571235676250,-0.1083614902324818,-1.5156360916728355,-0.9047801774301413,0.33499412153900554,-0.3696952672049689,0
1571235676500,-0.06482742508839867,-1.5156360916728355,-0.8698402731620797,-0.18760235332578226,-0.3737174735465473,0
1571235676750,-0.1083614902324818,-1.5156360916728355,-0.9047801774301413,0.5523550117158149,-0.3717055850953322,0
1571235677000,-0.15189555537656493,-1.5156360916728355,-0.9047801774301413,-0.07207123426682446,-0.3696952672049689,0
1571235677250,-0.1083614902324818,-1.5156360916728355,-0.9047801774301413,0.4591520152275488,-0.3696952672049689,0
1571235677500,0.06577477034385075,-1.7432460277327009,-0.6951407518217716,-0.07308614892912864,-0.3696952672049689,0
1571235677750,2.3730802229802572,-1.0929319247045142,0.10847704634364527,-0.26786518786967023,-0.36768337875375384,0
1571235678000,2.2424780275480076,1.0531046152885024,-0.7300806560898333,0.042614122573546506,-0.3737174735465473,0
1571235678250,-0.23896368566473122,1.8334815389223267,-0.06622247499666276,-0.2106070856713434,-0.3757293619977624,0
1571235678500,-0.021293359944315533,1.865997244073736,-0.310801804873094,1.149547714259959,-0.3696952672049689,0
1571235678750,1.2411945292340956,1.573355897711052,0.14341695061170687,2.0311702509148466,-0.3696952672049689,0
1571235679000,2.677818678988839,-0.41010211652491785,-0.7650205603578949,-0.42450035075194686,-0.3717055850953322,0
1571235679250,4.245045024175832,-0.4751335268277365,-1.0095998902343262,0.24162197260702212,-0.37975156833934076,0
1571235679500,1.8071373761071763,-1.3205418607643795,-0.5204412304814636,0.7111891563664172,-0.3757293619977624,0
1571235679750,0.7187857475050978,-1.0279005144016955,-0.7999604646259565,0.4506943930416807,-0.3757293619977624,0
1571235680000,0.7623198126491809,-1.0279005144016955,-1.0095998902343262,-0.12070256183556585,-0.3757293619977624,0
1571235680250,0.28344509606426643,-1.3205418607643795,-1.0445397945023878,-0.8642967044170862,-0.3737174735465473,0
1571235680500,0.28344509606426643,-1.2880261556129702,-1.1842994115746341,-1.5429363086111398,-0.3757293619977624,0
1571235680750,0.19637696577610014,-1.3530575659157889,-1.3589989329149421,-3.0263186637905397,-0.3737174735465473,0
1571235681000,0.10930883548793388,-1.4506046813700169,-1.1493595073065725,-2.2861921463052255,-0.3737174735465473,0
1571235681250,0.15284290063201703,-1.4506046813700169,-1.1493595073065725,-2.079995317413762,-0.36768337875375384,0
1571235681500,-0.36956588109698063,-1.6782146174298822,-0.9397200816982029,-1.1137119826783355,-0.3696952672049689,0
1571235681750,-0.06482742508839867,-1.4831203865214262,-0.7999604646259565,0.5414446790960451,-0.3696952672049689,0
1571235682000,-0.36956588109698063,-1.5806675019756542,-0.8349003688940181,0.8187701105706591,-0.3696952672049689,0
1571235682250,-0.3260318159528975,-1.5806675019756542,-0.8349003688940181,1.7339694073034424,-0.3696952672049689,0
1571235682500,-0.15189555537656493,-1.3855732710671982,-0.7650205603578949,3.5296071735850916,-0.3696952672049689,0
1571235682750,-0.50016807652923,-1.5481517968242449,-0.4156215176772788,0.0679869891311507,-0.3717055850953322,0
1571235683000,-0.15189555537656493,-1.4180889762186075,-1.0095998902343262,-0.38787884668713807,-0.3717055850953322,0
1571235683250,-0.28249775080881434,-1.4180889762186075,-1.2541792201107573,-0.246467403739424,-0.3717055850953322,0
1571235683500,0.41404729149651587,-1.2880261556129702,-1.289119124378819,2.3614403972729945,-0.3757293619977624,0
1571235683750,0.45758135664059896,-1.3205418607643795,-1.4288787414510653,-1.8875844126852634,-0.3717055850953322,0
1571235684000,0.41404729149651587,-1.2229947453101515,-1.3589989329149421,-1.554269522340203,-0.36768337875375384,0
1571235684250,0.45758135664059896,-1.2229947453101515,-1.2192393158426957,-0.1222249338290221,-0.36768337875375384,0
1571235684500,0.15284290063201703,-1.4506046813700169,-1.1842994115746341,-0.4580771108298431,-0.36768337875375384,0
1571235684750,-0.1083614902324818,-1.5156360916728355,-1.114419603038511,-0.13355814755808532,-0.3717055850953322,0
1571235685000,-0.4566340113851469,-1.5806675019756542,-1.0794796987704494,-0.6181798988083255,-0.3717055850953322,0
1571235685250,-0.36956588109698063,-1.3530575659157889,-0.9047801774301413,0.7236218609796433,-0.3717055850953322,0
1571235685500,-0.4566340113851469,-1.4180889762186075,-0.7650205603578949,0.8273968852002445,-0.3717055850953322,0
1571235685750,-0.15189555537656493,-1.7107303225812915,-0.7650205603578949,0.20931385585700613,-0.3737174735465473,0
1571235686000,-0.4130999462410638,-1.5806675019756542,-0.7650205603578949,0.3201087064918778,-0.3737174735465473,0
1571235686250,-0.23896368566473122,-1.4831203865214262,-0.6951407518217716,0.8526005993141313,-0.3717055850953322,0
1571235686500,-0.15189555537656493,-1.4831203865214262,-0.5903210390175868,1.7834464970907706,-0.3717055850953322,0
1571235686750,-0.15189555537656493,-1.4831203865214262,-0.6252609432856484,-1.5023397221189732,-0.3696952672049689,0
1571235687000,-0.23896368566473122,-1.5481517968242449,-0.6951407518217716,-1.519593271378144,-0.36768337875375384,0
1571235687250,-0.3260318159528975,-1.5806675019756542,-0.6951407518217716,0.2185326640396023,-0.36768337875375384,0
1571235687500,-0.23896368566473122,-1.5481517968242449,-0.7300806560898333,-0.07993682289968176,-0.3717055850953322,0
1571235687750,-0.23896368566473122,-1.4831203865214262,-0.6951407518217716,0.2539701009983895,-0.3696952672049689,0
1571235688000,-0.19542962052064808,-1.5156360916728355,-0.66020084755371,-0.5274296127539612,-0.3696952672049689,0
1571235688250,-0.19542962052064808,-1.4831203865214262,-0.66020084755371,0.4924750466398689,-0.3696952672049689,0
1571235688500,-0.15189555537656493,-1.5156360916728355,-0.66020084755371,-0.2873177188971668,-0.3696952672049689,0
1571235688750,-0.1083614902324818,-1.5806675019756542,-0.66020084755371,0.13006593597542232,-0.3696952672049689,0
1571235689000,0.022240705199767605,-1.3855732710671982,-0.6951407518217716,0.4007098459232004,-0.3696952672049689,0
1571235689250,-0.4566340113851469,-1.6131832071270635,-1.0095998902343262,0.051071744759414575,-0.3696952672049689,0
1571235689500,-0.19542962052064808,-1.4831203865214262,-1.114419603038511,0.21007504185373424,-0.3717055850953322,0
1571235689750,0.5446494869287652,-1.4831203865214262,-1.1493595073065725,0.14520507968812615,-0.36768337875375384,0
1571235690000,0.10930883548793388,-1.4506046813700169,-0.9746599859662645,1.2450342687384095,-0.3696952672049689,0
1571235690250,-0.15189555537656493,-1.5481517968242449,-1.114419603038511,-2.3320324585526304,-0.3696952672049689,0
1571235690500,-0.3260318159528975,-1.6131832071270635,-1.114419603038511,-0.7692330310479292,-0.36768337875375384,0
1571235690750,-0.5437021416733132,-1.6782146174298822,-1.1842994115746341,-0.12670747358753218,-0.3696952672049689,0
1571235691000,-0.5872362068173963,-1.6782146174298822,-1.0794796987704494,-0.15419474569160338,-0.36768337875375384,0
1571235691250,-0.4130999462410638,-1.0929319247045142,-0.48550132621340203,0.8838092251799845,-0.3696952672049689,0
1571235691500,0.022240705199767605,-1.8407931431869289,-0.5553811347495252,-0.7803125161114164,-0.36768337875375384,0
1571235691750,0.3269791612083496,-1.1904790401587422,-1.114419603038511,0.4369084688787157,-0.3717055850953322,0
1571235692000,0.19637696577610014,-1.3855732710671982,-1.2192393158426957,0.5380616302216978,-0.3696952672049689,0
1571235692250,0.06577477034385075,-1.4831203865214262,-1.289119124378819,2.74634678295185,-0.3696952672049689,0
1571235692500,0.10930883548793388,-1.5806675019756542,-1.1493595073065725,-2.370260910832754,-0.36768337875375384,0
1571235692750,0.022240705199767605,-1.3855732710671982,-0.8698402731620797,-0.5851105960615814,-0.36768337875375384,0
1571235693000,-0.6743043371055626,-1.2555104504615608,-1.0445397945023878,-0.3597149648081974,-0.36768337875375384,0
1571235693250,-0.50016807652923,-1.9058245534897476,-0.9047801774301413,0.14782694256574525,-0.3696952672049689,0
1571235693500,0.19637696577610014,-0.995384809250286,-0.48550132621340203,0.3299195482274847,-0.36768337875375384,0
1571235693750,-0.06482742508839867,-1.1254476298559235,-0.3457417091411556,-0.4460672873259104,-0.36768337875375384,0
1571235694000,-0.23896368566473122,-1.4506046813700169,-1.0445397945023878,0.11230492938509938,-0.3696952672049689,0
1571235694250,0.022240705199767605,-1.5806675019756542,-1.1493595073065725,0.28593991286097076,-0.36768337875375384,0
1571235694500,0.3269791612083496,-1.4506046813700169,-1.0445397945023878,0.4620276067707439,-0.36567149030253865,0
1571235694750,-0.021293359944315533,-1.2555104504615608,-0.9746599859662645,-1.0627125208975512,-0.36768337875375384,0
1571235695000,-0.6743043371055626,-1.2555104504615608,-0.6951407518217716,0.08101172729738754,-0.3696952672049689,0
1571235695250,0.28344509606426643,-1.4831203865214262,-0.24092199633697078,-0.5171113136872022,-0.3696952672049689,0
1571235695500,-0.50016807652923,-1.2555104504615608,-0.9047801774301413,0.6259363247328672,-0.3696952672049689,0
1571235695750,-0.5437021416733132,-1.8082774380355195,-1.4987585499871885,0.6009863392845564,-0.3696952672049689,0
1571235696000,0.2399110309201833,-1.5156360916728355,-1.4288787414510653,2.0544287119259836,-0.3696952672049689,0
1571235696250,-0.28249775080881434,-1.3530575659157889,-1.1493595073065725,-0.45579355283965867,-0.36768337875375384,0
1571235696500,0.6317176172169315,-1.7107303225812915,-0.6252609432856484,-1.7681627874208063,-0.3696952672049689,0
1571235696750,0.06577477034385075,-1.2880261556129702,-0.2758619006050324,-0.3699486876530978,-0.3696952672049689,0
1571235697000,-0.9790427931141445,-1.6456989122784729,-0.8349003688940181,-0.133642723779944,-0.36768337875375384,0
1571235697250,-0.5437021416733132,-1.7432460277327009,-1.0794796987704494,0.6661100301157404,-0.36768337875375384,0
1571235697500,-0.021293359944315533,-1.4831203865214262,-1.289119124378819,1.1273041679111262,-0.36567149030253865,0
1571235697750,0.19637696577610014,-1.3205418607643795,-1.114419603038511,-1.1018713116181202,-0.36768337875375384,0
1571235698000,0.41404729149651587,-1.3205418607643795,-1.0794796987704494,-1.8622115461276594,-0.36567149030253865,0
1571235698250,0.41404729149651587,-1.1579633350073328,-0.9746599859662645,-0.28283517913865674,-0.36768337875375384,0
1571235698500,0.06577477034385075,-1.2880261556129702,-1.0095998902343262,-0.48725590737108787,-0.3696952672049689,0
1571235698750,-0.3260318159528975,-1.9058245534897476,-0.8698402731620797,0.450356088154246,-0.3696952672049689,0
1571235699000,-0.15189555537656493,-1.3205418607643795,-0.7650205603578949,0.039569378586634,-0.36567149030253865,0
1571235699250,0.2399110309201833,-1.3530575659157889,-0.48550132621340203,0.4759826833774262,-0.36768337875375384,0
1571235699500,-0.4566340113851469,-1.1904790401587422,-0.9746599859662645,0.2211545269172214,-0.36768337875375384,0
1571235699750,0.06577477034385075,-1.6456989122784729,-1.3939388371830037,1.1912437916362888,-0.36567149030253865,0
1571235700000,0.022240705199767605,-1.2555104504615608,-1.114419603038511,0.4760672595992849,-0.36768337875375384,0
1571235700250,0.3705132263524327,-1.3855732710671982,-1.0445397945023878,0.28289516887405824,-0.36567149030253865,0
1571235700500,0.06577477034385075,-1.4831203865214262,-0.9746599859662645,-0.7783672630086667,-0.36768337875375384,0
1571235700750,-0.15189555537656493,-1.7757617328841102,-0.5903210390175868,-1.5939357703919244,-0.36365960185132357,0
1571235701000,0.19637696577610014,-1.1904790401587422,-0.6252609432856484,-0.5155889416937459,-0.3696952672049689,0
1571235701250,-0.4130999462410638,-1.1579633350073328,-0.9746599859662645,0.40273967524780874,-0.36768337875375384,0
1571235701500,-0.23896368566473122,-1.4180889762186075,-1.638518167059435,0.41957034339768623,-0.3717055850953322,0
1571235701750,-0.5437021416733132,-1.4831203865214262,-1.7083979755955583,0.6475878375286893,-0.36768337875375384,0
1571235702000,-0.4566340113851469,-1.6131832071270635,-1.3939388371830037,0.6519858010653408,-0.3696952672049689,0
1571235702250,-0.50016807652923,-1.6782146174298822,-1.2541792201107573,-0.599488553777557,-0.36365960185132357,0
1571235702500,0.06577477034385075,-1.4180889762186075,-0.9397200816982029,-0.6414383598194627,-0.36567149030253865,0
1571235702750,0.5011154217846822,-1.3205418607643795,-0.6252609432856484,-0.6339110760740401,-0.36768337875375384,0
1571235703000,0.06577477034385075,-1.5806675019756542,-0.7300806560898333,0.7968648691092607,-0.36567149030253865,0
1571235703250,-0.1083614902324818,-1.4506046813700169,-1.0095998902343262,-0.41401289924147044,-0.36768337875375384,0
1571235703500,0.022240705199767605,-1.4831203865214262,-1.2541792201107573,0.2447512928157933,-0.36567149030253865,0
1571235703750,0.022240705199767605,-1.4506046813700169,-1.1842994115746341,-0.3079543170306849,-0.36768337875375384,0
1571235704000,0.15284290063201703,-1.3855732710671982,-1.0794796987704494,0.5674941554285187,-0.36567149030253865,0
1571235704250,0.28344509606426643,-1.3855732710671982,-1.0794796987704494,-0.3345958269161693,-0.3696952672049689,0
1571235704500,-0.50016807652923,-1.3205418607643795,-1.114419603038511,-0.08526512487677865,-0.36768337875375384,0
1571235704750,0.022240705199767605,-1.4506046813700169,-0.5903210390175868,-0.2411391017623271,-0.3696952672049689,0
1571235705000,0.022240705199767605,-1.2229947453101515,-0.3457417091411556,0.47894285114248003,-0.36768337875375384,0
1571235705250,-0.15189555537656493,-1.5156360916728355,-0.7999604646259565,0.16000591851339527,-0.36365960185132357,0
1571235705500,-0.06482742508839867,-1.4180889762186075,-1.114419603038511,0.8747595694411056,-0.36567149030253865,0
1571235705750,0.022240705199767605,-1.5806675019756542,-1.0794796987704494,1.2119649659916654,-0.36567149030253865,0
1571235706000,-0.15189555537656493,-1.4180889762186075,-1.289119124378819,-0.701741206004702,-0.36768337875375384,0
1571235706250,0.28344509606426643,-1.3855732710671982,-1.2192393158426957,-1.6842631753369952,-0.36567149030253865,0
1571235706500,0.15284290063201703,-1.4180889762186075,-1.114419603038511,-0.687447824510585,-0.36768337875375384,0
1571235706750,-0.06482742508839867,-1.5481517968242449,-1.0794796987704494,0.00979854849237841,-0.36567149030253865,0
1571235707000,-0.28249775080881434,-1.4831203865214262,-1.0445397945023878,0.06426563536936876,-0.36768337875375384,0
1571235707250,-0.23896368566473122,-1.5481517968242449,-1.0095998902343262,0.2768056809002332,-0.36768337875375384,0
1571235707500,-0.23896368566473122,-1.7107303225812915,-0.66020084755371,-0.4250923843049576,-0.36768337875375384,0
1571235707750,0.19637696577610014,-1.2880261556129702,-0.5903210390175868,0.2557462016574218,-0.36567149030253865,0
1571235708000,0.3269791612083496,-1.2555104504615608,-0.48550132621340203,0.2229306275762537,-0.36567149030253865,0
1571235708250,0.5446494869287652,-1.6131832071270635,-0.8698402731620797,0.7007862810777995,-0.36567149030253865,0
1571235708500,0.06577477034385075,-1.4506046813700169,-0.7999604646259565,0.45999777744613557,-0.36567149030253865,0
1571235708750,-0.021293359944315533,-1.4506046813700169,-0.8698402731620797,1.8786793229036451,-0.36567149030253865,0
1571235709000,-0.021293359944315533,-1.4506046813700169,-1.0445397945023878,-1.233049031720934,-0.36365960185132357,0
1571235709250,0.06577477034385075,-1.5156360916728355,-1.114419603038511,-1.3597442120652374,-0.36768337875375384,0
1571235709500,-0.15189555537656493,-1.2880261556129702,-1.0095998902343262,-1.1964275276561251,-0.36567149030253865,0
1571235709750,-0.9790427931141445,-1.9058245534897476,-0.6252609432856484,0.0772903735356056,-0.36567149030253865,0
1571235710000,-0.19542962052064808,-0.8653219886446487,-0.5903210390175868,0.13006593597542232,-0.36768337875375384,0
1571235710250,0.06577477034385075,-1.1904790401587422,-1.114419603038511,0.804476729076542,-0.36567149030253865,0
1571235710500,0.19637696577610014,-1.5481517968242449,-1.289119124378819,0.3276359902373003,-0.36768337875375384,0
1571235710750,-0.021293359944315533,-1.5481517968242449,-1.0445397945023878,1.2358154605558134,-0.36567149030253865,0
1571235711000,-0.28249775080881434,-1.6456989122784729,-0.8349003688940181,0.7336864313808262,-0.3696952672049689,0
1571235711250,-0.8919746628259783,-1.9383402586411569,-0.7650205603578949,-2.0526771977534084,-0.36768337875375384,0
1571235711500,-0.9355087279700615,-1.7432460277327009,-0.7300806560898333,0.28196483043361276,-0.36768337875375384,0
1571235711750,-0.9355087279700615,-1.7432460277327009,-1.0095998902343262,-0.33789429956865785,-0.36567149030253865,0
1571235712000,-0.5872362068173963,-1.7757617328841102,-1.0445397945023878,0.45543066146576683,-0.36567149030253865,0
1571235712250,-0.15189555537656493,-1.5481517968242449,-1.0445397945023878,-0.10598629923215541,-0.36567149030253865,0
1571235712500,0.022240705199767605,-1.3855732710671982,-1.2192393158426957,-0.5578770526230862,-0.36768337875375384,0
1571235712750,0.28344509606426643,-1.3530575659157889,-1.0445397945023878,-0.515842670359322,-0.36768337875375384,0
1571235713000,0.15284290063201703,-1.4180889762186075,-1.0095998902343262,0.43377914866994455,-0.3717055850953322,0
1571235713250,-1.0661109234023107,-1.2880261556129702,-1.1493595073065725,0.7591438741602892,-0.3696952672049689,0
1571235713500,-0.5872362068173963,-1.5156360916728355,-1.0095998902343262,-1.359659635843379,-0.36768337875375384,0
1571235713750,0.022240705199767605,-1.3205418607643795,-0.5553811347495252,0.10350900231179659,-0.3696952672049689,0
1571235714000,-0.8919746628259783,-1.0929319247045142,-1.0445397945023878,0.03897734503362324,-0.36768337875375384,0
1571235714250,-0.19542962052064808,-1.7432460277327009,-1.4288787414510653,1.4094504440316846,-0.3696952672049689,0
1571235714500,-0.36956588109698063,-2.3935601307608874,-1.3589989329149421,-0.055917175891816474,-0.36567149030253865,0
1571235714750,-0.8919746628259783,-2.003371668943976,-1.3240590286468805,0.1117974720539473,-0.36768337875375384,0
1571235715000,0.3705132263524327,1.280714551348368,-0.5553811347495252,-0.25712400769361776,-0.36567149030253865,0
1571235715250,-1.457917509699059,1.3132302564997773,-4.154191274359871,0.7072140739390592,-0.3717055850953322,0
1571235715500,-5.76778995896329,-3.8242511574228986,-3.0361143377818993,0.47217675339378556,-0.3696952672049689,0
1571235715750,-6.812607522421285,-3.661672631665852,-2.896354720709653,1.198094465606842,-0.3717055850953322,0
1571235716000,0.2399110309201833,-1.5806675019756542,0.9120948445090622,0.894804134021613,-0.3737174735465473,0
1571235716250,1.0235242035136798,-0.4751335268277365,0.24823666341589168,1.9717977431700526,-0.34957952381452145,0
1571235716500,1.1976604640900124,0.14266487104904096,0.003657333539460452,0.5582753472459226,-0.3334891278873561,0
1571235716750,0.8058538777932641,0.240211986503269,0.3530563762200765,0.2847558457549493,-0.12027606888410936,0
1571235717000,0.8929220080814304,0.27272769165467836,0.2831765676839533,-0.9766985032672728,-0.12027606888410936,0
1571235717250,0.8493879429373472,0.27272769165467836,0.3181164719520149,-1.4143804513859453,0.3825829635383364,0
1571235717500,0.8493879429373472,0.33775910195749703,0.3530563762200765,-4.625824171581909,0.29852183506496666,0
1571235717750,0.8493879429373472,0.3052433968060877,0.3181164719520149,-12.492681447767092,0.075252474927348,0
1571235718000,0.8493879429373472,0.33775910195749703,0.3530563762200765,13.868711990921367,-0.0353762609158538,0
1571235718250,0.8493879429373472,0.3052433968060877,0.3181164719520149,4.855593179885487,-0.10376633320950099,0
1571235718500,0.8929220080814304,0.3052433968060877,0.3181164719520149,-0.4269530611858486,-0.16813105803986614,0
1571235718750,0.9799901383695966,0.3052433968060877,0.3530563762200765,-0.3188646496504547,-0.21640695750391786,0
1571235719000,0.8493879429373472,0.33775910195749703,0.21329675914783008,-5.033143256053315,-0.24255522512630692,0
1571235719250,1.067058268657763,0.37027480710890637,0.24823666341589168,-0.47423116920485103,-0.318989710103111,0
1571235719500,1.1976604640900124,0.37027480710890637,-0.310801804873094,-1.7879536233357376,-0.3028977436150938,0
1571235719750,1.2847285943781785,0.27272769165467836,-0.4156215176772788,0.5044848701438016,-0.3893901002871215,0
1571235720000,1.5894670503867605,0.4027905122603157,-0.6951407518217716,0.9474105440177123,-0.4597904904711321,0
1571235720250,1.4588648549545111,0.33775910195749703,-0.7999604646259565,1.2610191746697004,-0.4738705685079342,0
1571235720500,1.1976604640900124,0.3052433968060877,-0.5903210390175868,2.5489458811336894,-0.5140989141671255,0
1571235720750,1.3282626595222617,0.4027905122603157,-0.5204412304814636,1.002554240669572,-0.560362925179962,0
1571235721000,1.110592333801846,0.4027905122603157,-0.13610228353278597,0.08540969083403893,-0.6468537112911379,0
1571235721250,1.067058268657763,0.43530621741172504,0.038597237807522056,0.09530510879150457,-0.6488655997423529,0
1571235721500,1.067058268657763,0.5653690380173624,0.10847704634364527,-0.3940529108828218,-0.8238606309767718,0
1571235721750,0.9799901383695966,0.43530621741172504,0.14341695061170687,-0.17719947803716454,-0.5080648193743319,0
1571235722000,1.1976604640900124,0.27272769165467836,0.49281599329232295,-0.020226010267453225,-0.5100767078255471,0
1571235722250,0.3269791612083496,0.4678219225631344,0.4578760890242613,0.32086989248860587,-0.5040426130327536,0
1571235722500,0.3269791612083496,0.4678219225631344,0.7723352274368158,0.5259672304959064,-0.49398474133752984,0
1571235722750,0.2399110309201833,0.37027480710890637,0.7723352274368158,-0.08754868286696303,-0.5080648193743319,0
1571235723000,0.28344509606426643,0.43530621741172504,0.7723352274368158,-0.48438031582789276,-0.5020307245815384,0
1571235723250,0.3705132263524327,0.43530621741172504,0.7373953231687541,0.6168866689939883,-0.5000188361303234,0
1571235723500,0.3269791612083496,0.43530621741172504,0.7373953231687541,0.18707030950817308,-0.5040426130327536,0
1571235723750,0.28344509606426643,0.43530621741172504,0.7373953231687541,0.17709031532884878,-0.5241567858623492,0
1571235724000,0.3269791612083496,0.43530621741172504,0.7373953231687541,-0.8009491142449344,-0.5120885962767622,0
1571235724250,0.28344509606426643,0.43530621741172504,0.7373953231687541,-0.2807207735921897,-0.5140989141671255,0
1571235724500,0.28344509606426643,0.43530621741172504,0.7723352274368158,-0.14074712641607315,-0.5100767078255471,0
1571235724750,0.2399110309201833,0.4027905122603157,0.8072751317048774,-0.31945668320346543,-0.4597904904711321,0
1571235725000,0.19637696577610014,0.37027480710890637,0.8072751317048774,0.09801154789098235,-0.40950427311671717,0
1571235725250,0.19637696577610014,0.33775910195749703,0.7723352274368158,0.018932780453115923,-0.4235843511535193,0
1571235725500,0.28344509606426643,0.33775910195749703,0.7723352274368158,-0.44056983290509616,-0.41151616156793225,0
1571235725750,0.28344509606426643,0.33775910195749703,0.7723352274368158,-0.26989501719427855,-0.38134411704311294,0
1571235726000,0.2399110309201833,0.37027480710890637,0.6675155146326309,0.27443754668819015,-0.4054820667751387,0
1571235726250,0.3269791612083496,0.37027480710890637,0.7373953231687541,0.11940933202122855,-0.4356525407391063,0
1571235726500,0.3705132263524327,0.43530621741172504,0.7024554189006925,0.10630001763313306,-0.4819165517519428,0
1571235726750,0.3269791612083496,0.4027905122603157,0.7373953231687541,-0.022594144479496283,-0.5140989141671255,0
1571235727000,0.3269791612083496,0.4027905122603157,0.7373953231687541,0.015549731578768695,-0.5020307245815384,0
1571235727250,0.3269791612083496,0.4027905122603157,0.7373953231687541,-0.07477767336630226,-0.5000188361303234,0
1571235727500,0.3269791612083496,0.43530621741172504,0.7373953231687541,-0.16341355387419956,-0.5080648193743319,0
1571235727750,0.3269791612083496,0.4027905122603157,0.7373953231687541,-0.05540971856066439,-0.5181226910695557,0
1571235728000,0.3269791612083496,0.4027905122603157,0.7373953231687541,-0.002803308564565009,-0.5080648193743319,0
1571235728250,0.3269791612083496,0.4027905122603157,0.7373953231687541,-0.0032261896738584126,-0.5020307245815384,0
1571235728500,0.3269791612083496,0.4027905122603157,0.7373953231687541,-0.047544129927807086,-0.49800851823996006,0
1571235728750,0.3269791612083496,0.4027905122603157,0.7373953231687541,0.07466851065798649,-0.5000188361303234,0
1571235729000,0.3269791612083496,0.4027905122603157,0.7373953231687541,0.09192205991715734,-0.5000188361303234,0
1571235729250,0.3269791612083496,0.4027905122603157,0.7373953231687541,0.02578345442366906,-0.5080648193743319,0
1571235729500,0.3269791612083496,0.4027905122603157,0.7373953231687541,-0.01675838517124732,-0.5020307245815384,0
1571235729750,0.3269791612083496,0.4027905122603157,0.7373953231687541,-0.005340595220325429,-0.5020307245815384,0
1571235730000,0.3269791612083496,0.4027905122603157,0.7373953231687541,-0.01168381185972648,-0.5040426130327536,0
1571235730250,0.3269791612083496,0.4027905122603157,0.7373953231687541,-0.011937540525302522,-0.5040426130327536,0
1571235730500,0.3269791612083496,0.4027905122603157,0.7373953231687541,0.023753625099060722,-0.5080648193743319,0
1571235730750,0.3269791612083496,0.4027905122603157,0.7373953231687541,0.021216338443300304,-0.5060529309231169,0
1571235731000,0.3269791612083496,0.4027905122603157,0.7373953231687541,-0.003395342117575774,-0.5060529309231169,0
1571235731250,0.3269791612083496,0.4027905122603157,0.7373953231687541,-0.03147464777465775,-0.5100767078255471,0
1571235731500,0.3269791612083496,0.4027905122603157,0.7373953231687541,-0.01582804673080183,-0.5080648193743319,0
1571235731750,0.3269791612083496,0.4027905122603157,0.7373953231687541,0.009460243604943687,-0.5100767078255471,0
1571235732000,0.3269791612083496,0.4027905122603157,0.7373953231687541,0.005316008733868335,-0.5080648193743319,0
1571235732250,0.3269791612083496,0.4027905122603157,0.7373953231687541,-0.0016192414585434803,-0.5161108026183406,0
1571235732500,0.3269791612083496,0.4027905122603157,0.7373953231687541,-0.028007022678451846,-0.5080648193743319,0
1571235732750,0.3269791612083496,0.4027905122603157,0.7373953231687541,0.013435326032301678,-0.5120885962767622,0
1571235733000,0.3269791612083496,0.4027905122603157,0.7373953231687541,-0.003141613451999732,-0.5161108026183406,0
1571235733250,0.3269791612083496,0.4027905122603157,0.7373953231687541,0.006500075839889863,-0.5140989141671255,0
1571235733500,0.3269791612083496,0.4027905122603157,0.7373953231687541,0.004385670293422847,-0.5161108026183406,0
1571235733750,0.3269791612083496,0.4027905122603157,0.7373953231687541,-0.03638006864246123,-0.5100767078255471,0
1571235734000,0.3705132263524327,0.4027905122603157,0.7373953231687541,0.014365664472747166,-0.5181226910695557,0
1571235734250,0.3705132263524327,0.4027905122603157,0.7373953231687541,0.005654313621303057,-0.5281789922039275,0
1571235734500,0.3269791612083496,0.4027905122603157,0.7373953231687541,0.0256143019799517,-0.534213086996721,0
1571235734750,0.3705132263524327,0.37027480710890637,0.6675155146326309,-0.033927358208559494,-0.5322027691063578,0
1571235735000,0.41404729149651587,0.4027905122603157,0.6325756103645693,-0.13119001334604224,-0.6146713488759553,0
1571235735250,0.5011154217846822,0.43530621741172504,0.5277558975603845,0.12998135975356365,-0.5402487523503664,0
1571235735500,0.5881835520728484,0.33775910195749703,0.5976357060965077,-0.06775784695203176,-0.5523169419359534,0
1571235735750,0.5011154217846822,0.43530621741172504,0.6325756103645693,0.05335530274959895,-0.5563391482775317,0
1571235736000,0.45758135664059896,0.37027480710890637,0.6675155146326309,-0.026907531794288994,-0.5784652095583424,0
1571235736250,0.45758135664059896,0.43530621741172504,0.7024554189006925,-0.21026878078390868,-0.5503050534847382,0
1571235736500,0.41404729149651587,0.37027480710890637,0.6325756103645693,-0.002803308564565009,-0.5985793823879381,0
1571235736750,0.5446494869287652,0.37027480710890637,0.5626958018284461,0.42735135580868483,-0.5623732430703252,0
1571235737000,0.5881835520728484,0.37027480710890637,0.5976357060965077,-0.14032424530677978,-0.5663970199727555,0
1571235737250,0.5011154217846822,0.43530621741172504,0.6675155146326309,-0.058285310103859525,-0.5643851315215404,0
1571235737500,0.45758135664059896,0.4678219225631344,0.6675155146326309,-0.3867793558029753,-0.5663970199727555,0
1571235737750,0.5011154217846822,0.43530621741172504,0.6325756103645693,-0.226338262937058,-0.5704192263143338,0
1571235738000,0.5011154217846822,0.43530621741172504,0.6675155146326309,0.42540610270593515,-0.5583510367287469,0
1571235738250,0.45758135664059896,0.43530621741172504,0.6675155146326309,0.7314028733906419,-0.5623732430703252,0
1571235738500,0.45758135664059896,0.43530621741172504,0.6325756103645693,0.19028420593880296,-0.5643851315215404,0
1571235738750,0.45758135664059896,0.43530621741172504,0.6675155146326309,-0.07528513069745434,-0.5684089084239706,0
1571235739000,0.45758135664059896,0.43530621741172504,0.6325756103645693,-0.15842355678453743,-0.5623732430703252,0
1571235739250,0.45758135664059896,0.43530621741172504,0.6675155146326309,-0.15123457792654957,-0.5643851315215404,0
1571235739500,0.45758135664059896,0.43530621741172504,0.6675155146326309,-0.16400558742721033,-0.5623732430703252,0
1571235739750,0.45758135664059896,0.43530621741172504,0.6675155146326309,-0.1191801898421096,-0.5885230812535662,0
1571235740000,0.45758135664059896,0.43530621741172504,0.6675155146326309,-0.06090717298147863,-0.5684089084239706,0
1571235740250,0.45758135664059896,0.43530621741172504,0.6675155146326309,-0.0063555098826295975,-0.5623732430703252,0
1571235740500,0.45758135664059896,0.43530621741172504,0.6675155146326309,-0.0758771642504651,-0.5663970199727555,0
1571235740750,0.45758135664059896,0.43530621741172504,0.6325756103645693,-0.07164835315753107,-0.5643851315215404,0
1571235741000,0.5011154217846822,0.43530621741172504,0.6325756103645693,0.003286179409259999,-0.5643851315215404,0
1571235741250,0.45758135664059896,0.43530621741172504,0.6325756103645693,0.008191600277063477,-0.5623732430703252,0
1571235741500,0.6317176172169315,0.4027905122603157,0.6675155146326309,-0.03485769664900498,-0.5684089084239706,0
1571235741750,1.2411945292340956,0.20769628135185966,0.6675155146326309,-0.009569406313259463,-0.6367974101567659,0
1571235742000,0.6317176172169315,-1.0929319247045142,-0.8698402731620797,0.07179291911479134,-0.5764533211071273,0
1571235742250,-0.36956588109698063,-1.3855732710671982,-1.289119124378819,-0.0094002538695421,-0.5563391482775317,0
1571235742500,-0.804906532537812,-1.7757617328841102,-3.210813859122207,-0.3882171515745728,-0.839952597464789,0
1571235742750,-1.109644988546394,-1.1904790401587422,-1.3240590286468805,-2.002438921969352,-0.524576125609792,0
1571235743000,-2.372132877724805,-1.4506046813700169,-0.8698402731620797,-1.1636965297968156,-0.4903803041825426,0
1571235743250,-2.372132877724805,-1.6131832071270635,-0.5903210390175868,1.2007163284844609,-0.2952711001185281,0
1571235743500,-1.4143834445549759,-1.9708559637925664,-0.7999604646259565,-1.716402139643294,-0.10217378450572873,0
1571235743750,-1.370849379410893,-1.6782146174298822,-0.7650205603578949,-1.1079607995919454,-0.2429745648737499,0
1571235744000,0.8493879429373472,-2.1984658998524313,-2.092736922544236,0.1126432342725341,-0.4521638469745664,0
1571235744250,0.19637696577610014,-1.7107303225812915,-3.6300927103389466,1.3746050406259083,-0.2972829885697433,0
1571235744500,-2.372132877724805,-1.1904790401587422,-1.3589989329149421,3.4788614404698834,-0.43204967414497086,0
1571235744750,-1.0661109234023107,-1.6456989122784729,-1.289119124378819,2.211317603473836,-0.39584353482735807,0
1571235745000,-0.5437021416733132,-1.6782146174298822,-0.17104218780084757,-0.570901790789323,-0.7357772961618237,0
1571235745250,-0.8484405976818952,-1.3205418607643795,-0.06622247499666276,-1.5695778184966243,-0.6191128949649767,0
1571235745500,-1.109644988546394,-1.3205418607643795,0.24823666341589168,-2.2949880733785286,-0.4903803041825426,0
1571235745750,-1.109644988546394,-1.2229947453101515,0.3530563762200765,-0.021663806039050798,-0.5326205382929489,0
1571235746000,-0.9355087279700615,-1.2555104504615608,0.3181164719520149,2.58032365944326,-0.3415351111313647,0
1571235746250,-0.9790427931141445,-1.2229947453101515,0.3181164719520149,0.21954757870190644,-0.3415351111313647,0
1571235746500,-1.2402471839786433,-1.3205418607643795,0.3181164719520149,0.34142191440026526,-0.3415351111313647,0
1571235746750,-1.1967131188345603,-1.2880261556129702,0.3879962804881381,0.1717620133517519,-0.34354542902172797,0
1571235747000,-1.1531790536904771,-1.2229947453101515,0.3879962804881381,0.9381071596132574,-0.34354542902172797,0
1571235747250,-1.2402471839786433,-1.2880261556129702,0.3530563762200765,-0.11089172009995889,-0.3475692059241582,0
1571235747500,-1.2402471839786433,-1.2555104504615608,0.3530563762200765,0.2548158632169763,-0.3455573174729431,0
1571235747750,-1.2402471839786433,-1.2880261556129702,0.3879962804881381,0.3916601901843216,-0.34957952381452145,0
1571235748000,-1.2402471839786433,-1.2555104504615608,0.3530563762200765,0.5625041583388567,-0.35360330071695173,0
1571235748250,-1.2402471839786433,-1.2555104504615608,0.3879962804881381,-0.30330262482845743,-0.35360330071695173,0
1571235748500,-1.1967131188345603,-1.2880261556129702,0.3530563762200765,0.005738889843161737,-0.35360330071695173,0
1571235748750,-1.0661109234023107,-1.2555104504615608,0.3530563762200765,0.08414104750615871,-0.41595770765695367,0
1571235749000,-1.109644988546394,-1.3205418607643795,0.3181164719520149,-0.20976132345275658,-0.35360330071695173,0
1571235749250,-1.3273153142668097,-1.2880261556129702,0.2831765676839533,-0.06547428896184739,-0.35360330071695173,0
1571235749500,-1.1967131188345603,-1.2880261556129702,0.3181164719520149,-0.4991811546531619,-0.35360330071695173,0
1571235749750,-1.3273153142668097,-1.2880261556129702,0.3181164719520149,-0.23707944311311044,-0.35360330071695173,0
1571235750000,-1.2837812491227265,-1.2880261556129702,0.3530563762200765,0.10985221895119765,-0.3556151891681668,0
1571235750250,-1.2837812491227265,-1.2880261556129702,0.3530563762200765,0.6519858010653408,-0.35360330071695173,0
1571235750500,-1.3273153142668097,-1.3205418607643795,0.3181164719520149,-0.44488322021988885,-0.35360330071695173,0
1571235750750,-1.2837812491227265,-1.2880261556129702,0.3530563762200765,-0.18202032268310936,-0.3576255070585301,0
1571235751000,-1.2837812491227265,-1.2880261556129702,0.3530563762200765,-0.8467048502704806,-0.4119355013153752,0
1571235751250,-1.2837812491227265,-1.2880261556129702,0.3530563762200765,0.21904012137075438,-0.49842628742655115,0
1571235751500,-1.2837812491227265,-1.2880261556129702,0.3530563762200765,-0.8374014658660258,-0.4219918024497472,0
1571235751750,-1.3273153142668097,-1.2880261556129702,0.3530563762200765,0.5541311123748471,-0.3596373955097452,0
1571235752000,-1.2837812491227265,-1.2880261556129702,0.3530563762200765,-0.3472822601949714,-0.38176345679055584,0
1571235752250,-1.3273153142668097,-1.2880261556129702,0.3879962804881381,0.5488028103977504,-0.3556151891681668,0
1571235752500,1.8506714412512595,-0.4426178216763272,1.1566741743854934,0.2547312869951176,-0.3576255070585301,0
1571235752750,-4.0264273531999635,-0.31255500107068984,0.003657333539460452,-0.8029789435695427,-0.6774450955634002,0
1571235753000,-2.02386035657214,-0.08494506501082442,0.9120948445090622,0.645558008204081,-0.5487125047809661,0
1571235753250,-2.5027350731570546,0.0126020504434036,0.8072751317048774,-0.16848812718572043,-0.43204967414497086,0
1571235753500,-2.2415306822925554,-0.8653219886446487,1.4361934085299863,-2.201615924446545,-0.5507243932321811,0
1571235753750,-2.1979966171484726,0.4678219225631344,0.9470347487771238,1.7673770149376213,-0.34957952381452145,0
1571235754000,-1.6755878354194749,-0.702743462887602,0.9120948445090622,0.7137264430221777,-0.6191128949649767,0
1571235754250,-3.068677920030135,0.5003376277145437,0.3879962804881381,-0.6005034684398612,-0.637216749904209,0
1571235754500,-0.1083614902324818,-0.2800392959192805,0.5626958018284461,0.8006707990929014,-0.3596373955097452,0
1571235754750,-1.5014515748431423,0.4678219225631344,1.0867943658493702,0.7297113489534683,-0.6653769059778132,0
1571235755000,-1.5014515748431423,0.07763346074622228,0.7024554189006925,-1.9164249043390735,-0.36567149030253865,0
1571235755250,-2.8945416594538025,-0.1499764753136431,0.10847704634364527,-0.5303052042971563,-0.36567149030253865,0
1571235755500,-0.8484405976818952,-1.3855732710671982,-0.031282570728601154,-0.05456395634207758,-0.3717055850953322,0
1571235755750,-1.457917509699059,-0.1499764753136431,-1.0794796987704494,1.4340621245925607,-0.7035933631857892,0
1571235756000,-2.2850647474366386,-1.0604162195531048,0.24823666341589168,-1.238884791029183,-0.6010106105865962,0
1571235756250,-2.02386035657214,-1.3205418607643795,0.24823666341589168,-0.8322423163326463,-0.6553190342825894,0
1571235756500,-2.110928486860306,-1.0929319247045142,0.21329675914783008,-1.6277662591353965,-0.6331929730017788,0
1571235756750,-3.112211985174218,-1.7432460277327009,1.9952318768189719,1.4525843171796118,-0.598998722135381,0
1571235757000,-1.6755878354194749,-1.1904790401587422,0.3879962804881381,2.4522752595492174,-0.3757293619977624,0
1571235757250,-1.6320537702753917,-1.2229947453101515,0.3879962804881381,-1.027021355273188,-0.3696952672049689,0
1571235757500,-1.6320537702753917,-1.2880261556129702,0.3530563762200765,-0.9942057811920197,-0.3375113342289344,0
1571235757750,-1.5885197051313085,-1.1904790401587422,0.4229361847561997,-3.086452357532062,-0.40388951807136664,0
1571235758000,-1.5449856399872253,-1.2555104504615608,0.3879962804881381,1.3247050697292868,-0.36768337875375384,0
1571235758250,-1.5449856399872253,-1.2555104504615608,0.4229361847561997,0.9894449262814765,-0.3737174735465473,0
1571235758500,-1.5449856399872253,-1.2229947453101515,0.4229361847561997,0.5145494405449845,-0.3717055850953322,0
1571235758750,-1.5885197051313085,-1.2229947453101515,0.4578760890242613,0.8830480391832563,-0.3737174735465473,0
1571235759000,-1.6320537702753917,-1.2229947453101515,0.4229361847561997,-0.5149123319188764,-0.3717055850953322,0
1571235759250,-1.5885197051313085,-1.1904790401587422,0.4578760890242613,0.6607817281386436,-0.3737174735465473,0
1571235759500,-1.5885197051313085,-1.1904790401587422,0.4578760890242613,-0.17110999006333952,-0.3737174735465473,0
1571235759750,-1.5885197051313085,-1.2229947453101515,0.4229361847561997,-0.4367639029214555,-0.3757293619977624,0
1571235760000,-1.5885197051313085,-1.2229947453101515,0.4229361847561997,0.2970193979244579,-0.45417573542578155,0
1571235760250,-1.5449856399872253,-1.2229947453101515,0.3879962804881381,-0.4550323668429306,-0.3696952672049689,0
1571235760500,-1.5449856399872253,-1.2555104504615608,0.3530563762200765,0.7687009872303201,-0.44009565738897943,0
1571235760750,-1.5449856399872253,-1.1904790401587422,0.49281599329232295,0.07661376376073614,-0.3717055850953322,0
1571235761000,0.5881835520728484,-1.6456989122784729,1.5410131213341711,-0.6779752876624127,-0.3737174735465473,0
1571235761250,-2.5898032034452205,0.14266487104904096,0.07353714207558366,0.3456507254931993,-0.6231366718674068,0
1571235761500,-3.8087570274795484,-0.11746077016223377,0.038597237807522056,-0.03629549242060256,-0.6714110007706067,0
1571235761750,-4.0264273531999635,-0.05242935985941508,-0.06622247499666276,0.5923595646549709,-0.43204967414497086,0
1571235762000,-3.8087570274795484,-0.1499764753136431,-0.3806816134092172,-0.09752867704628734,-0.6553190342825894,0
1571235762250,-3.5910867017591324,-0.6051963474333739,-0.7650205603578949,0.18732403817374912,-0.6331929730017788,0
1571235762500,-3.6346207669032156,-0.4751335268277365,-0.3806816134092172,1.4364302588046038,-0.35360330071695173,0
1571235762750,-3.6781548320472988,-0.4426178216763272,0.1783568548797685,-0.10387189368568839,-0.3596373955097452,0
1571235763000,-3.4169504411828,-0.2150078856164618,0.21329675914783008,-0.3209790551969217,-0.3576255070585301,0
1571235763250,-3.460484506326883,-0.18249218046505244,-0.17104218780084757,-0.7450442315963465,-0.3576255070585301,0
1571235763500,-3.721688897191382,-0.5726806422819646,-0.2758619006050324,-0.5516184122055438,-0.3576255070585301,0
1571235763750,-3.765222962335465,-0.995384809250286,-0.5204412304814636,-0.18591082888860863,-0.3616492839609603,0
1571235764000,-3.9828932880558807,-1.3205418607643795,-0.5903210390175868,-1.1955817654375385,-0.36567149030253865,0
1571235764250,-2.4592010080129714,0.045117755594812944,0.21329675914783008,0.10266324009320979,-0.7377876140521871,0
1571235764500,-3.0251438548860516,-0.5726806422819646,0.5277558975603845,-0.22921385448025314,-0.7176734412225914,0
1571235764750,-2.6333372685893037,-0.9303533989474674,0.5976357060965077,-1.2170641257896433,-0.8122117811386277,0
1571235765000,-2.4592010080129714,-0.897837693796058,0.8072751317048774,-0.4924150569044674,-0.40388951807136664,0
1571235765250,-2.6333372685893037,-0.9628691040988767,0.49281599329232295,-0.4574005010549736,-0.7518676920889892,0
1571235765500,-2.3285988125807218,-0.8653219886446487,0.3181164719520149,1.8815549144468402,-0.7297416308081784,0
1571235765750,-3.3298823108946336,-0.7677748731904207,-0.031282570728601154,0.4512018503728328,-0.5808964377570005,0
1571235766000,-2.676871333733387,-0.5401649371305552,0.3879962804881381,1.05076268712902,-0.4702661313529469,0
1571235766250,-2.9816097897419684,-1.2229947453101515,0.4578760890242613,-1.0369167732306535,-0.51049604757299,0
1571235766500,-2.5027350731570546,-1.1254476298559235,0.10847704634364527,-2.569437913309947,-0.4119355013153752,0
1571235766750,-2.4592010080129714,-0.9303533989474674,0.003657333539460452,0.19510505058474775,-0.37975156833934076,0
1571235767000,-3.3298823108946336,-0.7352591680390114,0.10847704634364527,0.13437932329021504,-0.37975156833934076,0
1571235767250,-2.1544625520043894,-1.1579633350073328,0.7723352274368158,-0.19403014618704198,-0.407911724412945,0
1571235767500,-1.5449856399872253,-1.0604162195531048,0.5976357060965077,0.9460573244679734,-0.4602098302185751,0
1571235767750,-1.5885197051313085,-0.995384809250286,0.6325756103645693,0.34057615218167847,-0.3757293619977624,0
1571235768000,-1.762655965707641,-0.7352591680390114,0.9819746530451854,0.19950301412139915,-0.3757293619977624,0
1571235768250,-1.5885197051313085,-0.8328062834932394,0.9120948445090622,2.348500235328616,-0.3737174735465473,0
1571235768500,-1.7191219005635578,-0.3450707062220992,0.8771549402410006,0.7633726852532232,-0.3777396798881257,0
1571235768750,-0.8919746628259783,-0.4426178216763272,0.4578760890242613,-0.3037255059377509,-0.3737174735465473,0
1571235769000,-2.72040539887747,-0.4751335268277365,1.2614938871896781,-2.9746425922348863,-0.3777396798881257,0
1571235769250,-3.1557460503183012,-0.4426178216763272,1.0867943658493702,-1.188308210357692,-0.37975156833934076,0
1571235769500,-3.0251438548860516,-0.5401649371305552,0.49281599329232295,2.04952329105818,-0.4119355013153752,0
1571235769750,-2.9380757245978852,-0.4426178216763272,0.5277558975603845,1.2490939273876263,-0.4441178637305578,0
1571235770000,-2.6333372685893037,-0.4751335268277365,0.7373953231687541,-2.1347161329563282,-0.38176345679055584,0
1571235770250,-2.676871333733387,-0.4426178216763272,0.7373953231687541,-2.3985093689335537,-0.3857856631321343,0
1571235770500,-2.5462691383011373,-0.4751335268277365,0.842215035972939,1.2463874882881485,-0.383775345241771,0
1571235770750,-2.5027350731570546,-0.3450707062220992,0.842215035972939,0.7172786443402422,-0.38176345679055584,0
1571235771000,-2.372132877724805,-0.4426178216763272,0.8771549402410006,1.5350461334918255,-0.38176345679055584,0
1571235771250,-2.72040539887747,-0.41010211652491785,0.7723352274368158,-0.40580900572117845,-0.3857856631321343,0
1571235771500,-2.807473529165636,-0.4751335268277365,0.7373953231687541,-0.09270783240034254,-0.38176345679055584,0
1571235771750,-2.807473529165636,-0.5076492319791459,0.7024554189006925,0.2163336822712766,-0.38176345679055584,0
1571235772000,-2.72040539887747,-0.4751335268277365,0.6675155146326309,-0.7896159005158712,-0.37975156833934076,0
1571235772250,-2.372132877724805,-0.41010211652491785,0.8072751317048774,0.8345012878363737,-0.37975156833934076,0
1571235772500,-2.5462691383011373,-0.4426178216763272,0.8072751317048774,-0.3778142762859551,-0.38176345679055584,0
1571235772750,-2.5462691383011373,-0.41010211652491785,0.7373953231687541,-0.9089529495584696,-0.37975156833934076,0
1571235773000,-2.5898032034452205,-0.41010211652491785,0.7723352274368158,0.1620357478380036,-0.38176345679055584,0
1571235773250,-2.5898032034452205,-0.4426178216763272,0.842215035972939,-0.20993047589647393,-0.37975156833934076,0
1571235773500,-2.5027350731570546,-0.4426178216763272,0.8072751317048774,0.9542612179882655,-0.38176345679055584,0
1571235773750,-2.6333372685893037,-0.3775864113735085,0.842215035972939,0.2430597683786197,-0.37975156833934076,0
1571235774000,-2.6333372685893037,-0.4426178216763272,0.8072751317048774,-0.8329189261075157,-0.38176345679055584,0
1571235774250,-2.5027350731570546,-0.3775864113735085,0.8771549402410006,0.5584444996896399,-0.3777396798881257,0
1571235774500,-2.3285988125807218,-0.41010211652491785,0.842215035972939,-0.1913237070875642,-0.37975156833934076,0
1571235774750,-2.2415306822925554,-0.41010211652491785,0.7723352274368158,-0.7760837050184823,-0.37975156833934076,0
1571235775000,-2.807473529165636,-0.3775864113735085,0.7373953231687541,0.38709307420395284,-0.37975156833934076,0
1571235775250,-2.72040539887747,-0.4426178216763272,0.842215035972939,-0.5407926558076327,-0.3777396798881257,0
1571235775500,-2.415666942868888,-0.4426178216763272,0.8771549402410006,0.5957426135293181,-0.38176345679055584,0
1571235775750,-2.6333372685893037,-0.41010211652491785,0.842215035972939,0.009037362495650283,-0.383775345241771,0
1571235776000,-2.415666942868888,-0.4751335268277365,0.9120948445090622,-0.6441447989189404,-0.38176345679055584,0
1571235776250,-2.415666942868888,-0.4426178216763272,0.8072751317048774,0.2913527910599263,-0.38176345679055584,0
1571235776500,-2.1979966171484726,-0.41010211652491785,0.9470347487771238,-0.7045322213260384,-0.38176345679055584,0
1571235776750,-2.8945416594538025,-0.4751335268277365,0.6675155146326309,0.9981562771329207,-0.383775345241771,0
1571235777000,-3.1557460503183012,-0.41010211652491785,0.5976357060965077,-0.15960762389055896,-0.48434620938974904,0
1571235777250,-3.2863482457505504,-0.5401649371305552,0.4578760890242613,0.4635499787642001,-0.39584353482735807,0
1571235777500,-3.1557460503183012,-0.6377120525847833,0.4229361847561997,0.8274814614221032,-0.3857856631321343,0
1571235777750,-3.112211985174218,-0.5726806422819646,0.4229361847561997,-0.6472741191277116,-0.38176345679055584,0
1571235778000,-3.1557460503183012,-0.5401649371305552,0.4229361847561997,-0.4526642326308875,-0.383775345241771,0
1571235778250,-3.1992801154623844,-0.5076492319791459,0.4578760890242613,-0.5095840299417795,-0.37975156833934076,0
1571235778500,-3.0251438548860516,-0.5726806422819646,0.49281599329232295,0.19493589814103038,-0.38176345679055584,0
1571235778750,-3.242814180606467,-0.5401649371305552,0.4229361847561997,1.0774887732363632,-0.38176345679055584,0
1571235779000,-3.112211985174218,-0.6377120525847833,0.4229361847561997,-0.33231226892598487,-0.38176345679055584,0
1571235779250,-2.8945416594538025,-0.4751335268277365,0.4229361847561997,0.4253215264840765,-0.383775345241771,0
1571235779500,-2.9380757245978852,-0.6051963474333739,0.4229361847561997,-0.6602988572939485,-0.38176345679055584,0
1571235779750,-3.2863482457505504,-0.7352591680390114,0.3530563762200765,0.28230313532104745,-0.38176345679055584,0
1571235780000,-3.5910867017591324,-0.7677748731904207,-0.3806816134092172,-0.0015346652366847995,-0.383775345241771,0
1571235780250,-3.547552636615049,-0.7352591680390114,-0.2758619006050324,-0.5904388980386782,-0.383775345241771,0
1571235780500,-3.373416376038717,-0.7352591680390114,-0.10116237926472436,0.27460669913190755,-0.383775345241771,0
1571235780750,-3.3298823108946336,-0.702743462887602,-0.031282570728601154,-1.3360628699448072,-0.3857856631321343,0
1571235781000,-3.5910867017591324,-0.6051963474333739,-0.45056142194534043,-0.1926769266373031,-0.38176345679055584,0
1571235781250,-3.373416376038717,-0.6702277577361927,-0.2758619006050324,-0.3499041230725905,-0.383775345241771,0
1571235781500,-3.242814180606467,-0.702743462887602,0.14341695061170687,0.3676405431764563,-0.38176345679055584,0
1571235781750,-3.4169504411828,-0.702743462887602,0.038597237807522056,0.593120750651699,-0.383775345241771,0
1571235782000,-3.5040185714709664,-0.702743462887602,-0.2059820920689092,-0.3686800443252176,-0.383775345241771,0
1571235782250,-3.547552636615049,-0.6702277577361927,-0.2059820920689092,0.9701615476976974,-0.38176345679055584,0
1571235782500,-3.5910867017591324,-0.6051963474333739,-0.2758619006050324,0.39436662928379934,-0.383775345241771,0
1571235782750,-3.5910867017591324,-0.702743462887602,-0.06622247499666276,-0.7098605233031354,-0.383775345241771,0
1571235783000,-3.5040185714709664,-0.702743462887602,-0.06622247499666276,0.7674323439024399,-0.383775345241771,0
1571235783250,-3.1992801154623844,-0.80029057834183,0.07353714207558366,0.3124122703027378,-0.38176345679055584,0
1571235783500,-3.1992801154623844,-0.7352591680390114,0.1783568548797685,-0.6258763349974654,-0.3857856631321343,0
1571235783750,-3.2863482457505504,-0.702743462887602,0.1783568548797685,0.7153333912374925,-0.383775345241771,0
1571235784000,-3.1992801154623844,-0.7677748731904207,0.14341695061170687,0.49822622972625924,-0.3857856631321343,0
1571235784250,-3.112211985174218,-0.7352591680390114,0.21329675914783008,-0.40132646596266836,-0.38176345679055584,0
1571235784500,-3.1992801154623844,-0.7352591680390114,0.1783568548797685,0.6096976901360004,-0.383775345241771,0
1571235784750,-3.1557460503183012,-0.7352591680390114,0.21329675914783008,0.03703209193087358,-0.38176345679055584,0
1571235785000,-3.2863482457505504,-0.702743462887602,0.07353714207558366,-0.8611673842083151,-0.383775345241771,0
1571235785250,-3.1992801154623844,-0.702743462887602,0.14341695061170687,0.36857088161690177,-0.38176345679055584,0
1571235785500,-3.242814180606467,-0.7352591680390114,0.1783568548797685,-0.16079169099658047,-0.383775345241771,0
1571235785750,-3.2863482457505504,-0.6702277577361927,0.10847704634364527,0.2598058603066385,-0.383775345241771,0
1571235786000,-3.8087570274795484,-0.6051963474333739,-0.5903210390175868,0.007599566724052711,-0.383775345241771,0
1571235786250,-3.721688897191382,-0.6051963474333739,-0.45056142194534043,-0.6893930776133347,-0.38176345679055584,0
1571235786500,-3.721688897191382,-0.5726806422819646,-0.3806816134092172,0.370093253610358,-0.38176345679055584,0
1571235786750,-3.721688897191382,-0.5726806422819646,-0.4156215176772788,-0.32512329006799706,-0.3857856631321343,0
1571235787000,-3.5910867017591324,-0.6377120525847833,-0.310801804873094,0.6612046092479369,-0.38176345679055584,0
1571235787250,-3.6781548320472988,-0.6377120525847833,-0.45056142194534043,0.0702705471213351,-0.38176345679055584,0
1571235787500,-3.547552636615049,-0.6377120525847833,-0.310801804873094,-0.9004107511507429,-0.38176345679055584,0
1571235787750,-3.6346207669032156,-0.6051963474333739,-0.4156215176772788,0.4079834010030469,-0.383775345241771,0
1571235788000,-3.6781548320472988,-0.7677748731904207,0.003657333539460452,-0.19715946639581317,-0.38176345679055584,0
1571235788250,-3.5910867017591324,-0.6702277577361927,-0.48550132621340203,0.18123455019992413,-0.383775345241771,0
1571235788500,-3.242814180606467,-0.41010211652491785,-1.1842994115746341,0.16279693383473176,-0.3877975515833494,0
1571235788750,-3.5040185714709664,-3.3365155801517585,-1.0445397945023878,-0.35252598595020956,-0.383775345241771,0
1571235789000,-3.242814180606467,-1.0279005144016955,-0.5553811347495252,0.7566065875045287,-0.37975156833934076,0
1571235789250,-3.8087570274795484,0.07763346074622228,0.3181164719520149,0.5253751969428957,-0.37975156833934076,0
1571235789500,0.3269791612083496,-0.5401649371305552,0.8771549402410006,-0.4897086178049896,-0.3877975515833494,0
1571235789750,0.2399110309201833,0.1751805762004503,0.3879962804881381,0.3947895103930928,-0.48233589149938577,0
1571235790000,0.6317176172169315,-0.5726806422819646,0.7723352274368158,-1.4197933295849008,-0.44009565738897943,0
1571235790250,-1.1531790536904771,-1.2229947453101515,1.715712642674479,0.42988864246444525,-0.51049604757299,0
1571235790500,-3.547552636615049,-0.5726806422819646,-1.7433378798636199,-0.3645358094541422,-0.3877975515833494,0
1571235790750,-3.5910867017591324,-0.80029057834183,-1.2192393158426957,-1.276182904868861,-0.3877975515833494,0
1571235791000,-2.9816097897419684,-0.8653219886446487,0.10847704634364527,0.30302430967642424,-0.3918197579249278,0
1571235791250,-2.110928486860306,-1.0929319247045142,0.5277558975603845,-0.5607526441662812,-0.3918197579249278,0
1571235791500,-2.807473529165636,-0.7677748731904207,0.24823666341589168,2.1078808841406698,-0.3918197579249278,0
1571235791750,-2.5898032034452205,-0.9628691040988767,0.3181164719520149,0.9104507350654688,-0.3898094400345645,0
1571235792000,-2.415666942868888,-0.995384809250286,0.4578760890242613,-2.213794900394195,-0.3918197579249278,0
1571235792250,-1.9367922262839736,-1.2229947453101515,0.9120948445090622,-0.8615902653176085,-0.3898094400345645,0
1571235792500,-2.5462691383011373,-0.897837693796058,0.3181164719520149,-0.7418303351657167,-0.3898094400345645,0
1571235792750,-2.3285988125807218,-1.1579633350073328,0.3879962804881381,1.1175779023973778,-0.3918197579249278,0
1571235793000,-2.1979966171484726,-0.995384809250286,0.5277558975603845,-0.2293830069239705,-0.3898094400345645,0
1571235793250,-2.2415306822925554,-1.0279005144016955,0.4229361847561997,0.49382826618960785,-0.3898094400345645,0
1571235793500,-2.1544625520043894,-1.0929319247045142,0.49281599329232295,0.10790696584844799,-0.3898094400345645,0
1571235793750,-2.372132877724805,-1.1254476298559235,0.3181164719520149,-0.5857872058364508,-0.3918197579249278,0
1571235794000,-2.3285988125807218,-1.0929319247045142,0.3181164719520149,0.5875387200090261,-0.3918197579249278,0
1571235794250,-3.1992801154623844,-1.5481517968242449,-0.9397200816982029,-0.005848052551477514,-0.3918197579249278,0
1571235794500,-3.112211985174218,-0.2800392959192805,-0.5204412304814636,0.019186509118691963,-0.3757293619977624,0
1571235794750,-4.897108656081627,0.07763346074622228,-0.66020084755371,0.30158651390482666,-0.3938316463761429,0
1571235795000,-1.5885197051313085,0.4678219225631344,-0.8698402731620797,-0.018872790717714336,-0.407911724412945,0
1571235795250,2.460148353268423,-0.897837693796058,0.10847704634364527,1.8004463176843657,-0.3998657411689364,0
1571235795500,-1.0661109234023107,-1.1904790401587422,0.3879962804881381,2.7308693343517114,-0.44009565738897943,0
1571235795750,0.06577477034385075,-0.18249218046505244,2.519330440839896,-1.192537021450626,-0.39584353482735807,0
1571235796000,-1.7191219005635578,-1.4506046813700169,0.038597237807522056,-1.4987875208009085,-0.5265864435001554,0
1571235796250,-1.6755878354194749,-1.3530575659157889,0.1783568548797685,-2.7451027261104266,-0.4280258972425406,0
1571235796500,-1.7191219005635578,-1.2880261556129702,0.3530563762200765,0.02240040554932183,-0.3918197579249278,0
1571235796750,-1.6755878354194749,-1.2880261556129702,0.2831765676839533,-0.17999049335850098,-0.3918197579249278,0
1571235797000,-1.5885197051313085,-1.3530575659157889,0.24823666341589168,0.8000787655398905,-0.3877975515833494,0
1571235797250,-1.6755878354194749,-1.3205418607643795,0.24823666341589168,-0.28376551757910223,-0.3918197579249278,0
1571235797500,-1.5885197051313085,-1.3205418607643795,0.2831765676839533,0.049972253875251726,-0.3898094400345645,0
1571235797750,-1.6320537702753917,-1.3530575659157889,0.24823666341589168,0.04117632680194894,-0.3918197579249278,0
1571235798000,-1.6320537702753917,-1.2880261556129702,0.24823666341589168,-0.6273141307690631,-0.3898094400345645,0
1571235798250,-1.5449856399872253,-1.3205418607643795,0.3181164719520149,0.43648558776942237,-0.3918197579249278,0
1571235798500,-1.5449856399872253,-1.3205418607643795,0.2831765676839533,-0.17584625848742566,-0.3918197579249278,0
1571235798750,-1.5885197051313085,-1.3205418607643795,0.2831765676839533,0.7401142242420861,-0.3898094400345645,0
1571235799000,-1.6320537702753917,-1.3205418607643795,0.3181164719520149,0.09970307232815596,-0.3918197579249278,0
1571235799250,-1.6320537702753917,-1.2880261556129702,0.3181164719520149,-0.7458054175930746,-0.3898094400345645,0
1571235799500,-1.6320537702753917,-1.3205418607643795,0.2831765676839533,0.25067162834590095,-0.3898094400345645,0
1571235799750,-1.5885197051313085,-1.2880261556129702,0.2831765676839533,-0.21424386321126668,-0.3857856631321343,0
1571235800000,-1.5449856399872253,-1.3205418607643795,0.3181164719520149,0.7566911637263875,-0.3898094400345645,0
1571235800250,-1.5885197051313085,-1.3205418607643795,0.3181164719520149,0.12981220730984627,-0.3877975515833494,0
1571235800500,-1.6320537702753917,-1.2880261556129702,0.3181164719520149,-0.8955899065047981,-0.3918197579249278,0
1571235800750,-1.5449856399872253,-1.2880261556129702,0.3530563762200765,0.7251442329730995,-0.3877975515833494,0
1571235801000,-1.5885197051313085,-1.2880261556129702,0.3181164719520149,0.004131941627846805,-0.3918197579249278,0
1571235801250,-1.6320537702753917,-1.3205418607643795,0.2831765676839533,-0.4080079874895041,-0.3877975515833494,0
1571235801500,-1.6320537702753917,-1.3205418607643795,0.2831765676839533,0.22512960934457937,-0.3898094400345645,0
1571235801750,-1.5885197051313085,-1.3205418607643795,0.3181164719520149,-0.3198795643127588,-0.3898094400345645,0
1571235802000,-1.5449856399872253,-1.2880261556129702,0.3530563762200765,0.6378615720149411,-0.3898094400345645,0
1571235802250,-1.5014515748431423,-1.2880261556129702,0.3530563762200765,0.08786240126794068,-0.3877975515833494,0
1571235802500,-1.5014515748431423,-1.3205418607643795,0.3181164719520149,-0.8330035023293744,-0.3857856631321343,0
1571235802750,-1.5014515748431423,-1.3205418607643795,0.3181164719520149,0.5862700766811458,-0.3898094400345645,0
1571235803000,-1.3273153142668097,-1.3530575659157889,0.2831765676839533,-0.20324895436963816,-0.3877975515833494,0
1571235803250,-1.2837812491227265,-1.3855732710671982,0.24823666341589168,-0.2923922922086876,-0.45417573542578155,0
1571235803500,-1.4143834445549759,-1.4180889762186075,-0.031282570728601154,0.4078142485593296,-0.41394581920573853,0
1571235803750,-1.2402471839786433,-1.3855732710671982,0.1783568548797685,-0.38077444405100896,-0.3918197579249278,0
1571235804000,-1.2402471839786433,-1.3530575659157889,0.24823666341589168,0.3091983738721079,-0.419979913998532,0
1571235804250,-1.4143834445549759,-1.3205418607643795,0.3181164719520149,0.19544335547218247,-0.3898094400345645,0
1571235804500,-1.5014515748431423,-1.3205418607643795,0.2831765676839533,-0.17457761515954542,-0.3918197579249278,0
1571235804750,-1.4143834445549759,-1.3205418607643795,0.2831765676839533,0.33262598732696247,-0.3898094400345645,0
1571235805000,-1.457917509699059,-1.3205418607643795,0.3181164719520149,-0.10361816502011235,-0.3898094400345645,0
1571235805250,-1.457917509699059,-1.3530575659157889,0.2831765676839533,-0.7875014949694041,-0.3877975515833494,0
1571235805500,-1.5449856399872253,-1.3530575659157889,0.1783568548797685,0.4135654316457199,-0.3877975515833494,0
1571235805750,-1.5449856399872253,-1.3855732710671982,0.3181164719520149,-0.3322276927041262,-0.3877975515833494,0
1571235806000,-1.3273153142668097,-1.1254476298559235,0.5626958018284461,0.44240592329952994,-0.4119355013153752,0
1571235806250,-1.5885197051313085,-1.1904790401587422,0.4578760890242613,-0.008469915429096616,-0.4260155793521773,0
1571235806500,-1.5449856399872253,-1.1579633350073328,0.5976357060965077,-0.5164347039123327,-0.3918197579249278,0
1571235806750,-1.762655965707641,-1.3205418607643795,0.24823666341589168,1.1811792212351058,-0.3898094400345645,0
1571235807000,-1.6320537702753917,-1.1904790401587422,0.49281599329232295,0.20153284344600747,-0.3898094400345645,0
1571235807250,-1.5885197051313085,-1.1904790401587422,0.4229361847561997,-1.4363702690692022,-0.3857856631321343,0
1571235807500,-1.6320537702753917,-1.1579633350073328,0.49281599329232295,-0.07283242026355259,-0.3877975515833494,0
1571235807750,-1.6320537702753917,-1.1579633350073328,0.49281599329232295,-0.4732162545425469,-0.3898094400345645,0
1571235808000,-1.5885197051313085,-1.1579633350073328,0.5277558975603845,1.0660709832854414,-0.3857856631321343,0
1571235808250,-1.5885197051313085,-1.1904790401587422,0.49281599329232295,-0.13736407754172594,-0.3877975515833494,0
1571235808500,-1.6320537702753917,-1.1904790401587422,0.4578760890242613,-0.7774369245682212,-0.3898094400345645,0
1571235808750,-1.5885197051313085,-1.1579633350073328,0.49281599329232295,0.5614046674546938,-0.3898094400345645,0
1571235809000,-1.5885197051313085,-1.1904790401587422,0.4578760890242613,-0.25467129725971605,-0.3898094400345645,0
1571235809250,-1.5885197051313085,-1.1579633350073328,0.49281599329232295,0.2905916050631982,-0.3898094400345645,0
1571235809500,-1.6320537702753917,-1.1579633350073328,0.49281599329232295,0.2519402716737812,-0.3898094400345645,0
1571235809750,-1.5885197051313085,-1.1904790401587422,0.4578760890242613,-0.5985582153371115,-0.3877975515833494,0
1571235810000,-1.5885197051313085,-1.1254476298559235,0.5277558975603845,0.6935973022198116,-0.3898094400345645,0
1571235810250,-1.5885197051313085,-1.1904790401587422,0.4229361847561997,0.058768180948554516,-0.3877975515833494,0
1571235810500,-1.6320537702753917,-1.1904790401587422,0.49281599329232295,-0.5281907987506893,-0.3898094400345645,0
1571235810750,-1.5885197051313085,-1.1579633350073328,0.5277558975603845,0.32129277359789926,-0.3857856631321343,0
1571235811000,-1.5885197051313085,-1.2229947453101515,0.4229361847561997,-0.26059163278982367,-0.3898094400345645,0
1571235811250,-1.5885197051313085,-1.1579633350073328,0.5277558975603845,0.2695321258203867,-0.3877975515833494,0
1571235811500,-1.5885197051313085,-1.1904790401587422,0.4578760890242613,0.22859723444078528,-0.3898094400345645,0
1571235811750,-1.5885197051313085,-1.1579633350073328,0.5277558975603845,-0.5577924764012275,-0.3877975515833494,0
1571235812000,-1.5885197051313085,-1.1904790401587422,0.49281599329232295,0.7734372556544062,-0.3918197579249278,0
1571235812250,-1.5885197051313085,-1.1579633350073328,0.49281599329232295,0.17336896156706683,-0.3877975515833494,0
1571235812500,-1.6320537702753917,-1.1904790401587422,0.49281599329232295,-0.9030326140283619,-0.3898094400345645,0
1571235812750,-1.6755878354194749,-1.1579633350073328,0.49281599329232295,0.5270667213800694,-0.3898094400345645,0
1571235813000,-1.6320537702753917,-1.1254476298559235,0.5277558975603845,-0.3292675249390724,-0.3877975515833494,0
1571235813250,-1.5885197051313085,-1.1904790401587422,0.49281599329232295,0.39402832439636465,-0.3898094400345645,0
1571235813500,-1.5885197051313085,-1.1254476298559235,0.5976357060965077,0.036017177268569414,-0.3877975515833494,0
1571235813750,-1.6320537702753917,-1.2229947453101515,0.4578760890242613,-0.4859872640432077,-0.4219918024497472,0
1571235814000,-1.7191219005635578,-1.2229947453101515,0.3879962804881381,0.76421844747181,-0.3898094400345645,0
1571235814250,-1.6320537702753917,-1.2229947453101515,0.4578760890242613,0.030181417960320454,-0.3918197579249278,0
1571235814500,-1.6755878354194749,-1.1579633350073328,0.49281599329232295,-0.840784514740373,-0.3877975515833494,0
1571235814750,-1.7191219005635578,-1.1904790401587422,0.4578760890242613,0.05656919918022882,-0.3938316463761429,0
1571235815000,-1.5885197051313085,-1.1904790401587422,0.4229361847561997,-0.08628003953908281,-0.3898094400345645,0
1571235815250,-1.5885197051313085,-1.1904790401587422,0.49281599329232295,0.8072677443978785,-0.3898094400345645,0
1571235815500,-1.5885197051313085,-1.1579633350073328,0.5277558975603845,0.24136824394144607,-0.3898094400345645,0
1571235815750,-1.5885197051313085,-1.1904790401587422,0.49281599329232295,-1.0178025470905916,-0.3898094400345645,0
1571235816000,-1.5885197051313085,-1.1579633350073328,0.49281599329232295,0.6961345888755721,-0.3898094400345645,0
1571235816250,-1.5885197051313085,-1.1579633350073328,0.5277558975603845,-0.040270574847960545,-0.3877975515833494,0
1571235816500,-1.5885197051313085,-1.1579633350073328,0.49281599329232295,-0.5076387768390299,-0.3898094400345645,0
1571235816750,-1.5885197051313085,-1.1579633350073328,0.49281599329232295,0.20466216365477868,-0.3918197579249278,0
1571235817000,-1.5885197051313085,-1.1904790401587422,0.49281599329232295,-0.3199641405346175,-0.3918197579249278,0
1571235817250,-1.5885197051313085,-1.1579633350073328,0.49281599329232295,0.7439201542257265,-0.3918197579249278,0
1571235817500,-1.5885197051313085,-1.1579633350073328,0.49281599329232295,0.022062100661887105,-0.3938316463761429,0
1571235817750,-1.5885197051313085,-1.1579633350073328,0.49281599329232295,-0.8738538174871172,-0.3918197579249278,0
1571235818000,-1.5885197051313085,-1.1579633350073328,0.49281599329232295,0.41770966651679525,-0.3918197579249278,0
1571235818250,-1.5449856399872253,-1.1904790401587422,0.49281599329232295,-0.1292447602432926,-0.3918197579249278,0
1571235818500,-1.5449856399872253,-1.1579633350073328,0.49281599329232295,-0.3149741434449554,-0.3898094400345645,0
1571235818750,-1.5885197051313085,-1.1579633350073328,0.49281599329232295,0.31926294427329094,-0.3918197579249278,0
1571235819000,-1.5885197051313085,-1.1579633350073328,0.49281599329232295,-0.31362092389521645,-0.3877975515833494,0
1571235819250,-1.5885197051313085,-1.1579633350073328,0.49281599329232295,0.0689173275715962,-0.3898094400345645,0
1571235819500,-1.5885197051313085,-1.1579633350073328,0.49281599329232295,0.2513482381207704,-0.3898094400345645,0
1571235819750,-1.5885197051313085,-1.1579633350073328,0.49281599329232295,-0.49368370023234764,-0.3918197579249278,0
1571235820000,-1.5449856399872253,-1.1254476298559235,0.5277558975603845,0.8390684038167423,-0.3918197579249278,0
1571235820250,-1.457917509699059,-1.1579633350073328,0.5277558975603845,-0.03502684909272234,-0.3918197579249278,0
1571235820500,-1.5449856399872253,-1.1579633350073328,0.49281599329232295,-0.7563774453254097,-0.3898094400345645,0
1571235820750,-1.5014515748431423,-1.1904790401587422,0.49281599329232295,0.6854779849213782,-0.3898094400345645,0
1571235821000,-1.5449856399872253,-1.1579633350073328,0.49281599329232295,0.13294152751861746,-0.3918197579249278,0
1571235821250,-1.5014515748431423,-1.1579633350073328,0.49281599329232295,-1.0058772998085177,-0.3898094400345645,0
1571235821500,-1.5449856399872253,-1.1579633350073328,0.49281599329232295,0.5466038286294246,-0.3918197579249278,0
1571235821750,-1.5449856399872253,-1.1579633350073328,0.49281599329232295,-0.23285063202017642,-0.3877975515833494,0
1571235822000,-1.5449856399872253,-1.1579633350073328,0.49281599329232295,0.2754524613504944,-0.3918197579249278,0
1571235822250,-1.5449856399872253,-1.1579633350073328,0.5277558975603845,0.041768360354959705,-0.3918197579249278,0
1571235822500,-1.5014515748431423,-1.1579633350073328,0.5277558975603845,-0.770332521932092,-0.3918197579249278,0
1571235822750,-1.5014515748431423,-1.1579633350073328,0.5277558975603845,0.6117275194606088,-0.3918197579249278,0
1571235823000,-1.5014515748431423,-1.1579633350073328,0.49281599329232295,-0.21170657655550623,-0.3938316463761429,0
1571235823250,-1.457917509699059,-1.1579633350073328,0.49281599329232295,0.6439510599887661,-0.4280258972425406,0
1571235823500,-1.370849379410893,-1.1579633350073328,0.49281599329232295,-0.08408105777075713,-0.3918197579249278,0
1571235823750,-1.5014515748431423,-1.1579633350073328,0.49281599329232295,-0.5220167345550056,-0.3938316463761429,0
1571235824000,-1.457917509699059,-1.1579633350073328,0.5277558975603845,0.17396099512007757,-0.3918197579249278,0
1571235824250,-1.370849379410893,-1.1579633350073328,0.49281599329232295,-0.522185886998723,-0.3898094400345645,0
1571235824500,-1.457917509699059,-1.1579633350073328,0.49281599329232295,0.776904880750612,-0.3898094400345645,0
1571235824750,-1.4143834445549759,-1.1579633350073328,0.5277558975603845,-0.18100540802080517,-0.3918197579249278,0
1571235825000,-1.4143834445549759,-1.1579633350073328,0.49281599329232295,-0.1646821972020798,-0.3898094400345645,0
1571235825250,-1.457917509699059,-1.1579633350073328,0.49281599329232295,0.14901100967176678,-0.3918197579249278,0
1571235825500,-1.5014515748431423,-1.1904790401587422,0.49281599329232295,-0.5394394362578938,-0.3918197579249278,0
1571235825750,-1.5014515748431423,-1.1904790401587422,0.4578760890242613,0.6421749593297338,-0.3938316463761429,0
1571235826000,-1.5014515748431423,-1.1904790401587422,0.4578760890242613,-0.008808220316531338,-0.3898094400345645,0
1571235826250,-1.5014515748431423,-1.1904790401587422,0.49281599329232295,-0.9240920932711735,-0.3918197579249278,0
1571235826500,-1.5449856399872253,-1.1904790401587422,0.4578760890242613,0.3951278152805275,-0.3938316463761429,0
1571235826750,-1.457917509699059,-1.2229947453101515,0.4578760890242613,-0.190055063759684,-0.3918197579249278,0
1571235827000,-1.5449856399872253,-1.2229947453101515,0.4229361847561997,0.5751905916176587,-0.3918197579249278,0
1571235827250,-1.5885197051313085,-1.2229947453101515,0.3879962804881381,-0.038663626632645616,-0.3877975515833494,0
1571235827500,-1.762655965707641,-1.2555104504615608,0.3181164719520149,-0.7376861002946412,-0.3918197579249278,0
1571235827750,-1.762655965707641,-1.2555104504615608,0.3530563762200765,0.48452488178515296,-0.3898094400345645,0
1571235828000,-1.5885197051313085,-1.2555104504615608,0.3879962804881381,-0.12476222048478253,-0.3918197579249278,0
1571235828250,-1.5449856399872253,-1.1904790401587422,0.4229361847561997,-0.25670112658432437,-0.3898094400345645,0
1571235828500,-1.6320537702753917,-1.1254476298559235,0.6325756103645693,0.09006138303626637,-0.3938316463761429,0
1571235828750,-1.457917509699059,-1.2880261556129702,0.5626958018284461,-0.5885782211577872,-0.3918197579249278,0
1571235829000,-1.4143834445549759,-1.5481517968242449,0.3530563762200765,0.6223841234148025,-0.3918197579249278,0
1571235829250,1.0235242035136798,-2.165950194701022,-0.17104218780084757,-0.022594144479496283,-0.4058998359617299,0
1571235829500,-0.7613724673937289,-1.1254476298559235,-0.24092199633697078,0.6830252744874766,-0.43405999203533413,0
1571235829750,-1.5014515748431423,-0.01991365470800574,0.6325756103645693,-0.46543524213154824,-0.4260155793521773,0
1571235830000,-0.8919746628259783,0.9555574998342745,1.2964337914577397,-0.4141820516851878,-0.3857856631321343,0
1571235830250,-1.2837812491227265,0.0126020504434036,1.4012535042619247,0.52317621517457,-0.383775345241771,0
1571235830500,-2.2415306822925554,-0.24752359076787114,1.016914557313247,0.5777278782734191,-0.383775345241771,0
1571235830750,-1.8932581611398904,-0.31255500107068984,1.0867943658493702,1.1470104276041986,-0.3857856631321343,0
1571235831000,-1.7191219005635578,-0.11746077016223377,1.016914557313247,-0.8433218013961334,-0.383775345241771,0
1571235831250,-1.7191219005635578,-0.31255500107068984,1.016914557313247,-0.08856359752926721,-0.3857856631321343,0
1571235831500,-1.7191219005635578,-0.24752359076787114,1.0518544615813086,-1.1573533131574145,-0.383775345241771,0
1571235831750,-1.762655965707641,-0.41010211652491785,1.0867943658493702,-0.07164835315753107,-0.3898094400345645,0
1571235832000,-1.6755878354194749,-0.2800392959192805,1.0518544615813086,-0.07181750560124843,-0.3857856631321343,0
1571235832250,-1.5014515748431423,-0.7352591680390114,0.9819746530451854,-0.6245231154477265,-0.3857856631321343,0
1571235832500,-1.457917509699059,-0.31255500107068984,1.016914557313247,0.4621121829926026,-0.3898094400345645,0
1571235832750,-1.762655965707641,-0.5076492319791459,0.9470347487771238,-0.5762300927664198,-0.3877975515833494,0
1571235833000,-1.5014515748431423,-0.6051963474333739,0.8072751317048774,0.3390537801882222,-0.3877975515833494,0
1571235833250,-1.457917509699059,-0.5076492319791459,0.8771549402410006,-0.1962291279553677,-0.383775345241771,0
1571235833500,-1.1967131188345603,-0.5726806422819646,0.842215035972939,0.48976860754039114,-0.3877975515833494,0
1571235833750,-1.3273153142668097,-0.6051963474333739,1.0867943658493702,-0.25407926370670525,-0.3857856631321343,0
1571235834000,-1.2402471839786433,-0.5401649371305552,1.016914557313247,-0.4963055631099667,-0.3877975515833494,0
1571235834250,-1.5449856399872253,-0.8328062834932394,1.016914557313247,0.19992589523069254,-0.383775345241771,0
1571235834500,-1.1967131188345603,-0.3775864113735085,1.1566741743854934,-0.2560245168094549,-0.3857856631321343,0
1571235834750,-1.7191219005635578,-0.41010211652491785,0.8771549402410006,0.18597081862401024,-0.3898094400345645,0
1571235835000,-1.457917509699059,-0.5726806422819646,0.9819746530451854,-0.8350333316539827,-0.3898094400345645,0
1571235835250,-1.5449856399872253,-0.5076492319791459,0.9819746530451854,1.2254125852671958,-0.383775345241771,0
1571235835500,-1.5885197051313085,-0.5726806422819646,0.9470347487771238,-0.17119456628519822,-0.383775345241771,0
1571235835750,-1.5014515748431423,-0.6051963474333739,0.9470347487771238,0.9900369598344874,-0.3857856631321343,0
1571235836000,-1.457917509699059,-0.6051963474333739,0.9470347487771238,-0.6742539339006307,-0.383775345241771,0
1571235836250,-1.5449856399872253,-0.6051963474333739,0.9470347487771238,-0.018703638273996973,-0.3857856631321343,0
1571235836500,0.6752516823610146,-0.24752359076787114,1.1217342701174318,0.32628277068756145,-0.3877975515833494,0
1571235836750,-2.1979966171484726,-0.6377120525847833,0.003657333539460452,-0.9371168314374102,-0.39584353482735807,0
1571235837000,-3.5040185714709664,0.045117755594812944,0.24823666341589168,0.4965347052890856,-0.3898094400345645,0
1571235837250,-4.11349548348813,-0.11746077016223377,0.21329675914783008,-0.4775296418573396,-0.3938316463761429,0
1571235837500,-3.242814180606467,-0.4426178216763272,-0.310801804873094,1.2676161199746774,-0.3938316463761429,0
1571235837750,-3.460484506326883,-0.08494506501082442,0.7024554189006925,-0.6809354554274666,-0.3938316463761429,0
1571235838000,-3.6346207669032156,-0.2150078856164618,0.3530563762200765,0.19476674569731303,-0.3938316463761429,0
1571235838250,-3.852291092623631,0.7929789740772277,0.10847704634364527,0.19070708704809636,-0.3877975515833494,0
1571235838500,-3.373416376038717,-0.6702277577361927,-0.24092199633697078,-0.5211709723364188,-0.3938316463761429,0
1571235838750,-3.4169504411828,-0.897837693796058,-0.9746599859662645,-0.0850959724330613,-0.3938316463761429,0
1571235839000,-3.852291092623631,-0.80029057834183,-1.53369845425525,-0.2951833075300241,-0.39584353482735807,0
1571235839250,-3.5040185714709664,-1.0279005144016955,-1.638518167059435,1.131279250338484,-0.39584353482735807,0
1571235839500,-3.8087570274795484,-0.80029057834183,-1.289119124378819,-0.26845722142268097,-0.3998657411689364,0
1571235839750,-2.9816097897419684,-1.3855732710671982,-2.0577970182761742,-1.0830108141436343,-0.3978554232785731,0
1571235840000,-3.373416376038717,-1.8733088483383382,0.1783568548797685,0.44866456371707236,-0.3978554232785731,0
1571235840250,-0.5437021416733132,-1.3855732710671982,0.6325756103645693,-0.234288427791774,-0.3938316463761429,0
1571235840500,0.022240705199767605,-1.9058245534897476,-0.310801804873094,0.5713000854121594,-0.37975156833934076,0
1571235840750,-2.02386035657214,-0.9628691040988767,0.3181164719520149,0.20381640143619187,-0.37975156833934076,0
1571235841000,-2.372132877724805,-1.3205418607643795,-0.06622247499666276,-1.7148797676498377,-0.383775345241771,0
1571235841250,-1.8497240959958072,-1.3855732710671982,0.003657333539460452,0.06764868424371598,-0.383775345241771,0
1571235841500,-1.9367922262839736,-1.5481517968242449,0.003657333539460452,-1.576005611357884,-0.37975156833934076,0
1571235841750,-1.7191219005635578,-1.3205418607643795,0.24823666341589168,2.0275334733749233,-0.3757293619977624,0
1571235842000,-1.8061900308517242,-1.3205418607643795,0.24823666341589168,1.809326820979527,-0.3737174735465473,0
1571235842250,-1.762655965707641,-1.3205418607643795,0.24823666341589168,-1.7273970484849224,-0.3757293619977624,0
1571235842500,-1.8061900308517242,-1.3530575659157889,0.24823666341589168,0.04464395189815484,-0.3737174735465473,0
1571235842750,-1.762655965707641,-1.3205418607643795,0.24823666341589168,0.48841538799065226,-0.3737174735465473,0
1571235843000,-1.8061900308517242,-1.3205418607643795,0.24823666341589168,0.054201064968185754,-0.3757293619977624,0
1571235843250,-1.6755878354194749,-1.3530575659157889,0.24823666341589168,0.2737609369133207,-0.3737174735465473,0
1571235843500,-1.762655965707641,-1.3530575659157889,0.24823666341589168,-0.6945522271467142,-0.3757293619977624,0
1571235843750,-1.8061900308517242,-1.3530575659157889,0.21329675914783008,0.9245749641158685,-0.3737174735465473,0
1571235844000,-1.2402471839786433,-1.4506046813700169,0.5626958018284461,0.11907102713379383,-0.3737174735465473,0
1571235844250,0.28344509606426643,-0.5076492319791459,0.2831765676839533,-0.012698726522030648,-0.3717055850953322,0
1571235844500,1.9812736366835089,-0.7677748731904207,0.842215035972939,0.2711390740357017,-0.3898094400345645,0
1571235844750,2.1989439624039244,0.5003376277145437,-1.1493595073065725,-0.4338883113782604,-0.383775345241771,0
1571235845000,1.067058268657763,-0.1499764753136431,-1.2541792201107573,0.6938510308853876,-0.43808376893776435,0
1571235845250,1.415330789810428,0.37027480710890637,-0.9397200816982029,-0.08534970109863733,-0.3898094400345645,0
1571235845500,1.4588648549545111,0.4027905122603157,-1.0095998902343262,0.016057188909920778,-0.3898094400345645,0
1571235845750,1.415330789810428,0.37027480710890637,-0.9047801774301413,0.8960727773494932,-0.3877975515833494,0
1571235846000,1.415330789810428,0.33775910195749703,-0.9047801774301413,-2.664839891566539,-0.3877975515833494,0
1571235846250,1.4588648549545111,0.20769628135185966,-0.6951407518217716,1.2419895247514972,-0.3877975515833494,0
1571235846500,1.2847285943781785,0.045117755594812944,-0.6951407518217716,0.4251523740403591,-0.3898094400345645,0
1571235846750,1.2411945292340956,0.5003376277145437,-0.7999604646259565,-0.6470203904621356,-0.3857856631321343,0
1571235847000,1.371796724666345,0.33775910195749703,-0.9047801774301413,0.331695648886517,-0.38176345679055584,0
1571235847250,1.110592333801846,0.4027905122603157,-1.114419603038511,-0.16781151741085099,-0.383775345241771,0
1571235847500,1.415330789810428,0.4027905122603157,-1.4987585499871885,1.5731054333282317,-0.37975156833934076,0
1571235847750,1.2847285943781785,0.3052433968060877,-1.638518167059435,0.43200304801091227,-0.37975156833934076,0
1571235848000,1.1541263989459292,0.43530621741172504,-2.022857114008113,0.19222945904155259,-0.38176345679055584,0
1571235848250,1.1976604640900124,0.37027480710890637,-1.813217688399743,-2.4813094901332016,-0.3998657411689364,0
1571235848500,1.2411945292340956,0.37027480710890637,-1.9529773054719894,-0.9755990123831101,-0.3737174735465473,0
1571235848750,1.1976604640900124,0.4027905122603157,-1.8830974969358663,3.340917622618375,-0.3757293619977624,0
1571235849000,1.1976604640900124,0.4027905122603157,-1.8830974969358663,1.0254743967932747,-0.3737174735465473,0
1571235849250,1.1541263989459292,0.37027480710890637,-1.9180374012039278,-2.4167778328550282,-0.3737174735465473,0
1571235849500,1.1976604640900124,0.37027480710890637,-1.9529773054719894,-0.13846356842588878,-0.37975156833934076,0
1571235849750,1.1976604640900124,0.37027480710890637,-1.9529773054719894,-0.18464218556072842,-0.3777396798881257,0
1571235850000,1.1976604640900124,0.37027480710890637,-1.9529773054719894,1.3970177394184586,-0.37975156833934076,0
1571235850250,1.1976604640900124,0.37027480710890637,-1.9529773054719894,-0.9635046126573187,-0.3777396798881257,0
1571235850500,1.1976604640900124,0.37027480710890637,-1.9180374012039278,-0.25670112658432437,-0.38176345679055584,0
1571235850750,1.1976604640900124,0.37027480710890637,-1.9529773054719894,0.24432841170649988,-0.3777396798881257,0
1571235851000,1.2411945292340956,0.33775910195749703,-1.8830974969358663,-1.050279816284325,-0.37975156833934076,0
1571235851250,1.2847285943781785,0.532853332865953,-1.4987585499871885,0.5305343464762752,-0.37975156833934076,0
1571235851500,1.5894670503867605,0.240211986503269,-1.2192393158426957,-0.5245540212107661,-0.36768337875375384,0
1571235851750,1.7200692458190099,0.43530621741172504,-1.53369845425525,0.9612810444025359,-0.36768337875375384,0
1571235852000,1.3282626595222617,0.532853332865953,-1.3939388371830037,-0.17119456628519822,-0.36768337875375384,0
1571235852250,1.676535180674927,0.8580103843800464,-1.7782777841316815,0.06790241290929203,-0.3596373955097452,0
1571235852500,1.1541263989459292,0.11014916589763163,-1.6035782627913733,1.9624943587655976,-0.4260155793521773,0
1571235852750,1.4588648549545111,0.5003376277145437,-1.9180374012039278,-1.1784127924002261,-0.32946535098492585,0
1571235853000,1.2847285943781785,0.3052433968060877,-1.9180374012039278,0.679726801834988,-0.3274550330945626,0
1571235853250,1.1541263989459292,0.27272769165467836,-1.987917209740051,1.0377379489627834,-0.5708385660617767,0
1571235853500,1.1541263989459292,0.240211986503269,-1.987917209740051,0.8127651988186927,-0.7780175302722301,0
1571235853750,1.110592333801846,0.240211986503269,-1.9529773054719894,0.420416105616273,-0.7981317031018256,0
1571235854000,1.110592333801846,0.27272769165467836,-1.987917209740051,-3.122228099378284,-0.4702661313529469,0
1571235854250,1.110592333801846,0.27272769165467836,-2.022857114008113,-3.019214261154411,-0.7156615527713763,0
1571235854500,1.110592333801846,0.240211986503269,-2.022857114008113,-0.4064010392741892,-0.6331929730017788,0
1571235854750,1.1541263989459292,0.240211986503269,-1.987917209740051,1.8330081630999575,-0.5145182539145684,0
1571235855000,1.1541263989459292,0.240211986503269,-2.022857114008113,0.9915593318279435,-0.36365960185132357,0
1571235855250,1.110592333801846,0.240211986503269,-2.0577970182761742,1.2804717056971966,-0.36365960185132357,0
1571235855500,1.067058268657763,0.20769628135185966,-2.0577970182761742,0.34768055481780763,-0.36365960185132357,0
1571235855750,1.110592333801846,0.20769628135185966,-2.092736922544236,-0.7687255737167771,-0.36365960185132357,0
1571235856000,1.067058268657763,0.1751805762004503,-2.092736922544236,0.07602173020772537,-0.36365960185132357,0
1571235856250,1.067058268657763,0.20769628135185966,-2.1626167310803592,-0.7535018537822146,-0.36365960185132357,0
1571235856500,1.0235242035136798,0.20769628135185966,-2.1626167310803592,1.2493476560532022,-0.36567149030253865,0
1571235856750,1.067058268657763,0.20769628135185966,-2.092736922544236,-0.274546709396506,-0.36365960185132357,0
1571235857000,1.067058268657763,0.20769628135185966,-2.1276768268122974,0.842874333800383,-0.36365960185132357,0
1571235857250,1.067058268657763,0.20769628135185966,-2.1626167310803592,0.18098082153434808,-0.3616492839609603,0
1571235857500,1.067058268657763,0.20769628135185966,-2.1276768268122974,0.524783163389885,-0.36567149030253865,0
1571235857750,1.067058268657763,0.20769628135185966,-2.1276768268122974,-0.5500960402120876,-0.36365960185132357,0
1571235858000,1.067058268657763,0.20769628135185966,-2.1276768268122974,0.464649469648363,-0.36768337875375384,0
1571235858250,1.067058268657763,0.20769628135185966,-2.092736922544236,-0.029952275781201503,-0.51049604757299,0
1571235858500,1.110592333801846,0.240211986503269,-2.0577970182761742,-0.06623547495857551,-0.36768337875375384,0
1571235858750,0.9364560732255135,0.20769628135185966,-2.092736922544236,0.31038244097812945,-0.41394581920573853,0
1571235859000,0.9799901383695966,0.27272769165467836,-1.6035782627913733,-0.7473277895865309,-0.3334891278873561,0
1571235859250,0.6752516823610146,0.43530621741172504,-2.2324965396164824,-0.3156507532198248,-0.4219918024497472,0
1571235859500,1.4588648549545111,0.045117755594812944,-1.6035782627913733,-0.5783444983128868,-0.3013051949113216,0
1571235859750,1.371796724666345,0.240211986503269,-1.7433378798636199,0.15882185140737373,-0.3757293619977624,0
1571235860000,1.3282626595222617,0.3052433968060877,-1.53369845425525,1.0975333378168706,-0.3274550330945626,0
1571235860250,1.371796724666345,0.3052433968060877,-1.638518167059435,0.23409468886159956,-0.3334891278873561,0
1571235860500,1.371796724666345,0.5978847431687717,-1.8481575926678047,0.4153415323047522,-0.33549944577771934,0
1571235860750,1.371796724666345,0.20769628135185966,-1.6035782627913733,-1.7623270281125574,-0.5748607724033552,0
1571235861000,1.8506714412512595,-0.08494506501082442,-1.0095998902343262,-2.4171161377424633,-0.4360718804865492,0
1571235861250,1.3282626595222617,0.33775910195749703,-1.813217688399743,1.517961736676372,-0.3415351111313647,0
1571235861500,1.2411945292340956,0.33775910195749703,-1.8481575926678047,1.1729753277148138,-0.3556151891681668,0
1571235861750,1.2411945292340956,0.33775910195749703,-1.8830974969358663,1.3481326831841411,-0.35159141226573665,0
1571235862000,1.1976604640900124,0.33775910195749703,-1.9180374012039278,0.2417911250507395,-0.35159141226573665,0
1571235862250,1.1976604640900124,0.33775910195749703,-1.8830974969358663,-0.8082226693247809,-0.34957952381452145,0
1571235862500,1.1976604640900124,0.33775910195749703,-1.8481575926678047,-0.06699666095530364,-0.35159141226573665,0
1571235862750,1.1976604640900124,0.33775910195749703,-1.9180374012039278,0.24610451236553219,-0.35360330071695173,0
1571235863000,1.2411945292340956,0.3052433968060877,-1.9180374012039278,1.2528152811494082,-0.34957952381452145,0
1571235863250,1.1976604640900124,0.33775910195749703,-1.8830974969358663,0.31790972472355206,-0.35360330071695173,0
1571235863500,1.1976604640900124,0.33775910195749703,-1.9180374012039278,0.2054233496515068,-0.35360330071695173,0
1571235863750,1.1976604640900124,0.33775910195749703,-1.8830974969358663,-0.03519600153643971,-0.35360330071695173,0
1571235864000,1.2411945292340956,0.33775910195749703,-1.9180374012039278,-0.7177261119359927,-0.35159141226573665,0
1571235864250,1.1976604640900124,0.33775910195749703,-1.8830974969358663,0.24982586612731414,-0.35159141226573665,0
1571235864500,1.1976604640900124,0.3052433968060877,-1.8830974969358663,-0.5375787593770028,-0.35360330071695173,0
1571235864750,1.1976604640900124,0.33775910195749703,-1.8830974969358663,0.637354114683789,-0.35159141226573665,0
1571235865000,1.1976604640900124,0.3052433968060877,-1.9180374012039278,-0.36225225146395784,-0.3576255070585301,0
1571235865250,1.1976604640900124,0.3052433968060877,-1.9180374012039278,0.3985108641548747,-0.35360330071695173,0
1571235865500,1.1976604640900124,0.3052433968060877,-1.9180374012039278,-0.1265383211438148,-0.35360330071695173,0
1571235865750,1.1976604640900124,0.3052433968060877,-1.9180374012039278,-0.5827424618495384,-0.35159141226573665,0
1571235866000,1.1976604640900124,0.3052433968060877,-1.9180374012039278,0.20280148677388768,-0.35159141226573665,0
1571235866250,1.1976604640900124,0.3052433968060877,-1.9180374012039278,-0.9020176993660578,-0.35159141226573665,0
1571235866500,1.1976604640900124,0.3052433968060877,-1.8830974969358663,0.7829097925025784,-0.35159141226573665,0
1571235866750,1.1976604640900124,0.3052433968060877,-1.9180374012039278,-0.23961672976887086,-0.3556151891681668,0
1571235867000,1.1976604640900124,0.3052433968060877,-1.9180374012039278,0.5219921480685485,-0.35159141226573665,0
1571235867250,1.1976604640900124,0.3052433968060877,-1.9180374012039278,0.24661196969668425,-0.35159141226573665,0
1571235867500,1.1976604640900124,0.33775910195749703,-1.9180374012039278,-0.6324732803024425,-0.35360330071695173,0
1571235867750,1.1976604640900124,0.33775910195749703,-1.9180374012039278,1.01101186285544,-0.35159141226573665,0
1571235868000,1.2411945292340956,0.3052433968060877,-1.9180374012039278,0.25836806453504085,-0.35159141226573665,0
1571235868250,1.1976604640900124,0.3052433968060877,-1.8830974969358663,-0.6904079922756388,-0.34957952381452145,0
1571235868500,1.1976604640900124,0.33775910195749703,-1.8830974969358663,0.976081883227805,-0.34957952381452145,0
1571235868750,1.2411945292340956,0.33775910195749703,-1.8830974969358663,0.2531243387798027,-0.35159141226573665,0
1571235869000,1.1976604640900124,0.33775910195749703,-1.8830974969358663,-0.5945831329097535,-0.34957952381452145,0
1571235869250,1.2411945292340956,0.3052433968060877,-1.8830974969358663,0.8523468706485553,-0.35159141226573665,0
1571235869500,1.1976604640900124,0.3052433968060877,-1.8830974969358663,0.10333984986807923,-0.35360330071695173,0
1571235869750,1.1976604640900124,0.3052433968060877,-1.8830974969358663,-0.71789526437971,-0.35360330071695173,0
1571235870000,1.1976604640900124,0.37027480710890637,-1.8830974969358663,0.9563756235347325,-0.35360330071695173,0
1571235870250,1.1976604640900124,0.37027480710890637,-1.9180374012039278,0.0854942670558976,-0.35360330071695173,0
1571235870500,1.1976604640900124,0.33775910195749703,-1.8830974969358663,-1.1463584043157864,-0.35360330071695173,0
1571235870750,1.1976604640900124,0.33775910195749703,-1.9529773054719894,0.7587209930509957,-0.35159141226573665,0
1571235871000,1.1976604640900124,0.33775910195749703,-1.9180374012039278,-0.049404806808698055,-0.35159141226573665,0
1571235871250,1.1976604640900124,0.33775910195749703,-1.9180374012039278,-0.04492226705018798,-0.35159141226573665,0
1571235871500,1.1976604640900124,0.33775910195749703,-1.9529773054719894,0.33981496618495033,-0.35360330071695173,0
1571235871750,1.1976604640900124,0.37027480710890637,-1.9529773054719894,-0.6460054757998314,-0.35159141226573665,0
1571235872000,1.1976604640900124,0.33775910195749703,-1.9529773054719894,0.8054070675169875,-0.35159141226573665,0
1571235872250,1.1976604640900124,0.33775910195749703,-1.9180374012039278,-0.7650887961768539,-0.35159141226573665,0
1571235872500,1.1976604640900124,0.33775910195749703,-1.9180374012039278,0.6839556129279221,-0.35159141226573665,0
1571235872750,1.1976604640900124,0.37027480710890637,-1.8830974969358663,0.2822185590991888,-0.35360330071695173,0
1571235873000,1.2411945292340956,0.33775910195749703,-1.9180374012039278,-0.16476677342393847,-0.35159141226573665,0
1571235873250,1.1976604640900124,0.33775910195749703,-1.9180374012039278,0.22233859402324294,-0.35159141226573665,0
1571235873500,1.1976604640900124,0.33775910195749703,-1.8830974969358663,-1.0252452546141555,-0.35159141226573665,0
1571235873750,1.1976604640900124,0.33775910195749703,-1.9529773054719894,1.091020968733752,-0.35159141226573665,0
1571235874000,1.1976604640900124,0.33775910195749703,-1.9180374012039278,0.21743317315543945,-0.35159141226573665,0
1571235874250,1.1976604640900124,0.33775910195749703,-1.9180374012039278,-1.321515759785114,-0.35159141226573665,0
1571235874500,1.1976604640900124,0.33775910195749703,-1.9529773054719894,0.932102247861291,-0.34957952381452145,0
1571235874750,1.1541263989459292,0.33775910195749703,-1.9180374012039278,0.3321185299958104,-0.35360330071695173,0
1571235875000,1.1976604640900124,0.33775910195749703,-1.9180374012039278,-0.9621513931075798,-0.35159141226573665,0
1571235875250,1.1541263989459292,0.33775910195749703,-1.9180374012039278,0.6021704063905778,-0.3475692059241582,0
1571235875500,1.1976604640900124,0.33775910195749703,-1.9180374012039278,-0.15208034014513636,-0.34957952381452145,0
1571235875750,1.2411945292340956,0.33775910195749703,-1.9180374012039278,-0.18413472822957636,-0.35159141226573665,0
1571235876000,1.1976604640900124,0.33775910195749703,-1.9180374012039278,0.05546970829606597,-0.34957952381452145,0
1571235876250,1.1976604640900124,0.33775910195749703,-1.9180374012039278,-0.6821195225334881,-0.35360330071695173,0
1571235876500,1.1976604640900124,0.33775910195749703,-1.9180374012039278,0.8898987131538094,-0.35159141226573665,0
1571235876750,1.1976604640900124,0.33775910195749703,-1.9180374012039278,0.18334895574639115,-0.34957952381452145,0
1571235877000,1.1976604640900124,0.33775910195749703,-1.9180374012039278,-1.4129426556143476,-0.35159141226573665,0
1571235877250,1.1976604640900124,0.33775910195749703,-1.9180374012039278,0.5235145200620047,-0.35159141226573665,0
1571235877500,1.1976604640900124,0.33775910195749703,-1.9180374012039278,-0.04289243772557965,-0.35360330071695173,0
1571235877750,1.1976604640900124,0.33775910195749703,-1.9180374012039278,-1.0779362408321136,-0.35159141226573665,0
1571235878000,1.1976604640900124,0.33775910195749703,-1.9180374012039278,0.5963346470823289,-0.3556151891681668,0
1571235878250,1.1976604640900124,0.3052433968060877,-1.8830974969358663,-0.18574167644489128,-0.35360330071695173,0
1571235878500,1.1976604640900124,0.3052433968060877,-1.8830974969358663,0.21997045981119986,-0.35360330071695173,0
1571235878750,1.1976604640900124,0.33775910195749703,-1.8830974969358663,0.26944754959852807,-0.35360330071695173,0
1571235879000,1.2411945292340956,0.33775910195749703,-1.8830974969358663,-0.6356871767330724,-0.35159141226573665,0
1571235879250,1.2411945292340956,0.33775910195749703,-1.8481575926678047,0.6341402182531591,-0.35159141226573665,0
1571235879500,1.2411945292340956,0.33775910195749703,-1.8481575926678047,-0.09676749104955921,-0.34957952381452145,0
1571235879750,1.2411945292340956,0.33775910195749703,-1.8481575926678047,-0.24756689462358686,-0.35360330071695173,0
1571235880000,1.2411945292340956,0.33775910195749703,-1.8481575926678047,0.26682568672090895,-0.35360330071695173,0
1571235880250,1.2411945292340956,0.33775910195749703,-1.8481575926678047,-0.8567694206716636,-0.34957952381452145,0
1571235880500,1.2411945292340956,0.33775910195749703,-1.8481575926678047,0.8415211142506441,-0.35159141226573665,0
1571235880750,1.2411945292340956,0.33775910195749703,-1.8481575926678047,-0.24325350730879414,-0.35360330071695173,0
1571235881000,1.2411945292340956,0.3052433968060877,-1.8481575926678047,0.8656253374803681,-0.35360330071695173,0
1571235881250,1.2411945292340956,0.3052433968060877,-1.8830974969358663,0.345989030380634,-0.35360330071695173,0
1571235881500,1.1976604640900124,0.3052433968060877,-1.8830974969358663,-0.5475587535563271,-0.35360330071695173,0
1571235881750,1.2411945292340956,0.3052433968060877,-1.8830974969358663,0.9493557971204619,-0.35159141226573665,0
1571235882000,1.1976604640900124,0.3052433968060877,-1.9180374012039278,0.4542465943597453,-0.35159141226573665,0
1571235882250,1.1976604640900124,0.3052433968060877,-1.9529773054719894,-0.6224932861231183,-0.35360330071695173,0
1571235882500,1.1976604640900124,0.33775910195749703,-1.9180374012039278,0.5006789401601609,-0.35360330071695173,0
1571235882750,1.1976604640900124,0.33775910195749703,-1.9180374012039278,-0.02183295848276816,-0.35360330071695173,0
1571235883000,1.1976604640900124,0.3052433968060877,-1.9180374012039278,-0.39024698089918114,-0.35360330071695173,0
1571235883250,1.1976604640900124,0.3052433968060877,-1.9180374012039278,1.2752279799419584,-0.35360330071695173,0
1571235883500,1.1976604640900124,0.3052433968060877,-1.9180374012039278,-0.06200666386564148,-0.35360330071695173,0
1571235883750,1.1976604640900124,0.3052433968060877,-1.9529773054719894,-0.9341566636723565,-0.35360330071695173,0
1571235884000,1.1976604640900124,0.33775910195749703,-1.8830974969358663,0.26285060429355095,-0.35360330071695173,0
1571235884250,1.1976604640900124,0.3052433968060877,-1.987917209740051,-0.2836809413572435,-0.35360330071695173,0
1571235884500,1.1541263989459292,0.3052433968060877,-1.9529773054719894,-0.049320230586839375,-0.35360330071695173,0
1571235884750,1.1976604640900124,0.33775910195749703,-1.9180374012039278,0.2402687530572832,-0.35159141226573665,0
1571235885000,1.1976604640900124,0.3052433968060877,-1.9529773054719894,-0.43777881758375975,-0.35159141226573665,0
1571235885250,1.1976604640900124,0.3052433968060877,-1.9180374012039278,0.4277742369179782,-0.35159141226573665,0
1571235885500,1.1976604640900124,0.33775910195749703,-1.9180374012039278,-0.001703817680402161,-0.35360330071695173,0
1571235885750,1.1976604640900124,0.33775910195749703,-1.9180374012039278,-0.7776060770119385,-0.35159141226573665,0
1571235886000,1.1976604640900124,0.33775910195749703,-1.9529773054719894,0.8016857137552055,-0.35159141226573665,0
1571235886250,1.1976604640900124,0.33775910195749703,-1.9529773054719894,0.1358171190618126,-0.35360330071695173,0
1571235886500,1.1976604640900124,0.3052433968060877,-1.9529773054719894,-1.1564229747169692,-0.35159141226573665,0
1571235886750,1.1976604640900124,0.3052433968060877,-1.9180374012039278,0.9422513944843328,-0.35360330071695173,0
1571235887000,1.1976604640900124,0.33775910195749703,-1.9180374012039278,0.17150828468617585,-0.35159141226573665,0
1571235887250,1.1976604640900124,0.3052433968060877,-1.9180374012039278,-1.221377513104436,-0.35159141226573665,0
1571235887500,1.1976604640900124,0.33775910195749703,-1.9180374012039278,0.722099488986187,-0.35159141226573665,0
1571235887750,1.1976604640900124,0.33775910195749703,-1.9180374012039278,0.05614631807093541,-0.35360330071695173,0
1571235888000,1.1976604640900124,0.33775910195749703,-1.9529773054719894,-1.4345095921883113,-0.35360330071695173,0
1571235888250,1.1541263989459292,0.3052433968060877,-1.9180374012039278,0.46008235366799427,-0.35360330071695173,0
1571235888500,1.1976604640900124,0.3052433968060877,-1.9529773054719894,-0.20375641170079029,-0.35360330071695173,0
1571235888750,1.1976604640900124,0.630400448320181,-1.8830974969358663,-0.354809543940394,-0.35159141226573665,0
1571235889000,1.2411945292340956,0.37027480710890637,-1.7433378798636199,0.46727133252598213,-0.35360330071695173,0
1571235889250,1.2411945292340956,0.33775910195749703,-1.9180374012039278,-0.3241929516275515,-0.35360330071695173,0
1571235889500,1.1976604640900124,0.33775910195749703,-1.8830974969358663,-0.16392101120535169,-0.35360330071695173,0
1571235889750,1.1976604640900124,0.33775910195749703,-1.9529773054719894,0.0684944464623028,-0.3556151891681668,0
1571235890000,1.1976604640900124,0.33775910195749703,-1.9529773054719894,-0.4894548891394136,-0.35360330071695173,0
1571235890250,1.1976604640900124,0.33775910195749703,-1.9180374012039278,0.4971267388420964,-0.35360330071695173,0
1571235890500,1.1976604640900124,0.33775910195749703,-1.9529773054719894,0.9562910473128737,-0.35159141226573665,0
1571235890750,1.1976604640900124,0.3052433968060877,-1.9529773054719894,-0.31624278677283557,-0.35360330071695173,0
1571235891000,1.1976604640900124,0.3052433968060877,-1.9529773054719894,0.7940738537879243,-0.35159141226573665,0
1571235891250,1.1976604640900124,0.3052433968060877,-1.9529773054719894,0.07314613866453024,-0.35360330071695173,0
1571235891500,1.1541263989459292,0.3052433968060877,-1.9529773054719894,-1.185940076145649,-0.35159141226573665,0
1571235891750,1.1976604640900124,0.3052433968060877,-1.9529773054719894,0.7857008078239148,-0.3556151891681668,0
1571235892000,1.1541263989459292,0.3052433968060877,-1.9529773054719894,0.014957698025757929,-0.35360330071695173,0
1571235892250,1.1976604640900124,0.3052433968060877,-1.9529773054719894,-0.8086455504340744,-0.35159141226573665,0
1571235892500,1.1541263989459292,0.3052433968060877,-1.9529773054719894,0.013350749810442998,-0.35360330071695173,0
1571235892750,1.1541263989459292,0.33775910195749703,-1.9529773054719894,-0.8763065279210188,-0.35159141226573665,0
1571235893000,1.1541263989459292,0.3052433968060877,-1.9529773054719894,0.8787346518684636,-0.35360330071695173,0
1571235893250,1.1541263989459292,0.3052433968060877,-1.9529773054719894,0.13141915552516123,-0.35159141226573665,0
1571235893500,1.6330011155308437,-0.1499764753136431,-1.813217688399743,-1.4370468788440718,-0.35360330071695173,0
1571235893750,1.110592333801846,0.3052433968060877,-1.6734580713274967,0.7668403103494291,-0.35360330071695173,0
1571235894000,1.763603310963093,0.5653690380173624,-1.4987585499871885,-0.10547884190100333,-0.35360330071695173,0
1571235894250,1.3282626595222617,0.33775910195749703,-1.463818645719127,-0.3817893587133131,-0.36567149030253865,0
1571235894500,1.6330011155308437,0.532853332865953,-1.53369845425525,0.2708853453701256,-0.3616492839609603,0
1571235894750,1.415330789810428,0.37027480710890637,-1.53369845425525,-2.1127263152730715,-0.3857856631321343,0
1571235895000,1.415330789810428,0.43530621741172504,-1.6734580713274967,-1.011121025563756,-0.3616492839609603,0
1571235895250,1.3282626595222617,0.37027480710890637,-1.7433378798636199,-0.46019151637631006,-0.32141936774091723,0
1571235895500,1.415330789810428,0.4027905122603157,-1.5686383585233117,-0.10150375947364534,-0.3234312561921323,0
1571235895750,1.110592333801846,0.33775910195749703,-1.638518167059435,1.5501852772045295,-0.3274550330945626,0
1571235896000,1.1976604640900124,0.27272769165467836,-1.8830974969358663,3.958916075739755,-0.32946535098492585,0
1571235896250,1.1976604640900124,0.3052433968060877,-1.9529773054719894,-0.1358417055482697,-0.3375113342289344,0
1571235896500,1.1541263989459292,0.27272769165467836,-1.9529773054719894,-1.0112056017856146,-0.3596373955097452,0
1571235896750,1.1541263989459292,0.27272769165467836,-1.9529773054719894,-0.2591538370182261,-0.3938316463761429,0
1571235897000,1.1541263989459292,0.27272769165467836,-1.9529773054719894,-0.021494653595333434,-0.40388951807136664,0
1571235897250,1.1541263989459292,0.27272769165467836,-1.9529773054719894,-3.9169062799624474,-0.3576255070585301,0
1571235897500,1.1541263989459292,0.240211986503269,-1.987917209740051,-1.5787966266792204,-0.3576255070585301,0
1571235897750,1.1541263989459292,0.27272769165467836,-1.987917209740051,2.0140858540993927,-0.3576255070585301,0
1571235898000,1.1541263989459292,0.27272769165467836,-1.987917209740051,0.5712155091903006,-0.3556151891681668,0
1571235898250,1.1541263989459292,0.27272769165467836,-1.987917209740051,1.0308872749922302,-0.3556151891681668,0
1571235898500,1.1541263989459292,0.27272769165467836,-2.022857114008113,0.2159108011619832,-0.3556151891681668,0
1571235898750,1.1541263989459292,0.27272769165467836,-1.987917209740051,-0.8109291084242587,-0.35360330071695173,0
1571235899000,1.1541263989459292,0.27272769165467836,-2.022857114008113,0.8942121004686022,-0.3556151891681668,0
1571235899250,1.1541263989459292,0.27272769165467836,-1.987917209740051,-0.20155742993246456,-0.35360330071695173,0
1571235899500,1.1541263989459292,0.27272769165467836,-1.987917209740051,0.743835578003868,-0.35360330071695173,0
1571235899750,1.1541263989459292,0.27272769165467836,-1.987917209740051,-0.07097174338266163,-0.3556151891681668,0
1571235900000,1.1541263989459292,0.27272769165467836,-1.9529773054719894,-1.1422987456665694,-0.3556151891681668,0
1571235900250,1.1541263989459292,0.240211986503269,-2.022857114008113,0.8384763702637317,-0.3556151891681668,0
1571235900500,1.1541263989459292,0.27272769165467836,-1.987917209740051,-0.0142210985154869,-0.3556151891681668,0
1571235900750,1.1541263989459292,0.27272769165467836,-2.022857114008113,0.25067162834590095,-0.3556151891681668,0
1571235901000,1.1541263989459292,0.27272769165467836,-2.022857114008113,0.27663652845651593,-0.3556151891681668,0
1571235901250,1.1541263989459292,0.27272769165467836,-1.987917209740051,-0.5424841802448063,-0.35360330071695173,0
1571235901500,1.1541263989459292,0.27272769165467836,-2.022857114008113,0.907236838634839,-0.3556151891681668,0
1571235901750,1.110592333801846,0.27272769165467836,-2.022857114008113,0.21244317606577728,-0.3556151891681668,0
1571235902000,1.110592333801846,0.27272769165467836,-2.022857114008113,-0.8114365657554108,-0.3556151891681668,0
1571235902250,1.110592333801846,0.27272769165467836,-2.022857114008113,0.7467111695470631,-0.3556151891681668,0
1571235902500,1.110592333801846,0.27272769165467836,-2.022857114008113,0.07965850774764864,-0.3576255070585301,0
1571235902750,1.110592333801846,0.27272769165467836,-2.022857114008113,-0.6947213795904315,-0.3556151891681668,0
1571235903000,1.1541263989459292,0.27272769165467836,-2.022857114008113,0.41491865119545873,-0.3556151891681668,0
1571235903250,1.1541263989459292,0.27272769165467836,-2.022857114008113,-0.47313167832068825,-0.3556151891681668,0
1571235903500,1.110592333801846,0.27272769165467836,-2.022857114008113,0.6984181468657564,-0.35360330071695173,0
1571235903750,1.110592333801846,0.27272769165467836,-2.022857114008113,0.07661376376073614,-0.3556151891681668,0
1571235904000,1.110592333801846,0.27272769165467836,-2.022857114008113,-1.159129413816447,-0.35360330071695173,0
1571235904250,1.110592333801846,0.27272769165467836,-2.022857114008113,0.5208926571843856,-0.35360330071695173,0
1571235904500,1.110592333801846,0.27272769165467836,-2.022857114008113,-0.05887734365687029,-0.3556151891681668,0
1571235904750,1.110592333801846,0.27272769165467836,-2.022857114008113,-0.7154425539458082,-0.3596373955097452,0
1571235905000,1.110592333801846,0.27272769165467836,-2.022857114008113,0.39039154685644134,-0.3556151891681668,0
1571235905250,1.110592333801846,0.27272769165467836,-2.022857114008113,-0.14201576974395339,-0.3556151891681668,0
1571235905500,1.1541263989459292,0.27272769165467836,-2.022857114008113,-0.8375706183097431,-0.3576255070585301,0
1571235905750,1.110592333801846,0.27272769165467836,-2.022857114008113,0.4270976271431088,-0.35360330071695173,0
1571235906000,1.110592333801846,0.27272769165467836,-2.022857114008113,-0.017265842502399403,-0.3556151891681668,0
1571235906250,1.110592333801846,0.27272769165467836,-2.022857114008113,-1.2019249820769393,-0.35360330071695173,0
1571235906500,1.110592333801846,0.27272769165467836,-2.022857114008113,0.5917675311019601,-0.3556151891681668,0
1571235906750,1.110592333801846,0.27272769165467836,-2.022857114008113,0.17463760489494703,-0.3556151891681668,0
1571235907000,1.110592333801846,0.27272769165467836,-1.987917209740051,-1.0644040453347248,-0.3576255070585301,0
1571235907250,1.110592333801846,0.27272769165467836,-1.987917209740051,0.6128270103447715,-0.3556151891681668,0
1571235907500,1.110592333801846,0.27272769165467836,-2.022857114008113,0.05115632098127325,-0.3556151891681668,0
1571235907750,1.110592333801846,0.27272769165467836,-2.022857114008113,-1.0623742160101164,-0.3556151891681668,0
1571235908000,1.110592333801846,0.27272769165467836,-2.022857114008113,0.5165792698695929,-0.3556151891681668,0
1571235908250,1.110592333801846,0.27272769165467836,-2.022857114008113,-0.13837899220403013,-0.3556151891681668,0
1571235908500,1.110592333801846,0.27272769165467836,-2.0577970182761742,-0.11249866831527383,-0.3556151891681668,0
1571235908750,1.067058268657763,0.240211986503269,-2.092736922544236,0.15636914097347202,-0.3556151891681668,0
1571235909000,1.110592333801846,0.27272769165467836,-2.092736922544236,-0.4502115221969858,-0.3556151891681668,0
1571235909250,1.110592333801846,0.240211986503269,-2.092736922544236,0.8621577123841622,-0.3556151891681668,0
1571235909500,1.110592333801846,0.240211986503269,-2.092736922544236,0.148418976118756,-0.3576255070585301,0
1571235909750,1.110592333801846,0.240211986503269,-2.1276768268122974,-0.7353179660825981,-0.3556151891681668,0
1571235910000,1.110592333801846,0.240211986503269,-2.0577970182761742,0.2272440148910464,-0.3556151891681668,0
1571235910250,1.110592333801846,0.240211986503269,-2.0577970182761742,-0.5966975384562205,-0.35360330071695173,0
1571235910500,1.110592333801846,0.240211986503269,-2.0577970182761742,0.7910291098010118,-0.3556151891681668,0
1571235910750,1.110592333801846,0.27272769165467836,-2.0577970182761742,0.15315524454284216,-0.3556151891681668,0
1571235911000,1.110592333801846,0.27272769165467836,-2.0577970182761742,-0.929251242804553,-0.3576255070585301,0
1571235911250,1.110592333801846,0.240211986503269,-2.0577970182761742,0.6123195530136194,-0.3556151891681668,0
1571235911500,1.110592333801846,0.240211986503269,-2.0577970182761742,-0.057693276550848764,-0.3556151891681668,0
1571235911750,1.110592333801846,0.27272769165467836,-2.0577970182761742,-0.5008726790903354,-0.3556151891681668,0
1571235912000,1.110592333801846,0.240211986503269,-2.0577970182761742,0.40874458699977506,-0.35360330071695173,0
1571235912250,1.110592333801846,0.240211986503269,-2.0577970182761742,-0.316919396547705,-0.35360330071695173,0
1571235912500,1.110592333801846,0.27272769165467836,-2.0577970182761742,0.8358545073861126,-0.35159141226573665,0
1571235912750,1.110592333801846,0.27272769165467836,-2.0577970182761742,0.10410103586480736,-0.3556151891681668,0
1571235913000,1.110592333801846,0.27272769165467836,-2.0577970182761742,-0.7968048793738591,-0.3556151891681668,0
1571235913250,1.110592333801846,0.27272769165467836,-2.0577970182761742,0.7910291098010118,-0.3556151891681668,0
1571235913500,1.110592333801846,0.27272769165467836,-2.092736922544236,0.043713613457709355,-0.3556151891681668,0
1571235913750,1.110592333801846,0.27272769165467836,-2.0577970182761742,-1.0315884712535566,-0.3576255070585301,0
1571235914000,1.110592333801846,0.27272769165467836,-2.0577970182761742,0.45094812170725673,-0.3556151891681668,0
1571235914250,1.110592333801846,0.3052433968060877,-2.022857114008113,-0.26685027320736604,-0.35360330071695173,0
1571235914500,1.2411945292340956,0.3052433968060877,-2.0577970182761742,0.45991320122427687,-0.35360330071695173,0
1571235914750,1.1976604640900124,0.37027480710890637,-1.9180374012039278,0.3317802251083757,-0.3556151891681668,0
1571235915000,1.1541263989459292,0.37027480710890637,-1.9529773054719894,-0.40809256371136277,-0.3556151891681668,0
1571235915250,1.1541263989459292,0.33775910195749703,-1.987917209740051,0.5094748672334637,-0.3556151891681668,0
1571235915500,1.110592333801846,0.33775910195749703,-1.9529773054719894,-0.09084715551945158,-0.3556151891681668,0
1571235915750,1.2411945292340956,0.5978847431687717,-1.8830974969358663,-1.4774743128925212,-0.3576255070585301,0
1571235916000,1.7200692458190099,0.11014916589763163,-1.8481575926678047,0.8841475300674191,-0.3596373955097452,0
1571235916250,-0.021293359944315533,-2.2960130153066594,-0.6252609432856484,-0.46560439457526565,-0.3455573174729431,0
1571235916500,1.763603310963093,0.0126020504434036,-1.0794796987704494,1.00974321952756,-0.47831211459695555,0
1571235916750,1.1976604640900124,-1.3530575659157889,0.5277558975603845,0.15323982076470083,-0.43204967414497086,0
1571235917000,1.5023989200985943,-1.1579633350073328,0.3879962804881381,-1.6595669185542605,-0.536644315195379,0
1571235917250,-1.9803262914280568,-1.1254476298559235,-0.24092199633697078,-1.1845022803740513,-0.472278019804162,0
1571235917500,-4.331165809208546,-1.1254476298559235,0.07353714207558366,-0.9653652895382097,-0.34957952381452145,0
1571235917750,1.7200692458190099,-1.1579633350073328,1.9253520682828487,0.9486791873455925,-0.3717055850953322,0
1571235918000,-3.460484506326883,-2.035887374095385,-0.17104218780084757,0.2132043620625054,-0.39584353482735807,0
1571235918250,-1.6320537702753917,-1.3855732710671982,0.3879962804881381,0.0754296966547146,-0.3717055850953322,0
1571235918500,-2.72040539887747,-1.1904790401587422,0.10847704634364527,1.5262502064185228,-0.36567149030253865,0
1571235918750,-1.7191219005635578,-1.2880261556129702,1.2265539829216165,-1.2877698472635004,-0.3696952672049689,0
1571235919000,-2.8945416594538025,-0.8653219886446487,-0.6951407518217716,0.935062415626345,-0.3616492839609603,0
1571235919250,-1.6755878354194749,-1.1579633350073328,0.3181164719520149,0.9256744550000314,-0.3375113342289344,0
1571235919500,-1.5885197051313085,-1.4506046813700169,0.24823666341589168,0.17886641598788106,-0.3173971613993388,0
1571235919750,-0.8484405976818952,-1.1254476298559235,0.49281599329232295,-1.6893377486485162,-0.331477239436141,0
1571235920000,-1.8061900308517242,-1.3205418607643795,0.7373953231687541,-0.11850358006724016,-0.35159141226573665,0
1571235920250,-2.2415306822925554,-1.4506046813700169,1.016914557313247,0.34362089616859093,-0.36567149030253865,0
1571235920500,-2.8945416594538025,-1.2880261556129702,0.5626958018284461,0.9099432777343168,-0.3696952672049689,0
1571235920750,-3.0251438548860516,-0.5726806422819646,-0.06622247499666276,0.9604352821839491,-0.4058998359617299,0
1571235921000,-3.068677920030135,-0.18249218046505244,-0.9746599859662645,-2.1695615363621052,-0.3877975515833494,0
1571235921250,-2.8945416594538025,-0.5401649371305552,-1.0445397945023878,-0.02487770246968066,-0.3576255070585301,0
1571235921500,-4.635904265217127,0.240211986503269,-1.3589989329149421,0.412465940761557,-0.26711094404492397,0
1571235921750,-3.4169504411828,-0.5726806422819646,-0.4156215176772788,0.7147413576844819,-0.2590649608009153,0
1571235922000,-3.6781548320472988,-0.4751335268277365,-0.3457417091411556,-0.3935454535516697,-0.22688259838573263,0
1571235922250,-3.5910867017591324,-0.18249218046505244,-0.24092199633697078,-0.9984345922849537,-0.2369388995201047,0
1571235922500,-3.8087570274795484,-0.1499764753136431,-0.3806816134092172,0.21261232850949463,-0.257054642910552,0
1571235922750,-4.11349548348813,0.20769628135185966,-1.0794796987704494,1.0290265981113391,-0.26711094404492397,0
1571235923000,-4.069961418344047,-0.01991365470800574,-0.7999604646259565,1.3386601463359689,-0.2731450388377174,0
1571235923250,-3.9828932880558807,0.07763346074622228,-0.6252609432856484,-0.15554796524134226,-0.2731450388377174,0
1571235923500,-4.0264273531999635,-0.01991365470800574,-0.7300806560898333,0.07754410220118163,-0.2811910220817261,0
1571235923750,-4.0264273531999635,0.14266487104904096,-0.5553811347495252,-0.23894011999400142,-0.2811910220817261,0
1571235924000,-4.0264273531999635,0.11014916589763163,-0.6252609432856484,-1.0366630445650775,-0.2872251168745195,0
1571235924250,-4.0264273531999635,0.11014916589763163,-0.5903210390175868,-1.1560000936076757,-0.2872251168745195,0
1571235924500,-4.069961418344047,0.11014916589763163,-0.6252609432856484,-1.5392149548493579,-0.28923700532573465,0
1571235924750,-4.0264273531999635,0.07763346074622228,-0.6252609432856484,-0.6906617209412148,-0.29124889377694974,0
1571235925000,-4.0264273531999635,0.11014916589763163,-0.6252609432856484,-0.528275374972548,-0.29124889377694974,0
1571235925250,-4.0264273531999635,0.07763346074622228,-0.6252609432856484,-0.22667656782449272,-0.29124889377694974,0
1571235925500,-4.0264273531999635,0.07763346074622228,-0.6252609432856484,-0.3708790260935433,-0.29325921166731306,0
1571235925750,-4.0264273531999635,0.07763346074622228,-0.66020084755371,-0.012614150300171968,-0.2972829885697433,0
1571235926000,-4.069961418344047,0.07763346074622228,-0.6252609432856484,-0.2622831572269973,-0.29325921166731306,0
1571235926250,-4.0264273531999635,0.07763346074622228,-0.6252609432856484,0.002863298299966595,-0.2952711001185281,0
1571235926500,-4.0264273531999635,0.14266487104904096,-0.6951407518217716,-0.256278245475031,-0.29325921166731306,0
1571235926750,-4.0264273531999635,0.045117755594812944,-0.6252609432856484,0.37753596113392196,-0.2952711001185281,0
1571235927000,-4.0264273531999635,-0.2150078856164618,-0.5903210390175868,-0.06505140785255398,-0.2952711001185281,0
1571235927250,-3.8958251577677143,-0.11746077016223377,-0.3457417091411556,0.40104815081063516,-0.28923700532573465,0
1571235927500,-4.0264273531999635,-0.2800392959192805,-0.3457417091411556,-0.34652107419824324,-0.2952711001185281,0
1571235927750,-3.6781548320472988,-0.31255500107068984,-0.2059820920689092,-1.5490257965849648,-0.3093511781553302,0
1571235928000,-1.457917509699059,-0.3775864113735085,1.2964337914577397,0.9680471421512303,-0.32946535098492585,0
1571235928250,-1.5014515748431423,-0.8328062834932394,0.7024554189006925,-0.5332653720622101,-0.2731450388377174,0
1571235928500,-2.110928486860306,-0.6051963474333739,0.7723352274368158,-1.4674943187131968,-0.3113630666065453,0
1571235928750,-1.3273153142668097,-1.5156360916728355,0.2831765676839533,0.1699859126927196,-0.31538527294812374,0
1571235929000,-0.8484405976818952,-1.4506046813700169,0.21329675914783008,0.6938510308853876,-0.3133749550577605,0
1571235929250,-1.0661109234023107,-1.1904790401587422,-0.2059820920689092,1.0355389671944575,-0.31538527294812374,0
1571235929500,-1.0661109234023107,-1.2229947453101515,0.24823666341589168,-0.11444392141802348,-0.3274550330945626,0
1571235929750,-1.0661109234023107,-1.1579633350073328,0.6675155146326309,-1.2417603825723782,-0.29325921166731306,0
1571235930000,-1.762655965707641,-1.0279005144016955,0.6325756103645693,0.3124122703027378,-0.40187762962015144,0
1571235930250,1.6330011155308437,-1.6782146174298822,-0.4156215176772788,-0.11689663185192523,-0.30532897181375185,0
1571235930500,0.06577477034385075,-0.897837693796058,-1.1493595073065725,1.0194694850413082,-0.34957952381452145,0
1571235930750,2.0683417669716753,-0.2150078856164618,-0.8698402731620797,0.9010627744391553,-0.3877975515833494,0
1571235931000,1.5894670503867605,0.7604632689258184,-1.4987585499871885,0.3291583622307566,-0.3254431446433475,0
1571235931250,1.676535180674927,0.630400448320181,-2.337316252420667,-0.36935665410008706,-0.2972829885697433,0
1571235931500,0.8058538777932641,0.14266487104904096,-1.53369845425525,-1.1353634954741576,-0.35360330071695173,0
1571235931750,0.8493879429373472,-0.08494506501082442,-0.45056142194534043,-1.6023933925777922,-0.06395575673690083,0
1571235932000,1.4588648549545111,0.1751805762004503,-0.7650205603578949,1.506882251612885,-0.13837835326248982,0
1571235932250,1.415330789810428,0.14266487104904096,-0.7999604646259565,3.0160603544591824,-0.1846423642753264,0
1571235932500,1.3282626595222617,0.07763346074622228,-1.2192393158426957,-1.4503253456758847,-0.22487070993451766,0
1571235932750,1.415330789810428,0.4678219225631344,-1.7083979755955583,1.7747351462393266,-0.24498488276411318,0
1571235933000,1.110592333801846,0.27272769165467836,-1.8481575926678047,0.263104332959127,-0.2510189775569067,0
1571235933250,1.067058268657763,0.240211986503269,-2.1975566353484206,-1.5387920737400647,-0.257054642910552,0
1571235933500,1.067058268657763,0.20769628135185966,-2.2324965396164824,0.5681707652033882,-0.3616492839609603,0
1571235933750,0.9799901383695966,0.1751805762004503,-2.1626167310803592,1.7651780331692957,-0.26711094404492397,0
1571235934000,1.067058268657763,0.14266487104904096,-2.3023763481526056,2.632760916995642,-0.3576255070585301,0
1571235934250,1.0235242035136798,0.20769628135185966,-2.2324965396164824,1.6060901598531172,-0.38176345679055584,0
1571235934500,0.9799901383695966,0.1751805762004503,-2.2324965396164824,0.12423017666717336,-0.2590649608009153,0
1571235934750,1.0235242035136798,0.1751805762004503,-2.2324965396164824,-1.555876470555518,-0.26912283249613905,0
1571235935000,0.9799901383695966,0.1751805762004503,-2.1975566353484206,-1.7832173549116515,-0.2751569272889326,0
1571235935250,1.0235242035136798,0.1751805762004503,-2.1975566353484206,-0.4878479409240986,-0.26912283249613905,0
1571235935500,1.0235242035136798,0.1751805762004503,-2.1975566353484206,-0.7698250646009399,-0.2731450388377174,0
1571235935750,0.9799901383695966,0.1751805762004503,-2.1975566353484206,-0.3385709093435273,-0.2751569272889326,0
1571235936000,0.9799901383695966,0.1751805762004503,-2.1975566353484206,-0.5382553691518723,-0.2751569272889326,0
1571235936250,1.0235242035136798,0.1751805762004503,-2.1975566353484206,-0.09203122262547311,-0.2751569272889326,0
1571235936500,1.0235242035136798,0.1751805762004503,-2.1975566353484206,0.1891847150546401,-0.2751569272889326,0
1571235936750,0.9799901383695966,0.1751805762004503,-2.2324965396164824,-0.5203252101178321,-0.2771688157401476,0
1571235937000,1.0235242035136798,0.1751805762004503,-2.2324965396164824,0.641075468445571,-0.2771688157401476,0
1571235937250,0.9799901383695966,0.1751805762004503,-2.1975566353484206,0.23020418265610024,-0.2811910220817261,0
1571235937500,1.0235242035136798,0.1751805762004503,-2.1975566353484206,-0.887386012984506,-0.27917913363051094,0
1571235937750,1.0235242035136798,0.1751805762004503,-2.2324965396164824,0.6301651358258011,-0.2811910220817261,0
1571235938000,0.9799901383695966,0.07763346074622228,-2.0577970182761742,0.26420382384328983,-0.28320291053294117,0
1571235938250,0.9799901383695966,0.11014916589763163,-2.092736922544236,-0.7713474365943962,-0.48434620938974904,0
1571235938500,1.110592333801846,0.14266487104904096,-1.8830974969358663,0.8027006284175097,-0.30532897181375185,0
1571235938750,1.067058268657763,0.532853332865953,-2.3023763481526056,0.4572913383466578,-0.3173971613993388,0
1571235939000,0.41404729149651587,0.20769628135185966,-2.6517753908332216,-0.44936575997839895,-0.3234312561921323,0
1571235939250,0.8929220080814304,0.240211986503269,-2.267436443884544,-0.10260325035780819,-0.2952711001185281,0
1571235939500,-0.19542962052064808,0.1751805762004503,-2.686715295101283,-0.7817503118830139,-0.5225642371585769,0
1571235939750,1.9377395715394257,0.0126020504434036,-1.8830974969358663,1.2302334299131403,-0.6271588782089852,0
1571235940000,0.9364560732255135,0.1751805762004503,-2.267436443884544,0.05631547051465277,-0.5024500643289814,0
1571235940250,1.1976604640900124,0.33775910195749703,-1.9180374012039278,-1.1310501081593651,-0.3616492839609603,0
1571235940500,1.371796724666345,0.3052433968060877,-1.7083979755955583,-1.3682018342511055,-0.2510189775569067,0
1571235940750,0.5446494869287652,0.1751805762004503,-2.372256156688729,1.2481635889471807,-0.2972829885697433,0
1571235941000,0.5881835520728484,0.240211986503269,-2.6168354865651597,-0.712313233737037,-0.3013051949113216,0
1571235941250,0.19637696577610014,0.3052433968060877,-2.7565951036374066,-0.33341175981014776,-0.41595770765695367,0
1571235941500,0.6317176172169315,0.27272769165467836,-2.5469556780290366,2.7150535808641383,-0.23291669317852615,0
1571235941750,0.45758135664059896,0.33775910195749703,-2.791535007905468,0.8598741543939779,-0.2429745648737499,0
1571235942000,0.41404729149651587,0.37027480710890637,-2.7565951036374066,-0.4825196389470018,-0.41595770765695367,0
1571235942250,0.3705132263524327,0.4027905122603157,-2.8264749121735298,-3.254928191474554,-0.3717055850953322,0
1571235942500,0.3269791612083496,0.4027905122603157,-2.791535007905468,-2.1291341023136554,-0.32141936774091723,0
1571235942750,0.3705132263524327,0.33775910195749703,-2.7565951036374066,-0.6162346457055758,-0.32946535098492585,0
1571235943000,0.28344509606426643,0.33775910195749703,-2.896354720709653,2.0008073872675802,-0.3334891278873561,0
1571235943250,0.2399110309201833,0.3052433968060877,-2.8264749121735298,3.8526883410852517,-0.33549944577771934,0
1571235943500,0.28344509606426643,0.33775910195749703,-2.861414816441591,-0.3461827693108085,-0.3375113342289344,0
1571235943750,0.3705132263524327,0.33775910195749703,-2.791535007905468,-1.3364011748322417,-0.33549944577771934,0
1571235944000,0.3269791612083496,0.33775910195749703,-2.8264749121735298,-0.7679643877200489,-0.3375113342289344,0
1571235944250,0.3705132263524327,0.33775910195749703,-2.791535007905468,1.4532609269544814,-0.3375113342289344,0
1571235944500,0.3269791612083496,0.33775910195749703,-2.8264749121735298,0.2795966962215697,-0.3395232226801496,0
1571235944750,0.3269791612083496,0.33775910195749703,-2.791535007905468,-0.022678720701354963,-0.3395232226801496,0
1571235945000,0.28344509606426643,0.37027480710890637,-2.9312946249777143,0.0256143019799517,-0.3395232226801496,0
1571235945250,0.3269791612083496,0.4027905122603157,-2.8264749121735298,0.45653015234992966,-0.3415351111313647,0
1571235945500,0.2399110309201833,0.37027480710890637,-2.896354720709653,0.42540610270593515,-0.3455573174729431,0
1571235945750,0.28344509606426643,0.4027905122603157,-2.896354720709653,-0.22388555250315628,-0.3415351111313647,0
1571235946000,0.41404729149651587,0.33775910195749703,-2.791535007905468,0.44274422818696474,-0.38176345679055584,0
1571235946250,0.5011154217846822,0.4027905122603157,-2.7565951036374066,-0.8703016161690525,-0.46825581346258366,0
1571235946500,0.5446494869287652,0.37027480710890637,-2.6168354865651597,0.7897604664731315,-0.5225642371585769,0
1571235946750,0.5446494869287652,0.4027905122603157,-2.686715295101283,-0.443276272004574,-0.524576125609792,0
1571235947000,0.5011154217846822,0.43530621741172504,-2.7565951036374066,-2.4330164674518953,-0.4300377856937558,0
1571235947250,0.3705132263524327,0.43530621741172504,-2.791535007905468,1.0299569365517847,-0.34354542902172797,0
1571235947500,0.41404729149651587,0.4027905122603157,-2.686715295101283,0.14139914970448553,-0.3556151891681668,0
1571235947750,0.41404729149651587,0.4027905122603157,-2.7565951036374066,1.3544758998235422,-0.45417573542578155,0
1571235948000,0.5446494869287652,0.43530621741172504,-2.6517753908332216,0.971599343469295,-0.35159141226573665,0
1571235948250,0.5446494869287652,0.43530621741172504,-2.686715295101283,-1.0779362408321136,-0.3556151891681668,0
1571235948500,0.5881835520728484,0.43530621741172504,-2.6517753908332216,0.12888186886940078,-0.34354542902172797,0
1571235948750,0.5881835520728484,0.43530621741172504,-2.6517753908332216,-0.5782599220910283,-0.3475692059241582,0
1571235949000,0.5881835520728484,0.4027905122603157,-2.6517753908332216,-0.22354724761572156,-0.3475692059241582,0
1571235949250,0.5881835520728484,0.4027905122603157,-2.6517753908332216,0.04286785123912255,-0.3475692059241582,0
1571235949500,0.5446494869287652,0.4027905122603157,-2.6517753908332216,-0.9329725965663349,-0.3475692059241582,0
1571235949750,0.5446494869287652,0.4027905122603157,-2.686715295101283,1.017947113047852,-0.3475692059241582,0
1571235950000,0.5446494869287652,0.4027905122603157,-2.686715295101283,-0.18709489599463017,-0.3455573174729431,0
1571235950250,0.5446494869287652,0.4027905122603157,-2.6517753908332216,0.7561837063952354,-0.3475692059241582,0
1571235950500,0.5446494869287652,0.4027905122603157,-2.6517753908332216,0.11839441735892439,-0.3455573174729431,0
1571235950750,0.5881835520728484,0.4027905122603157,-2.6517753908332216,-0.7951979311585441,-0.3455573174729431,0
1571235951000,0.5446494869287652,0.4027905122603157,-2.6517753908332216,0.2705470404826909,-0.3455573174729431,0
1571235951250,0.5881835520728484,0.4027905122603157,-2.6517753908332216,-0.44589813488219304,-0.34354542902172797,0
1571235951500,0.5446494869287652,0.4027905122603157,-2.6517753908332216,0.3382080179696354,-0.3475692059241582,0
1571235951750,0.5446494869287652,0.4027905122603157,-2.6517753908332216,0.04904191543480623,-0.3455573174729431,0
1571235952000,0.5446494869287652,0.4027905122603157,-2.6517753908332216,-0.7312583074333816,-0.3475692059241582,0
1571235952250,0.5446494869287652,0.4027905122603157,-2.686715295101283,0.5023704645973346,-0.3455573174729431,0
1571235952500,0.5446494869287652,0.4027905122603157,-2.686715295101283,0.05775326628625035,-0.3475692059241582,0
1571235952750,0.5446494869287652,0.4027905122603157,-2.6517753908332216,-0.7419149113875753,-0.3475692059241582,0
1571235953000,0.5446494869287652,0.4027905122603157,-2.6517753908332216,0.2684326349362239,-0.3475692059241582,0
1571235953250,0.6317176172169315,0.4027905122603157,-2.6168354865651597,-0.21382098210197326,-0.3475692059241582,0
1571235953500,0.6317176172169315,0.27272769165467836,-2.6517753908332216,0.4287045753584237,-0.3696952672049689,0
1571235953750,0.15284290063201703,0.11014916589763163,-2.966234529245776,0.12253865222999974,-0.35159141226573665,0
1571235954000,0.2399110309201833,0.1751805762004503,-2.896354720709653,-0.6184336274739015,-0.3696952672049689,0
1571235954250,0.28344509606426643,0.1751805762004503,-2.8264749121735298,0.3615510552026313,-0.3415351111313647,0
1571235954500,0.28344509606426643,0.1751805762004503,-2.861414816441591,-0.9074305775650134,-0.33549944577771934,0
1571235954750,0.28344509606426643,0.1751805762004503,-2.861414816441591,0.4553460852439081,-0.3415351111313647,0
1571235955000,0.28344509606426643,0.1751805762004503,-2.861414816441591,1.8134710558506024,-0.3395232226801496,0
1571235955250,0.28344509606426643,0.1751805762004503,-2.861414816441591,-0.695905446696453,-0.3375113342289344,0
1571235955500,0.28344509606426643,0.20769628135185966,-2.8264749121735298,-0.18066710313337045,-0.3375113342289344,0
1571235955750,0.3269791612083496,0.20769628135185966,-2.8264749121735298,-0.1016729119173627,-0.3395232226801496,0
1571235956000,0.3269791612083496,0.240211986503269,-2.8264749121735298,0.042191241464253106,-0.3375113342289344,0
1571235956250,0.3705132263524327,0.27272769165467836,-2.791535007905468,0.1385235581612904,-0.33549944577771934,0
1571235956500,0.3705132263524327,0.240211986503269,-2.791535007905468,-0.10218036924851479,-0.3375113342289344,0
1571235956750,0.3705132263524327,0.3052433968060877,-2.861414816441591,-0.1113146012092523,-0.3375113342289344,0
1571235957000,0.45758135664059896,0.27272769165467836,-2.7216551993693447,-0.073255301372846,-0.3375113342289344,0
1571235957250,0.45758135664059896,0.27272769165467836,-2.7565951036374066,-0.18684116732905415,-0.33549944577771934,0
1571235957500,0.45758135664059896,0.27272769165467836,-2.7216551993693447,-0.6385627682762676,-0.3395232226801496,0
1571235957750,0.45758135664059896,0.27272769165467836,-2.7565951036374066,0.4654952318669498,-0.3395232226801496,0
1571235958000,0.45758135664059896,0.27272769165467836,-2.7565951036374066,-0.8352024840977,-0.3375113342289344,0
1571235958250,0.45758135664059896,0.27272769165467836,-2.7565951036374066,0.6546922401648185,-0.33549944577771934,0
1571235958500,0.45758135664059896,0.27272769165467836,-2.7216551993693447,-0.09211579884733179,-0.3415351111313647,0
1571235958750,0.45758135664059896,0.27272769165467836,-2.7565951036374066,0.509136562346029,-0.3395232226801496,0
1571235959000,0.45758135664059896,0.27272769165467836,-2.7216551993693447,-0.21170657655550623,-0.3395232226801496,0
1571235959250,0.45758135664059896,0.27272769165467836,-2.7216551993693447,-0.0012809365711087576,-0.3395232226801496,0
1571235959500,0.45758135664059896,0.27272769165467836,-2.7216551993693447,0.0711163093399219,-0.3395232226801496,0
1571235959750,0.45758135664059896,0.27272769165467836,-2.7216551993693447,-0.6057471941950995,-0.3395232226801496,0
1571235960000,0.45758135664059896,0.27272769165467836,-2.7565951036374066,0.12727492065408585,-0.3375113342289344,0
1571235960250,0.45758135664059896,0.27272769165467836,-2.7216551993693447,-0.5253152072074941,-0.3395232226801496,0
1571235960500,0.45758135664059896,0.27272769165467836,-2.7216551993693447,0.35055614636100274,-0.3395232226801496,0
1571235960750,0.45758135664059896,0.27272769165467836,-2.7216551993693447,-0.22168657073483056,-0.3395232226801496,0
1571235961000,0.45758135664059896,0.27272769165467836,-2.7216551993693447,0.5114201203362134,-0.3375113342289344,0
1571235961250,0.45758135664059896,0.27272769165467836,-2.7216551993693447,-0.18007506958035968,-0.3415351111313647,0
1571235961500,0.45758135664059896,0.27272769165467836,-2.7216551993693447,0.14757321390016923,-0.3395232226801496,0
1571235961750,0.45758135664059896,0.27272769165467836,-2.7216551993693447,0.11594170692502266,-0.3395232226801496,0
1571235962000,0.45758135664059896,0.27272769165467836,-2.7216551993693447,-0.3082080456962609,-0.3375113342289344,0
1571235962250,0.45758135664059896,0.27272769165467836,-2.7216551993693447,0.5007635163820197,-0.3375113342289344,0
1571235962500,0.45758135664059896,0.27272769165467836,-2.7216551993693447,-0.06403649319024982,-0.3395232226801496,0
1571235962750,0.45758135664059896,0.27272769165467836,-2.7216551993693447,-0.5271758840883851,-0.3395232226801496,0
1571235963000,0.45758135664059896,0.27272769165467836,-2.7216551993693447,0.29033787639762215,-0.3415351111313647,0
1571235963250,0.45758135664059896,0.27272769165467836,-2.7216551993693447,-0.16789609363270966,-0.3395232226801496,0
1571235963500,0.45758135664059896,0.27272769165467836,-2.7216551993693447,0.1721848944610453,-0.3415351111313647,0
1571235963750,0.45758135664059896,0.27272769165467836,-2.7565951036374066,0.09623544723195006,-0.3395232226801496,0
1571235964000,0.45758135664059896,0.240211986503269,-2.7216551993693447,-0.27826806315828795,-0.3415351111313647,0
1571235964250,0.41404729149651587,0.240211986503269,-2.7565951036374066,0.5411909504304689,-0.3415351111313647,0
1571235964500,0.45758135664059896,0.27272769165467836,-2.7565951036374066,0.03720124437459094,-0.3415351111313647,0
1571235964750,0.41404729149651587,0.27272769165467836,-2.7565951036374066,-0.3034717772721748,-0.3375113342289344,0
1571235965000,0.45758135664059896,0.27272769165467836,-2.7565951036374066,0.38963036085971325,-0.3415351111313647,0
1571235965250,0.41404729149651587,0.27272769165467836,-2.7565951036374066,0.2724922935854405,-0.3375113342289344,0
1571235965500,0.41404729149651587,0.27272769165467836,-2.7565951036374066,-0.16146830077144994,-0.3415351111313647,0
1571235965750,0.41404729149651587,0.27272769165467836,-2.7565951036374066,0.005485161177585695,-0.3415351111313647,0
1571235966000,0.41404729149651587,0.27272769165467836,-2.7565951036374066,-0.08441936265819185,-0.3415351111313647,0
1571235966250,0.3705132263524327,0.3052433968060877,-2.791535007905468,-0.017519571167975444,-0.3395232226801496,0
1571235966500,0.28344509606426643,0.27272769165467836,-2.896354720709653,0.061136315160597574,-0.3375113342289344,0
1571235966750,0.2399110309201833,0.3052433968060877,-2.861414816441591,-0.05236497457375188,-0.3375113342289344,0
1571235967000,0.28344509606426643,0.27272769165467836,-2.896354720709653,0.22267689891067766,-0.33549944577771934,0
1571235967250,0.3705132263524327,0.33775910195749703,-2.791535007905468,0.13480220439950844,-0.33549944577771934,0
1571235967500,0.5446494869287652,0.37027480710890637,-2.6168354865651597,0.0706088520087698,-0.33549944577771934,0
1571235967750,0.6752516823610146,0.43530621741172504,-2.512015773760975,0.3127505751901725,-0.3415351111313647,0
1571235968000,0.5881835520728484,0.4027905122603157,-2.6517753908332216,-0.5072158957297365,-0.3415351111313647,0
1571235968250,0.6317176172169315,0.4027905122603157,-2.5818955822970984,-0.40580900572117845,-0.3415351111313647,0
1571235968500,0.6317176172169315,0.4027905122603157,-2.6168354865651597,-1.934862520704266,-0.3415351111313647,0
1571235968750,0.6317176172169315,0.4027905122603157,-2.6168354865651597,-1.7816949829181954,-0.3415351111313647,0
1571235969000,0.6317176172169315,0.4027905122603157,-2.6168354865651597,2.6231192277037523,-0.3415351111313647,0
1571235969250,0.6317176172169315,0.4027905122603157,-2.6517753908332216,0.5078679190181488,-0.3395232226801496,0
1571235969500,0.6752516823610146,0.43530621741172504,-2.6168354865651597,1.2019003955904823,-0.3415351111313647,0
1571235969750,0.6317176172169315,0.4027905122603157,-2.5818955822970984,-0.0164200802838126,-0.3415351111313647,0
1571235970000,0.7623198126491809,0.4027905122603157,-2.512015773760975,-0.7365866094104785,-0.3415351111313647,0
1571235970250,1.4588648549545111,1.020588910137093,-2.4770758694929134,0.18850810527977066,-0.3455573174729431,0
1571235970500,0.5011154217846822,0.43530621741172504,-2.5818955822970984,-1.420808244247205,-0.3395232226801496,0
1571235970750,0.5881835520728484,0.240211986503269,-2.6517753908332216,0.46261964032375463,-0.33549944577771934,0
1571235971000,0.5881835520728484,0.3052433968060877,-2.6517753908332216,-0.5255689358730702,-0.3395232226801496,0
1571235971250,0.6317176172169315,0.33775910195749703,-2.6168354865651597,-0.3030488961628814,-0.33549944577771934,0
1571235971500,0.6317176172169315,0.33775910195749703,-2.6168354865651597,3.903603226644178,-0.3375113342289344,0
1571235971750,0.6317176172169315,0.33775910195749703,-2.6168354865651597,1.3935501143222528,-0.3375113342289344,0
1571235972000,0.6317176172169315,0.33775910195749703,-2.5818955822970984,2.2221433598717475,-0.3395232226801496,0
1571235972250,0.6317176172169315,0.33775910195749703,-2.5818955822970984,0.955445285094287,-0.3375113342289344,0
1571235972500,0.6317176172169315,0.33775910195749703,-2.6168354865651597,-1.207337860275895,-0.33549944577771934,0
1571235972750,0.6317176172169315,0.33775910195749703,-2.5818955822970984,-2.1956110126945787,-0.3375113342289344,0
1571235973000,0.6317176172169315,0.33775910195749703,-2.6168354865651597,-1.1945668507752343,-0.3375113342289344,0
1571235973250,0.6317176172169315,0.33775910195749703,-2.5818955822970984,-0.39346087732981105,-0.33549944577771934,0
1571235973500,0.6317176172169315,0.33775910195749703,-2.5818955822970984,-0.3515956475097641,-0.3395232226801496,0
1571235973750,0.6317176172169315,0.33775910195749703,-2.5818955822970984,-0.07139462449195502,-0.3395232226801496,0
1571235974000,0.6317176172169315,0.33775910195749703,-2.5818955822970984,-0.19149285953128156,-0.3395232226801496,0
1571235974250,0.6317176172169315,0.33775910195749703,-2.5818955822970984,-0.27200942274074563,-0.3375113342289344,0
1571235974500,0.6317176172169315,0.33775910195749703,-2.5818955822970984,0.0014255025283690238,-0.3334891278873561,0
1571235974750,0.6317176172169315,0.33775910195749703,-2.5818955822970984,-0.21881097919163542,-0.3395232226801496,0
1571235975000,0.6317176172169315,0.33775910195749703,-2.6168354865651597,-0.018111604720986208,-0.3375113342289344,0
1571235975250,0.6317176172169315,0.33775910195749703,-2.6168354865651597,0.0623203822666191,-0.3395232226801496,0
1571235975500,0.6317176172169315,0.33775910195749703,-2.5818955822970984,-0.11664290318634918,-0.3375113342289344,0
1571235975750,0.6317176172169315,0.33775910195749703,-2.5818955822970984,0.1673640498151005,-0.3395232226801496,0
1571235976000,0.6317176172169315,0.33775910195749703,-2.5818955822970984,0.03728582059644962,-0.3375113342289344,0
1571235976250,0.6317176172169315,0.37027480710890637,-2.5818955822970984,-0.24240774509020732,-0.3375113342289344,0
1571235976500,0.6317176172169315,0.37027480710890637,-2.5469556780290366,0.17294608045777343,-0.3415351111313647,0
1571235976750,0.6752516823610146,0.37027480710890637,-2.5818955822970984,0.04337530857027463,-0.3415351111313647,0
1571235977000,0.7187857475050978,0.37027480710890637,-2.5469556780290366,-0.19597539928979163,-0.3415351111313647,0
1571235977250,0.7187857475050978,0.4027905122603157,-2.512015773760975,0.08574799572147365,-0.3375113342289344,0
1571235977500,0.7187857475050978,0.37027480710890637,-2.512015773760975,-0.2771685722741251,-0.3395232226801496,0
1571235977750,0.7187857475050978,0.37027480710890637,-2.512015773760975,-0.8351179078758414,-0.3375113342289344,0
1571235978000,0.7623198126491809,0.37027480710890637,-2.512015773760975,-0.6366175151735178,-0.3395232226801496,0
1571235978250,0.7623198126491809,0.37027480710890637,-2.512015773760975,0.06781783668743335,-0.3375113342289344,0
1571235978500,0.7623198126491809,0.37027480710890637,-2.512015773760975,0.7626960754783537,-0.3395232226801496,0
1571235978750,0.7187857475050978,0.37027480710890637,-2.512015773760975,0.6440356362106247,-0.3395232226801496,0
1571235979000,0.7623198126491809,0.37027480710890637,-2.512015773760975,-0.3597149648081974,-0.3375113342289344,0
1571235979250,0.7623198126491809,0.37027480710890637,-2.512015773760975,1.069792337047223,-0.3395232226801496,0
1571235979500,0.7187857475050978,0.37027480710890637,-2.5469556780290366,0.25320891500166137,-0.33549944577771934,0
1571235979750,0.7187857475050978,0.37027480710890637,-2.5469556780290366,-0.7558699879942576,-0.3395232226801496,0
1571235980000,0.7623198126491809,0.4027905122603157,-2.512015773760975,1.0125342348488964,-0.33549944577771934,0
1571235980250,0.7623198126491809,0.37027480710890637,-2.512015773760975,0.4076450961156122,-0.3395232226801496,0
1571235980500,0.7623198126491809,0.4027905122603157,-2.512015773760975,-1.0030862844871813,-0.3375113342289344,0
1571235980750,0.7623198126491809,0.37027480710890637,-2.512015773760975,0.12710576821036848,-0.3395232226801496,0
1571235981000,0.7623198126491809,0.4027905122603157,-2.512015773760975,-0.023778211585517815,-0.3395232226801496,0
1571235981250,0.7623198126491809,0.4027905122603157,-2.512015773760975,0.031450061288200666,-0.33549944577771934,0
1571235981500,0.7623198126491809,0.4027905122603157,-2.512015773760975,0.3102978647562708,-0.3395232226801496,0
1571235981750,0.7623198126491809,0.4027905122603157,-2.512015773760975,-0.41756510055953505,-0.3375113342289344,0
1571235982000,0.7623198126491809,0.4027905122603157,-2.5469556780290366,1.1144485821886065,-0.3415351111313647,0
1571235982250,0.7187857475050978,0.4027905122603157,-2.512015773760975,0.40333170880081953,-0.3375113342289344,0
1571235982500,0.7187857475050978,0.4027905122603157,-2.512015773760975,-0.7636510004052562,-0.3415351111313647,0
1571235982750,0.7187857475050978,0.4027905122603157,-2.512015773760975,0.5748522867302239,-0.3395232226801496,0
1571235983000,0.7623198126491809,0.4027905122603157,-2.512015773760975,-0.8397696000780689,-0.3395232226801496,0
1571235983250,0.7623198126491809,0.4027905122603157,-2.512015773760975,-0.9640966462103293,-0.3415351111313647,0
1571235983500,0.7623198126491809,0.4027905122603157,-2.512015773760975,0.32966581956190866,-0.3375113342289344,0
1571235983750,0.7623198126491809,0.4027905122603157,-2.4770758694929134,-0.5534790890864347,-0.3395232226801496,0
1571235984000,0.7187857475050978,0.4027905122603157,-2.512015773760975,1.0439965893803256,-0.3375113342289344,0
1571235984250,0.7187857475050978,0.4027905122603157,-2.512015773760975,-0.009146525203966058,-0.3375113342289344,0
1571235984500,0.7187857475050978,0.4027905122603157,-2.512015773760975,-1.0759909877293639,-0.3375113342289344,0
1571235984750,0.7187857475050978,0.4027905122603157,-2.512015773760975,1.0246286345746878,-0.3395232226801496,0
1571235985000,0.7623198126491809,0.4027905122603157,-2.512015773760975,-0.21686572608888577,-0.3375113342289344,0
1571235985250,0.7187857475050978,0.37027480710890637,-2.512015773760975,0.3972422208269945,-0.3395232226801496,0
1571235985500,0.7187857475050978,0.4027905122603157,-2.512015773760975,0.16880184558669806,-0.3375113342289344,0
1571235985750,0.7623198126491809,0.4027905122603157,-2.512015773760975,-0.5922995749195692,-0.33549944577771934,0
1571235986000,0.7187857475050978,0.4027905122603157,-2.5469556780290366,0.8575060201819348,-0.3375113342289344,0
1571235986250,0.7187857475050978,0.4027905122603157,-2.512015773760975,0.09834985277841708,-0.3375113342289344,0
1571235986500,0.7187857475050978,0.4027905122603157,-2.512015773760975,-1.0459664289695323,-0.3375113342289344,0
1571235986750,0.7623198126491809,0.4027905122603157,-2.512015773760975,0.6124041292354782,-0.33549944577771934,0
1571235987000,0.7623198126491809,0.4027905122603157,-2.512015773760975,-0.3170885489914224,-0.3375113342289344,0
1571235987250,0.7187857475050978,0.4027905122603157,-2.512015773760975,-0.36665021500060924,-0.3395232226801496,0
1571235987500,0.7623198126491809,0.4027905122603157,-2.512015773760975,0.4419830421902366,-0.3375113342289344,0
1571235987750,0.7187857475050978,0.4027905122603157,-2.512015773760975,-0.2210945371818198,-0.3395232226801496,0
1571235988000,0.7623198126491809,0.4027905122603157,-2.512015773760975,0.4036700136882542,-0.3395232226801496,0
1571235988250,0.7623198126491809,0.4027905122603157,-2.512015773760975,0.15670744586090674,-0.3395232226801496,0
1571235988500,0.7623198126491809,0.4027905122603157,-2.512015773760975,-0.3131134665640644,-0.3375113342289344,0
1571235988750,0.7623198126491809,0.4027905122603157,-2.512015773760975,0.33913835641008094,-0.3395232226801496,0
1571235989000,0.7623198126491809,0.4027905122603157,-2.512015773760975,0.08650918171820178,-0.3375113342289344,0
1571235989250,0.7623198126491809,0.4027905122603157,-2.512015773760975,-0.8240384228123543,-0.3375113342289344,0
1571235989500,0.7623198126491809,0.4027905122603157,-2.512015773760975,1.027757954783459,-0.3375113342289344,0
1571235989750,0.7623198126491809,0.4027905122603157,-2.512015773760975,0.15104083899637513,-0.3375113342289344,0
1571235990000,0.7623198126491809,0.4027905122603157,-2.512015773760975,-1.0453743954165216,-0.3395232226801496,0
1571235990250,0.7623198126491809,0.4027905122603157,-2.512015773760975,0.5720612714088875,-0.3375113342289344,0
1571235990500,0.7623198126491809,0.4027905122603157,-2.512015773760975,-0.28520331335069976,-0.3395232226801496,0
1571235990750,0.7187857475050978,0.4027905122603157,-2.512015773760975,-0.05803158143828349,-0.3395232226801496,0
1571235991000,0.7623198126491809,0.4027905122603157,-2.512015773760975,0.400286964813907,-0.3395232226801496,0
1571235991250,0.7623198126491809,0.4027905122603157,-2.512015773760975,-0.3574314068180131,-0.3395232226801496,0
1571235991500,0.7623198126491809,0.4027905122603157,-2.512015773760975,0.14444389369139804,-0.3395232226801496,0
1571235991750,0.7623198126491809,0.4027905122603157,-2.512015773760975,0.16601083026536162,-0.3395232226801496,0
1571235992000,0.7623198126491809,0.4027905122603157,-2.512015773760975,-0.46078354992932086,-0.3375113342289344,0
1571235992250,0.7623198126491809,0.4027905122603157,-2.512015773760975,0.8920976949221352,-0.3375113342289344,0
1571235992500,0.7623198126491809,0.4027905122603157,-2.512015773760975,0.20161741966786617,-0.3375113342289344,0
1571235992750,0.7623198126491809,0.4027905122603157,-2.512015773760975,-1.109906052694695,-0.3395232226801496,0
1571235993000,0.7623198126491809,0.4027905122603157,-2.512015773760975,0.8857544782827341,-0.3395232226801496,0
1571235993250,0.7623198126491809,0.4027905122603157,-2.512015773760975,0.18715488573003178,-0.3395232226801496,0
1571235993500,0.7623198126491809,0.4027905122603157,-2.512015773760975,-1.225352595531794,-0.3395232226801496,0
1571235993750,0.7623198126491809,0.4027905122603157,-2.512015773760975,0.8175860434646375,-0.3395232226801496,0
1571235994000,0.7623198126491809,0.4027905122603157,-2.512015773760975,0.21827893537402626,-0.3395232226801496,0
1571235994250,0.7623198126491809,0.4027905122603157,-2.512015773760975,-1.1681790695553258,-0.3375113342289344,0
1571235994500,0.7623198126491809,0.4027905122603157,-2.512015773760975,0.6174787025469991,-0.3375113342289344,0
1571235994750,0.7623198126491809,0.4027905122603157,-2.512015773760975,0.10503137430525285,-0.3395232226801496,0
1571235995000,0.7623198126491809,0.4027905122603157,-2.512015773760975,-1.1517712825147417,-0.3395232226801496,0
1571235995250,0.7623198126491809,0.4027905122603157,-2.512015773760975,0.5498177250600546,-0.3375113342289344,0
1571235995500,0.7623198126491809,0.4027905122603157,-2.512015773760975,0.02087803355586558,-0.3415351111313647,0
1571235995750,0.7187857475050978,0.4027905122603157,-2.512015773760975,-1.1666566975618697,-0.3415351111313647,0
1571235996000,0.7623198126491809,0.4027905122603157,-2.512015773760975,0.5219075718466898,-0.3395232226801496,0
1571235996250,0.7623198126491809,0.4027905122603157,-2.512015773760975,0.0030324507436839563,-0.3395232226801496,0
1571235996500,0.7623198126491809,0.4027905122603157,-2.512015773760975,-1.082587933034341,-0.3395232226801496,0
1571235996750,0.7187857475050978,0.4027905122603157,-2.512015773760975,0.48993775998410855,-0.3395232226801496,0
1571235997000,0.7623198126491809,0.4027905122603157,-2.512015773760975,0.010644310710965216,-0.3375113342289344,0
1571235997250,0.7623198126491809,0.4027905122603157,-2.512015773760975,-1.034886943906045,-0.3375113342289344,0
1571235997500,0.7623198126491809,0.4027905122603157,-2.512015773760975,0.35182478968888303,-0.3375113342289344,0
1571235997750,0.7623198126491809,0.4027905122603157,-2.512015773760975,-0.13381187622366136,-0.3395232226801496,0
1571235998000,0.7623198126491809,0.4027905122603157,-2.512015773760975,-0.23784062910983858,-0.3375113342289344,0
1571235998250,0.7623198126491809,0.4027905122603157,-2.512015773760975,0.36163563142448996,-0.3395232226801496,0
1571235998500,0.7623198126491809,0.4027905122603157,-2.512015773760975,-0.26160654745212786,-0.3395232226801496,0
1571235998750,0.8058538777932641,0.37027480710890637,-2.512015773760975,-0.17931388358363157,-0.3395232226801496,0
1571235999000,1.6330011155308437,0.0126020504434036,-1.6035782627913733,0.3368547984198965,-0.3455573174729431,0
1571235999250,0.5446494869287652,0.43530621741172504,-2.791535007905468,-0.3779834287296725,-0.40187762962015144,0
1571235999500,1.5023989200985943,0.1751805762004503,-1.2541792201107573,0.02130091466515898,-0.2590649608009153,0
1571235999750,2.024807701827592,-0.31255500107068984,-0.7999604646259565,-0.7910536962874688,-0.2630887377033455,0
1571236000000,2.0683417669716753,0.07763346074622228,-2.6517753908332216,-2.603099249609702,-0.21682472669050898,0
1571236000250,1.5023989200985943,-0.80029057834183,0.3530563762200765,-1.2076761651633299,-0.3395232226801496,0
1571236000500,-3.4169504411828,0.37027480710890637,0.7024554189006925,0.19865725190281233,-0.383775345241771,0
1571236000750,-2.067394421716223,0.5653690380173624,1.0518544615813086,0.8230834978854517,-0.4421059752793427,0
1571236001000,-3.1557460503183012,0.630400448320181,0.9470347487771238,2.3314158385131627,-0.44814007007213624,0
1571236001250,-2.2850647474366386,0.6954318586229997,1.3663135999938631,2.7926099763085483,-0.45417573542578155,0
1571236001500,-2.9380757245978852,0.4678219225631344,0.7723352274368158,-3.805096514665272,-0.331477239436141,0
1571236001750,-1.6755878354194749,0.630400448320181,1.016914557313247,-2.324251446141632,-0.33549944577771934,0
1571236002000,-2.8510075943097193,0.5653690380173624,0.8072751317048774,0.6211154800869223,-0.3455573174729431,0
1571236002250,-1.109644988546394,0.5653690380173624,1.8205323554786639,1.4864148059230842,-0.34957952381452145,0
1571236002500,-1.3273153142668097,0.8905260895314557,1.0518544615813086,3.875439344765237,-0.3455573174729431,0
1571236002750,-1.5014515748431423,0.8254946792286371,1.471133312798048,1.3861919830205476,-0.331477239436141,0
1571236003000,-1.5449856399872253,0.7604632689258184,1.1566741743854934,1.6706218171312905,-0.32946535098492585,0
1571236003250,-1.457917509699059,0.8905260895314557,1.1217342701174318,-1.0112901780074732,-0.3274550330945626,0
1571236003500,-1.457917509699059,0.7929789740772277,1.1566741743854934,-6.765518008384672,-0.3334891278873561,0
1571236003750,-1.5014515748431423,0.7929789740772277,1.1566741743854934,1.6363684472785252,-0.3334891278873561,0
1571236004000,-1.5014515748431423,0.7929789740772277,1.1566741743854934,0.4135654316457199,-0.33549944577771934,0
1571236004250,-1.5014515748431423,0.9555574998342745,1.2265539829216165,-0.8338492645479612,-0.3334891278873561,0
1571236004500,-0.8484405976818952,0.9555574998342745,1.0518544615813086,-1.0512947309466292,-0.3455573174729431,0
1571236004750,-1.762655965707641,0.630400448320181,1.0867943658493702,1.1260355245832459,-0.3475692059241582,0
1571236005000,-2.415666942868888,0.5978847431687717,1.2265539829216165,-0.10218036924851479,-0.3334891278873561,0
1571236005250,-1.8932581611398904,0.8580103843800464,0.8072751317048774,0.6590056274796112,-0.33549944577771934,0
1571236005500,-2.067394421716223,0.4678219225631344,1.1566741743854934,-0.859560435993,-0.33549944577771934,0
1571236005750,-2.02386035657214,0.532853332865953,1.1566741743854934,0.3510636036921549,-0.3395232226801496,0
1571236006000,-2.02386035657214,0.5653690380173624,1.1217342701174318,0.806844863288585,-0.3375113342289344,0
1571236006250,-2.02386035657214,0.532853332865953,1.1217342701174318,0.2987954985834902,-0.3375113342289344,0
1571236006500,-2.02386035657214,0.5653690380173624,1.1566741743854934,1.8252271506889588,-0.3395232226801496,0
1571236006750,-2.02386035657214,0.532853332865953,1.1217342701174318,1.019807789928743,-0.3395232226801496,0
1571236007000,-2.02386035657214,0.532853332865953,1.1217342701174318,-0.5478970584437619,-0.3395232226801496,0
1571236007250,-2.02386035657214,0.5653690380173624,1.1566741743854934,-4.059755518681759,-0.3395232226801496,0
1571236007500,-2.02386035657214,0.532853332865953,1.1566741743854934,0.024007353764636762,-0.3395232226801496,0
1571236007750,-2.02386035657214,0.5653690380173624,1.1566741743854934,-0.46120643103861425,-0.3375113342289344,0
1571236008000,-2.02386035657214,0.5653690380173624,1.1217342701174318,1.304237624039486,-0.3375113342289344,0
1571236008250,-2.02386035657214,0.532853332865953,1.1566741743854934,0.23282604553371933,-0.33549944577771934,0
1571236008500,-2.02386035657214,0.532853332865953,1.1566741743854934,0.9079134484097084,-0.3375113342289344,0
1571236008750,-2.02386035657214,0.5653690380173624,1.1566741743854934,-0.024201092694811216,-0.3334891278873561,0
1571236009000,-2.02386035657214,0.5653690380173624,1.1217342701174318,-0.6875324007324437,-0.3375113342289344,0
1571236009250,-2.02386035657214,0.5653690380173624,1.1217342701174318,-0.895082449173646,-0.3375113342289344,0
1571236009500,-2.02386035657214,0.5653690380173624,1.1217342701174318,-1.0504489687280423,-0.3375113342289344,0
1571236009750,-2.02386035657214,0.5653690380173624,1.1217342701174318,0.2263136764506009,-0.3375113342289344,0
1571236010000,-2.02386035657214,0.532853332865953,1.1566741743854934,-0.7437755882684662,-0.3375113342289344,0
1571236010250,-2.02386035657214,0.532853332865953,1.1217342701174318,0.9532463033259613,-0.33549944577771934,0
1571236010500,-2.02386035657214,0.5653690380173624,1.1566741743854934,0.01724125601594231,-0.33549944577771934,0
1571236010750,-2.02386035657214,0.532853332865953,1.1217342701174318,-0.681612065202336,-0.3375113342289344,0
1571236011000,-2.02386035657214,0.532853332865953,1.1217342701174318,0.44866456371707236,-0.3375113342289344,0
1571236011250,-2.02386035657214,0.532853332865953,1.1217342701174318,-0.40225680440311384,-0.3375113342289344,0
1571236011500,-2.02386035657214,0.5653690380173624,1.1217342701174318,0.30496956277917386,-0.3334891278873561,0
1571236011750,-2.02386035657214,0.5653690380173624,1.1217342701174318,0.14275236925422444,-0.3375113342289344,0
1571236012000,-2.02386035657214,0.5653690380173624,1.1566741743854934,-0.7334572892017072,-0.3375113342289344,0
1571236012250,-2.02386035657214,0.5653690380173624,1.1566741743854934,1.1093740088770858,-0.3375113342289344,0
1571236012500,-2.02386035657214,0.5653690380173624,1.1217342701174318,0.29625821192772983,-0.3375113342289344,0
1571236012750,-2.02386035657214,0.532853332865953,1.1566741743854934,-1.0279516937136333,-0.3375113342289344,0
1571236013000,-2.02386035657214,0.5653690380173624,1.1566741743854934,1.1397368725243522,-0.3375113342289344,0
1571236013250,-2.02386035657214,0.5653690380173624,1.1566741743854934,0.3334717495455493,-0.3334891278873561,0
1571236013500,-2.02386035657214,0.5653690380173624,1.1217342701174318,-1.1259755348478442,-0.33549944577771934,0
1571236013750,-2.02386035657214,0.5653690380173624,1.1566741743854934,1.227188685926228,-0.33549944577771934,0
1571236014000,-2.067394421716223,0.532853332865953,1.0867943658493702,0.3884462937536917,-0.3375113342289344,0
1571236014250,-2.2415306822925554,0.5978847431687717,1.0867943658493702,-1.22112378443886,-0.3334891278873561,0
1571236014500,-2.5027350731570546,0.630400448320181,0.8072751317048774,0.8817793958553761,-0.331477239436141,0
1571236014750,-1.8497240959958072,0.8254946792286371,1.016914557313247,0.3363473410887444,-0.3375113342289344,0
1571236015000,0.6317176172169315,0.9230417946828652,0.24823666341589168,-0.7055471359883426,-0.3375113342289344,0
1571236015250,2.721352744132922,0.9880732049856839,0.10847704634364527,0.834670440280091,-0.3334891278873561,0
1571236015500,-2.067394421716223,0.630400448320181,1.1566741743854934,-2.2313867545408006,-0.3415351111313647,0
1571236015750,-1.2402471839786433,0.630400448320181,1.0867943658493702,-3.1207057273848275,-0.3455573174729431,0
1571236016000,-1.0225768582582277,0.630400448320181,1.191614078653555,-0.18024422202407706,-0.3455573174729431,0
1571236016250,-1.0661109234023107,0.5978847431687717,1.191614078653555,1.9032910034645212,-0.3455573174729431,0
1571236016500,-1.0225768582582277,0.630400448320181,1.1566741743854934,-1.1071996135952171,-0.34354542902172797,0
1571236016750,-1.0225768582582277,0.630400448320181,1.191614078653555,0.02349989643348468,-0.3455573174729431,0
1571236017000,-1.0661109234023107,0.630400448320181,1.191614078653555,0.8753516029941164,-0.34354542902172797,0
1571236017250,-1.109644988546394,0.5978847431687717,1.2265539829216165,2.1652235625608554,-0.3455573174729431,0
1571236017500,-1.109644988546394,0.5978847431687717,1.2265539829216165,1.4092812915879676,-0.3455573174729431,0
1571236017750,-1.109644988546394,0.630400448320181,1.191614078653555,1.6482091183387404,-0.34354542902172797,0
1571236018000,-1.109644988546394,0.5978847431687717,1.191614078653555,0.15214032988053797,-0.34354542902172797,0
1571236018250,-1.0661109234023107,0.630400448320181,1.191614078653555,0.11129001472279522,-0.3415351111313647,0
1571236018500,-1.0661109234023107,0.6629161534715904,1.1217342701174318,0.1768365866632727,-0.34354542902172797,0
1571236018750,-0.9790427931141445,0.630400448320181,1.191614078653555,-0.9357636118876714,-0.3415351111313647,0
1571236019000,-0.9790427931141445,0.6629161534715904,1.191614078653555,0.6039465070496101,-0.34354542902172797,0
1571236019250,-0.8919746628259783,0.6629161534715904,1.1217342701174318,-0.20307980192592082,-0.3415351111313647,0
1571236019500,-0.8919746628259783,0.6629161534715904,1.1566741743854934,0.6765129054043582,-0.3415351111313647,0
1571236019750,-0.8919746628259783,0.6629161534715904,1.1566741743854934,-0.012529574078313286,-0.3395232226801496,0
1571236020000,-0.8919746628259783,0.6629161534715904,1.1566741743854934,-0.7312583074333816,-0.3395232226801496,0
1571236020250,-0.8919746628259783,0.6629161534715904,1.1566741743854934,0.4049386570161344,-0.34354542902172797,0
1571236020500,-0.8919746628259783,0.6629161534715904,1.1566741743854934,-0.2280297873742316,-0.3415351111313647,0
1571236020750,-0.8919746628259783,0.6629161534715904,1.1566741743854934,-0.3744312274116079,-0.3415351111313647,0
1571236021000,-0.8919746628259783,0.6629161534715904,1.1566741743854934,0.06925563245903092,-0.3415351111313647,0
1571236021250,-0.8484405976818952,0.6629161534715904,1.1566741743854934,-0.44547525377289965,-0.3415351111313647,0
1571236021500,-0.8484405976818952,0.6629161534715904,1.1566741743854934,0.48663928733162,-0.3415351111313647,0
1571236021750,-0.8919746628259783,0.6629161534715904,1.1566741743854934,-0.0452605719376227,-0.3415351111313647,0
1571236022000,-0.8919746628259783,0.6629161534715904,1.1566741743854934,-1.0639811642254313,-0.3395232226801496,0
1571236022250,-0.8919746628259783,0.6629161534715904,1.1566741743854934,0.5337482429069051,-0.3375113342289344,0
1571236022500,-0.8919746628259783,0.6629161534715904,1.1566741743854934,-0.1918311644187163,-0.3395232226801496,0
1571236022750,-0.8919746628259783,0.6629161534715904,1.1566741743854934,-0.015997199174519194,-0.3395232226801496,0
1571236023000,-0.8919746628259783,0.6629161534715904,1.1566741743854934,0.2553233205481284,-0.3395232226801496,0
1571236023250,-0.8484405976818952,0.6629161534715904,1.1566741743854934,-0.489877770248707,-0.3395232226801496,0
1571236023500,-0.8484405976818952,0.6629161534715904,1.1566741743854934,0.6464883466445265,-0.3395232226801496,0
1571236023750,-0.8484405976818952,0.6629161534715904,1.1566741743854934,0.28636279397026415,-0.3395232226801496,0
1571236024000,-0.8919746628259783,0.6629161534715904,1.1566741743854934,-0.5533099366427174,-0.3395232226801496,0
1571236024250,-0.8484405976818952,0.6629161534715904,1.1566741743854934,0.44029151775306297,-0.3395232226801496,0
1571236024500,-0.8919746628259783,0.6629161534715904,1.1566741743854934,0.3417602192877,-0.3375113342289344,0
1571236024750,-0.8484405976818952,0.6629161534715904,1.1566741743854934,-0.3861027460281058,-0.3395232226801496,0
1571236025000,-0.8484405976818952,0.6629161534715904,1.1566741743854934,-0.1916620119749989,-0.3375113342289344,0
1571236025250,-0.8484405976818952,0.6629161534715904,1.1566741743854934,0.4404606701967803,-0.3375113342289344,0
1571236025500,-0.8919746628259783,0.6629161534715904,1.1566741743854934,-0.034350239317852894,-0.3375113342289344,0
1571236025750,-0.8484405976818952,0.6629161534715904,1.1566741743854934,-1.442798061930462,-0.3395232226801496,0
1571236026000,-0.8919746628259783,0.6629161534715904,1.1566741743854934,0.6938510308853876,-0.3395232226801496,0
1571236026250,-0.9355087279700615,0.6629161534715904,1.2964337914577397,0.2071994503105391,-0.33549944577771934,0
1571236026500,-1.2837812491227265,0.630400448320181,1.1566741743854934,-1.2525015627484304,-0.3395232226801496,0
1571236026750,-1.109644988546394,0.6629161534715904,1.2265539829216165,0.691652049117062,-0.3375113342289344,0
1571236027000,-1.1967131188345603,0.5653690380173624,1.3663135999938631,0.128036106650814,-0.34354542902172797,0
1571236027250,-1.5885197051313085,0.5978847431687717,1.1566741743854934,-1.2016712534113634,-0.34354542902172797,0
1571236027500,-1.5885197051313085,0.5653690380173624,1.191614078653555,0.49196758930871687,-0.34354542902172797,0
1571236027750,-1.5885197051313085,0.5653690380173624,1.191614078653555,0.26597992450232216,-0.34354542902172797,0
1571236028000,-1.5449856399872253,0.5653690380173624,1.191614078653555,0.8964110822369278,-0.3455573174729431,0
1571236028250,-1.370849379410893,0.5978847431687717,1.2265539829216165,0.38041155267711707,-0.34354542902172797,0
1571236028500,-1.8497240959958072,0.5653690380173624,1.0867943658493702,-1.4200470582504767,-0.34354542902172797,0
1571236028750,-1.7191219005635578,0.6954318586229997,1.1217342701174318,1.1383836529746134,-0.34354542902172797,0
1571236029000,-1.6755878354194749,0.6629161534715904,1.1566741743854934,-0.22160199451297188,-0.3415351111313647,0
1571236029250,-2.1544625520043894,1.0856203204399117,0.9120948445090622,0.13547881417437788,-0.3455573174729431,0
1571236029500,-1.7191219005635578,0.5003376277145437,1.191614078653555,1.9265494644756584,-0.3415351111313647,0
1571236029750,-1.7191219005635578,0.4678219225631344,1.191614078653555,-3.620889503457065,-0.3415351111313647,0
1571236030000,-1.762655965707641,0.5003376277145437,1.1566741743854934,-2.7838386357217026,-0.3415351111313647,0
1571236030250,-1.762655965707641,0.5003376277145437,1.191614078653555,-0.11655832696449049,-0.3415351111313647,0
1571236030500,-1.762655965707641,0.5003376277145437,1.191614078653555,3.3570716809933834,-0.3415351111313647,0
1571236030750,-1.762655965707641,0.5003376277145437,1.191614078653555,0.6920749302263554,-0.3375113342289344,0
1571236031000,-1.7191219005635578,0.5003376277145437,1.191614078653555,-0.038917355298221656,-0.3415351111313647,0
1571236031250,-1.762655965707641,0.5003376277145437,1.1566741743854934,1.1027770635721088,-0.3395232226801496,0
1571236031500,-1.6320537702753917,0.4678219225631344,1.191614078653555,0.08177291329411567,-0.3415351111313647,0
1571236031750,-1.3273153142668097,0.6954318586229997,1.2614938871896781,-1.7420287348664742,-0.33549944577771934,0
1571236032000,0.10930883548793388,0.6954318586229997,0.7373953231687541,0.26682568672090895,-0.3415351111313647,0
1571236032250,1.3282626595222617,1.0531046152885024,0.3181164719520149,0.19933386167768177,-0.3254431446433475,0
1571236032500,-1.0225768582582277,0.4678219225631344,1.6108929298702943,-1.3279435526463736,-0.331477239436141,0
1571236032750,-1.2402471839786433,0.5978847431687717,1.191614078653555,1.4716985433196739,-0.34354542902172797,0
1571236033000,-1.5885197051313085,0.5978847431687717,1.1566741743854934,-3.8318226007726146,-0.3475692059241582,0
1571236033250,-1.6320537702753917,0.5978847431687717,1.1566741743854934,1.047379638254673,-0.3455573174729431,0
1571236033500,-1.6755878354194749,0.532853332865953,1.191614078653555,-2.5317169183609756,-0.3415351111313647,0
1571236033750,-1.6755878354194749,0.5653690380173624,1.191614078653555,-0.7421686400531513,-0.3415351111313647,0
1571236034000,-1.7191219005635578,0.532853332865953,1.191614078653555,2.7785703234800074,-0.3395232226801496,0
1571236034250,-1.5449856399872253,0.5653690380173624,1.2265539829216165,2.7170834101887467,-0.34354542902172797,0
1571236034500,-1.6320537702753917,0.532853332865953,1.191614078653555,-0.05431022767650154,-0.3375113342289344,0
1571236034750,-1.6320537702753917,0.532853332865953,1.191614078653555,0.023161591546049957,-0.34354542902172797,0
1571236035000,-1.6320537702753917,0.532853332865953,1.2265539829216165,-0.5779216172035935,-0.3415351111313647,0
1571236035250,-1.6320537702753917,0.532853332865953,1.191614078653555,-0.23471130890106737,-0.3395232226801496,0
1571236035500,-1.6320537702753917,0.532853332865953,1.191614078653555,0.7856162316020562,-0.3415351111313647,0
1571236035750,-1.6320537702753917,0.532853332865953,1.191614078653555,-0.2809745022577657,-0.3395232226801496,0
1571236036000,-1.6320537702753917,0.532853332865953,1.191614078653555,0.1387772868268664,-0.3415351111313647,0
1571236036250,-1.6320537702753917,0.532853332865953,1.191614078653555,-1.2069149791666016,-0.3375113342289344,0
1571236036500,-1.6320537702753917,0.5653690380173624,1.191614078653555,-2.2159938821625205,-0.3415351111313647,0
1571236036750,-1.6320537702753917,0.532853332865953,1.191614078653555,0.3270439566842896,-0.3415351111313647,0
1571236037000,-1.5885197051313085,0.532853332865953,1.191614078653555,-0.0806134326745512,-0.3415351111313647,0
1571236037250,-1.5885197051313085,0.532853332865953,1.191614078653555,1.5719213662222102,-0.3395232226801496,0
1571236037500,-1.5885197051313085,0.532853332865953,1.191614078653555,0.5875387200090261,-0.34354542902172797,0
1571236037750,-1.5885197051313085,0.532853332865953,1.191614078653555,-1.317540677357756,-0.3395232226801496,0
1571236038000,-1.5885197051313085,0.532853332865953,1.191614078653555,-0.2879097524501775,-0.3415351111313647,0
1571236038250,-1.5885197051313085,0.532853332865953,1.191614078653555,-0.08391190532703977,-0.3395232226801496,0
1571236038500,-1.5885197051313085,0.532853332865953,1.191614078653555,-0.6803434218744557,-0.3375113342289344,0
1571236038750,-1.5885197051313085,0.532853332865953,1.191614078653555,0.9268585221060529,-0.3395232226801496,0
1571236039000,-1.5885197051313085,0.532853332865953,1.191614078653555,-0.11444392141802348,-0.3375113342289344,0
1571236039250,-1.5885197051313085,0.532853332865953,1.191614078653555,-0.13770238242916066,-0.3395232226801496,0
1571236039500,-1.5885197051313085,0.532853332865953,1.191614078653555,0.8362773884954059,-0.3395232226801496,0
1571236039750,-1.5885197051313085,0.532853332865953,1.191614078653555,-0.11419019275244745,-0.3415351111313647,0
1571236040000,-1.5885197051313085,0.532853332865953,1.191614078653555,-0.12273239116017419,-0.3395232226801496,0
1571236040250,-1.5885197051313085,0.532853332865953,1.191614078653555,0.5663946645443559,-0.3415351111313647,0
1571236040500,-1.6320537702753917,0.5653690380173624,1.1566741743854934,-0.3594612361426214,-0.3395232226801496,0
1571236040750,-1.7191219005635578,0.5003376277145437,1.191614078653555,-0.25670112658432437,-0.3375113342289344,0
1571236041000,-1.370849379410893,0.6629161534715904,1.471133312798048,0.4415601610809432,-0.3415351111313647,0
1571236041250,-0.8484405976818952,0.8580103843800464,0.9120948445090622,-0.28317348402609144,-0.3395232226801496,0
1571236041500,-0.5872362068173963,0.9230417946828652,1.2614938871896781,0.7636264139187992,-0.3475692059241582,0
1571236041750,-0.9790427931141445,0.6954318586229997,1.1566741743854934,2.067115145204786,-0.3395232226801496,0
1571236042000,-0.6743043371055626,0.7279475637744091,1.0867943658493702,-2.807604554063992,-0.3475692059241582,0
1571236042250,-0.8484405976818952,0.7604632689258184,1.2265539829216165,-0.8399387525217862,-0.36768337875375384,0
1571236042500,-1.2402471839786433,0.5003376277145437,1.3313736957258016,-1.6657409827499443,-0.34354542902172797,0
1571236042750,-1.5885197051313085,0.5978847431687717,1.191614078653555,1.6701989360219973,-0.34354542902172797,0
1571236043000,-2.1979966171484726,0.532853332865953,1.1217342701174318,1.326481170388319,-0.34354542902172797,0
1571236043250,-2.1544625520043894,0.43530621741172504,1.2265539829216165,-0.06699666095530364,-0.3395232226801496,0
1571236043500,-0.8919746628259783,0.630400448320181,1.016914557313247,-1.5358319059750105,-0.3415351111313647,0
1571236043750,-0.4566340113851469,0.7279475637744091,0.9470347487771238,0.36307342719608754,-0.32141936774091723,0
1571236044000,-1.6320537702753917,0.4678219225631344,0.3879962804881381,1.2375915612148456,-0.32946535098492585,0
1571236044250,-1.4143834445549759,0.5653690380173624,1.2265539829216165,0.838899251373025,-0.3395232226801496,0
1571236044500,-1.5014515748431423,0.5653690380173624,1.191614078653555,3.2321526013081114,-0.3375113342289344,0
1571236044750,-1.5014515748431423,0.5653690380173624,1.191614078653555,1.12062264638429,-0.3395232226801496,0
1571236045000,-1.5014515748431423,0.5653690380173624,1.191614078653555,-1.4548924616562533,-0.3415351111313647,0
1571236045250,-1.5449856399872253,0.5653690380173624,1.191614078653555,-7.297925324985067,-0.3415351111313647,0
1571236045500,-1.5449856399872253,0.532853332865953,1.191614078653555,-1.8481718932991185,-0.3415351111313647,0
1571236045750,-1.5449856399872253,0.532853332865953,1.191614078653555,1.9603799532191306,-0.3415351111313647,0
1571236046000,-1.5014515748431423,0.5978847431687717,1.191614078653555,0.39250595240290836,-0.3415351111313647,0
1571236046250,-1.5014515748431423,0.5653690380173624,1.191614078653555,1.2834318734622505,-0.3395232226801496,0
1571236046500,-1.5014515748431423,0.5653690380173624,1.191614078653555,-0.0899168170790061,-0.3415351111313647,0
1571236046750,-1.5449856399872253,0.5653690380173624,1.191614078653555,0.8364465409391232,-0.3395232226801496,0
1571236047000,-1.5449856399872253,0.5653690380173624,1.191614078653555,0.299387532136501,-0.3415351111313647,0
1571236047250,-1.5449856399872253,0.5653690380173624,1.191614078653555,-0.3021185577224359,-0.3395232226801496,0
1571236047500,-1.5449856399872253,0.5653690380173624,1.191614078653555,0.396311882386549,-0.3415351111313647,0
1571236047750,-1.5449856399872253,0.5653690380173624,1.191614078653555,-0.13076713223674885,-0.3415351111313647,0
1571236048000,-1.5449856399872253,0.5653690380173624,1.191614078653555,0.7665865816838531,-0.3395232226801496,0
1571236048250,-1.5449856399872253,0.5653690380173624,1.191614078653555,0.1847867515179887,-0.3375113342289344,0
1571236048500,-1.5449856399872253,0.5653690380173624,1.191614078653555,-0.6621595341748395,-0.3395232226801496,0
1571236048750,-1.5449856399872253,0.5653690380173624,1.191614078653555,0.6436127551013313,-0.3395232226801496,0
1571236049000,-1.5449856399872253,0.5653690380173624,1.191614078653555,0.21734859693358077,-0.3375113342289344,0
1571236049250,-1.5449856399872253,0.5653690380173624,1.191614078653555,-0.6414383598194627,-0.3395232226801496,0
1571236049500,-1.5449856399872253,0.5653690380173624,1.191614078653555,0.5331562093538943,-0.3395232226801496,0
1571236049750,-1.5449856399872253,0.5653690380173624,1.191614078653555,0.08194206573783301,-0.3415351111313647,0
1571236050000,-1.5449856399872253,0.5653690380173624,1.191614078653555,-0.7283827158901864,-0.3395232226801496,0
1571236050250,-1.5449856399872253,0.532853332865953,1.191614078653555,0.43741592620986786,-0.3395232226801496,0
1571236050500,-1.5885197051313085,0.5978847431687717,1.191614078653555,0.07086258067434587,-0.3415351111313647,0
1571236050750,-1.5014515748431423,0.5978847431687717,1.191614078653555,-0.7713474365943962,-0.3415351111313647,0
1571236051000,-1.5449856399872253,0.5978847431687717,1.191614078653555,0.5017784310443238,-0.34354542902172797,0
1571236051250,-1.5449856399872253,0.5653690380173624,1.191614078653555,0.1326877988530414,-0.3415351111313647,0
1571236051500,-1.5449856399872253,0.5653690380173624,1.191614078653555,-0.5807126325249299,-0.3415351111313647,0
1571236051750,-1.5449856399872253,0.5653690380173624,1.191614078653555,0.051579202090566656,-0.3395232226801496,0
1571236052000,-1.5449856399872253,0.5653690380173624,1.191614078653555,-0.3641129283448489,-0.34354542902172797,0
1571236052250,-1.5449856399872253,0.5653690380173624,1.191614078653555,-0.526160969426081,-0.3395232226801496,0
1571236052500,-1.5449856399872253,0.5653690380173624,1.191614078653555,0.17920472087531578,-0.3415351111313647,0
1571236052750,-1.5449856399872253,0.5653690380173624,1.191614078653555,-0.1506425443735388,-0.3395232226801496,0
1571236053000,-1.5449856399872253,0.5653690380173624,1.191614078653555,0.44900286860450705,-0.3395232226801496,0
1571236053250,-1.5449856399872253,0.5653690380173624,1.191614078653555,0.20906012719143008,-0.3395232226801496,0
1571236053500,-1.5449856399872253,0.5653690380173624,1.191614078653555,-0.36275970879510994,-0.3395232226801496,0
1571236053750,-1.5449856399872253,0.5653690380173624,1.191614078653555,0.6793039207256946,-0.3395232226801496,0
1571236054000,-1.5449856399872253,0.5653690380173624,1.191614078653555,0.1437672839165286,-0.3415351111313647,0
1571236054250,-1.5449856399872253,0.5653690380173624,1.191614078653555,-0.6992039193489415,-0.34354542902172797,0
1571236054500,-1.5449856399872253,0.5653690380173624,1.191614078653555,0.5274896024893627,-0.3375113342289344,0
1571236054750,-1.5449856399872253,0.5653690380173624,1.191614078653555,0.05217123564357742,-0.3415351111313647,0
1571236055000,-1.5449856399872253,0.5653690380173624,1.191614078653555,-0.7382781338476521,-0.3415351111313647,0
1571236055250,-1.5449856399872253,0.5653690380173624,1.191614078653555,0.39301340973406046,-0.3415351111313647,0
1571236055500,-1.5449856399872253,0.5653690380173624,1.191614078653555,-0.057439547885272724,-0.3395232226801496,0
1571236055750,-1.5449856399872253,0.5653690380173624,1.191614078653555,-0.26735773053851813,-0.3395232226801496,0
1571236056000,-1.5449856399872253,0.5653690380173624,1.191614078653555,0.2941438063812628,-0.3415351111313647,0
1571236056250,-1.5449856399872253,0.5653690380173624,1.191614078653555,-0.18193574646125066,-0.3395232226801496,0
1571236056500,-1.5449856399872253,0.5653690380173624,1.191614078653555,0.09344443191061359,-0.3415351111313647,0
1571236056750,-1.5449856399872253,0.5653690380173624,1.191614078653555,-0.005678900107760152,-0.3415351111313647,0
1571236057000,-1.5449856399872253,0.5653690380173624,1.191614078653555,-0.39193850533635477,-0.3415351111313647,0
1571236057250,-1.5449856399872253,0.5978847431687717,1.191614078653555,0.5562455179213142,-0.3395232226801496,0
1571236057500,-1.370849379410893,0.5978847431687717,1.2964337914577397,0.0876932488242233,-0.3415351111313647,0
1571236057750,-0.8919746628259783,0.7604632689258184,1.715712642674479,-0.535971811161688,-0.34354542902172797,0
1571236058000,-2.5462691383011373,0.7279475637744091,0.8771549402410006,0.6777815487322384,-0.34354542902172797,0
1571236058250,-2.3285988125807218,0.532853332865953,1.0518544615813086,0.39115273285316954,-0.33549944577771934,0
1571236058500,-2.2850647474366386,0.630400448320181,1.016914557313247,0.01504227424761661,-0.33549944577771934,0
1571236058750,-2.2415306822925554,0.6629161534715904,1.016914557313247,0.8816102434116587,-0.3375113342289344,0
1571236059000,-2.02386035657214,0.6629161534715904,1.1217342701174318,-0.05304158434862132,-0.3375113342289344,0
1571236059250,-2.110928486860306,0.630400448320181,0.9120948445090622,-1.17562177707889,-0.3395232226801496,0
1571236059500,-1.8497240959958072,0.630400448320181,1.1217342701174318,-0.4010727372970923,-0.3455573174729431,0
1571236059750,-1.8061900308517242,0.5978847431687717,1.1566741743854934,-0.5939910993567429,-0.34354542902172797,0
1571236060000,-1.8497240959958072,0.5978847431687717,1.1217342701174318,0.15357812565213552,-0.3415351111313647,0
1571236060250,-1.8497240959958072,0.630400448320181,1.1566741743854934,-0.02978312333748414,-0.3415351111313647,0
1571236060500,-1.762655965707641,0.5978847431687717,1.1566741743854934,-0.5553397659673257,-0.3415351111313647,0
1571236060750,-1.8497240959958072,0.6629161534715904,1.191614078653555,0.7384226998049124,-0.34354542902172797,0
1571236061000,-1.6320537702753917,0.6629161534715904,1.0867943658493702,0.016902951128507586,-0.3395232226801496,0
1571236061250,-2.4592010080129714,0.532853332865953,1.0518544615813086,-0.6892239251696172,-0.3415351111313647,0
1571236061500,-2.5027350731570546,0.4027905122603157,1.016914557313247,0.7612582797067562,-0.3375113342289344,0
1571236061750,-1.5885197051313085,0.532853332865953,1.2265539829216165,0.0767829162044535,-0.3375113342289344,0
1571236062000,-1.9803262914280568,0.5653690380173624,1.1217342701174318,-0.6884627391728891,-0.3415351111313647,0
1571236062250,-1.9367922262839736,0.532853332865953,1.1566741743854934,-0.7313428836552403,-0.3415351111313647,0
1571236062500,-1.8932581611398904,0.5653690380173624,1.1566741743854934,0.2210699506953627,-0.3395232226801496,0
1571236062750,-1.8932581611398904,0.5653690380173624,1.1566741743854934,1.1827015932285618,-0.3455573174729431,0
1571236063000,-1.8497240959958072,0.5653690380173624,1.1566741743854934,-0.24359181219622886,-0.3415351111313647,0
1571236063250,-1.8497240959958072,0.5653690380173624,1.1566741743854934,-0.7853025132010786,-0.3415351111313647,0
1571236063500,-1.8932581611398904,0.5653690380173624,1.1566741743854934,0.4052769619035692,-0.3415351111313647,0
1571236063750,-1.8497240959958072,0.5653690380173624,1.1566741743854934,-0.08839444508554983,-0.3395232226801496,0
1571236064000,-1.8497240959958072,0.5653690380173624,1.1566741743854934,0.5118430014455068,-0.3415351111313647,0
1571236064250,-1.8497240959958072,0.5653690380173624,1.1566741743854934,0.09065341658927714,-0.3395232226801496,0
1571236064500,-1.8497240959958072,0.5653690380173624,1.1566741743854934,-0.6013492306584481,-0.3395232226801496,0
1571236064750,-1.8497240959958072,0.5653690380173624,1.1566741743854934,0.4827487811261207,-0.3375113342289344,0
1571236065000,-1.8497240959958072,0.5653690380173624,1.1566741743854934,-0.09262325617848387,-0.3395232226801496,0
1571236065250,-1.8497240959958072,0.5653690380173624,1.191614078653555,0.19831894701537764,-0.33549944577771934,0
1571236065500,-1.8497240959958072,0.532853332865953,1.1566741743854934,0.10452391697410075,-0.3375113342289344,0
1571236065750,-1.8497240959958072,0.5653690380173624,1.1566741743854934,-0.46619642812827644,-0.3375113342289344,0
1571236066000,-1.8061900308517242,0.5653690380173624,1.1566741743854934,0.6035236259403167,-0.3375113342289344,0
1571236066250,-1.8497240959958072,0.5653690380173624,1.1566741743854934,0.10173290165276429,-0.3395232226801496,0
1571236066500,-1.8497240959958072,0.5653690380173624,1.1566741743854934,-0.7146813679490801,-0.33549944577771934,0
1571236066750,-1.8497240959958072,0.4027905122603157,1.2265539829216165,0.4665947227511127,-0.33549944577771934,0
1571236067000,-1.5449856399872253,0.37027480710890637,0.9470347487771238,0.005908042286879099,-0.3395232226801496,0
1571236067250,-2.1544625520043894,0.8254946792286371,1.2265539829216165,-0.5553397659673257,-0.3375113342289344,0
1571236067500,-1.8061900308517242,0.9880732049856839,1.0867943658493702,0.2002642001181273,-0.34354542902172797,0
1571236067750,-1.6320537702753917,0.9555574998342745,1.191614078653555,0.023077015324191274,-0.33549944577771934,0
1571236068000,-1.8932581611398904,0.8254946792286371,1.0867943658493702,1.5489166338766491,-0.3254431446433475,0
1571236068250,-1.0225768582582277,0.8580103843800464,0.8072751317048774,0.6591747799233286,-0.3395232226801496,0
1571236068500,-2.067394421716223,0.4678219225631344,1.191614078653555,1.716039248269402,-0.35159141226573665,0
1571236068750,-2.110928486860306,0.532853332865953,0.9120948445090622,-0.20595539346911595,-0.3395232226801496,0
1571236069000,-2.067394421716223,0.6629161534715904,1.1217342701174318,-2.9114641545064517,-0.331477239436141,0
1571236069250,-1.8932581611398904,0.6629161534715904,1.191614078653555,-3.1492079141512033,-0.331477239436141,0
1571236069500,-2.02386035657214,0.630400448320181,1.1217342701174318,-0.9415147949740618,-0.33549944577771934,0
1571236069750,-1.9803262914280568,0.630400448320181,1.1217342701174318,0.6385381817898105,-0.3375113342289344,0
1571236070000,-2.02386035657214,0.630400448320181,1.1217342701174318,0.9384454645006921,-0.3375113342289344,0
1571236070250,-1.9803262914280568,0.630400448320181,1.1217342701174318,0.43293338645135776,-0.3375113342289344,0
1571236070500,-1.9803262914280568,0.630400448320181,1.1217342701174318,-0.985917311449869,-0.3395232226801496,0
1571236070750,-1.9803262914280568,0.630400448320181,1.1217342701174318,1.5495086674296599,-0.3375113342289344,0
1571236071000,-2.02386035657214,0.630400448320181,1.1217342701174318,0.6435281788794727,-0.33549944577771934,0
1571236071250,-1.9803262914280568,0.630400448320181,1.1217342701174318,0.6324486938159856,-0.3395232226801496,0
1571236071500,-1.9803262914280568,0.630400448320181,1.1217342701174318,0.28729313241070964,-0.3395232226801496,0
1571236071750,-2.02386035657214,0.630400448320181,1.1217342701174318,-0.8099987699838131,-0.3395232226801496,0
1571236072000,-2.02386035657214,0.630400448320181,1.1217342701174318,0.6893684911268777,-0.33549944577771934,0
1571236072250,-1.9803262914280568,0.630400448320181,1.1217342701174318,-0.15698576101293987,-0.3375113342289344,0
1571236072500,-1.9803262914280568,0.630400448320181,1.1217342701174318,0.6096976901360004,-0.3375113342289344,0
1571236072750,-1.9803262914280568,0.630400448320181,1.1217342701174318,0.16034422340083,-0.33549944577771934,0
1571236073000,-2.02386035657214,0.630400448320181,1.1217342701174318,-0.8935600771801898,-0.3375113342289344,0
1571236073250,-2.02386035657214,0.630400448320181,1.1217342701174318,0.6507171577374605,-0.3375113342289344,0
1571236073500,-2.02386035657214,0.630400448320181,1.1217342701174318,-0.001872970124119522,-0.3375113342289344,0
1571236073750,-2.02386035657214,0.630400448320181,1.1217342701174318,-0.5976278768966661,-0.33549944577771934,0
1571236074000,-1.9803262914280568,0.630400448320181,1.1217342701174318,0.19814979457166026,-0.3375113342289344,0
1571236074250,-1.9803262914280568,0.630400448320181,1.1217342701174318,-0.316919396547705,-0.33549944577771934,0
1571236074500,-1.9803262914280568,0.630400448320181,1.1217342701174318,0.37965036668038893,-0.33549944577771934,0
1571236074750,-2.02386035657214,0.630400448320181,1.1217342701174318,0.1551004976455918,-0.33549944577771934,0
1571236075000,-2.02386035657214,0.630400448320181,1.1217342701174318,-0.4762609985294594,-0.33549944577771934,0
1571236075250,-1.9803262914280568,0.630400448320181,1.1217342701174318,0.7554225203985071,-0.33549944577771934,0
1571236075500,-2.02386035657214,0.630400448320181,1.1217342701174318,0.14723490901273448,-0.3375113342289344,0
1571236075750,-2.02386035657214,0.630400448320181,1.1217342701174318,-0.7566311739909858,-0.33549944577771934,0
1571236076000,-1.9803262914280568,0.630400448320181,1.1217342701174318,0.6926669637793661,-0.33549944577771934,0
1571236076250,-2.02386035657214,0.630400448320181,1.1217342701174318,0.051917506978001376,-0.33549944577771934,0
1571236076500,-2.02386035657214,0.630400448320181,1.1217342701174318,-0.9036246475813727,-0.3334891278873561,0
1571236076750,-2.02386035657214,0.630400448320181,1.1217342701174318,0.3916601901843216,-0.33549944577771934,0
1571236077000,-2.02386035657214,0.630400448320181,1.1217342701174318,-0.12890645535585787,-0.33549944577771934,0
1571236077250,-2.02386035657214,0.630400448320181,1.1217342701174318,0.08405647128430004,-0.33549944577771934,0
1571236077500,-2.02386035657214,0.630400448320181,1.1217342701174318,0.011828377816986747,-0.331477239436141,0
1571236077750,-2.02386035657214,0.630400448320181,1.1217342701174318,-0.4841265871623167,-0.33549944577771934,0
1571236078000,-2.02386035657214,0.630400448320181,1.1217342701174318,0.7619348894816257,-0.33549944577771934,0
1571236078250,-2.02386035657214,0.630400448320181,1.1217342701174318,0.20922927963514742,-0.33549944577771934,0
1571236078500,-1.9803262914280568,0.630400448320181,1.1217342701174318,-0.6905771447193562,-0.33549944577771934,0
1571236078750,-2.02386035657214,0.630400448320181,1.1217342701174318,0.43809253598473724,-0.33549944577771934,0
1571236079000,-2.02386035657214,0.630400448320181,1.1566741743854934,0.005146856290150973,-0.33549944577771934,0
1571236079250,-2.02386035657214,0.5978847431687717,1.1566741743854934,-0.8861173696566258,-0.3334891278873561,0
1571236079500,-2.02386035657214,0.630400448320181,1.1217342701174318,0.5113355441143548,-0.3334891278873561,0
1571236079750,-2.02386035657214,0.630400448320181,1.1217342701174318,-0.1655279594206666,-0.3334891278873561,0
1571236080000,-2.02386035657214,0.5978847431687717,1.1217342701174318,-0.10065799725505854,-0.33549944577771934,0
1571236080250,-2.02386035657214,0.5978847431687717,1.1217342701174318,0.35935207343430553,-0.331477239436141,0
1571236080500,-2.02386035657214,0.630400448320181,1.1217342701174318,-0.44226135734226973,-0.33549944577771934,0
1571236080750,-2.02386035657214,0.630400448320181,1.1217342701174318,0.1989109805683884,-0.3334891278873561,0
1571236081000,-2.02386035657214,0.630400448320181,1.1217342701174318,0.2149804627215377,-0.33549944577771934,0
1571236081250,-2.02386035657214,0.630400448320181,1.1217342701174318,-0.32909837249535506,-0.33549944577771934,0
1571236081500,-1.9803262914280568,0.630400448320181,1.1217342701174318,0.532987056910177,-0.3375113342289344,0
1571236081750,-1.9803262914280568,0.5978847431687717,1.1217342701174318,0.06341987315078194,-0.33549944577771934,0
1571236082000,-2.02386035657214,0.5978847431687717,1.1217342701174318,-0.7115520477403089,-0.3334891278873561,0
1571236082250,-2.02386035657214,0.5978847431687717,1.1217342701174318,0.5961654946386115,-0.3334891278873561,0
1571236082500,-2.02386035657214,0.5978847431687717,1.1566741743854934,0.2399304481698485,-0.3334891278873561,0
1571236082750,-2.02386035657214,0.5978847431687717,1.1217342701174318,-0.6899005349444868,-0.33549944577771934,0
1571236083000,-2.02386035657214,0.5978847431687717,1.1217342701174318,0.8527697517578486,-0.331477239436141,0
1571236083250,-2.02386035657214,0.5978847431687717,1.1217342701174318,-0.13939390686633427,-0.3334891278873561,0
1571236083500,-2.02386035657214,0.5978847431687717,1.1217342701174318,-0.9253607365990536,-0.3334891278873561,0
1571236083750,-2.02386035657214,0.630400448320181,1.1217342701174318,0.4462964295050293,-0.3395232226801496,0
1571236084000,-1.9803262914280568,0.630400448320181,1.1217342701174318,-0.15131915414840824,-0.33549944577771934,0
1571236084250,-2.02386035657214,0.5978847431687717,1.1566741743854934,0.21396554805923354,-0.3375113342289344,0
1571236084500,-2.02386035657214,0.5978847431687717,1.1217342701174318,0.19781148968422552,-0.33549944577771934,0
1571236084750,-2.02386035657214,0.5978847431687717,1.1217342701174318,-0.6501497106709068,-0.33549944577771934,0
1571236085000,-2.02386035657214,0.5978847431687717,1.1217342701174318,0.6672940972217619,-0.3375113342289344,0
1571236085250,-1.9803262914280568,0.5978847431687717,1.1566741743854934,0.1587372751855151,-0.33549944577771934,0
1571236085500,-1.9803262914280568,0.5978847431687717,1.1566741743854934,-0.9582608869020804,-0.3375113342289344,0
1571236085750,-2.02386035657214,0.5978847431687717,1.1217342701174318,0.6327024224815616,-0.33549944577771934,0
1571236086000,-2.02386035657214,0.5978847431687717,1.1217342701174318,0.06832529401858543,-0.33549944577771934,0
1571236086250,-2.02386035657214,0.5978847431687717,1.1217342701174318,-0.8293667247894512,-0.33549944577771934,0
1571236086500,-2.02386035657214,0.5978847431687717,1.1217342701174318,0.5150568978761367,-0.3375113342289344,0
1571236086750,-1.9803262914280568,0.5978847431687717,1.1217342701174318,-0.03494227287086366,-0.33549944577771934,0
1571236087000,-2.02386035657214,0.5978847431687717,1.1217342701174318,-0.6918457880472363,-0.3375113342289344,0
1571236087250,-1.9803262914280568,0.5978847431687717,1.1217342701174318,0.19586623658147587,-0.33549944577771934,0
1571236087500,-2.02386035657214,0.5978847431687717,1.1217342701174318,-0.23285063202017642,-0.3334891278873561,0
1571236087750,-2.02386035657214,0.5978847431687717,1.1217342701174318,0.08050426996623544,-0.33549944577771934,0
1571236088000,-2.02386035657214,0.5978847431687717,1.1217342701174318,0.2510099332333357,-0.3334891278873561,0
1571236088250,-2.02386035657214,0.5978847431687717,1.1217342701174318,-0.34736683641683,-0.33549944577771934,0
1571236088500,-1.9803262914280568,0.5978847431687717,1.1217342701174318,0.4414755848590845,-0.331477239436141,0
1571236088750,-1.9803262914280568,0.630400448320181,1.1217342701174318,0.16711032114952445,-0.3334891278873561,0
1571236089000,-2.02386035657214,0.5978847431687717,1.1217342701174318,-0.5520412933148372,-0.33549944577771934,0
1571236089250,-2.02386035657214,0.5978847431687717,1.1217342701174318,0.6541847828336664,-0.3334891278873561,0
1571236089500,-2.02386035657214,0.5978847431687717,1.1217342701174318,0.10156374920904694,-0.331477239436141,0
1571236089750,-2.02386035657214,0.5978847431687717,1.1566741743854934,-0.9663802042005138,-0.3334891278873561,0
1571236090000,-2.02386035657214,0.5978847431687717,1.1217342701174318,0.5299423129232644,-0.3334891278873561,0
1571236090250,-2.02386035657214,0.5978847431687717,1.1217342701174318,-0.1258617113689454,-0.331477239436141,0
1571236090500,-2.02386035657214,0.5978847431687717,1.1217342701174318,-0.20172658237618193,-0.3334891278873561,0
1571236090750,-2.02386035657214,0.5978847431687717,1.1217342701174318,0.32027785893559507,-0.3334891278873561,0
1571236091000,-1.9803262914280568,0.630400448320181,1.1217342701174318,-0.3598841172519148,-0.3334891278873561,0
1571236091250,-2.02386035657214,0.5978847431687717,1.1217342701174318,0.3572376678878385,-0.331477239436141,0
1571236091500,-2.02386035657214,0.630400448320181,1.1217342701174318,0.2532934912235201,-0.3334891278873561,0
1571236091750,-2.02386035657214,0.5978847431687717,1.1217342701174318,-0.2987355088480887,-0.331477239436141,0
1571236092000,-1.9803262914280568,0.5978847431687717,1.1566741743854934,0.5219921480685485,-0.331477239436141,0
1571236092250,-2.02386035657214,0.5978847431687717,1.1217342701174318,0.10739950851729589,-0.331477239436141,0
1571236092500,-2.02386035657214,0.5978847431687717,1.1217342701174318,-0.6157271883744238,-0.3334891278873561,0
1571236092750,-2.02386035657214,0.5978847431687717,1.1217342701174318,0.7196467785522853,-0.3334891278873561,0
1571236093000,-2.02386035657214,0.5978847431687717,1.1217342701174318,0.16888642180855676,-0.331477239436141,0
1571236093250,-2.02386035657214,0.5978847431687717,1.1217342701174318,-0.9240075170493147,-0.3334891278873561,0
1571236093500,-2.02386035657214,0.630400448320181,1.1217342701174318,0.6513091912904714,-0.331477239436141,0
1571236093750,-2.02386035657214,0.5978847431687717,1.1217342701174318,0.14748863767831052,-0.3334891278873561,0
1571236094000,-2.02386035657214,0.630400448320181,1.1217342701174318,-0.9901461225428031,-0.331477239436141,0
1571236094250,-2.02386035657214,0.5978847431687717,1.1217342701174318,0.4594903201149835,-0.3334891278873561,0
1571236094500,-2.02386035657214,0.5978847431687717,1.1217342701174318,-0.006947543435640363,-0.3274550330945626,0
1571236094750,-2.02386035657214,0.630400448320181,1.1217342701174318,-0.6497268295616134,-0.331477239436141,0
1571236095000,-2.02386035657214,0.630400448320181,1.1217342701174318,0.3431134388374389,-0.3334891278873561,0
1571236095250,-2.02386035657214,0.630400448320181,1.1217342701174318,-0.2784372156020053,-0.331477239436141,0
1571236095500,-2.02386035657214,0.630400448320181,1.1217342701174318,0.1594984611822432,-0.3334891278873561,0
1571236095750,-2.02386035657214,0.5978847431687717,1.1217342701174318,0.2201396122549172,-0.331477239436141,0
1571236096000,-2.02386035657214,0.630400448320181,1.1217342701174318,-0.3927842675549416,-0.3334891278873561,0
1571236096250,-2.02386035657214,0.5978847431687717,1.1217342701174318,0.6793884969475533,-0.3334891278873561,0
1571236096500,-2.02386035657214,0.5978847431687717,1.1217342701174318,0.13251864640932406,-0.3334891278873561,0
1571236096750,-1.9803262914280568,0.5978847431687717,1.1566741743854934,-0.7858945467540892,-0.331477239436141,0
1571236097000,-2.02386035657214,0.5978847431687717,1.1217342701174318,0.6098668425797178,-0.331477239436141,0
1571236097250,-2.02386035657214,0.5978847431687717,1.1217342701174318,0.022738710436756553,-0.3334891278873561,0
1571236097500,-1.9803262914280568,0.5978847431687717,1.1217342701174318,-0.7958745409334136,-0.331477239436141,0
1571236097750,-1.9803262914280568,0.5978847431687717,1.1217342701174318,0.4687091282975797,-0.3334891278873561,0
1571236098000,-2.02386035657214,0.5978847431687717,1.1217342701174318,-0.16163745321516731,-0.331477239436141,0
1571236098250,-2.02386035657214,0.630400448320181,1.1217342701174318,0.04430564701072012,-0.331477239436141,0
1571236098500,-2.02386035657214,0.630400448320181,1.1217342701174318,0.28890008062602457,-0.32946535098492585,0
1571236098750,-2.02386035657214,0.630400448320181,1.1217342701174318,-0.2992429661792408,-0.331477239436141,0
1571236099000,-2.02386035657214,0.5978847431687717,1.1566741743854934,0.4949277570737707,-0.331477239436141,0
1571236099250,-2.02386035657214,0.5978847431687717,1.1566741743854934,0.04312157990469859,-0.32946535098492585,0
1571236099500,-2.02386035657214,0.5978847431687717,1.1566741743854934,-0.6021949928770348,-0.32946535098492585,0
1571236099750,-1.8497240959958072,0.532853332865953,1.191614078653555,0.7070449214953418,-0.32946535098492585,0
1571236100000,-2.7639394640215533,0.532853332865953,0.9120948445090622,0.12194661867698897,-0.3254431446433475,0
1571236100250,-2.807473529165636,0.5653690380173624,0.842215035972939,-0.8714011070532154,-0.31940904985055396,0
1571236100500,-2.1979966171484726,0.5003376277145437,1.0867943658493702,0.6601051183637741,-0.3274550330945626,0
1571236100750,-2.110928486860306,0.532853332865953,1.0867943658493702,0.3612973265370552,-0.3274550330945626,0
1571236101000,-2.2415306822925554,0.532853332865953,1.0518544615813086,2.3138239843665573,-0.3274550330945626,0
1571236101250,-2.110928486860306,0.532853332865953,1.0867943658493702,-0.42475407941752286,-0.3254431446433475,0
1571236101500,-2.2415306822925554,0.5653690380173624,1.0867943658493702,-3.084337951985595,-0.3254431446433475,0
1571236101750,-2.4592010080129714,0.5653690380173624,0.9470347487771238,-0.6963283278057464,-0.3234312561921323,0
1571236102000,-2.3285988125807218,0.6954318586229997,1.1217342701174318,0.6409908922237122,-0.3274550330945626,0
1571236102250,-2.5462691383011373,0.5003376277145437,1.016914557313247,-0.46061439748560346,-0.3234312561921323,0
1571236102500,-2.4592010080129714,0.43530621741172504,1.0518544615813086,0.11915560335565252,-0.31538527294812374,0
1571236102750,-1.8061900308517242,0.630400448320181,1.2265539829216165,-0.6709554612481422,-0.2811910220817261,0
1571236103000,-2.3285988125807218,0.7279475637744091,1.016914557313247,0.6922440826700726,-0.27113472094735414,0
1571236103250,-2.6333372685893037,0.7279475637744091,0.7024554189006925,0.8353470500549603,-0.27917913363051094,0
1571236103500,-3.112211985174218,0.8254946792286371,0.6325756103645693,-0.029191089784473375,0.04466266121593761,0
1571236103750,-2.9380757245978852,0.5653690380173624,0.7723352274368158,-0.012360421634595924,-0.0880937064689268,0
1571236104000,-2.110928486860306,0.532853332865953,1.1566741743854934,-0.6342493809614748,-0.257054642910552,0
1571236104250,-1.9367922262839736,0.6629161534715904,1.1566741743854934,2.3678681901342538,-0.29124889377694974,0
1571236104500,-2.067394421716223,0.5653690380173624,1.1217342701174318,1.471613967097815,-0.30532897181375185,0
1571236104750,-2.02386035657214,0.5978847431687717,1.1217342701174318,-0.2023186159291927,-0.3093511781553302,0
1571236105000,-2.110928486860306,0.5653690380173624,1.0867943658493702,-0.8500878991448279,-0.3093511781553302,0
1571236105250,-2.067394421716223,0.5978847431687717,1.1217342701174318,-1.0699860759773976,-0.3133749550577605,0
1571236105500,-2.110928486860306,0.5978847431687717,1.1217342701174318,-0.3567547970431436,-0.31538527294812374,0
1571236105750,-2.110928486860306,0.5978847431687717,1.1217342701174318,-0.45367914729319164,-0.3173971613993388,0
1571236106000,-2.067394421716223,0.5978847431687717,1.1217342701174318,0.30268600478898955,-0.3173971613993388,0
1571236106250,-2.067394421716223,0.5978847431687717,1.1217342701174318,-0.46365914147251597,-0.31940904985055396,0
1571236106500,-2.067394421716223,0.5978847431687717,1.1217342701174318,0.33947666129751564,-0.32141936774091723,0
1571236106750,-2.067394421716223,0.5978847431687717,1.1217342701174318,-0.6894776538351932,-0.32141936774091723,0
1571236107000,-2.067394421716223,0.5978847431687717,1.1217342701174318,0.47835081758946923,-0.3234312561921323,0
1571236107250,-2.067394421716223,0.5978847431687717,1.1217342701174318,-0.3082926219181196,-0.3234312561921323,0
1571236107500,-2.067394421716223,0.5978847431687717,1.1217342701174318,0.6290656449416383,-0.3254431446433475,0
1571236107750,-2.067394421716223,0.5978847431687717,1.1217342701174318,0.04303700368283991,-0.32141936774091723,0
1571236108000,-2.067394421716223,0.5978847431687717,1.1217342701174318,-0.8104216510931067,-0.3274550330945626,0
1571236108250,-2.067394421716223,0.5978847431687717,1.1217342701174318,0.6736373138611629,-0.3254431446433475,0
1571236108500,-2.067394421716223,0.5978847431687717,1.1217342701174318,0.04616632389161109,-0.3274550330945626,0
1571236108750,-2.067394421716223,0.5978847431687717,1.1217342701174318,-0.9992803545035406,-0.3274550330945626,0
1571236109000,-2.067394421716223,0.5978847431687717,1.1217342701174318,0.6258517485110084,-0.3274550330945626,0
1571236109250,-2.067394421716223,0.5978847431687717,1.1217342701174318,-0.004748561667314665,-0.3254431446433475,0
1571236109500,-2.067394421716223,0.630400448320181,1.1566741743854934,-0.8414611245152424,-0.3274550330945626,0
1571236109750,-2.067394421716223,0.532853332865953,1.3313736957258016,0.4797886133610668,-0.32946535098492585,0
1571236110000,-2.5027350731570546,0.43530621741172504,1.715712642674479,-0.03950938885123242,-0.331477239436141,0
1571236110250,-0.9355087279700615,0.8905260895314557,1.2964337914577397,-0.6918457880472363,-0.3334891278873561,0
1571236110500,0.06577477034385075,0.8905260895314557,0.9470347487771238,0.8983563353396775,-0.3073392897041151,0
1571236110750,0.7187857475050978,1.020588910137093,0.3181164719520149,1.6021996536476182,-0.3415351111313647,0
1571236111000,0.41404729149651587,1.020588910137093,0.6325756103645693,0.2729151746947339,-0.3777396798881257,0
1571236111250,0.06577477034385075,0.7929789740772277,0.24823666341589168,1.464763293127262,-0.4219918024497472,0
1571236111500,-1.0225768582582277,0.37027480710890637,1.471133312798048,-1.7519241528239398,-0.3696952672049689,0
1571236111750,-1.2402471839786433,0.7279475637744091,0.9819746530451854,-0.9744995214989471,-0.3576255070585301,0
1571236112000,-1.370849379410893,0.4027905122603157,1.4012535042619247,0.15806066541064562,-0.32141936774091723,0
1571236112250,-2.02386035657214,0.6954318586229997,0.9819746530451854,-1.5776971357950578,-0.3234312561921323,0
1571236112500,-2.02386035657214,0.5653690380173624,1.1217342701174318,-1.2569841025069404,-0.32946535098492585,0
1571236112750,-1.9803262914280568,0.630400448320181,1.1566741743854934,-0.7000496815675283,-0.331477239436141,0
1571236113000,-2.1979966171484726,0.532853332865953,0.9819746530451854,-1.9091513492592271,-0.33549944577771934,0
1571236113250,-2.372132877724805,0.5003376277145437,0.9470347487771238,1.3123569413379195,-0.3375113342289344,0
1571236113500,-1.8497240959958072,0.630400448320181,1.471133312798048,0.2702087355952562,-0.3395232226801496,0
1571236113750,-2.02386035657214,0.532853332865953,1.1217342701174318,1.0120267775177443,-0.3375113342289344,0
1571236114000,-2.1979966171484726,0.5653690380173624,1.016914557313247,0.4479033777203443,-0.3395232226801496,0
1571236114250,-2.110928486860306,0.532853332865953,1.0867943658493702,1.2172086917469036,-0.3395232226801496,0
1571236114500,-2.067394421716223,0.5653690380173624,1.1217342701174318,1.0585436995400186,-0.3375113342289344,0
1571236114750,-2.1544625520043894,0.532853332865953,1.0867943658493702,-1.4501561932321672,-0.3375113342289344,0
1571236115000,-2.110928486860306,0.532853332865953,1.1217342701174318,0.2335026553085888,-0.3375113342289344,0
1571236115250,-2.1544625520043894,0.532853332865953,1.0867943658493702,-0.7742230281375914,-0.3375113342289344,0
1571236115500,-2.1979966171484726,0.532853332865953,1.1217342701174318,0.3596058020998816,-0.3375113342289344,0
1571236115750,-2.110928486860306,0.532853332865953,1.0867943658493702,-0.8162574104013557,-0.3375113342289344,0
1571236116000,-2.110928486860306,0.532853332865953,1.1217342701174318,0.585170585796983,-0.33549944577771934,0
1571236116250,-2.067394421716223,0.532853332865953,1.1217342701174318,-0.4373559364744663,-0.3375113342289344,0
1571236116500,-2.067394421716223,0.532853332865953,1.1217342701174318,0.7156716961249273,-0.3375113342289344,0
1571236116750,-2.110928486860306,0.532853332865953,1.1217342701174318,-0.42187848787432775,-0.3375113342289344,0
1571236117000,-2.110928486860306,0.532853332865953,1.1217342701174318,0.8225760405542997,-0.3375113342289344,0
1571236117250,-2.110928486860306,0.532853332865953,1.1217342701174318,-0.17220948094750238,-0.33549944577771934,0
1571236117500,-2.067394421716223,0.532853332865953,1.1217342701174318,0.5655489023257692,-0.33549944577771934,0
1571236117750,-2.067394421716223,0.532853332865953,1.1217342701174318,-0.03570345886759179,-0.3395232226801496,0
1571236118000,-2.110928486860306,0.532853332865953,1.0867943658493702,-0.8911919429681467,-0.3375113342289344,0
1571236118250,-2.1544625520043894,0.532853332865953,1.0867943658493702,0.418301700069806,-0.33549944577771934,0
1571236118500,-2.067394421716223,0.532853332865953,1.1217342701174318,-0.2746312856183647,-0.33549944577771934,0
1571236118750,-2.067394421716223,0.532853332865953,1.1217342701174318,0.37821257090879135,-0.3375113342289344,0
1571236119000,-2.110928486860306,0.532853332865953,1.1217342701174318,0.20939843207886477,-0.33549944577771934,0
1571236119250,-2.067394421716223,0.532853332865953,1.1217342701174318,-0.510006911051073,-0.3334891278873561,0
1571236119500,-2.110928486860306,0.532853332865953,1.1217342701174318,0.6458117368696571,-0.3375113342289344,0
1571236119750,-2.110928486860306,0.532853332865953,1.1217342701174318,0.2272440148910464,-0.33549944577771934,0
1571236120000,-2.02386035657214,0.532853332865953,1.0518544615813086,-0.6206326092422272,-0.33549944577771934,0
1571236120250,-2.372132877724805,0.4678219225631344,1.1217342701174318,0.740367952907662,-0.3334891278873561,0
1571236120500,-1.2837812491227265,0.7279475637744091,1.3663135999938631,0.18597081862401024,-0.3375113342289344,0
1571236120750,1.0235242035136798,1.2481988461969586,0.14341695061170687,-0.9648578322070576,-0.33549944577771934,0
1571236121000,-0.50016807652923,0.8580103843800464,0.842215035972939,0.9505398642264835,-0.32946535098492585,0
1571236121250,-2.110928486860306,0.37027480710890637,1.3663135999938631,1.1377916194216025,-0.3274550330945626,0
1571236121500,-0.5437021416733132,0.5653690380173624,1.4012535042619247,-0.5533099366427174,-0.3375113342289344,0
1571236121750,-1.0661109234023107,0.6629161534715904,1.1566741743854934,-1.7257901002696074,-0.33549944577771934,0
1571236122000,-1.0661109234023107,0.630400448320181,1.1566741743854934,-0.7710091317069614,-0.3375113342289344,0
1571236122250,-0.8919746628259783,0.6629161534715904,1.1566741743854934,-0.2228706378408521,-0.3375113342289344,0
1571236122500,-0.9355087279700615,0.6629161534715904,1.1566741743854934,0.12169289001141294,-0.3375113342289344,0
1571236122750,-0.9355087279700615,0.6629161534715904,1.1566741743854934,0.20153284344600747,-0.3375113342289344,0
1571236123000,-0.9355087279700615,0.6629161534715904,1.1566741743854934,0.9710918861381428,-0.3375113342289344,0
1571236123250,-0.9355087279700615,0.6629161534715904,1.1566741743854934,0.1384389819394317,-0.33549944577771934,0
1571236123500,-0.9790427931141445,0.6629161534715904,1.1566741743854934,-0.31040702746458665,-0.33549944577771934,0
1571236123750,-0.9355087279700615,0.6629161534715904,1.191614078653555,0.2704624642608322,-0.33549944577771934,0
1571236124000,-0.9790427931141445,0.6629161534715904,1.1566741743854934,-0.5555089184110432,-0.3334891278873561,0
1571236124250,-0.9790427931141445,0.6954318586229997,1.1566741743854934,0.8847395636204299,-0.3334891278873561,0
1571236124500,-0.9790427931141445,0.6629161534715904,1.1566741743854934,0.1655033729342095,-0.3334891278873561,0
1571236124750,-0.9790427931141445,0.6629161534715904,1.1566741743854934,-0.7374323716290652,-0.33549944577771934,0
1571236125000,-0.9790427931141445,0.6629161534715904,1.1566741743854934,0.4291274564677171,-0.3334891278873561,0
1571236125250,-0.9355087279700615,0.6629161534715904,1.1566741743854934,-0.288332633559471,-0.3375113342289344,0
1571236125500,-0.9355087279700615,0.6629161534715904,1.1566741743854934,0.2896612666227527,-0.33549944577771934,0
1571236125750,-0.9790427931141445,0.6629161534715904,1.1566741743854934,0.18732403817374912,-0.33549944577771934,0
1571236126000,-0.9790427931141445,0.6629161534715904,1.191614078653555,-0.5156735179156046,-0.33549944577771934,0
1571236126250,-0.9355087279700615,0.6629161534715904,1.1566741743854934,0.6773586676229449,-0.33549944577771934,0
1571236126500,-0.9355087279700615,0.6629161534715904,1.1566741743854934,0.2417065488288808,-0.3334891278873561,0
1571236126750,-0.9355087279700615,0.6629161534715904,1.1566741743854934,-0.6438910702533643,-0.3334891278873561,0
1571236127000,-0.9790427931141445,0.6629161534715904,1.1566741743854934,0.760243365044452,-0.3334891278873561,0
1571236127250,-0.9355087279700615,0.6629161534715904,1.1566741743854934,0.2618356896312468,-0.331477239436141,0
1571236127500,-0.9790427931141445,0.6629161534715904,1.1566741743854934,-0.679751388321445,-0.33549944577771934,0
1571236127750,-0.9790427931141445,0.6629161534715904,1.1566741743854934,0.73664659914588,-0.3334891278873561,0
1571236128000,-0.9790427931141445,0.6629161534715904,1.1566741743854934,0.23011960643424154,-0.33549944577771934,0
1571236128250,-0.9355087279700615,0.6629161534715904,1.1566741743854934,-0.7903770865125993,-0.33549944577771934,0
1571236128500,-0.9355087279700615,0.6629161534715904,1.191614078653555,0.7963574117781086,-0.33549944577771934,0
1571236128750,-1.0661109234023107,0.7279475637744091,1.0867943658493702,0.21337351450622277,-0.33549944577771934,0
1571236129000,-1.6320537702753917,0.532853332865953,1.3313736957258016,-0.8754607657024321,-0.3375113342289344,0
1571236129250,-1.5014515748431423,0.33775910195749703,1.3663135999938631,0.8215611258919955,-0.33549944577771934,0
1571236129500,-1.762655965707641,0.532853332865953,1.1566741743854934,0.30217854745783745,-0.33549944577771934,0
1571236129750,-1.7191219005635578,0.5653690380173624,1.191614078653555,-0.6279907405439324,-0.331477239436141,0
1571236130000,-1.6755878354194749,0.5653690380173624,1.191614078653555,1.15910482732999,-0.3334891278873561,0
1571236130250,-1.7191219005635578,0.5653690380173624,1.191614078653555,1.235138850780944,-0.3334891278873561,0
1571236130500,-1.7191219005635578,0.5653690380173624,1.1566741743854934,-0.2786063680457227,-0.3334891278873561,0
1571236130750,-1.762655965707641,0.5653690380173624,1.1566741743854934,0.4436745666274102,-0.3334891278873561,0
1571236131000,-1.762655965707641,0.5653690380173624,1.191614078653555,0.12871271642568344,-0.33549944577771934,0
1571236131250,-1.762655965707641,0.5653690380173624,1.191614078653555,-1.1349406143648644,-0.331477239436141,0
1571236131500,-1.762655965707641,0.532853332865953,1.191614078653555,0.5463500999638485,-0.3334891278873561,0
1571236131750,-1.762655965707641,0.5653690380173624,1.191614078653555,-0.4270376374077072,-0.3334891278873561,0
1571236132000,-1.762655965707641,0.5653690380173624,1.1566741743854934,-0.09135461285060367,-0.331477239436141,0
1571236132250,-1.762655965707641,0.5653690380173624,1.191614078653555,-0.1782143926994687,-0.3334891278873561,0
1571236132500,-1.7191219005635578,0.5653690380173624,1.191614078653555,-0.8650578904138143,-0.32946535098492585,0
1571236132750,-1.762655965707641,0.5653690380173624,1.191614078653555,0.4583908292308206,-0.3334891278873561,0
1571236133000,-1.7191219005635578,0.5653690380173624,1.191614078653555,-0.7132435721774826,-0.3334891278873561,0
1571236133250,-1.7191219005635578,0.5653690380173624,1.191614078653555,0.23409468886159956,-0.331477239436141,0
1571236133500,-1.762655965707641,0.5653690380173624,1.191614078653555,0.022823286658615233,-0.331477239436141,0
1571236133750,-1.7191219005635578,0.5653690380173624,1.191614078653555,-1.5979108528192822,-0.33549944577771934,0
1571236134000,-1.762655965707641,0.5653690380173624,1.1566741743854934,1.352953527830086,-0.3334891278873561,0
1571236134250,-1.762655965707641,0.5653690380173624,1.191614078653555,0.5908371926615146,-0.3334891278873561,0
1571236134500,-1.762655965707641,0.5653690380173624,1.191614078653555,-1.4863548161876825,-0.32946535098492585,0
1571236134750,-1.7191219005635578,0.5653690380173624,1.191614078653555,1.4146095935650644,-0.3334891278873561,0
1571236135000,-1.8497240959958072,0.630400448320181,1.1566741743854934,0.8011782564240535,-0.3334891278873561,0
1571236135250,-1.8061900308517242,0.532853332865953,1.1566741743854934,-0.9239229408274561,-0.331477239436141,0
1571236135500,-1.8061900308517242,0.532853332865953,1.191614078653555,1.2987401696186718,-0.331477239436141,0
1571236135750,-1.762655965707641,0.532853332865953,1.191614078653555,0.5109972392269201,-0.331477239436141,0
1571236136000,-1.762655965707641,0.532853332865953,1.1566741743854934,-0.5763992452101373,-0.331477239436141,0
1571236136250,-1.8061900308517242,0.4678219225631344,1.191614078653555,3.1929938105875424,-0.32946535098492585,0
1571236136500,-1.7191219005635578,0.5003376277145437,1.2265539829216165,-0.10514053701356861,-0.331477239436141,0
1571236136750,-1.762655965707641,0.532853332865953,1.191614078653555,-1.8437739297624671,-0.32946535098492585,0
1571236137000,-1.8061900308517242,0.532853332865953,1.191614078653555,-0.4235700123115013,-0.331477239436141,0
1571236137250,-1.8061900308517242,0.5003376277145437,1.191614078653555,-0.8055162302253032,-0.32946535098492585,0
1571236137500,-1.8061900308517242,0.5653690380173624,1.1566741743854934,-0.8851870312161804,-0.331477239436141,0
1571236137750,-1.9803262914280568,0.5653690380173624,1.1566741743854934,-0.5230316492173098,-0.331477239436141,0
1571236138000,-0.9355087279700615,0.532853332865953,1.2614938871896781,-1.6946660506256128,-0.32946535098492585,0
1571236138250,-1.5014515748431423,0.5653690380173624,1.191614078653555,0.9484254586800165,-0.3334891278873561,0
1571236138500,-1.5885197051313085,0.5978847431687717,1.1217342701174318,0.020370576224713496,-0.33549944577771934,0
1571236138750,-1.5014515748431423,0.5653690380173624,1.1566741743854934,-1.4959119292577134,-0.33549944577771934,0
1571236139000,-1.5014515748431423,0.5653690380173624,1.1566741743854934,-2.136661386059078,-0.33549944577771934,0
1571236139250,-1.457917509699059,0.5653690380173624,1.191614078653555,-1.710058923003893,-0.3334891278873561,0
1571236139500,-1.5014515748431423,0.5653690380173624,1.191614078653555,-0.07274784404169392,-0.33549944577771934,0
1571236139750,-1.457917509699059,0.5653690380173624,1.191614078653555,0.5749368629520827,-0.3334891278873561,0
1571236140000,-1.457917509699059,0.5653690380173624,1.191614078653555,0.9860618774071294,-0.3334891278873561,0
1571236140250,-1.370849379410893,0.5978847431687717,1.191614078653555,2.268998586781456,-0.33549944577771934,0
1571236140500,-1.5449856399872253,0.532853332865953,1.191614078653555,2.0414885499816053,-0.3334891278873561,0
1571236140750,-1.370849379410893,0.5653690380173624,1.2265539829216165,0.9654252792736112,-0.3334891278873561,0
1571236141000,-1.370849379410893,0.5978847431687717,1.2265539829216165,0.2726614460291579,-0.3334891278873561,0
1571236141250,-1.5014515748431423,0.5653690380173624,1.191614078653555,-0.5848568673960054,-0.33549944577771934,0
1571236141500,-1.4143834445549759,0.5653690380173624,1.2265539829216165,0.42684389847753273,-0.3334891278873561,0
1571236141750,-1.457917509699059,0.5653690380173624,1.191614078653555,-0.47245506854581876,-0.33549944577771934,0
1571236142000,-1.5014515748431423,0.5653690380173624,1.1566741743854934,0.49458945218633593,-0.33549944577771934,0
1571236142250,-1.4143834445549759,0.5653690380173624,1.191614078653555,-0.1371949250980086,-0.33549944577771934,0
1571236142500,-1.457917509699059,0.5653690380173624,1.191614078653555,0.24399010681906516,-0.33549944577771934,0
1571236142750,-1.4143834445549759,0.5978847431687717,1.191614078653555,-0.10514053701356861,-0.33549944577771934,0
1571236143000,-1.4143834445549759,0.5978847431687717,1.2265539829216165,-0.9448132676265503,-0.3334891278873561,0
1571236143250,-1.5014515748431423,0.5978847431687717,1.1566741743854934,0.23502502730204503,-0.33549944577771934,0
1571236143500,-1.5885197051313085,0.4678219225631344,1.191614078653555,-0.32757600050189883,-0.331477239436141,0
1571236143750,-1.370849379410893,0.630400448320181,1.191614078653555,0.42743593203054353,-0.3375113342289344,0
1571236144000,-1.5014515748431423,0.5653690380173624,1.191614078653555,0.07585257776400801,-0.33549944577771934,0
1571236144250,-1.457917509699059,0.5653690380173624,1.191614078653555,-1.0801352226004393,-0.33549944577771934,0
1571236144500,-1.4143834445549759,0.5653690380173624,1.2265539829216165,0.7548304868454965,-0.33549944577771934,0
1571236144750,-1.4143834445549759,0.5978847431687717,1.2265539829216165,0.18055794042505469,-0.33549944577771934,0
1571236145000,-1.370849379410893,0.5653690380173624,1.2265539829216165,-1.1872932956953877,-0.33549944577771934,0
1571236145250,-1.5014515748431423,0.5653690380173624,1.191614078653555,0.6994330615280606,-0.33549944577771934,0
1571236145500,-1.4143834445549759,0.5653690380173624,1.2265539829216165,0.24593535992181484,-0.3334891278873561,0
1571236145750,-1.4143834445549759,0.5978847431687717,1.191614078653555,-1.163104496243805,-0.3334891278873561,0
1571236146000,-1.5014515748431423,0.532853332865953,1.191614078653555,0.5285045171516669,-0.33549944577771934,0
1571236146250,-1.5014515748431423,0.5653690380173624,1.191614078653555,0.17539879089167515,-0.331477239436141,0
1571236146500,-1.457917509699059,0.532853332865953,1.191614078653555,-1.2705162980043296,-0.33549944577771934,0
1571236146750,-1.370849379410893,0.5978847431687717,1.2265539829216165,0.6732990089737283,-0.3334891278873561,0
1571236147000,-1.457917509699059,0.5978847431687717,1.191614078653555,0.17066252246758906,-0.33549944577771934,0
1571236147250,-1.6320537702753917,0.6629161534715904,1.1217342701174318,-1.1293585837221916,-0.3334891278873561,0
1571236147500,-1.2402471839786433,0.5653690380173624,1.2614938871896781,0.4462964295050293,-0.3375113342289344,0
1571236147750,-1.4143834445549759,0.532853332865953,1.191614078653555,-0.08890190241670191,-0.33549944577771934,0
1571236148000,-1.457917509699059,0.532853332865953,1.191614078653555,-0.8933909247364723,-0.33549944577771934,0
1571236148250,-1.370849379410893,0.5653690380173624,1.2265539829216165,0.41737136162936056,-0.33549944577771934,0
1571236148500,-1.457917509699059,0.5653690380173624,1.191614078653555,-0.030967190443505672,-0.33549944577771934,0
1571236148750,-1.370849379410893,0.532853332865953,1.2265539829216165,0.48663928733162,-0.33549944577771934,0
1571236149000,-1.457917509699059,0.532853332865953,1.191614078653555,-0.27302433740304977,-0.331477239436141,0
1571236149250,-1.3273153142668097,0.532853332865953,1.2614938871896781,-0.4594303303795819,-0.3334891278873561,0
1571236149500,-1.370849379410893,0.5978847431687717,1.191614078653555,0.4232071209376095,-0.3334891278873561,0
1571236149750,-1.370849379410893,0.5978847431687717,1.191614078653555,-0.033589053321124766,-0.33549944577771934,0
1571236150000,-1.4143834445549759,0.5978847431687717,1.191614078653555,-0.49275336179190216,-0.331477239436141,0
1571236150250,-1.4143834445549759,0.5653690380173624,1.191614078653555,0.24898010390872732,-0.33549944577771934,0
1571236150500,-1.457917509699059,0.5653690380173624,1.191614078653555,-0.9699324055185784,-0.33549944577771934,0
1571236150750,-1.4143834445549759,0.5653690380173624,1.191614078653555,0.9467339342428428,-0.33549944577771934,0
1571236151000,-1.4143834445549759,0.5653690380173624,1.191614078653555,-0.19935844816413886,-0.33549944577771934,0
1571236151250,-1.2402471839786433,0.5653690380173624,1.2265539829216165,0.4046849283505584,-0.3334891278873561,0
1571236151500,-1.457917509699059,0.5653690380173624,1.191614078653555,0.13640915261482336,-0.33549944577771934,0
1571236151750,-1.4143834445549759,0.5653690380173624,1.191614078653555,-0.9687483384125569,-0.33549944577771934,0
1571236152000,-1.457917509699059,0.5653690380173624,1.191614078653555,0.7363082942584454,-0.33549944577771934,0
1571236152250,-1.4143834445549759,0.532853332865953,1.191614078653555,-0.10040426858948248,-0.331477239436141,0
1571236152500,-1.4143834445549759,0.5653690380173624,1.191614078653555,0.1585681227417977,-0.33549944577771934,0
1571236152750,-1.4143834445549759,0.5653690380173624,1.191614078653555,0.26691026294276765,-0.3334891278873561,0
1571236153000,-1.4143834445549759,0.5653690380173624,1.191614078653555,-0.704109340216745,-0.3375113342289344,0
1571236153250,-1.4143834445549759,0.5653690380173624,1.191614078653555,0.8965802346806453,-0.3334891278873561,0
1571236153500,-1.370849379410893,0.5653690380173624,1.191614078653555,0.01850989934382252,-0.33549944577771934,0
1571236153750,-1.457917509699059,0.5653690380173624,1.191614078653555,-0.768218116385625,-0.3334891278873561,0
1571236154000,-1.370849379410893,0.5978847431687717,1.191614078653555,0.47082353384404674,-0.33549944577771934,0
1571236154250,-1.5014515748431423,0.5653690380173624,1.1566741743854934,-0.4544403332899198,-0.33549944577771934,0
1571236154500,-1.370849379410893,0.5653690380173624,1.191614078653555,0.5232607913964287,-0.331477239436141,0
1571236154750,-1.370849379410893,0.5653690380173624,1.191614078653555,0.10570798408012229,-0.33549944577771934,0
1571236155000,-1.3273153142668097,0.5978847431687717,1.2265539829216165,-0.68584087629527,-0.33549944577771934,0
1571236155250,-1.4143834445549759,0.5978847431687717,1.191614078653555,0.8323868822899066,-0.33549944577771934,0
1571236155500,-1.4143834445549759,0.5653690380173624,1.191614078653555,0.12854356398196606,-0.33549944577771934,0
1571236155750,-1.4143834445549759,0.5653690380173624,1.191614078653555,-1.208352774938199,-0.3375113342289344,0
1571236156000,-1.4143834445549759,0.5653690380173624,1.191614078653555,0.6831098507093352,-0.33549944577771934,0
1571236156250,-1.4143834445549759,0.5653690380173624,1.191614078653555,-0.018280757164703572,-0.33549944577771934,0
1571236156500,-1.370849379410893,0.5653690380173624,1.191614078653555,-0.5863792393894616,-0.33549944577771934,0
1571236156750,-1.4143834445549759,0.5653690380173624,1.191614078653555,0.2562536589885739,-0.3375113342289344,0
1571236157000,-1.4143834445549759,0.532853332865953,1.191614078653555,-0.473977440539275,-0.3334891278873561,0
1571236157250,-1.4143834445549759,0.5653690380173624,1.191614078653555,0.7933126677911961,-0.33549944577771934,0
1571236157500,-1.4143834445549759,0.532853332865953,1.191614078653555,0.2189555451488957,-0.33549944577771934,0
1571236157750,-1.370849379410893,0.5653690380173624,1.191614078653555,-0.770078793266516,-0.3375113342289344,0
1571236158000,-1.4143834445549759,0.5653690380173624,1.191614078653555,1.1007472342475002,-0.3375113342289344,0
1571236158250,-1.4143834445549759,0.5653690380173624,1.191614078653555,0.23840807617639226,-0.331477239436141,0
1571236158500,-1.4143834445549759,0.5653690380173624,1.191614078653555,-1.2212083606607187,-0.33549944577771934,0
1571236158750,-1.4143834445549759,0.5653690380173624,1.191614078653555,0.7659945481308422,-0.3334891278873561,0
1571236159000,-1.4143834445549759,0.532853332865953,1.191614078653555,0.010390582045389174,-0.33549944577771934,0
1571236159250,-1.370849379410893,0.5653690380173624,1.191614078653555,-0.8644658568608037,-0.3334891278873561,0
1571236159500,-1.4143834445549759,0.5653690380173624,1.191614078653555,0.42447576426548966,-0.33549944577771934,0
1571236159750,-1.457917509699059,0.532853332865953,1.191614078653555,-0.3035563534940335,-0.3334891278873561,0
1571236160000,-1.4143834445549759,0.5653690380173624,1.191614078653555,0.533240785575753,-0.3334891278873561,0
1571236160250,-1.4143834445549759,0.5653690380173624,1.191614078653555,0.08143460840668094,-0.32946535098492585,0
1571236160500,-1.4143834445549759,0.5653690380173624,1.191614078653555,-0.7913074249530448,-0.331477239436141,0
1571236160750,-1.457917509699059,0.5653690380173624,1.191614078653555,0.9649178219424592,-0.3334891278873561,0
1571236161000,-1.370849379410893,0.5653690380173624,1.191614078653555,0.18157285508735885,-0.331477239436141,0
1571236161250,-1.4143834445549759,0.532853332865953,1.191614078653555,-1.210551756706525,-0.3334891278873561,0
1571236161500,-1.3273153142668097,0.5653690380173624,1.2265539829216165,0.6738064663048804,-0.3334891278873561,0
1571236161750,-1.4143834445549759,0.5653690380173624,1.191614078653555,-0.05067345013657827,-0.3334891278873561,0
1571236162000,-1.4143834445549759,0.5653690380173624,1.191614078653555,-0.4225550976491972,-0.331477239436141,0
1571236162250,-1.4143834445549759,0.5653690380173624,1.191614078653555,0.33203395377395173,-0.3334891278873561,0
1571236162500,-1.370849379410893,0.532853332865953,1.191614078653555,-0.5392702838141765,-0.3334891278873561,0
1571236162750,-1.370849379410893,0.5653690380173624,1.2265539829216165,0.6276278491700407,-0.3334891278873561,0
1571236163000,-1.4143834445549759,0.532853332865953,1.191614078653555,0.19248318770712866,-0.331477239436141,0
1571236163250,-1.4143834445549759,0.532853332865953,1.191614078653555,-0.838923837859482,-0.32946535098492585,0
1571236163500,-1.4143834445549759,0.532853332865953,1.191614078653555,1.0101661006368534,-0.3334891278873561,0
1571236163750,-1.4143834445549759,0.5653690380173624,1.191614078653555,0.10511595052711152,-0.331477239436141,0
1571236164000,-1.4143834445549759,0.532853332865953,1.191614078653555,-1.0918067412169372,-0.3334891278873561,0
1571236164250,-1.4143834445549759,0.5653690380173624,1.191614078653555,0.5262209591614825,-0.331477239436141,0
1571236164500,-1.4143834445549759,0.532853332865953,1.191614078653555,-0.23301978446389376,-0.3334891278873561,0
1571236164750,-1.4143834445549759,0.532853332865953,1.191614078653555,0.053270726527740266,-0.3334891278873561,0
1571236165000,-1.4143834445549759,0.5653690380173624,1.191614078653555,0.26597992450232216,-0.3334891278873561,0
1571236165250,-1.4143834445549759,0.5653690380173624,1.191614078653555,-0.4722013398802427,-0.32946535098492585,0
1571236165500,-1.4143834445549759,0.5653690380173624,1.191614078653555,0.7098359368166782,-0.3274550330945626,0
1571236165750,-1.4143834445549759,0.5653690380173624,1.191614078653555,0.2705470404826909,-0.3334891278873561,0
1571236166000,-1.4143834445549759,0.532853332865953,1.191614078653555,-0.5478124822219032,-0.331477239436141,0
1571236166250,-1.4143834445549759,0.5653690380173624,1.191614078653555,0.7325023642748048,-0.331477239436141,0
1571236166500,-1.4143834445549759,0.5653690380173624,1.191614078653555,0.26792517760507184,-0.331477239436141,0
1571236166750,-1.4143834445549759,0.5653690380173624,1.191614078653555,-0.521932158333147,-0.33549944577771934,0
1571236167000,-1.4143834445549759,0.5653690380173624,1.191614078653555,0.7175323730058183,-0.331477239436141,0
1571236167250,-1.4143834445549759,0.5653690380173624,1.191614078653555,0.18520963262728213,-0.331477239436141,0
1571236167500,-1.4143834445549759,0.5653690380173624,1.191614078653555,-0.546543838894023,-0.3334891278873561,0
1571236167750,-1.4143834445549759,0.5653690380173624,1.191614078653555,0.8536155139764354,-0.3334891278873561,0
1571236168000,-1.4143834445549759,0.532853332865953,1.191614078653555,0.2140501242810922,-0.331477239436141,0
1571236168250,-1.4143834445549759,0.532853332865953,1.191614078653555,-0.6288365027625193,-0.32946535098492585,0
1571236168500,-1.370849379410893,0.532853332865953,1.191614078653555,0.8410982331413508,-0.3334891278873561,0
1571236168750,-1.4143834445549759,0.532853332865953,1.191614078653555,0.22792062466591587,-0.331477239436141,0
1571236169000,-1.4143834445549759,0.532853332865953,1.191614078653555,-0.6306971796434103,-0.3334891278873561,0
1571236169250,-1.4143834445549759,0.532853332865953,1.191614078653555,0.95781341930633,-0.331477239436141,0
1571236169500,-1.4143834445549759,0.5653690380173624,1.191614078653555,0.1572994794139175,-0.3334891278873561,0
1571236169750,-1.4143834445549759,0.5653690380173624,1.191614078653555,-0.874445851040128,-0.3334891278873561,0
1571236170000,-1.370849379410893,0.5653690380173624,1.191614078653555,0.8629188983808903,-0.3334891278873561,0
1571236170250,-1.370849379410893,0.5653690380173624,1.191614078653555,0.03872361636804719,-0.32946535098492585,0
1571236170500,-1.4143834445549759,0.5653690380173624,1.2265539829216165,-1.098234534078197,-0.33549944577771934,0
1571236170750,-1.2402471839786433,0.5003376277145437,1.2614938871896781,0.5274050262675041,-0.331477239436141,0
1571236171000,-1.5014515748431423,0.5653690380173624,1.191614078653555,-0.2742084045090713,-0.331477239436141,0
1571236171250,-1.4143834445549759,0.532853332865953,1.191614078653555,0.6472495326412546,-0.331477239436141,0
1571236171500,-1.370849379410893,0.5653690380173624,1.191614078653555,0.12820525909453134,-0.331477239436141,0
1571236171750,-1.4143834445549759,0.532853332865953,1.191614078653555,-0.8320731638889288,-0.3334891278873561,0
1571236172000,-1.4143834445549759,0.5653690380173624,1.2265539829216165,1.0059372895439194,-0.331477239436141,0
1571236172250,-1.1967131188345603,0.5653690380173624,1.2265539829216165,0.04345988479213331,-0.331477239436141,0
1571236172500,-1.2837812491227265,0.5653690380173624,1.191614078653555,-0.9027788853627858,-0.331477239436141,0
1571236172750,-1.5014515748431423,0.532853332865953,1.1566741743854934,0.30750684943493434,-0.331477239436141,0
1571236173000,-1.457917509699059,0.5653690380173624,1.191614078653555,-0.39726680731345165,-0.331477239436141,0
1571236173250,-1.4143834445549759,0.532853332865953,1.191614078653555,1.0801106361139823,-0.331477239436141,0
1571236173500,-1.457917509699059,0.5653690380173624,1.191614078653555,-0.15123457792654957,-0.331477239436141,0
1571236173750,-1.370849379410893,0.532853332865953,1.2265539829216165,-0.6214783714608141,-0.331477239436141,0
1571236174000,-1.4143834445549759,0.5978847431687717,1.191614078653555,0.28695482752327495,-0.3334891278873561,0
1571236174250,-1.1967131188345603,0.5978847431687717,1.191614078653555,-0.5658272174778022,-0.32946535098492585,0
1571236174500,-1.1967131188345603,0.5978847431687717,1.191614078653555,0.8792421091996157,-0.32946535098492585,0
1571236174750,-1.1967131188345603,0.5653690380173624,1.1566741743854934,-0.10480223212613389,-0.331477239436141,0
1571236175000,-1.2402471839786433,0.5978847431687717,1.1566741743854934,-0.5630362021564658,-0.33549944577771934,0
1571236175250,-1.2402471839786433,0.5653690380173624,1.2265539829216165,0.4775050553708825,-0.331477239436141,0
1571236175500,-1.4143834445549759,0.5003376277145437,1.191614078653555,-0.3742620749678905,-0.3334891278873561,0
1571236175750,-1.2837812491227265,0.5653690380173624,1.2265539829216165,0.891082780259831,-0.331477239436141,0
1571236176000,-1.4143834445549759,0.532853332865953,1.191614078653555,0.0623203822666191,-0.331477239436141,0
1571236176250,-1.3273153142668097,0.5003376277145437,1.191614078653555,-1.2708546028917642,-0.3274550330945626,0
1571236176500,-1.370849379410893,0.532853332865953,1.191614078653555,0.8132726561498448,-0.3274550330945626,0
1571236176750,-1.4143834445549759,0.532853332865953,1.191614078653555,-0.2820739931419286,-0.331477239436141,0
1571236177000,-1.3273153142668097,0.532853332865953,1.191614078653555,0.7064528879423311,-0.32946535098492585,0
1571236177250,-1.370849379410893,0.532853332865953,1.191614078653555,-0.1793984598054902,-0.331477239436141,0
1571236177500,-1.370849379410893,0.532853332865953,1.191614078653555,-1.4714694011405547,-0.32946535098492585,0
1571236177750,-1.370849379410893,0.5653690380173624,1.191614078653555,0.75203947152416,-0.3334891278873561,0
1571236178000,-1.3273153142668097,0.532853332865953,1.2265539829216165,-0.28748687134088413,-0.331477239436141,0
1571236178250,-1.3273153142668097,0.5653690380173624,1.2265539829216165,0.8112428268252364,-0.331477239436141,0
1571236178500,-1.2402471839786433,0.5003376277145437,1.2265539829216165,0.09082256903299449,-0.331477239436141,0
1571236178750,-1.3273153142668097,0.5003376277145437,1.2265539829216165,-1.1839102468210405,-0.331477239436141,0
1571236179000,-1.370849379410893,0.532853332865953,1.191614078653555,0.7771586094161882,-0.331477239436141,0
1571236179250,-1.3273153142668097,0.532853332865953,1.191614078653555,-0.4540174521806264,-0.3274550330945626,0
1571236179500,-1.4143834445549759,0.532853332865953,1.191614078653555,0.6222995471929438,-0.331477239436141,0
1571236179750,-1.370849379410893,0.5003376277145437,1.191614078653555,-0.041370065732123394,-0.32946535098492585,0
1571236180000,-1.3273153142668097,0.532853332865953,1.191614078653555,-1.083433695252928,-0.331477239436141,0
1571236180250,-1.370849379410893,0.532853332865953,1.191614078653555,0.9433508853684955,-0.3274550330945626,0
1571236180500,-1.2837812491227265,0.532853332865953,1.191614078653555,-0.33146650670739813,-0.331477239436141,0
1571236180750,-1.370849379410893,0.532853332865953,1.191614078653555,-0.058285310103859525,-0.32946535098492585,0
1571236181000,-1.4143834445549759,0.5003376277145437,1.191614078653555,0.33541700264829893,-0.331477239436141,0
1571236181250,-1.3273153142668097,0.5653690380173624,1.191614078653555,-0.6250305727788786,-0.331477239436141,0
1571236181500,-1.370849379410893,0.532853332865953,1.191614078653555,1.1986019229379938,-0.331477239436141,0
1571236181750,-1.370849379410893,0.532853332865953,1.191614078653555,-0.0020421225678368834,-0.331477239436141,0
1571236182000,-1.3273153142668097,0.532853332865953,1.191614078653555,-1.3608437029494003,-0.32946535098492585,0
1571236182250,-1.370849379410893,0.532853332865953,1.191614078653555,0.8313719676276025,-0.3274550330945626,0
1571236182500,-1.370849379410893,0.532853332865953,1.191614078653555,-0.10387189368568839,-0.32946535098492585,0
1571236182750,-1.3273153142668097,0.532853332865953,1.2265539829216165,-0.1585081330063961,-0.331477239436141,0
1571236183000,-1.370849379410893,0.532853332865953,1.191614078653555,0.2465273934748256,-0.32946535098492585,0
1571236183250,-1.4143834445549759,0.532853332865953,1.1566741743854934,-0.5986427915589703,-0.331477239436141,0
1571236183500,-1.3273153142668097,0.5003376277145437,1.191614078653555,1.1215529848247359,-0.32946535098492585,0
1571236183750,-1.370849379410893,0.5003376277145437,1.191614078653555,0.11365814893483826,-0.331477239436141,0
1571236184000,-1.3273153142668097,0.5653690380173624,1.191614078653555,-1.3001179756548678,-0.331477239436141,0
1571236184250,-1.4143834445549759,0.5653690380173624,1.191614078653555,0.9168785279267285,-0.331477239436141,0
1571236184500,-1.3273153142668097,0.5003376277145437,1.2265539829216165,0.176498281775838,-0.32946535098492585,0
1571236184750,-1.3273153142668097,0.5003376277145437,1.2265539829216165,-1.279396801299491,-0.331477239436141,0
1571236185000,-1.3273153142668097,0.532853332865953,1.191614078653555,0.6213692087524983,-0.331477239436141,0
1571236185250,-1.3273153142668097,0.5653690380173624,1.2265539829216165,-0.41688849078466556,-0.33549944577771934,0
1571236185500,-1.370849379410893,0.5653690380173624,1.191614078653555,0.4248140691529244,-0.331477239436141,0
1571236185750,-1.3273153142668097,0.532853332865953,1.191614078653555,0.1666028638183724,-0.331477239436141,0
1571236186000,-1.370849379410893,0.5653690380173624,1.191614078653555,-0.7688947261604944,-0.3334891278873561,0
1571236186250,-1.3273153142668097,0.532853332865953,1.191614078653555,1.0638720015171155,-0.32946535098492585,0
1571236186500,-1.4143834445549759,0.5003376277145437,1.191614078653555,0.21819435915216756,-0.331477239436141,0
1571236186750,-1.4143834445549759,0.532853332865953,1.191614078653555,-1.347480659895729,-0.331477239436141,0
1571236187000,-1.2837812491227265,0.5003376277145437,1.2265539829216165,0.669154774102653,-0.3334891278873561,0
1571236187250,-1.2402471839786433,0.4678219225631344,1.2265539829216165,-0.18540337155745656,-0.331477239436141,0
1571236187500,-1.370849379410893,0.532853332865953,1.191614078653555,-0.10843900966605716,-0.331477239436141,0
1571236187750,-1.4143834445549759,0.5653690380173624,1.191614078653555,0.15662286963904806,-0.331477239436141,0
1571236188000,-1.1531790536904771,0.5653690380173624,1.2614938871896781,-0.687447824510585,-0.331477239436141,0
1571236188250,-1.370849379410893,0.5003376277145437,1.191614078653555,1.1442194122828622,-0.331477239436141,0
1571236188500,-1.370849379410893,0.532853332865953,1.191614078653555,0.0048931276245749306,-0.331477239436141,0
1571236188750,-1.370849379410893,0.5653690380173624,1.191614078653555,-1.5133346309606015,-0.331477239436141,0
1571236189000,-1.370849379410893,0.532853332865953,1.191614078653555,0.9949423807022909,-0.32946535098492585,0
1571236189250,-1.4143834445549759,0.532853332865953,1.191614078653555,-0.2556862119220202,-0.331477239436141,0
1571236189500,-1.3273153142668097,0.5653690380173624,1.191614078653555,0.19222945904155259,-0.32946535098492585,0
1571236189750,-1.370849379410893,0.532853332865953,1.191614078653555,0.18816980039233594,-0.331477239436141,0
1571236190000,-1.3273153142668097,0.532853332865953,1.191614078653555,-0.7467357560335202,-0.3334891278873561,0
1571236190250,-1.370849379410893,0.532853332865953,1.191614078653555,0.9598432486309383,-0.32946535098492585,0
1571236190500,-1.370849379410893,0.532853332865953,1.191614078653555,0.14038423504218137,-0.32946535098492585,0
1571236190750,-1.370849379410893,0.532853332865953,1.191614078653555,-1.0024096747123117,-0.3334891278873561,0
1571236191000,-1.3273153142668097,0.5653690380173624,1.191614078653555,0.7270894860758492,-0.3334891278873561,0
1571236191250,-1.370849379410893,0.5653690380173624,1.191614078653555,-0.2855416182381345,-0.32946535098492585,0
1571236191500,-1.370849379410893,0.532853332865953,1.191614078653555,0.37863545201808474,-0.331477239436141,0
1571236191750,-1.370849379410893,0.532853332865953,1.191614078653555,0.09496680390406985,-0.331477239436141,0
1571236192000,-1.370849379410893,0.532853332865953,1.191614078653555,-0.8876397416500821,-0.331477239436141,0
1571236192250,-1.370849379410893,0.532853332865953,1.191614078653555,0.9948578044804322,-0.3274550330945626,0
1571236192500,-1.370849379410893,0.532853332865953,1.191614078653555,-0.043146166391155684,-0.331477239436141,0
1571236192750,-1.370849379410893,0.532853332865953,1.191614078653555,-0.6723086807978811,-0.32946535098492585,0
1571236193000,-1.370849379410893,0.532853332865953,1.191614078653555,0.299387532136501,-0.331477239436141,0
1571236193250,-1.370849379410893,0.532853332865953,1.191614078653555,-0.5809663611905059,-0.32946535098492585,0
1571236193500,-1.370849379410893,0.532853332865953,1.191614078653555,0.9589974864123516,-0.331477239436141,0
1571236193750,-1.370849379410893,0.532853332865953,1.191614078653555,0.007176685614759309,-0.32946535098492585,0
1571236194000,-1.370849379410893,0.532853332865953,1.191614078653555,-1.1849251614833447,-0.331477239436141,0
1571236194250,-1.370849379410893,0.532853332865953,1.191614078653555,0.6746522285234672,-0.331477239436141,0
1571236194500,-1.370849379410893,0.532853332865953,1.191614078653555,-0.33298887870085436,-0.331477239436141,0
1571236194750,-1.370849379410893,0.532853332865953,1.191614078653555,0.6709308747616852,-0.331477239436141,0
1571236195000,-1.370849379410893,0.532853332865953,1.191614078653555,0.026967521529690584,-0.331477239436141,0
1571236195250,-1.370849379410893,0.532853332865953,1.191614078653555,-1.016111022653418,-0.331477239436141,0
1571236195500,-1.370849379410893,0.532853332865953,1.191614078653555,1.0105044055242882,-0.32946535098492585,0
1571236195750,-1.370849379410893,0.532853332865953,1.191614078653555,-0.0142210985154869,-0.32946535098492585,0
1571236196000,-1.370849379410893,0.532853332865953,1.191614078653555,-0.8572768780028157,-0.32946535098492585,0
1571236196250,-1.370849379410893,0.532853332865953,1.191614078653555,0.5123504587766589,-0.32946535098492585,0
1571236196500,-1.370849379410893,0.532853332865953,1.191614078653555,-0.41291340835730755,-0.32946535098492585,0
1571236196750,-1.370849379410893,0.532853332865953,1.191614078653555,0.7954270733376632,-0.32946535098492585,0
1571236197000,-1.370849379410893,0.532853332865953,1.191614078653555,0.13251864640932406,-0.32946535098492585,0
1571236197250,-1.370849379410893,0.532853332865953,1.191614078653555,-0.8459436642737524,-0.32946535098492585,0
1571236197500,-1.370849379410893,0.532853332865953,1.191614078653555,1.030633546326654,-0.3274550330945626,0
1571236197750,-1.370849379410893,0.532853332865953,1.191614078653555,0.07788240708861635,-0.331477239436141,0
1571236198000,-1.3273153142668097,0.532853332865953,1.191614078653555,-1.3330181259578944,-0.3274550330945626,0
1571236198250,-1.370849379410893,0.5003376277145437,1.191614078653555,0.7150796625719165,-0.32946535098492585,0
1571236198500,-2.02386035657214,0.6629161534715904,0.9819746530451854,-0.25703943147175906,-0.33549944577771934,0
1571236198750,-1.6320537702753917,0.8254946792286371,0.3879962804881381,-0.02107177248604003,-0.3234312561921323,0
1571236199000,-1.5449856399872253,0.7929789740772277,1.4012535042619247,0.18681658084259706,-0.3173971613993388,0
1571236199250,0.45758135664059896,1.0531046152885024,1.1566741743854934,-0.8626051799799126,-0.3375113342289344,0
1571236199500,0.3705132263524327,1.4432930771054147,1.1217342701174318,0.7845167407178933,-0.3576255070585301,0
1571236199750,-0.5437021416733132,1.4432930771054147,0.8072751317048774,1.7755809084579135,-0.3978554232785731,0
1571236200000,0.7187857475050978,0.7604632689258184,1.4012535042619247,-0.16586626430810134,-0.3475692059241582,0
1571236200250,-2.9816097897419684,0.5003376277145437,0.9470347487771238,1.1499705953692523,-0.3576255070585301,0
1571236200500,-1.8061900308517242,0.8254946792286371,1.0518544615813086,-0.4544403332899198,-0.3556151891681668,0
1571236200750,-0.3260318159528975,0.5978847431687717,0.9470347487771238,-2.7249735853080606,-0.35159141226573665,0
1571236201000,-0.8484405976818952,0.43530621741172504,1.6807727384064175,0.08955392570511428,-0.34354542902172797,0
1571236201250,-0.9355087279700615,0.6629161534715904,1.1566741743854934,-0.12340900093504363,-0.3395232226801496,0
1571236201500,-0.8484405976818952,0.5978847431687717,1.191614078653555,1.50975784315608,-0.3415351111313647,0
1571236201750,-1.3273153142668097,0.6954318586229997,0.8771549402410006,2.51748352660226,-0.3415351111313647,0
1571236202000,-0.9790427931141445,0.630400448320181,1.2614938871896781,-1.598249157706717,-0.34354542902172797,0
1571236202250,-0.9790427931141445,0.6629161534715904,1.0867943658493702,-1.0034245893746159,-0.3395232226801496,0
1571236202500,-0.8919746628259783,0.630400448320181,1.191614078653555,-0.5002806455373247,-0.34354542902172797,0
1571236202750,-0.8919746628259783,0.630400448320181,1.1566741743854934,0.2706316167045496,-0.3395232226801496,0
1571236203000,-0.8919746628259783,0.6629161534715904,1.1566741743854934,0.35283970435118717,-0.3415351111313647,0
1571236203250,-0.8919746628259783,0.630400448320181,1.1566741743854934,-0.7105371330780048,-0.3415351111313647,0
1571236203500,-0.8919746628259783,0.630400448320181,1.1566741743854934,0.7374923613644669,-0.3415351111313647,0
1571236203750,-0.8919746628259783,0.630400448320181,1.1566741743854934,-0.3156507532198248,-0.3395232226801496,0
1571236204000,-0.8919746628259783,0.630400448320181,1.1566741743854934,0.9456344433586801,-0.3395232226801496,0
1571236204250,-0.8919746628259783,0.630400448320181,1.1566741743854934,-0.04847446836825257,-0.3395232226801496,0
1571236204500,-0.8919746628259783,0.630400448320181,1.191614078653555,-0.26591993476692055,-0.3395232226801496,0
1571236204750,-0.8919746628259783,0.630400448320181,1.1566741743854934,0.2930443154970999,-0.3395232226801496,0
1571236205000,-0.8919746628259783,0.630400448320181,1.1566741743854934,-0.6338264998521814,-0.3395232226801496,0
1571236205250,-0.8919746628259783,0.630400448320181,1.1566741743854934,0.9218685250163907,-0.3395232226801496,0
1571236205500,-0.8919746628259783,0.630400448320181,1.1566741743854934,0.1153496733720119,-0.3395232226801496,0
1571236205750,-0.8919746628259783,0.630400448320181,1.1566741743854934,-1.1152343546717918,-0.3395232226801496,0
1571236206000,-0.8919746628259783,0.630400448320181,1.1566741743854934,0.6165483641065534,-0.3395232226801496,0
1571236206250,-0.9355087279700615,0.5653690380173624,1.191614078653555,-0.14345356551555094,-0.3395232226801496,0
1571236206500,-0.9355087279700615,0.630400448320181,1.1217342701174318,-0.47034066299935173,-0.3395232226801496,0
1571236206750,-0.9355087279700615,0.5978847431687717,1.191614078653555,0.3447203870527538,-0.3375113342289344,0
1571236207000,-0.9790427931141445,0.5978847431687717,1.1566741743854934,-0.31717312521328106,-0.3395232226801496,0
1571236207250,-0.8919746628259783,0.6629161534715904,1.1217342701174318,0.0789818979727792,-0.3395232226801496,0
1571236207500,-0.8484405976818952,0.7604632689258184,1.1566741743854934,0.23485587485832768,-0.3395232226801496,0
1571236207750,-1.5014515748431423,0.630400448320181,1.191614078653555,-0.38914749001501836,-0.3375113342289344,0
1571236208000,-0.6743043371055626,0.43530621741172504,1.2265539829216165,0.2851787268642426,-0.3395232226801496,0
1571236208250,-1.457917509699059,0.5003376277145437,1.2265539829216165,-0.073255301372846,-0.3375113342289344,0
1571236208500,-1.370849379410893,0.5003376277145437,1.191614078653555,-0.7320194934301096,-0.33549944577771934,0
1571236208750,-1.3273153142668097,0.4678219225631344,1.2265539829216165,1.3367148932332193,-0.3375113342289344,0
1571236209000,-1.370849379410893,0.5003376277145437,1.2265539829216165,0.794412158675359,-0.33549944577771934,0
1571236209250,-1.4143834445549759,0.4678219225631344,1.191614078653555,-0.9991112020598232,-0.3375113342289344,0
1571236209500,-1.370849379410893,0.5003376277145437,1.191614078653555,0.16964760780528487,-0.3334891278873561,0
1571236209750,-1.370849379410893,0.5003376277145437,1.191614078653555,0.0784744406416271,-0.3375113342289344,0
1571236210000,-1.370849379410893,0.4678219225631344,1.191614078653555,0.5288428220391016,-0.33549944577771934,0
1571236210250,-1.370849379410893,0.4678219225631344,1.191614078653555,-1.1496568769682747,-0.3375113342289344,0
1571236210500,-1.370849379410893,0.4678219225631344,1.191614078653555,-0.667064955042643,-0.33549944577771934,0
1571236210750,-1.4143834445549759,0.4678219225631344,1.191614078653555,-0.20866183256859375,-0.3375113342289344,0
1571236211000,-1.370849379410893,0.4678219225631344,1.2265539829216165,-2.2303718398784964,-0.33549944577771934,0
1571236211250,-1.370849379410893,0.4678219225631344,1.2265539829216165,1.5885828819283705,-0.33549944577771934,0
1571236211500,-1.370849379410893,0.43530621741172504,1.191614078653555,1.2355617318902372,-0.3334891278873561,0
1571236211750,-1.3273153142668097,0.4678219225631344,1.2265539829216165,0.7750442038697212,-0.3375113342289344,0
1571236212000,-1.370849379410893,0.4678219225631344,1.191614078653555,0.0627432633759125,-0.33549944577771934,0
1571236212250,-1.370849379410893,0.4678219225631344,1.191614078653555,-1.3689630202478338,-0.33549944577771934,0
1571236212500,-1.370849379410893,0.4678219225631344,1.191614078653555,-0.19512963707120481,-0.33549944577771934,0
1571236212750,-1.370849379410893,0.4678219225631344,1.191614078653555,-1.1517712825147417,-0.33549944577771934,0
1571236213000,-1.370849379410893,0.5003376277145437,1.2265539829216165,-1.9857774062631919,-0.33549944577771934,0
1571236213250,-1.370849379410893,0.5003376277145437,1.191614078653555,1.8219286780364705,-0.32946535098492585,0
1571236213500,-1.4143834445549759,0.5003376277145437,1.191614078653555,0.5735836434023437,-0.33549944577771934,0
1571236213750,-1.370849379410893,0.4678219225631344,1.2265539829216165,1.151662119806426,-0.3334891278873561,0
1571236214000,-1.370849379410893,0.5003376277145437,1.191614078653555,0.5098131721208985,-0.33549944577771934,0
1571236214250,-1.3273153142668097,0.5003376277145437,1.191614078653555,-0.8297896058987445,-0.3334891278873561,0
1571236214500,-1.3273153142668097,0.5003376277145437,1.191614078653555,1.4567285520506872,-0.331477239436141,0
1571236214750,-1.3273153142668097,0.5003376277145437,1.191614078653555,0.192652340150846,-0.331477239436141,0
1571236215000,-1.3273153142668097,0.5003376277145437,1.191614078653555,-1.4226689211280958,-0.331477239436141,0
1571236215250,-1.3273153142668097,0.5003376277145437,1.191614078653555,0.6800651067224227,-0.3334891278873561,0
1571236215500,-1.3273153142668097,0.5003376277145437,1.191614078653555,-0.5222704632205817,-0.3334891278873561,0
1571236215750,-1.3273153142668097,0.5003376277145437,1.2265539829216165,0.36967037250106466,-0.3334891278873561,0
1571236216000,-1.370849379410893,0.5003376277145437,1.191614078653555,0.48021149447036027,-0.3334891278873561,0
1571236216250,-1.3273153142668097,0.5003376277145437,1.191614078653555,-0.5307280854064498,-0.32946535098492585,0
1571236216500,-1.3273153142668097,0.5003376277145437,1.2265539829216165,1.1933581971827558,-0.331477239436141,0
1571236216750,-1.3273153142668097,0.5003376277145437,1.191614078653555,0.3042929530043044,-0.3334891278873561,0
1571236217000,-1.370849379410893,0.5003376277145437,1.191614078653555,-1.1200551993177366,-0.331477239436141,0
1571236217250,-1.3273153142668097,0.5003376277145437,1.191614078653555,0.4155106847484695,-0.331477239436141,0
1571236217500,-1.370849379410893,0.5003376277145437,1.191614078653555,0.03940022614291664,-0.331477239436141,0
1571236217750,-1.3273153142668097,0.5003376277145437,1.191614078653555,-0.28613365179114525,-0.331477239436141,0
1571236218000,-1.3273153142668097,0.4678219225631344,1.191614078653555,0.24585078369995614,-0.331477239436141,0
1571236218250,-1.2837812491227265,0.5003376277145437,1.2265539829216165,-0.6978506997992027,-0.3334891278873561,0
1571236218500,-1.3273153142668097,0.5003376277145437,1.191614078653555,0.668901045437077,-0.331477239436141,0
1571236218750,-1.2837812491227265,0.5003376277145437,1.191614078653555,0.05555428451792465,-0.331477239436141,0
1571236219000,-1.2837812491227265,0.5003376277145437,1.2265539829216165,-0.9813501954695003,-0.331477239436141,0
1571236219250,-1.3273153142668097,0.5003376277145437,1.191614078653555,0.5425441699802079,-0.331477239436141,0
1571236219500,-1.3273153142668097,0.5003376277145437,1.191614078653555,-0.280382468704755,-0.331477239436141,0
1571236219750,-1.3273153142668097,0.5003376277145437,1.191614078653555,0.6061454888179358,-0.3334891278873561,0
1571236220000,-1.2837812491227265,0.5003376277145437,1.191614078653555,0.05783784250810902,-0.331477239436141,0
1571236220250,-1.3273153142668097,0.5003376277145437,1.191614078653555,-0.9481963165008974,-0.331477239436141,0
1571236220500,-1.3273153142668097,0.5003376277145437,1.191614078653555,0.8811027860805066,-0.32946535098492585,0
1571236220750,-1.3273153142668097,0.5003376277145437,1.2265539829216165,0.060628857829445486,-0.331477239436141,0
1571236221000,-1.2837812491227265,0.5003376277145437,1.2265539829216165,-0.6211400665733793,-0.32946535098492585,0
1571236221250,-1.2837812491227265,0.5003376277145437,1.2265539829216165,0.2688555160455173,-0.3274550330945626,0
1571236221500,-1.2837812491227265,0.5003376277145437,1.191614078653555,-0.5182953807932237,-0.32946535098492585,0
1571236221750,-1.2837812491227265,0.5003376277145437,1.191614078653555,0.7215074554331763,-0.32946535098492585,0
1571236222000,-1.2837812491227265,0.5003376277145437,1.2265539829216165,0.08261867551270247,-0.32946535098492585,0
1571236222250,-1.3273153142668097,0.5003376277145437,1.191614078653555,-1.1578607704885668,-0.3274550330945626,0
1571236222500,-1.3273153142668097,0.5003376277145437,1.191614078653555,0.7083981410450808,-0.331477239436141,0
1571236222750,-1.2837812491227265,0.5003376277145437,1.191614078653555,-0.054902261229512306,-0.32946535098492585,0
1571236223000,-1.2837812491227265,0.5003376277145437,1.191614078653555,-0.4830270962781538,-0.331477239436141,0
1571236223250,-1.2837812491227265,0.5003376277145437,1.191614078653555,0.39343629084335385,-0.3274550330945626,0
1571236223500,-1.2837812491227265,0.5003376277145437,1.191614078653555,-0.3038946583814682,-0.32946535098492585,0
1571236223750,-1.3273153142668097,0.5003376277145437,1.191614078653555,-0.2067165794658441,-0.331477239436141,0
1571236224000,-1.2837812491227265,0.5003376277145437,1.191614078653555,0.3371931033073312,-0.331477239436141,0
1571236224250,-1.3273153142668097,0.5003376277145437,1.191614078653555,-0.23707944311311044,-0.331477239436141,0
1571236224500,-1.3273153142668097,0.5003376277145437,1.191614078653555,-0.3585308977021759,-0.331477239436141,0
1571236224750,-1.3273153142668097,0.5003376277145437,1.191614078653555,0.41466492252988274,-0.3274550330945626,0
1571236225000,-1.2837812491227265,0.5003376277145437,1.2265539829216165,-0.31675024410398767,-0.331477239436141,0
1571236225250,-1.3273153142668097,0.4678219225631344,1.191614078653555,-0.4814201480628389,-0.32946535098492585,0
1571236225500,-1.3273153142668097,0.5003376277145437,1.191614078653555,0.2417065488288808,-0.331477239436141,0
1571236225750,-1.3273153142668097,0.5003376277145437,1.191614078653555,-0.35269513839392697,-0.3274550330945626,0
1571236226000,-1.3273153142668097,0.5003376277145437,1.191614078653555,0.13344898484976955,-0.32946535098492585,0
1571236226250,-1.3273153142668097,0.5003376277145437,1.191614078653555,0.4179633951823713,-0.32946535098492585,0
1571236226500,-1.3273153142668097,0.5003376277145437,1.191614078653555,-0.030375156890494904,-0.32946535098492585,0
1571236226750,-1.3273153142668097,0.5003376277145437,1.191614078653555,0.26344263784656174,-0.331477239436141,0
1571236227000,-1.3273153142668097,0.5003376277145437,1.2265539829216165,-0.10099630214249325,-0.32946535098492585,0
1571236227250,-1.3273153142668097,0.5003376277145437,1.191614078653555,-0.5495040066590767,-0.32946535098492585,0
1571236227500,-1.3273153142668097,0.5003376277145437,1.191614078653555,0.7445121877787374,-0.32946535098492585,0
1571236227750,-1.3273153142668097,0.5003376277145437,1.191614078653555,-0.19732861883953054,-0.3274550330945626,0
1571236228000,-1.3273153142668097,0.5003376277145437,1.191614078653555,-1.051041002281053,-0.3274550330945626,0
1571236228250,-1.3273153142668097,0.5003376277145437,1.191614078653555,0.48663928733162,-0.32946535098492585,0
1571236228500,-1.2837812491227265,0.5003376277145437,1.191614078653555,-0.2150050492079948,-0.3274550330945626,0
1571236228750,-1.3273153142668097,0.5003376277145437,1.191614078653555,0.9737137490157619,-0.3274550330945626,0
1571236229000,-1.3273153142668097,0.5003376277145437,1.191614078653555,0.11035967628234973,-0.3274550330945626,0
1571236229250,-1.3273153142668097,0.5003376277145437,1.191614078653555,-0.8034018246788361,-0.3274550330945626,0
1571236229500,-1.3273153142668097,0.5003376277145437,1.191614078653555,0.56292703944815,-0.3274550330945626,0
1571236229750,-1.3273153142668097,0.5003376277145437,1.2265539829216165,-0.26389010544231223,-0.32946535098492585,0
1571236230000,-1.2837812491227265,0.5003376277145437,1.191614078653555,0.8498095839927948,-0.32946535098492585,0
1571236230250,-1.2837812491227265,0.5003376277145437,1.191614078653555,0.19180657793225922,-0.3274550330945626,0
1571236230500,-1.3273153142668097,0.5003376277145437,1.191614078653555,-0.661229195734394,-0.3274550330945626,0
1571236230750,-1.3273153142668097,0.5003376277145437,1.191614078653555,0.9680471421512303,-0.32946535098492585,0
1571236231000,-1.3273153142668097,0.5003376277145437,1.191614078653555,0.17413014756379497,-0.3274550330945626,0
1571236231250,-1.3273153142668097,0.5003376277145437,1.191614078653555,-0.9509027556003753,-0.32946535098492585,0
1571236231500,-1.3273153142668097,0.5003376277145437,1.191614078653555,0.8807644811930719,-0.3274550330945626,0
1571236231750,-1.3273153142668097,0.5003376277145437,1.191614078653555,0.1768365866632727,-0.32946535098492585,0
1571236232000,-1.3273153142668097,0.5003376277145437,1.191614078653555,-1.1994722716430377,-0.32946535098492585,0
1571236232250,-1.2837812491227265,0.5003376277145437,1.191614078653555,0.6645030819004254,-0.32946535098492585,0
1571236232500,-1.2837812491227265,0.5003376277145437,1.191614078653555,0.03542514371555865,-0.3274550330945626,0
1571236232750,-1.3273153142668097,0.5003376277145437,1.191614078653555,-1.0082454340205609,-0.32946535098492585,0
1571236233000,-1.3273153142668097,0.5003376277145437,1.191614078653555,0.33152649644279963,-0.3274550330945626,0
1571236233250,-1.3273153142668097,0.5003376277145437,1.191614078653555,-0.23987045843444693,-0.32946535098492585,0
1571236233500,-1.2837812491227265,0.5003376277145437,1.191614078653555,-0.5005343742029007,-0.3274550330945626,0
1571236233750,-1.3273153142668097,0.5003376277145437,1.191614078653555,0.6138419250070758,-0.32946535098492585,0
1571236234000,-1.2837812491227265,0.5003376277145437,1.191614078653555,-0.270571626969148,-0.3274550330945626,0
1571236234250,-1.2837812491227265,0.4678219225631344,1.191614078653555,0.11729492647476153,-0.3274550330945626,0
1571236234500,-1.2837812491227265,0.4678219225631344,1.2265539829216165,0.0085299051644982,-0.3274550330945626,0
1571236234750,-1.2837812491227265,0.5003376277145437,1.191614078653555,-0.6545476742075582,-0.32946535098492585,0
1571236235000,-1.2837812491227265,0.5003376277145437,1.191614078653555,0.9121422595026424,-0.331477239436141,0
1571236235250,-1.3273153142668097,0.5003376277145437,1.191614078653555,0.13514050928694316,-0.3274550330945626,0
1571236235500,-1.4143834445549759,0.4678219225631344,1.191614078653555,-1.0147578031036792,-0.32946535098492585,0
1571236235750,-1.2402471839786433,0.4678219225631344,1.2265539829216165,1.0236982961342422,-0.32946535098492585,0
1571236236000,-1.2402471839786433,0.5003376277145437,1.191614078653555,0.2680943300487892,-0.3274550330945626,0
1571236236250,-1.1967131188345603,0.5003376277145437,1.191614078653555,-1.2826952739519795,-0.32946535098492585,0
1571236236500,-1.1531790536904771,0.5003376277145437,1.2265539829216165,0.21870181648331966,-0.3274550330945626,0
1571236236750,-1.1967131188345603,0.5003376277145437,1.2265539829216165,-0.28266602669493934,-0.331477239436141,0
1571236237000,-1.1967131188345603,0.5003376277145437,1.191614078653555,0.6184936172093032,-0.3254431446433475,0
1571236237250,-1.2837812491227265,0.5003376277145437,1.191614078653555,0.256761116319726,-0.32946535098492585,0
1571236237500,-1.370849379410893,0.4678219225631344,1.191614078653555,-0.4789674376289372,-0.32946535098492585,0
1571236237750,-1.2402471839786433,0.5003376277145437,1.191614078653555,1.3746050406259083,-0.331477239436141,0
1571236238000,-1.2402471839786433,0.5003376277145437,1.191614078653555,-0.3941374871046805,-0.32946535098492585,0
1571236238250,-1.2837812491227265,0.5003376277145437,1.191614078653555,-1.35187862343238,-0.331477239436141,0
1571236238500,-1.2402471839786433,0.5003376277145437,1.2265539829216165,0.7704770878893523,-0.32946535098492585,0
1571236238750,-1.2837812491227265,0.5003376277145437,1.191614078653555,0.252786033892368,-0.32946535098492585,0
1571236239000,-1.2837812491227265,0.5003376277145437,1.2265539829216165,-0.46365914147251597,-0.32946535098492585,0
1571236239250,-1.2837812491227265,0.5003376277145437,1.191614078653555,0.3557152958943823,-0.3274550330945626,0
1571236239500,-1.2837812491227265,0.5003376277145437,1.191614078653555,-0.21382098210197326,-0.32946535098492585,0
1571236239750,-1.2837812491227265,0.5003376277145437,1.191614078653555,0.40257052280409145,-0.3274550330945626,0
1571236240000,-1.2837812491227265,0.5003376277145437,1.2265539829216165,-0.11512053119289292,-0.32946535098492585,0
1571236240250,-1.2837812491227265,0.5003376277145437,1.2265539829216165,-0.8649733141919557,-0.32946535098492585,0
1571236240500,-1.2837812491227265,0.5003376277145437,1.2265539829216165,0.947241391573995,-0.32946535098492585,0
1571236240750,-1.3273153142668097,0.5003376277145437,1.191614078653555,0.21252775228763598,-0.3274550330945626,0
1571236241000,-1.2837812491227265,0.5003376277145437,1.2265539829216165,-0.9150424375322946,-0.32946535098492585,0
1571236241250,-1.3273153142668097,0.5003376277145437,1.191614078653555,0.5492256915070437,-0.3254431446433475,0
1571236241500,-1.2837812491227265,0.5003376277145437,1.191614078653555,-0.31903380209417204,-0.3274550330945626,0
1571236241750,-1.2402471839786433,0.5003376277145437,1.2265539829216165,0.022992439102332597,-0.3274550330945626,0
1571236242000,-1.2837812491227265,0.5003376277145437,1.191614078653555,0.13260322263118274,-0.3274550330945626,0
1571236242250,-1.3273153142668097,0.5003376277145437,1.191614078653555,-0.5209172436708428,-0.3254431446433475,0
1571236242500,-1.3273153142668097,0.5003376277145437,1.191614078653555,0.8080289303946065,-0.3274550330945626,0
1571236242750,-1.2402471839786433,0.532853332865953,1.2265539829216165,0.06731037935628126,-0.3254431446433475,0
1571236243000,-1.2837812491227265,0.43530621741172504,1.2265539829216165,-1.2358400470422704,-0.3274550330945626,0
1571236243250,-1.3273153142668097,0.5003376277145437,1.191614078653555,0.8083672352820412,-0.3254431446433475,0
1571236243500,-1.2837812491227265,0.4678219225631344,1.2265539829216165,0.1218620424551303,-0.3274550330945626,0
1571236243750,-1.2837812491227265,0.4678219225631344,1.2265539829216165,-1.0781899694976897,-0.3274550330945626,0
1571236244000,-1.2402471839786433,0.5003376277145437,1.191614078653555,0.5888073633369063,-0.3274550330945626,0
1571236244250,-1.2402471839786433,0.5003376277145437,1.191614078653555,-0.34051616244627697,-0.3254431446433475,0
1571236244500,-1.3273153142668097,0.43530621741172504,1.191614078653555,0.5273204500456454,-0.3274550330945626,0
1571236244750,-1.2837812491227265,0.4678219225631344,1.2265539829216165,-0.17973676469292493,-0.3234312561921323,0
1571236245000,-1.2402471839786433,0.5003376277145437,1.2265539829216165,-1.06085184401666,-0.32946535098492585,0
1571236245250,-1.3273153142668097,0.4678219225631344,1.191614078653555,0.8561528006321959,-0.3254431446433475,0
1571236245500,-1.370849379410893,0.43530621741172504,1.191614078653555,0.28534787930795996,-0.3274550330945626,0
1571236245750,-1.1967131188345603,0.5003376277145437,1.2265539829216165,0.6437819075450487,-0.3274550330945626,0
1571236246000,-1.370849379410893,0.5003376277145437,1.191614078653555,-0.04306159016929701,-0.3274550330945626,0
1571236246250,-1.3273153142668097,0.4678219225631344,1.191614078653555,-1.1790894021750957,-0.3254431446433475,0
1571236246500,-1.4143834445549759,0.5003376277145437,1.191614078653555,0.9290575038743786,-0.3274550330945626,0
1571236246750,-1.3273153142668097,0.4678219225631344,1.191614078653555,-0.5493348542153594,-0.3274550330945626,0
1571236247000,-1.3273153142668097,0.5003376277145437,1.191614078653555,0.48148013779824045,-0.3274550330945626,0
1571236247250,-1.3273153142668097,0.5003376277145437,1.191614078653555,0.042444970129829146,-0.3274550330945626,0
1571236247500,-1.3273153142668097,0.4678219225631344,1.191614078653555,-0.9648578322070576,-0.3274550330945626,0
1571236247750,-1.3273153142668097,0.4678219225631344,1.2265539829216165,0.5934590555391337,-0.3254431446433475,0
1571236248000,-1.3273153142668097,0.5003376277145437,1.191614078653555,-0.4195103536622847,-0.3234312561921323,0
1571236248250,-1.3273153142668097,0.5003376277145437,1.191614078653555,0.9052915855320893,-0.3254431446433475,0
1571236248500,-1.3273153142668097,0.5003376277145437,1.191614078653555,0.062489534710336456,-0.3254431446433475,0
1571236248750,-1.3273153142668097,0.4678219225631344,1.191614078653555,-1.2366858092608572,-0.3274550330945626,0
1571236249000,-1.3273153142668097,0.4678219225631344,1.191614078653555,0.7658253956871249,-0.3234312561921323,0
1571236249250,-1.3273153142668097,0.4678219225631344,1.191614078653555,-0.25932298946194343,-0.3234312561921323,0
1571236249500,-1.3273153142668097,0.5003376277145437,1.191614078653555,0.252786033892368,-0.3234312561921323,0
1571236249750,-1.3273153142668097,0.5003376277145437,1.191614078653555,0.14393643636024597,-0.3254431446433475,0
1571236250000,-1.3273153142668097,0.5003376277145437,1.191614078653555,-0.6501497106709068,-0.3254431446433475,0
1571236250250,-1.3273153142668097,0.5003376277145437,1.2265539829216165,0.9748978161217835,-0.3254431446433475,0
1571236250500,-1.3273153142668097,0.4678219225631344,1.191614078653555,0.11475763981900113,-0.3234312561921323,0
1571236250750,-1.3273153142668097,0.4678219225631344,1.191614078653555,-0.9971659489570736,-0.3254431446433475,0
1571236251000,-1.3273153142668097,0.5003376277145437,1.191614078653555,1.0949114749392515,-0.3234312561921323,0
1571236251250,-1.3273153142668097,0.4678219225631344,1.191614078653555,0.18241861730594564,-0.3254431446433475,0
1571236251500,-1.3273153142668097,0.5003376277145437,1.191614078653555,-1.3331872784016119,-0.3254431446433475,0
1571236251750,-1.3273153142668097,0.5003376277145437,1.191614078653555,1.0347777811977295,-0.3254431446433475,0
1571236252000,-1.3273153142668097,0.5003376277145437,1.191614078653555,0.08955392570511428,-0.3254431446433475,0
1571236252250,-1.3273153142668097,0.5003376277145437,1.2265539829216165,-1.2919140821345758,-0.3254431446433475,0
1571236252500,-1.3273153142668097,0.5003376277145437,1.191614078653555,0.6886073051301494,-0.3234312561921323,0
1571236252750,-1.3273153142668097,0.4678219225631344,1.191614078653555,-0.13499594332968287,-0.3254431446433475,0
1571236253000,-1.3273153142668097,0.5003376277145437,1.191614078653555,-0.8342721456572546,-0.3254431446433475,0
1571236253250,-1.3273153142668097,0.5003376277145437,1.2265539829216165,0.49425114729890124,-0.3254431446433475,0
1571236253500,-1.3273153142668097,0.5003376277145437,1.191614078653555,-0.31412838122636855,-0.3234312561921323,0
1571236253750,-1.3273153142668097,0.5003376277145437,1.191614078653555,-0.05557887100438175,-0.3254431446433475,0
1571236254000,-1.2402471839786433,0.5653690380173624,1.2614938871896781,0.36197393631192465,-0.3274550330945626,0
1571236254250,1.1976604640900124,0.27272769165467836,0.7723352274368158,-0.4590920254921472,-0.32946535098492585,0
1571236254500,1.371796724666345,1.7034187183166893,-0.2758619006050324,0.7489947275372475,-0.331477239436141,0
1571236254750,0.5011154217846822,1.7034187183166893,-0.5903210390175868,0.10240951142763374,-0.3334891278873561,0
1571236255000,1.110592333801846,2.223670000739239,-0.4156215176772788,-0.756546597769127,-0.3475692059241582,0
1571236255250,0.28344509606426643,1.8009658337709173,-1.8481575926678047,1.2685464584151227,-0.3173971613993388,0
1571236255500,0.7623198126491809,1.865997244073736,-1.4288787414510653,0.42151559650043585,-0.33549944577771934,0
1571236255750,0.2399110309201833,1.7359344234680987,-1.114419603038511,-0.59289160847258,-0.32141936774091723,0
1571236256000,0.6317176172169315,1.4432930771054147,0.07353714207558366,0.9140029363835334,-0.32141936774091723,0
1571236256250,1.067058268657763,1.4107773719540053,-1.1493595073065725,-0.7347259325295875,-0.331477239436141,0
1571236256500,1.1976604640900124,1.7034187183166893,-1.7433378798636199,-1.0508718498373357,-0.3455573174729431,0
1571236256750,1.5459329852426775,1.6383873080138707,-1.1842994115746341,-0.04339989505673173,-0.3475692059241582,0
1571236257000,1.110592333801846,1.6058716028624613,-1.114419603038511,-1.3358937175010897,-0.3556151891681668,0
1571236257250,0.6752516823610146,1.6058716028624613,-0.9746599859662645,-0.12171747649787003,-0.383775345241771,0
1571236257500,0.8493879429373472,1.475808782256824,-1.3589989329149421,2.535075380748866,-0.33549944577771934,0
1571236257750,0.5446494869287652,1.5083244874082333,-1.3939388371830037,-2.5850845143538033,-0.3395232226801496,0
1571236258000,1.0235242035136798,1.573355897711052,-1.3240590286468805,0.2767211046783746,-0.35360330071695173,0
1571236258250,0.9799901383695966,1.5083244874082333,-1.2192393158426957,0.15340897320841818,-0.33549944577771934,0
1571236258500,0.7187857475050978,1.3457459616511867,-1.1842994115746341,1.682969945522658,-0.4119355013153752,0
1571236258750,0.9364560732255135,1.378261666802596,-1.1493595073065725,-1.2916603534689997,-0.34354542902172797,0
1571236259000,0.9799901383695966,1.378261666802596,-1.289119124378819,1.1042148593437062,-0.3475692059241582,0
1571236259250,0.8493879429373472,1.3132302564997773,-1.2541792201107573,-2.456528657128608,-0.34354542902172797,0
1571236259500,1.110592333801846,1.3132302564997773,-1.1842994115746341,0.7392684620234992,-0.34354542902172797,0
1571236259750,1.110592333801846,1.3132302564997773,-1.1493595073065725,0.3657798662955653,-0.35159141226573665,0
1571236260000,1.1976604640900124,1.280714551348368,-1.0445397945023878,0.9419130895968981,-0.34354542902172797,0
1571236260250,1.1541263989459292,1.2156831410455493,-1.0445397945023878,0.12423017666717336,-0.3415351111313647,0
1571236260500,1.067058268657763,1.18316743589414,-1.0095998902343262,-1.1691094079957713,-0.3395232226801496,0
1571236260750,1.415330789810428,1.020588910137093,-1.4987585499871885,-0.278521791823864,-0.3334891278873561,0
1571236261000,1.371796724666345,0.9230417946828652,-1.53369845425525,0.9300724185366828,-0.33549944577771934,0
1571236261250,1.371796724666345,0.9880732049856839,-1.3589989329149421,0.7538155721831923,-0.3375113342289344,0
1571236261500,1.4588648549545111,0.9555574998342745,-1.1842994115746341,-0.312944314120347,-0.3375113342289344,0
1571236261750,1.415330789810428,0.8905260895314557,-0.8698402731620797,1.6257118433243312,-0.3395232226801496,0
1571236262000,1.3282626595222617,0.8905260895314557,-0.6951407518217716,-0.6622441103966981,-0.3375113342289344,0
1571236262250,1.371796724666345,0.8580103843800464,-0.66020084755371,-3.6885504809440097,-0.3375113342289344,0
1571236262500,1.4588648549545111,0.8580103843800464,-0.6951407518217716,0.06223580604476042,-0.33549944577771934,0
1571236262750,1.371796724666345,0.8580103843800464,-0.7650205603578949,-0.8481426460420782,-0.331477239436141,0
1571236263000,1.3282626595222617,0.7929789740772277,-0.6951407518217716,1.5122951298118403,-0.33549944577771934,0
1571236263250,1.2411945292340956,0.9230417946828652,-0.9746599859662645,0.4961118241797922,-0.33549944577771934,0
1571236263500,1.2847285943781785,1.020588910137093,-1.463818645719127,0.4047695045724171,-0.3375113342289344,0
1571236263750,1.1541263989459292,1.0856203204399117,-1.6035782627913733,0.9070676861911217,-0.33549944577771934,0
1571236264000,1.110592333801846,1.118136025591321,-1.7083979755955583,-1.2742376517661116,-0.32946535098492585,0
1571236264250,1.1976604640900124,1.0856203204399117,-1.6734580713274967,1.3181081244243098,-0.3334891278873561,0
1571236264500,1.1976604640900124,1.020588910137093,-1.463818645719127,2.8461467247450933,-0.3274550330945626,0
1571236264750,1.1976604640900124,1.0531046152885024,-1.53369845425525,0.2783280528936895,-0.331477239436141,0
1571236265000,1.1976604640900124,1.0531046152885024,-1.638518167059435,-1.7841476933520972,-0.3334891278873561,0
1571236265250,1.5459329852426775,0.8905260895314557,-1.3240590286468805,-1.4304499335390948,-0.32946535098492585,0
1571236265500,1.3282626595222617,0.9555574998342745,-1.463818645719127,-0.645582594690538,-0.32946535098492585,0
1571236265750,1.2847285943781785,0.9555574998342745,-1.4288787414510653,-0.8078843644373461,-0.32946535098492585,0
1571236266000,1.2411945292340956,0.9555574998342745,-1.4288787414510653,0.21303520961878805,-0.33549944577771934,0
1571236266250,1.2411945292340956,1.020588910137093,-1.463818645719127,0.42346084960318553,-0.32946535098492585,0
1571236266500,1.1541263989459292,1.0856203204399117,-1.7083979755955583,-0.8286055387927229,-0.3334891278873561,0
1571236266750,1.1976604640900124,1.0856203204399117,-1.53369845425525,-0.587309577829907,-0.3334891278873561,0
1571236267000,1.1976604640900124,1.0856203204399117,-1.4987585499871885,-0.9890466316586402,-0.32946535098492585,0
1571236267250,1.1541263989459292,1.118136025591321,-1.53369845425525,3.1681284013610904,-0.331477239436141,0
1571236267500,1.1541263989459292,1.118136025591321,-1.53369845425525,0.7440893066694441,-0.33549944577771934,0
1571236267750,1.1976604640900124,1.0856203204399117,-1.638518167059435,-0.659114790187927,-0.33549944577771934,0
1571236268000,1.110592333801846,1.0531046152885024,-1.4987585499871885,1.200462599818885,-0.3334891278873561,0
1571236268250,1.1541263989459292,1.0856203204399117,-1.4987585499871885,-3.2731966553960286,-0.32946535098492585,0
1571236268500,1.1976604640900124,1.0531046152885024,-1.4987585499871885,0.5731607622930504,-0.331477239436141,0
1571236268750,1.1976604640900124,1.0531046152885024,-1.4987585499871885,1.0871304625282527,-0.331477239436141,0
1571236269000,1.1976604640900124,1.0856203204399117,-1.53369845425525,1.1888756574242456,-0.33549944577771934,0
1571236269250,1.110592333801846,1.0856203204399117,-1.53369845425525,-1.104577750717598,-0.3334891278873561,0
1571236269500,1.1541263989459292,1.0531046152885024,-1.4987585499871885,-0.905908205571557,-0.33549944577771934,0
1571236269750,1.1976604640900124,1.0531046152885024,-1.463818645719127,0.45052524059796334,-0.3334891278873561,0
1571236270000,1.2411945292340956,1.0531046152885024,-1.3240590286468805,-0.007624153210509807,-0.33549944577771934,0
1571236270250,1.2847285943781785,1.020588910137093,-1.289119124378819,0.05775326628625035,-0.3334891278873561,0
1571236270500,1.2411945292340956,1.020588910137093,-1.2541792201107573,0.6266975107295952,-0.3375113342289344,0
1571236270750,1.2847285943781785,1.020588910137093,-1.2541792201107573,-0.5124596214849747,-0.33549944577771934,0
1571236271000,1.2411945292340956,1.020588910137093,-1.289119124378819,0.344128353499743,-0.3334891278873561,0
1571236271250,1.2411945292340956,0.9880732049856839,-1.289119124378819,0.6957962839881373,-0.32946535098492585,0
1571236271500,1.3282626595222617,0.9880732049856839,-1.3240590286468805,0.46879370451943836,-0.32946535098492585,0
1571236271750,1.415330789810428,0.9880732049856839,-1.53369845425525,1.1031153684595434,-0.3274550330945626,0
1571236272000,1.1541263989459292,0.9880732049856839,-1.3939388371830037,0.4724304820593616,-0.32946535098492585,0
1571236272250,1.2411945292340956,1.020588910137093,-1.463818645719127,-0.07985224667782309,-0.3274550330945626,0
1571236272500,1.1976604640900124,0.9880732049856839,-1.3939388371830037,0.8123423177093992,-0.331477239436141,0
1571236272750,1.1976604640900124,1.0531046152885024,-1.4987585499871885,0.1594984611822432,-0.32946535098492585,0
1571236273000,1.1541263989459292,1.0531046152885024,-1.4987585499871885,-1.2449742790030078,-0.3334891278873561,0
1571236273250,1.1976604640900124,1.0531046152885024,-1.4987585499871885,-1.1093140191416841,-0.32946535098492585,0
1571236273500,1.110592333801846,1.0856203204399117,-1.6035782627913733,-0.8149041908516168,-0.32946535098492585,0
1571236273750,1.1541263989459292,1.0856203204399117,-1.4987585499871885,0.6654334203408709,-0.3274550330945626,0
1571236274000,1.1976604640900124,1.0531046152885024,-1.3589989329149421,1.22448224682675,-0.331477239436141,0
1571236274250,1.1541263989459292,1.020588910137093,-1.463818645719127,-0.6933681600406926,-0.32946535098492585,0
1571236274500,1.2411945292340956,1.020588910137093,-1.463818645719127,-0.03113634288722303,-0.3274550330945626,0
1571236274750,1.2411945292340956,1.0531046152885024,-1.4288787414510653,-1.147965352531101,-0.3334891278873561,0
1571236275000,1.2411945292340956,1.0531046152885024,-1.3939388371830037,-3.08721354352879,-0.3334891278873561,0
1571236275250,1.1976604640900124,1.0531046152885024,-1.3939388371830037,2.1354527324665997,-0.3334891278873561,0
1571236275500,1.1976604640900124,1.020588910137093,-1.3589989329149421,-0.699626800458235,-0.3334891278873561,0
1571236275750,1.1541263989459292,1.020588910137093,-1.3240590286468805,-1.829988005599502,-0.33549944577771934,0
1571236276000,1.2411945292340956,1.020588910137093,-1.3939388371830037,1.2538301958117122,-0.331477239436141,0
1571236276250,1.2411945292340956,1.020588910137093,-1.3589989329149421,0.38125731489570386,-0.3334891278873561,0
1571236276500,1.1976604640900124,0.9880732049856839,-1.3939388371830037,0.7281044007381534,-0.32946535098492585,0
1571236276750,1.2847285943781785,0.9880732049856839,-1.4288787414510653,0.919415814582489,-0.3334891278873561,0
1571236277000,1.2411945292340956,0.9880732049856839,-1.3589989329149421,1.0862001240878072,-0.331477239436141,0
1571236277250,1.2411945292340956,1.020588910137093,-1.463818645719127,0.08261867551270247,-0.331477239436141,0
1571236277500,1.2847285943781785,0.9880732049856839,-1.3589989329149421,-0.7399696582848256,-0.331477239436141,0
1571236277750,1.2847285943781785,1.020588910137093,-1.3240590286468805,-0.41883374388741523,-0.3334891278873561,0
1571236278000,1.2847285943781785,0.9555574998342745,-1.4288787414510653,0.08346443773128927,-0.331477239436141,0
1571236278250,1.2847285943781785,0.9555574998342745,-1.3589989329149421,0.061305467604314934,-0.331477239436141,0
1571236278500,1.2411945292340956,0.9555574998342745,-1.289119124378819,-0.22100996095996112,-0.32946535098492585,0
1571236278750,1.2847285943781785,0.9555574998342745,-1.2541792201107573,0.6807417164972921,-0.3334891278873561,0
1571236279000,1.2847285943781785,0.9555574998342745,-1.289119124378819,1.3072823680263985,-0.331477239436141,0
1571236279250,1.2847285943781785,0.9555574998342745,-1.2541792201107573,-0.02343990669808309,-0.3334891278873561,0
1571236279500,1.2847285943781785,0.9555574998342745,-1.2541792201107573,-1.80639123970093,-0.3334891278873561,0
1571236279750,1.2847285943781785,0.9555574998342745,-1.2541792201107573,-0.40081900863151626,-0.3334891278873561,0
1571236280000,1.2847285943781785,0.9555574998342745,-1.2541792201107573,0.2335026553085888,-0.331477239436141,0
1571236280250,1.2847285943781785,0.9555574998342745,-1.2541792201107573,-0.31954125942532413,-0.3334891278873561,0
1571236280500,1.2847285943781785,0.9555574998342745,-1.2541792201107573,0.6075832845895335,-0.331477239436141,0
1571236280750,1.2847285943781785,0.9555574998342745,-1.2541792201107573,0.30260142856713085,-0.3334891278873561,0
1571236281000,1.2847285943781785,0.9555574998342745,-1.2541792201107573,-0.3368793849063536,-0.3274550330945626,0
1571236281250,1.2847285943781785,0.9555574998342745,-1.2192393158426957,0.3919984950717563,-0.3334891278873561,0
1571236281500,1.2847285943781785,0.9555574998342745,-1.2541792201107573,-0.12383188204433704,-0.331477239436141,0
1571236281750,1.2847285943781785,0.9230417946828652,-1.2541792201107573,0.005908042286879099,-0.3334891278873561,0
1571236282000,1.2847285943781785,0.9555574998342745,-1.2541792201107573,0.1625432051691557,-0.331477239436141,0
1571236282250,1.2847285943781785,0.9555574998342745,-1.2541792201107573,-0.288332633559471,-0.331477239436141,0
1571236282500,1.2847285943781785,0.9555574998342745,-1.2541792201107573,0.41466492252988274,-0.331477239436141,0
1571236282750,1.2847285943781785,0.9555574998342745,-1.2192393158426957,0.1213545851239782,-0.32946535098492585,0
1571236283000,1.2847285943781785,0.9555574998342745,-1.2192393158426957,-0.39625189265114746,-0.331477239436141,0
1571236283250,1.2847285943781785,0.9555574998342745,-1.2541792201107573,0.46008235366799427,-0.32946535098492585,0
1571236283500,1.2847285943781785,0.9555574998342745,-1.2541792201107573,0.12862814020382476,-0.32946535098492585,0
1571236283750,1.2847285943781785,0.9555574998342745,-1.2541792201107573,-0.39523697798884333,-0.3254431446433475,0
1571236284000,1.2847285943781785,0.9555574998342745,-1.2192393158426957,0.47513692115883943,-0.32946535098492585,0
1571236284250,1.2847285943781785,0.9555574998342745,-1.2541792201107573,0.07221580022408475,-0.3254431446433475,0
1571236284500,1.2847285943781785,0.9555574998342745,-1.2541792201107573,-0.534618591611949,-0.32946535098492585,0
1571236284750,1.2847285943781785,0.9555574998342745,-1.2192393158426957,0.4165255994107737,-0.3274550330945626,0
1571236285000,1.2847285943781785,0.9555574998342745,-1.2192393158426957,0.06519597380981425,-0.32946535098492585,0
1571236285250,1.2847285943781785,0.9555574998342745,-1.2541792201107573,-0.5539019701957282,-0.3254431446433475,0
1571236285500,1.2847285943781785,0.9230417946828652,-1.2192393158426957,0.42650559359009804,-0.32946535098492585,0
1571236285750,1.2847285943781785,0.9555574998342745,-1.2541792201107573,0.07940477908207261,-0.3274550330945626,0
1571236286000,1.2847285943781785,0.9555574998342745,-1.2192393158426957,-0.4836191298311646,-0.32946535098492585,0
1571236286250,1.2847285943781785,0.9230417946828652,-1.2192393158426957,0.4586445578963967,-0.32946535098492585,0
1571236286500,1.2847285943781785,0.9555574998342745,-1.2192393158426957,0.12955847864427023,-0.32946535098492585,0
1571236286750,1.2847285943781785,0.9555574998342745,-1.2541792201107573,-0.3756998707394881,-0.32946535098492585,0
1571236287000,1.3282626595222617,0.9555574998342745,-1.2541792201107573,0.48291793356983803,-0.32946535098492585,0
1571236287250,1.2847285943781785,0.9555574998342745,-1.2192393158426957,0.10536967919268757,-0.32946535098492585,0
1571236287500,1.2847285943781785,0.9555574998342745,-1.2541792201107573,-0.5112755543789532,-0.32946535098492585,0
1571236287750,1.2847285943781785,0.9555574998342745,-1.2541792201107573,0.45213218881327827,-0.32946535098492585,0
1571236288000,1.2847285943781785,0.9555574998342745,-1.2541792201107573,0.09538968501336324,-0.32946535098492585,0
1571236288250,1.2847285943781785,0.9230417946828652,-1.2541792201107573,-0.5530562079771414,-0.3274550330945626,0
1571236288500,1.2847285943781785,0.9555574998342745,-1.2541792201107573,0.48689301599719603,-0.3274550330945626,0
1571236288750,1.2847285943781785,0.9555574998342745,-1.2541792201107573,0.08794697748979935,-0.3274550330945626,0
1571236289000,1.2847285943781785,0.9230417946828652,-1.2541792201107573,-0.4593457541577233,-0.3254431446433475,0
1571236289250,1.2847285943781785,0.9230417946828652,-1.2541792201107573,0.5020321597098999,-0.3274550330945626,0
1571236289500,1.2847285943781785,0.9555574998342745,-1.2541792201107573,0.12955847864427023,-0.3254431446433475,0
1571236289750,1.2847285943781785,0.9555574998342745,-1.2541792201107573,-0.47634557475131806,-0.3274550330945626,0
1571236290000,1.4588648549545111,0.9880732049856839,-1.5686383585233117,0.4391074506470415,-0.3274550330945626,0
1571236290250,0.6752516823610146,1.1506517307427304,-1.6035782627913733,0.07517596798913857,-0.331477239436141,0
1571236290500,0.3269791612083496,1.2481988461969586,-1.3240590286468805,-0.45325626618389825,-0.331477239436141,0
1571236290750,0.3705132263524327,1.5408401925596427,-0.9397200816982029,0.5911754975489493,-0.3254431446433475,0
1571236291000,0.41404729149651587,1.4432930771054147,-2.6168354865651597,1.341282009213588,-0.3254431446433475,0
1571236291250,1.8942055063953425,1.3132302564997773,-2.337316252420667,2.465892031268465,-0.3274550330945626,0
1571236291500,0.5881835520728484,1.0531046152885024,-1.53369845425525,-0.37882919094825923,-0.3334891278873561,0
1571236291750,0.2399110309201833,1.7034187183166893,-1.289119124378819,-3.173988747155797,-0.33549944577771934,0
1571236292000,0.3705132263524327,1.67090301316528,-1.289119124378819,-0.61724956036788,-0.3334891278873561,0
1571236292250,0.7187857475050978,1.573355897711052,-1.3939388371830037,2.2901426422461264,-0.3274550330945626,0
1571236292500,0.7187857475050978,1.6383873080138707,-1.3939388371830037,-3.296539692629025,-0.3274550330945626,0
1571236292750,0.8493879429373472,1.768450128619508,-1.6035782627913733,0.09361358435433095,-0.3334891278873561,0
1571236293000,-0.1083614902324818,1.7034187183166893,-0.8349003688940181,2.809440644458426,-0.3254431446433475,0
1571236293250,1.763603310963093,1.5408401925596427,-1.6734580713274967,1.9408428459697755,-0.3395232226801496,0
1571236293500,1.8942055063953425,0.7929789740772277,-2.7216551993693447,-0.7768448910152105,-0.331477239436141,0
1571236293750,0.8493879429373472,0.7604632689258184,-2.267436443884544,-1.4342558635227352,-0.32141936774091723,0
1571236294000,0.6317176172169315,0.7604632689258184,-2.3023763481526056,-1.7287502680346611,-0.31940904985055396,0
1571236294250,0.6317176172169315,0.6954318586229997,-2.372256156688729,-3.421797077201731,-0.31940904985055396,0
1571236294500,0.7187857475050978,0.6954318586229997,-2.512015773760975,1.6342540417320581,-0.3274550330945626,0
1571236294750,0.6752516823610146,0.6954318586229997,-2.512015773760975,4.685256669062103,-0.331477239436141,0
1571236295000,0.7187857475050978,0.6954318586229997,-2.512015773760975,1.061080986195779,-0.3334891278873561,0
1571236295250,0.6752516823610146,0.6954318586229997,-2.512015773760975,-2.278157405228651,-0.331477239436141,0
1571236295500,0.6752516823610146,0.6954318586229997,-2.512015773760975,-6.522361370540964,-0.33549944577771934,0
1571236295750,0.6317176172169315,0.6954318586229997,-2.5469556780290366,-1.6756364007074098,-0.331477239436141,0
1571236296000,0.6317176172169315,0.6954318586229997,-2.512015773760975,0.7475569317656499,-0.33549944577771934,0
1571236296250,0.5881835520728484,0.6629161534715904,-2.5818955822970984,1.9721360480574872,-0.3334891278873561,0
1571236296500,0.6317176172169315,0.6629161534715904,-2.5818955822970984,2.0841995420202393,-0.3334891278873561,0
1571236296750,0.5881835520728484,0.6954318586229997,-2.6168354865651597,0.635493437802898,-0.33549944577771934,0
1571236297000,0.6317176172169315,0.6954318586229997,-2.5818955822970984,1.1570749980053816,-0.33549944577771934,0
1571236297250,0.5881835520728484,0.6629161534715904,-2.6168354865651597,0.014788545582040569,-0.33549944577771934,0
1571236297500,0.6317176172169315,0.6954318586229997,-2.5818955822970984,0.25896009808805165,-0.3334891278873561,0
1571236297750,0.6317176172169315,0.6629161534715904,-2.5469556780290366,-0.31903380209417204,-0.33549944577771934,0
1571236298000,0.6317176172169315,0.6954318586229997,-2.5469556780290366,-0.389232066236877,-0.3334891278873561,0
1571236298250,0.6317176172169315,0.6954318586229997,-2.5469556780290366,0.4069684863407428,-0.33549944577771934,0
1571236298500,0.6317176172169315,0.6629161534715904,-2.5818955822970984,-0.9385546272090078,-0.3334891278873561,0
1571236298750,0.6317176172169315,0.6629161534715904,-2.5469556780290366,0.10367815475551395,-0.33549944577771934,0
1571236299000,0.6317176172169315,0.6629161534715904,-2.5469556780290366,-0.7474969420302482,-0.3334891278873561,0
1571236299250,0.6317176172169315,0.6629161534715904,-2.5818955822970984,0.6890301862394429,-0.3334891278873561,0
1571236299500,0.6317176172169315,0.6629161534715904,-2.5818955822970984,0.0006643165316408978,-0.3334891278873561,0
1571236299750,0.6317176172169315,0.6629161534715904,-2.5818955822970984,0.6845476464809328,-0.33549944577771934,0
1571236300000,0.6317176172169315,0.6629161534715904,-2.5818955822970984,-0.014051946071769537,-0.33549944577771934,0
1571236300250,0.6317176172169315,0.6629161534715904,-2.5469556780290366,0.17133913224245848,-0.33549944577771934,0
1571236300500,0.6317176172169315,0.6629161534715904,-2.5818955822970984,0.12566797243877093,-0.33549944577771934,0
1571236300750,0.6317176172169315,0.6629161534715904,-2.5469556780290366,-0.6120058346126418,-0.33549944577771934,0
1571236301000,0.6752516823610146,0.6954318586229997,-2.5469556780290366,0.47369912538724185,-0.33549944577771934,0
1571236301250,0.6317176172169315,0.6954318586229997,-2.5469556780290366,0.3119048129715857,-0.331477239436141,0
1571236301500,0.6317176172169315,0.6954318586229997,-2.5818955822970984,-0.22828351603980765,-0.33549944577771934,0
1571236301750,0.5446494869287652,0.6954318586229997,-2.6168354865651597,0.5540465361529886,-0.331477239436141,0
1571236302000,0.5446494869287652,0.6629161534715904,-2.6517753908332216,-2.0174089132383384,-0.3334891278873561,0
1571236302250,0.5446494869287652,0.6629161534715904,-2.5818955822970984,1.1271350154674087,-0.331477239436141,0
1571236302500,0.15284290063201703,0.7279475637744091,-2.861414816441591,1.7931727626045189,-0.3334891278873561,0
1571236302750,0.5446494869287652,0.6629161534715904,-2.6517753908332216,0.7665865816838531,-0.331477239436141,0
1571236303000,0.28344509606426643,0.7604632689258184,-2.861414816441591,1.9281564126909734,-0.3274550330945626,0
1571236303250,0.28344509606426643,0.7929789740772277,-2.791535007905468,-0.7051242548790493,-0.3234312561921323,0
1571236303500,0.6752516823610146,0.6954318586229997,-2.512015773760975,0.06333529692892327,-0.3113630666065453,0
1571236303750,0.7623198126491809,0.6629161534715904,-2.6168354865651597,-2.285684688974073,-0.3173971613993388,0
1571236304000,0.7623198126491809,0.6954318586229997,-2.40719606095679,1.5451952801148672,-0.31940904985055396,0
1571236304250,0.9799901383695966,0.7279475637744091,-2.1626167310803592,0.9048687044227959,-0.32141936774091723,0
1571236304500,0.8929220080814304,0.8254946792286371,-2.0577970182761742,0.06604173602840105,-0.3254431446433475,0
1571236304750,0.9799901383695966,0.7279475637744091,-2.092736922544236,-0.3634363185699794,-0.3254431446433475,0
1571236305000,0.5446494869287652,0.7604632689258184,-2.6168354865651597,-1.5433591897204333,-0.3254431446433475,0
1571236305250,0.6752516823610146,0.7279475637744091,-2.512015773760975,-5.275538707900294,-0.32141936774091723,0
1571236305500,0.6752516823610146,0.7279475637744091,-2.5818955822970984,-2.8139477707033933,-0.32141936774091723,0
1571236305750,0.8058538777932641,0.7279475637744091,-2.372256156688729,-0.6134436303842393,-0.3234312561921323,0
1571236306000,0.8493879429373472,0.7279475637744091,-2.3023763481526056,0.6679707069966314,-0.32946535098492585,0
1571236306250,0.8058538777932641,0.7279475637744091,-2.337316252420667,2.442633570257328,-0.3334891278873561,0
1571236306500,0.8493879429373472,0.6954318586229997,-2.372256156688729,1.703606543656176,-0.3334891278873561,0
1571236306750,0.8058538777932641,0.6954318586229997,-2.40719606095679,-0.8813811012325398,-0.3334891278873561,0
1571236307000,0.8058538777932641,0.6954318586229997,-2.40719606095679,-1.2341485226050968,-0.3334891278873561,0
1571236307250,0.7623198126491809,0.6954318586229997,-2.512015773760975,0.08718579149307122,-0.3334891278873561,0
1571236307500,0.7623198126491809,0.6954318586229997,-2.442135965224852,1.3857691019112544,-0.331477239436141,0
1571236307750,0.7623198126491809,0.6954318586229997,-2.372256156688729,1.4982554769832994,-0.3334891278873561,0
1571236308000,0.8493879429373472,0.7279475637744091,-2.372256156688729,1.726695852223596,-0.331477239436141,0
1571236308250,0.8493879429373472,0.6954318586229997,-2.372256156688729,0.34235225284071075,-0.331477239436141,0
1571236308500,0.8493879429373472,0.7279475637744091,-2.372256156688729,0.06341987315078194,-0.32946535098492585,0
1571236308750,0.8493879429373472,0.6954318586229997,-2.372256156688729,0.4266747460338154,-0.331477239436141,0
1571236309000,0.8058538777932641,0.6954318586229997,-2.372256156688729,-0.6696868179202621,-0.331477239436141,0
1571236309250,0.8058538777932641,0.6954318586229997,-2.372256156688729,0.9178088663671741,-0.3334891278873561,0
1571236309500,0.8058538777932641,0.6954318586229997,-2.372256156688729,0.18554793751471682,-0.331477239436141,0
1571236309750,1.5023989200985943,0.630400448320181,-1.987917209740051,-0.23699486689125177,-0.3334891278873561,0
1571236310000,-0.06482742508839867,0.5653690380173624,1.4012535042619247,0.49374368996774914,-0.3334891278873561,0
1571236310250,3.461431851582336,-1.0279005144016955,0.3181164719520149,-0.36098360813607766,-0.17257417468973937,0
1571236310500,-0.1083614902324818,-1.7107303225812915,-1.4288787414510653,0.20423928254548526,0.2317258820359433,0
1571236310750,-0.1083614902324818,-1.8082774380355195,-0.5903210390175868,-0.040270574847960545,0.7973586611458336,0
1571236311000,-0.4566340113851469,-1.5156360916728355,0.21329675914783008,-1.0562847280362913,0.047200687552521325,0
1571236311250,-0.5872362068173963,-1.9058245534897476,0.24823666341589168,1.6852535035128424,-0.2685951240499187,0
1571236311500,-5.550119633242874,-1.7107303225812915,-0.3457417091411556,0.7259899951916864,-0.701163705547983,0
1571236311750,-1.6755878354194749,-1.5156360916728355,-0.45056142194534043,2.4088030815138555,-0.7695522072807786,0
1571236312000,1.2847285943781785,-1.5156360916728355,-1.2541792201107573,-1.481449395319879,-0.8946803609082253,0
1571236312250,-0.9790427931141445,-0.7677748731904207,-2.861414816441591,-3.8104248166423687,-0.7317535192593935,0
1571236312500,-1.370849379410893,-0.8653219886446487,-1.4288787414510653,-2.4949262618524495,-0.32946535098492585,0
1571236312750,-1.6755878354194749,-1.8407931431869289,-2.966234529245776,0.6773586676229449,-0.3737174735465473,0
1571236313000,0.06577477034385075,-1.4831203865214262,-1.0445397945023878,0.7085672934887981,-0.4441178637305578,0
1571236313250,-0.15189555537656493,-1.3855732710671982,-0.9397200816982029,0.615110568334956,-0.2590649608009153,0
1571236313500,0.15284290063201703,-1.6456989122784729,-1.6035782627913733,1.1295877259013103,-0.2630887377033455,0
1571236313750,-0.1083614902324818,-1.7432460277327009,-1.53369845425525,-0.7508799909045955,-0.3415351111313647,0
1571236314000,0.5011154217846822,-1.2880261556129702,-1.3240590286468805,0.05817614739554375,-0.2811910220817261,0
1571236314250,0.7187857475050978,-1.5806675019756542,-0.7650205603578949,-0.10717036633817695,-0.2610768492521305,0
1571236314500,0.6752516823610146,-0.9628691040988767,-1.0794796987704494,1.076981315905211,-0.28320291053294117,0
1571236314750,0.45758135664059896,-1.0929319247045142,-0.9746599859662645,-0.7148505203927974,-0.2731450388377174,0
1571236315000,0.3269791612083496,-1.2555104504615608,-1.1842994115746341,-0.6647813970524586,-0.26912283249613905,0
1571236315250,0.2399110309201833,-1.3855732710671982,-1.2541792201107573,1.7477553314664074,-0.2731450388377174,0
1571236315500,0.41404729149651587,-1.2229947453101515,-1.0794796987704494,-0.5431607900196758,-0.27113472094735414,0
1571236315750,0.28344509606426643,-1.3530575659157889,-1.0794796987704494,-0.20874640879045245,-0.2751569272889326,0
1571236316000,0.41404729149651587,-1.4180889762186075,-0.7300806560898333,-1.2818495117333926,-0.27113472094735414,0
1571236316250,0.5881835520728484,-1.1579633350073328,-0.6252609432856484,-0.35413293416552455,-0.26912283249613905,0
1571236316500,0.19637696577610014,-1.2880261556129702,-0.6951407518217716,0.34395920105602573,-0.2731450388377174,0
1571236316750,0.5881835520728484,-1.0929319247045142,-0.6951407518217716,-0.5600760343914118,-0.26912283249613905,0
1571236317000,0.6317176172169315,-1.0929319247045142,-0.7300806560898333,1.0476333669202489,-0.26912283249613905,0
1571236317250,-0.8484405976818952,-1.2880261556129702,-1.0794796987704494,-0.35937665992076273,-0.26912283249613905,0
1571236317500,0.06577477034385075,-1.2555104504615608,-0.6951407518217716,0.861142797721858,-0.3013051949113216,0
1571236317750,-0.50016807652923,-1.5806675019756542,-1.114419603038511,-0.3072777072558154,-0.2751569272889326,0
1571236318000,0.45758135664059896,-1.6131832071270635,-0.6252609432856484,-0.43811712247119444,-0.2731450388377174,0
1571236318250,-0.15189555537656493,-1.2880261556129702,-0.3806816134092172,0.21142826140347312,-0.2731450388377174,0
1571236318500,0.022240705199767605,-1.2555104504615608,-0.5204412304814636,-0.5161809752467567,-0.2771688157401476,0
1571236318750,0.06577477034385075,-1.0604162195531048,-0.45056142194534043,1.3695304673143875,-0.2811910220817261,0
1571236319000,0.3269791612083496,-1.1254476298559235,-0.4156215176772788,-0.4123213748042968,-0.2751569272889326,0
1571236319250,0.19637696577610014,-1.0604162195531048,-0.45056142194534043,-0.14489136128714852,-0.35159141226573665,0
1571236319500,0.5446494869287652,-1.1904790401587422,-0.3806816134092172,-1.6426516741825246,-0.3234312561921323,0
1571236319750,0.45758135664059896,-0.9628691040988767,-0.2059820920689092,0.649786819297015,-0.2811910220817261,0
1571236320000,0.022240705199767605,-1.2880261556129702,-0.2059820920689092,-0.050504297692860904,-0.2771688157401476,0
1571236320250,-0.19542962052064808,-1.4506046813700169,-0.24092199633697078,0.7811336918435461,-0.28923700532573465,0
1571236320500,-0.5437021416733132,-1.5481517968242449,-0.5553811347495252,0.14723490901273448,-0.28320291053294117,0
1571236320750,-0.6307702719614795,-1.6456989122784729,-0.5204412304814636,0.7028161104024078,-0.2811910220817261,0
1571236321000,0.5881835520728484,-1.1579633350073328,-1.1493595073065725,-0.3601378459174908,-0.2771688157401476,0
1571236321250,0.2399110309201833,-1.3530575659157889,-1.0445397945023878,-0.06293700230608697,-0.2952711001185281,0
1571236321500,0.41404729149651587,-1.2229947453101515,-1.0095998902343262,-0.05194209346445847,-0.2771688157401476,0
1571236321750,0.41404729149651587,-1.3530575659157889,-0.9746599859662645,-0.4600223639325927,-0.2872251168745195,0
1571236322000,-0.4130999462410638,-1.4506046813700169,-0.9746599859662645,0.3594366496561643,-0.2811910220817261,0
1571236322250,0.3269791612083496,-1.5156360916728355,-0.5903210390175868,-0.4201023872152954,-0.27917913363051094,0
1571236322500,0.2399110309201833,-1.2229947453101515,-0.13610228353278597,0.21912469759261305,-0.27917913363051094,0
1571236322750,-0.36956588109698063,-1.1904790401587422,-1.0095998902343262,-0.3097304176897172,-0.28923700532573465,0
1571236323000,0.10930883548793388,-1.6456989122784729,-1.4288787414510653,0.5959963421948942,-0.2811910220817261,0
1571236323250,-0.7613724673937289,-1.5806675019756542,-1.3240590286468805,-0.011430083194150438,-0.2972829885697433,0
1571236323500,-0.50016807652923,-1.6131832071270635,-1.4288787414510653,0.21371181939365752,-0.2972829885697433,0
1571236323750,-0.36956588109698063,-1.4831203865214262,-1.1493595073065725,-0.5027333559712265,-0.28320291053294117,0
1571236324000,-0.4130999462410638,-1.5481517968242449,-1.2192393158426957,0.5252060444991784,-0.28320291053294117,0
1571236324250,-0.3260318159528975,-1.5481517968242449,-1.0794796987704494,-0.18498049044816314,-0.3274550330945626,0
1571236324500,-0.5872362068173963,-1.6456989122784729,-1.4987585499871885,0.10646917007685042,-0.3455573174729431,0
1571236324750,-0.06482742508839867,-1.4506046813700169,-1.289119124378819,-0.055240566116947026,-0.29929487702095836,0
1571236325000,0.5446494869287652,-1.4506046813700169,-0.45056142194534043,0.11010594761677368,-0.3757293619977624,0
1571236325250,1.2847285943781785,-1.7107303225812915,-0.6951407518217716,0.15137914388380985,-0.3133749550577605,0
1571236325500,0.022240705199767605,-1.0604162195531048,-0.4156215176772788,-0.2053633599161052,-0.28320291053294117,0
1571236325750,-0.8919746628259783,-0.6702277577361927,-1.0095998902343262,0.1795430257627505,-0.28923700532573465,0
1571236326000,1.0235242035136798,-1.2555104504615608,-0.310801804873094,0.32619819446570275,-0.29325921166731306,0
1571236326250,-0.7178384022496457,-3.8242511574228986,2.309691015231526,2.6328454932175007,-0.3013051949113216,0
1571236326500,-0.28249775080881434,-1.4180889762186075,-0.8349003688940181,1.1618958426513266,-0.22889448683694788,0
1571236326750,-0.06482742508839867,-1.7107303225812915,-0.3457417091411556,-2.4970406673989163,0.35241248957436894,0
1571236327000,-0.8484405976818952,-1.9058245534897476,-0.9746599859662645,-1.1032245311678592,0.30857970676019036,0
1571236327250,-0.9790427931141445,-2.26349731015525,0.1783568548797685,1.0938119840550886,-0.10778853955107942,0
1571236327500,-2.8510075943097193,-0.1499764753136431,-0.7999604646259565,2.311540426376373,-0.4899625349959514,0
1571236327750,-2.9816097897419684,-1.1579633350073328,0.4229361847561997,0.09944934366257992,-0.5140989141671255,0
1571236328000,-0.9790427931141445,-1.3855732710671982,0.7024554189006925,-1.8977335593083053,-0.6528893766447833,0
1571236328250,0.3269791612083496,-0.8653219886446487,0.3530563762200765,-1.3873160603911676,-0.5663970199727555,0
1571236328500,-0.4130999462410638,-0.6051963474333739,0.49281599329232295,-0.8265757094681146,-0.6468537112911379,0
1571236328750,-1.1967131188345603,-1.9383402586411569,0.9819746530451854,-0.15309525480744055,-0.6448433934007747,0
1571236329000,-0.9355087279700615,-1.6131832071270635,0.3530563762200765,0.616971245215847,-0.5080648193743319,0
1571236329250,-0.804906532537812,-1.0929319247045142,0.4578760890242613,2.3579727721767885,-0.5020307245815384,0
1571236329500,-0.7178384022496457,-1.1254476298559235,0.5626958018284461,0.8919285424784178,-0.7916782685615893,0
1571236329750,-0.804906532537812,-1.1254476298559235,0.3879962804881381,-2.1389449440492623,-0.5040426130327536,0
1571236330000,0.41404729149651587,-1.1254476298559235,0.038597237807522056,-0.0850959724330613,-0.5241567858623492,0
1571236330250,0.19637696577610014,-1.1254476298559235,0.24823666341589168,-1.09612012853173,-0.5623732430703252,0
1571236330500,1.2411945292340956,-1.5481517968242449,-0.2758619006050324,-0.6723086807978811,-0.5462828471431598,0
1571236330750,0.5011154217846822,-0.995384809250286,-0.6951407518217716,-0.6962437515838878,-0.6951296107551896,0
1571236331000,2.590750548700673,-0.702743462887602,-0.8349003688940181,-1.0143349219943858,-0.7936901570128043,0
1571236331250,1.1541263989459292,0.27272769165467836,-0.45056142194534043,0.44172931352466055,-0.8946803609082253,0
1571236331500,3.156693395573754,0.630400448320181,-0.8698402731620797,1.0708918279313862,-0.802153909443404,0
1571236331750,1.371796724666345,0.37027480710890637,-0.66020084755371,-1.781018373143326,-0.8142220990289911,0
1571236332000,1.371796724666345,0.33775910195749703,-0.66020084755371,-2.9321853288618285,-0.3415351111313647,0
1571236332250,1.415330789810428,0.3052433968060877,-0.66020084755371,-0.7655962535080059,-0.3898094400345645,0
1571236332500,1.415330789810428,0.33775910195749703,-0.6951407518217716,0.25896009808805165,-0.38176345679055584,0
1571236332750,1.371796724666345,0.33775910195749703,-0.66020084755371,3.8992898393293847,-0.2429745648737499,0
1571236333000,1.371796724666345,0.33775910195749703,-0.66020084755371,2.0359910955607914,-0.23895078797131966,0
1571236333250,1.371796724666345,0.33775910195749703,-0.66020084755371,-0.047967011037100486,-0.24096267642253483,0
1571236333500,1.371796724666345,0.33775910195749703,-0.66020084755371,0.222846051354395,-0.2429745648737499,0
1571236333750,1.371796724666345,0.33775910195749703,-0.66020084755371,0.9974796673580513,-0.24498488276411318,0
1571236334000,1.371796724666345,0.33775910195749703,-0.66020084755371,-1.0419913465421744,-0.2429745648737499,0
1571236334250,1.371796724666345,0.33775910195749703,-0.66020084755371,1.00526067976905,-0.2429745648737499,0
1571236334500,1.371796724666345,0.33775910195749703,-0.66020084755371,-1.1820495699401494,-0.2429745648737499,0
1571236334750,1.371796724666345,0.27272769165467836,-0.6252609432856484,1.5103498767090908,-0.24699677121532834,0
1571236335000,1.9377395715394257,0.7604632689258184,-1.0794796987704494,-1.1247914677418227,-0.2530308660081218,0
1571236335250,1.9377395715394257,0.5653690380173624,-0.7300806560898333,0.7421440535666943,-0.26509905559370883,0
1571236335500,1.110592333801846,0.3052433968060877,-0.6951407518217716,-1.3767440326588325,-0.2811910220817261,0
1571236335750,0.9799901383695966,0.33775910195749703,-0.6252609432856484,0.6839556129279221,-0.2811910220817261,0
1571236336000,1.5459329852426775,0.43530621741172504,-1.2192393158426957,-1.2980881463302594,-0.30532897181375185,0
1571236336250,1.371796724666345,0.43530621741172504,-1.1842994115746341,-0.43845542735862914,-0.2872251168745195,0
1571236336500,1.415330789810428,0.43530621741172504,-1.289119124378819,-0.7505416860171606,-0.2872251168745195,0
1571236336750,1.371796724666345,0.43530621741172504,-1.289119124378819,-0.47152473010537327,-0.4119355013153752,0
1571236337000,1.415330789810428,0.4678219225631344,-1.289119124378819,0.2184480878177436,-0.2872251168745195,0
1571236337250,1.4588648549545111,0.43530621741172504,-1.289119124378819,1.6495623378884792,-0.2872251168745195,0
1571236337500,1.415330789810428,0.4027905122603157,-1.0794796987704494,0.09116087392042921,-0.2872251168745195,0
1571236337750,1.415330789810428,0.4027905122603157,-1.2541792201107573,0.7900987713605663,-0.28923700532573465,0
1571236338000,1.415330789810428,0.43530621741172504,-1.2541792201107573,0.411958483430405,-0.2872251168745195,0
1571236338250,1.415330789810428,0.4027905122603157,-1.1842994115746341,-0.027499565347299762,-0.28923700532573465,0
1571236338500,1.3282626595222617,0.43530621741172504,-1.0794796987704494,-0.18083625557708782,-0.29124889377694974,0
1571236338750,1.4588648549545111,0.4678219225631344,-1.3240590286468805,-0.09575257638725505,-0.28923700532573465,0
1571236339000,1.371796724666345,0.4678219225631344,-1.2192393158426957,0.2474577319152711,-0.29124889377694974,0
1571236339250,1.415330789810428,0.4678219225631344,-1.114419603038511,-0.13381187622366136,-0.2872251168745195,0
1571236339500,1.415330789810428,0.4678219225631344,-0.9746599859662645,0.01960939022798537,-0.28923700532573465,0
1571236339750,1.415330789810428,0.4678219225631344,-1.1493595073065725,-1.157522465601132,-0.27917913363051094,0
1571236340000,1.415330789810428,0.43530621741172504,-1.114419603038511,0.5641956827760302,-0.29929487702095836,0
1571236340250,1.415330789810428,0.43530621741172504,-1.1842994115746341,0.9427588518154849,-0.3234312561921323,0
1571236340500,1.415330789810428,0.43530621741172504,-1.2541792201107573,0.7341093124901197,-0.3173971613993388,0
1571236340750,1.415330789810428,0.43530621741172504,-1.2541792201107573,0.2979497363649034,-0.2972829885697433,0
1571236341000,1.415330789810428,0.4027905122603157,-1.2192393158426957,-2.877210784653686,-0.3033170833625367,0
1571236341250,1.415330789810428,0.4027905122603157,-1.1842994115746341,-0.2578851936903459,-0.29124889377694974,0
1571236341500,1.415330789810428,0.4027905122603157,-1.289119124378819,-0.3499041230725905,-0.29325921166731306,0
1571236341750,1.415330789810428,0.4027905122603157,-1.2541792201107573,0.9482563062362992,-0.3093511781553302,0
1571236342000,1.415330789810428,0.4027905122603157,-1.2192393158426957,0.4228688160501748,-0.2952711001185281,0
1571236342250,1.2411945292340956,0.37027480710890637,-0.8698402731620797,-0.9010027847037536,-0.3093511781553302,0
1571236342500,1.5023989200985943,0.4027905122603157,-1.0445397945023878,-0.2760690813899623,-0.29124889377694974,0
1571236342750,1.5459329852426775,0.43530621741172504,-0.9397200816982029,0.5504943348349239,-0.3013051949113216,0
1571236343000,1.6330011155308437,0.43530621741172504,-0.3806816134092172,0.8305262054090157,-0.2952711001185281,0
1571236343250,0.5011154217846822,0.1751805762004503,0.5277558975603845,-0.10700121389445959,-0.2952711001185281,0
1571236343500,1.0235242035136798,0.240211986503269,0.4229361847561997,-1.4384000983938106,-0.3033170833625367,0
1571236343750,0.10930883548793388,0.5978847431687717,0.1783568548797685,0.5691856798656924,-0.5024500643289814,0
1571236344000,0.06577477034385075,0.7604632689258184,0.6675155146326309,-0.5384245215955897,-0.2811910220817261,0
1571236344250,0.8058538777932641,0.37027480710890637,0.07353714207558366,-0.0881407164199738,-0.29124889377694974,0
1571236344500,1.067058268657763,0.630400448320181,0.1783568548797685,-0.437694241361901,-0.5145182539145684,0
1571236344750,1.5459329852426775,0.5653690380173624,-0.3806816134092172,0.9573059619751779,-0.2872251168745195,0
1571236345000,1.2847285943781785,0.5003376277145437,-0.3457417091411556,1.1811792212351058,-0.2972829885697433,0
1571236345250,1.371796724666345,0.532853332865953,-0.4156215176772788,1.3570131864793027,-0.43405999203533413,0
1571236345500,1.415330789810428,0.5003376277145437,-0.45056142194534043,0.7056071257237442,-0.31940904985055396,0
1571236345750,1.371796724666345,0.532853332865953,-0.45056142194534043,-3.291126814430069,-0.31940904985055396,0
1571236346000,1.3282626595222617,0.532853332865953,-0.45056142194534043,0.2221694415795256,-0.2952711001185281,0
1571236346250,1.371796724666345,0.5003376277145437,-0.48550132621340203,-0.997588830066367,-0.29124889377694974,0
1571236346500,1.3282626595222617,0.5003376277145437,-0.45056142194534043,0.7113583088101346,-0.2952711001185281,0
1571236346750,1.2847285943781785,0.5003376277145437,-0.4156215176772788,-0.6092148192913054,-0.2952711001185281,0
1571236347000,1.2847285943781785,0.5003376277145437,-0.4156215176772788,0.3708544396070862,-0.29124889377694974,0
1571236347250,1.2847285943781785,0.5003376277145437,-0.4156215176772788,0.3821030771142907,-0.29325921166731306,0
1571236347500,1.3282626595222617,0.5003376277145437,-0.45056142194534043,-0.8968585498326783,-0.29325921166731306,0
1571236347750,1.2847285943781785,0.5003376277145437,-0.4156215176772788,0.18994590105136822,-0.29325921166731306,0
1571236348000,1.3282626595222617,0.5003376277145437,-0.4156215176772788,-0.8424760391775467,-0.29325921166731306,0
1571236348250,1.3282626595222617,0.532853332865953,-0.4156215176772788,0.6546922401648185,-0.29325921166731306,0
1571236348500,1.2847285943781785,0.532853332865953,-0.3806816134092172,-0.5213401247801361,-0.29325921166731306,0
1571236348750,1.2411945292340956,0.532853332865953,-0.3806816134092172,0.6212846325306396,-0.29124889377694974,0
1571236349000,1.2847285943781785,0.5653690380173624,-0.3806816134092172,-0.1612145721058739,-0.29325921166731306,0
1571236349250,1.3282626595222617,0.532853332865953,-0.45056142194534043,0.8008399515366187,-0.29325921166731306,0
1571236349500,1.2411945292340956,0.5003376277145437,-0.3806816134092172,-0.3119293994580429,-0.2952711001185281,0
1571236349750,1.3282626595222617,0.532853332865953,-0.3806816134092172,0.44037609397492167,-0.29124889377694974,0
1571236350000,1.3282626595222617,0.532853332865953,-0.3806816134092172,-0.18498049044816314,-0.2952711001185281,0
1571236350250,1.2847285943781785,0.532853332865953,-0.3806816134092172,0.3357553075357336,-0.29325921166731306,0
1571236350500,1.2847285943781785,0.532853332865953,-0.3806816134092172,0.10579256030198096,-0.2972829885697433,0
1571236350750,1.2847285943781785,0.532853332865953,-0.3806816134092172,-0.7187410265982969,-0.29325921166731306,0
1571236351000,1.2847285943781785,0.532853332865953,-0.4156215176772788,0.34395920105602573,-0.2952711001185281,0
1571236351250,1.2847285943781785,0.532853332865953,-0.4156215176772788,-0.26346722433301883,-0.29124889377694974,0
1571236351500,1.2847285943781785,0.5003376277145437,-0.4156215176772788,0.6265283582858778,-0.29325921166731306,0
1571236351750,1.3282626595222617,0.5003376277145437,-0.4156215176772788,-0.22574622938404723,-0.2952711001185281,0
1571236352000,1.3282626595222617,0.532853332865953,-0.4156215176772788,-0.33645650379706027,-0.29325921166731306,0
1571236352250,1.2847285943781785,0.5003376277145437,-0.4156215176772788,0.2539701009983895,-0.2952711001185281,0
1571236352500,1.3282626595222617,0.532853332865953,-0.4156215176772788,-0.38787884668713807,-0.29124889377694974,0
1571236352750,1.2847285943781785,0.5003376277145437,-0.4156215176772788,0.69562713154442,-0.29325921166731306,0
1571236353000,1.3282626595222617,0.5003376277145437,-0.4156215176772788,0.07889732175092051,-0.29325921166731306,0
1571236353250,1.2847285943781785,0.532853332865953,-0.4156215176772788,-0.8198941879412789,-0.2972829885697433,0
1571236353500,1.2847285943781785,0.532853332865953,-0.4156215176772788,0.3715310493819556,-0.2952711001185281,0
1571236353750,1.3282626595222617,0.532853332865953,-0.45056142194534043,-0.1987664146111281,-0.2972829885697433,0
1571236354000,1.2847285943781785,0.532853332865953,-0.4156215176772788,0.0925140934701681,-0.2952711001185281,0
1571236354250,1.2847285943781785,0.532853332865953,-0.3806816134092172,0.027136673973407948,-0.29325921166731306,0
1571236354500,1.2847285943781785,0.5003376277145437,-0.4156215176772788,-0.4996886119843139,-0.29124889377694974,0
1571236354750,1.2847285943781785,0.532853332865953,-0.4156215176772788,0.7056071257237442,-0.2952711001185281,0
1571236355000,1.3282626595222617,0.5003376277145437,-0.3806816134092172,0.09538968501336324,-0.29325921166731306,0
1571236355250,1.2847285943781785,0.5003376277145437,-0.4156215176772788,-0.5815583947435168,-0.29325921166731306,0
1571236355500,1.3282626595222617,0.5003376277145437,-0.4156215176772788,0.2617511134093881,-0.2952711001185281,0
1571236355750,1.2847285943781785,0.5003376277145437,-0.3806816134092172,-0.5132208074817028,-0.29325921166731306,0
1571236356000,1.3282626595222617,0.5003376277145437,-0.4156215176772788,0.802362323530075,-0.2952711001185281,0
1571236356250,1.2847285943781785,0.532853332865953,-0.3806816134092172,0.0755142728765733,-0.2952711001185281,0
1571236356500,1.2411945292340956,0.532853332865953,-0.3806816134092172,-0.9162265046383161,-0.2952711001185281,0
1571236356750,1.2847285943781785,0.532853332865953,-0.4156215176772788,0.7243830469763713,-0.2952711001185281,0
1571236357000,1.3282626595222617,0.532853332865953,-0.4156215176772788,-0.2958599173048936,-0.29325921166731306,0
1571236357250,1.2847285943781785,0.5003376277145437,-0.4156215176772788,0.17269235179219738,-0.29325921166731306,0
1571236357500,1.2847285943781785,0.532853332865953,-0.4156215176772788,0.08143460840668094,-0.29325921166731306,0
1571236357750,1.2847285943781785,0.532853332865953,-0.4156215176772788,-0.7220394992507854,-0.2972829885697433,0
1571236358000,1.2847285943781785,0.532853332865953,-0.3806816134092172,0.6242448002956935,-0.29325921166731306,0
1571236358250,1.3282626595222617,0.532853332865953,-0.4156215176772788,-0.23843266266284932,-0.29325921166731306,0
1571236358500,1.2411945292340956,0.532853332865953,-0.3457417091411556,0.35427750012278475,-0.29325921166731306,0
1571236358750,1.3282626595222617,0.532853332865953,-0.45056142194534043,0.2732534795821686,-0.29325921166731306,0
1571236359000,1.3282626595222617,0.532853332865953,-0.4156215176772788,-0.6017721117677415,-0.2952711001185281,0
1571236359250,1.3282626595222617,0.5003376277145437,-0.4156215176772788,0.4747986162714047,-0.2952711001185281,0
1571236359500,1.2847285943781785,0.532853332865953,-0.4156215176772788,-0.19293065530287914,-0.2952711001185281,0
1571236359750,1.371796724666345,0.532853332865953,-0.45056142194534043,0.4081525534467643,-0.29325921166731306,0
1571236360000,1.3282626595222617,0.532853332865953,-0.3806816134092172,-0.001703817680402161,-0.2972829885697433,0
1571236360250,1.2847285943781785,0.5653690380173624,-0.3806816134092172,-0.8142275810767472,-0.2952711001185281,0
1571236360500,1.2847285943781785,0.5653690380173624,-0.3806816134092172,0.41026695899323135,-0.2972829885697433,0
1571236360750,1.2847285943781785,0.5653690380173624,-0.3806816134092172,-0.2591538370182261,-0.29325921166731306,0
1571236361000,1.2847285943781785,0.5653690380173624,-0.3806816134092172,0.8323023060680479,-0.29325921166731306,0
1571236361250,1.2847285943781785,0.5978847431687717,-0.3806816134092172,0.07137003800549793,-0.2952711001185281,0
1571236361500,1.3282626595222617,0.5978847431687717,-0.310801804873094,-0.8388392616376233,-0.2952711001185281,0
1571236361750,1.110592333801846,0.630400448320181,-0.2758619006050324,0.4526396461444303,-0.2972829885697433,0
1571236362000,1.1976604640900124,0.5653690380173624,-0.3457417091411556,-0.18421930445143503,-0.2972829885697433,0
1571236362250,1.415330789810428,0.4678219225631344,-0.5204412304814636,-0.1935226888558899,-0.2972829885697433,0
1571236362500,1.2411945292340956,0.5003376277145437,-0.3806816134092172,-0.01557431806522579,-0.2972829885697433,0
1571236362750,1.3282626595222617,0.5003376277145437,-0.4156215176772788,-0.4259381465235444,-0.2972829885697433,0
1571236363000,1.2847285943781785,0.5003376277145437,-0.4156215176772788,0.7521240477460186,-0.29325921166731306,0
1571236363250,1.2847285943781785,0.5003376277145437,-0.4156215176772788,0.2925368581659478,-0.29124889377694974,0
1571236363500,1.3282626595222617,0.5003376277145437,-0.4156215176772788,-0.7511337195701715,-0.2952711001185281,0
1571236363750,1.2847285943781785,0.5003376277145437,-0.4156215176772788,0.30699939210378224,-0.29325921166731306,0
1571236364000,1.2847285943781785,0.5003376277145437,-0.4156215176772788,0.17336896156706683,-0.2972829885697433,0
1571236364250,1.2847285943781785,0.5003376277145437,-0.4156215176772788,-0.4398932231302267,-0.2952711001185281,0
1571236364500,1.2847285943781785,0.5003376277145437,-0.4156215176772788,0.5421212888709145,-0.2972829885697433,0
1571236364750,1.2847285943781785,0.5003376277145437,-0.4156215176772788,-0.19504506084934617,-0.2952711001185281,0
1571236365000,1.3282626595222617,0.5003376277145437,-0.4156215176772788,0.08845443482095144,-0.2972829885697433,0
1571236365250,1.2847285943781785,0.5003376277145437,-0.4156215176772788,-0.005763476329618833,-0.2952711001185281,0
1571236365500,1.3282626595222617,0.5003376277145437,-0.4156215176772788,-0.7372632191853479,-0.2952711001185281,0
1571236365750,1.2847285943781785,0.5003376277145437,-0.4156215176772788,0.5224996053997006,-0.2972829885697433,0
1571236366000,1.2847285943781785,0.5003376277145437,-0.4156215176772788,-0.18464218556072842,-0.2952711001185281,0
1571236366250,1.2847285943781785,0.5003376277145437,-0.4156215176772788,0.6437819075450487,-0.2972829885697433,0
1571236366500,1.3282626595222617,0.5003376277145437,-0.4156215176772788,0.08219579440340907,-0.2972829885697433,0
1571236366750,1.2847285943781785,0.5003376277145437,-0.3806816134092172,-0.8287746912364403,-0.2972829885697433,0
1571236367000,1.2847285943781785,0.5003376277145437,-0.4156215176772788,0.4967884339546616,-0.2972829885697433,0
1571236367250,1.2847285943781785,0.532853332865953,-0.3806816134092172,-0.17271693827865445,-0.29325921166731306,0
1571236367500,1.2847285943781785,0.532853332865953,-0.3806816134092172,-0.45680846750196286,-0.2972829885697433,0
1571236367750,1.2847285943781785,0.532853332865953,-0.3806816134092172,0.1840255655212606,-0.2952711001185281,0
1571236368000,1.2847285943781785,0.5003376277145437,-0.4156215176772788,-0.413590018132177,-0.2972829885697433,0
1571236368250,1.3282626595222617,0.5003376277145437,-0.4156215176772788,0.710174241704113,-0.29325921166731306,0
1571236368500,1.3282626595222617,0.5003376277145437,-0.4156215176772788,0.17184658957361057,-0.2972829885697433,0
1571236368750,1.2847285943781785,0.5003376277145437,-0.4156215176772788,-0.9042166811343835,-0.2972829885697433,0
1571236369000,1.2847285943781785,0.532853332865953,-0.3806816134092172,0.5824641466975052,-0.2952711001185281,0
1571236369250,1.2847285943781785,0.532853332865953,-0.3806816134092172,-0.03731040708290673,-0.2972829885697433,0
1571236369500,1.2847285943781785,0.5003376277145437,-0.4156215176772788,-0.997335101400791,-0.2952711001185281,0
1571236369750,1.3282626595222617,0.5003376277145437,-0.3806816134092172,0.4292966089114345,-0.2972829885697433,0
1571236370000,1.3282626595222617,0.5003376277145437,-0.4156215176772788,0.021216338443300304,-0.2972829885697433,0
1571236370250,1.2847285943781785,0.5003376277145437,-0.4156215176772788,-0.9988574733942472,-0.2972829885697433,0
1571236370500,1.3282626595222617,0.5003376277145437,-0.4156215176772788,0.4404606701967803,-0.2972829885697433,0
1571236370750,1.2847285943781785,0.5003376277145437,-0.4156215176772788,0.05031055876268645,-0.2972829885697433,0
1571236371000,1.2847285943781785,0.5003376277145437,-0.4156215176772788,-0.8134663950800192,-0.2972829885697433,0
1571236371250,1.3282626595222617,0.5003376277145437,-0.4156215176772788,0.3072531207693583,-0.2952711001185281,0
1571236371500,1.3282626595222617,0.5003376277145437,-0.4156215176772788,-0.023017025588789684,-0.2972829885697433,0
1571236371750,1.2847285943781785,0.5003376277145437,-0.4156215176772788,-0.8793512719079314,-0.29325921166731306,0
1571236372000,1.371796724666345,0.532853332865953,-0.4156215176772788,0.2757907662379291,-0.2972829885697433,0
1571236372250,1.3282626595222617,0.5003376277145437,-0.3806816134092172,-0.027161260459865038,-0.2952711001185281,0
1571236372500,1.2847285943781785,0.532853332865953,-0.310801804873094,-0.3469439553075367,-0.2972829885697433,0
1571236372750,1.2411945292340956,0.5003376277145437,-0.24092199633697078,0.214895886499679,-0.2952711001185281,0
1571236373000,1.2411945292340956,0.5003376277145437,-0.24092199633697078,-0.4643357512473854,-0.2972829885697433,0
1571236373250,1.1976604640900124,0.5003376277145437,-0.2059820920689092,0.5786582167138646,-0.2952711001185281,0
1571236373500,1.2847285943781785,0.5003376277145437,-0.2758619006050324,0.1638118484970359,-0.2952711001185281,0
1571236373750,1.1541263989459292,0.4678219225631344,-0.2059820920689092,-0.8711473783876393,-0.2972829885697433,0
1571236374000,1.371796724666345,0.37027480710890637,-0.4156215176772788,0.6575678317080137,-0.2952711001185281,0
1571236374250,1.067058268657763,0.5003376277145437,-0.13610228353278597,-0.00669381477006432,-0.2952711001185281,0
1571236374500,1.371796724666345,0.240211986503269,-0.3806816134092172,0.4118739072085462,-0.28923700532573465,0
1571236374750,2.111875832115758,0.27272769165467836,0.14341695061170687,0.058768180948554516,-0.29929487702095836,0
1571236375000,1.415330789810428,0.4027905122603157,-0.5553811347495252,0.07779783086675766,-0.28923700532573465,0
1571236375250,1.2847285943781785,0.33775910195749703,-0.48550132621340203,1.548409176545497,-0.29325921166731306,0
1571236375500,1.371796724666345,0.4027905122603157,-0.48550132621340203,0.7379152424737603,-0.29325921166731306,0
1571236375750,1.3282626595222617,0.33775910195749703,-0.5204412304814636,-1.201755829633222,-0.2952711001185281,0
1571236376000,1.3282626595222617,0.33775910195749703,-0.5204412304814636,-2.4901054172065047,-0.29325921166731306,0
1571236376250,1.371796724666345,0.37027480710890637,-0.5903210390175868,-1.7371233139986706,-0.29325921166731306,0
1571236376500,1.371796724666345,0.4027905122603157,-0.5553811347495252,-0.06741954206459705,-0.29325921166731306,0
1571236376750,1.2847285943781785,0.4027905122603157,-0.5204412304814636,-0.16789609363270966,-0.29124889377694974,0
1571236377000,1.371796724666345,0.37027480710890637,-0.5903210390175868,1.5287874930742833,-0.29325921166731306,0
1571236377250,1.415330789810428,0.37027480710890637,-0.66020084755371,0.19468216947545436,-0.29124889377694974,0
1571236377500,1.4588648549545111,0.37027480710890637,-0.5204412304814636,-0.28968585310920986,-0.29325921166731306,0
1571236377750,1.3282626595222617,0.33775910195749703,-0.5204412304814636,0.5468575572950006,-0.29325921166731306,0
1571236378000,1.5023989200985943,0.43530621741172504,-0.5903210390175868,-0.8043321631192817,-0.28923700532573465,0
1571236378250,0.8929220080814304,0.5003376277145437,-0.3457417091411556,0.629150221163497,-0.37975156833934076,0
1571236378500,1.3282626595222617,0.1751805762004503,-0.48550132621340203,-0.39472952065769124,-0.3234312561921323,0
1571236378750,-2.1979966171484726,0.4027905122603157,0.2831765676839533,0.9369230925072359,-0.4260155793521773,0
1571236379000,-0.021293359944315533,-0.24752359076787114,1.4012535042619247,0.43132643823604283,-0.3596373955097452,0
1571236379250,-2.8510075943097193,-0.80029057834183,0.3181164719520149,-3.4261950407383823,-0.3173971613993388,0
1571236379500,-2.4592010080129714,0.7604632689258184,-0.06622247499666276,0.3623968174212181,-0.3234312561921323,0
1571236379750,-4.722972395505294,-0.01991365470800574,-1.3939388371830037,0.9834400145295102,-0.3133749550577605,0
1571236380000,-2.5027350731570546,-0.2150078856164618,-0.3457417091411556,0.12871271642568344,-0.3073392897041151,0
1571236380250,-2.5027350731570546,-1.9708559637925664,-1.7083979755955583,-0.1245084918192065,-0.3173971613993388,0
1571236380500,0.6752516823610146,-1.3855732710671982,-2.1626167310803592,-0.6903234160537801,-0.31940904985055396,0
1571236380750,-0.6743043371055626,-1.3205418607643795,-1.4987585499871885,0.5405989168774583,-0.5205523487073619,0
1571236381000,0.10930883548793388,-1.5156360916728355,-1.7083979755955583,-1.1161646931122373,-0.4058998359617299,0
1571236381250,-0.19542962052064808,-1.3855732710671982,-1.7433378798636199,0.4612664207740158,-0.5165301423657835,0
1571236381500,1.067058268657763,-0.9628691040988767,-1.8481575926678047,-1.0311655901442631,-0.32946535098492585,0
1571236381750,-0.5872362068173963,-1.6782146174298822,-1.6734580713274967,-0.5797822940844845,-0.2349285816297413,0
1571236382000,-1.5885197051313085,-1.2555104504615608,-1.3939388371830037,1.1743285472645526,-0.2128025203489306,0
1571236382250,-1.457917509699059,-1.8733088483383382,-2.1626167310803592,-1.055354389595846,-0.24699677121532834,0
1571236382500,-2.067394421716223,-1.4506046813700169,-3.0011744335138375,3.944368965580062,-0.257054642910552,0
1571236382750,-1.6320537702753917,-1.3205418607643795,-2.3023763481526056,0.7517011666367253,-0.3455573174729431,0
1571236383000,-1.2402471839786433,-1.4506046813700169,-2.337316252420667,0.045574290338600325,-0.4219918024497472,0
1571236383250,-1.1967131188345603,-1.0929319247045142,-2.6168354865651597,-0.9680717286376874,-0.6352048614529938,0
1571236383500,-2.676871333733387,-1.3855732710671982,-2.5469556780290366,0.18512505640542343,-0.25504275445933694,0
1571236383750,-1.8497240959958072,-1.4831203865214262,-2.1626167310803592,0.09716578567239555,-0.257054642910552,0
1571236384000,-1.9803262914280568,-1.5806675019756542,-1.8830974969358663,0.07339986733010627,-0.48635809784096423,0
1571236384250,-2.067394421716223,-1.5806675019756542,-1.7782777841316815,-0.21390555832383196,-0.4441178637305578,0
1571236384500,-2.5027350731570546,-1.3855732710671982,-1.8481575926678047,0.3883617175318331,-0.29929487702095836,0
1571236384750,-2.1544625520043894,-1.4506046813700169,-1.7782777841316815,1.3618340311252475,-0.3857856631321343,0
1571236385000,-2.110928486860306,-1.6456989122784729,-1.4288787414510653,-2.033901276500781,-0.2952711001185281,0
1571236385250,-2.1979966171484726,-1.6131832071270635,-1.53369845425525,-1.0869013203491338,-0.3133749550577605,0
1571236385500,-2.1544625520043894,-1.4506046813700169,-2.0577970182761742,-1.177989911290933,-0.51049604757299,0
1571236385750,-1.5449856399872253,-1.1904790401587422,-2.5469556780290366,0.1803887879813373,-0.31940904985055396,0
1571236386000,-1.457917509699059,-1.0279005144016955,-2.791535007905468,0.8109890981596604,-0.3234312561921323,0
1571236386250,-1.0225768582582277,-0.9303533989474674,-2.9312946249777143,0.5883844822276129,-0.3093511781553302,0
1571236386500,-1.109644988546394,-0.6377120525847833,-2.896354720709653,-0.0636981883028151,-0.3093511781553302,0
1571236386750,-0.3260318159528975,-0.5726806422819646,-2.861414816441591,-0.0039027994487278585,-0.3113630666065453,0
1571236387000,-0.15189555537656493,-0.5401649371305552,-2.896354720709653,0.014111935807171124,-0.3093511781553302,0
1571236387250,0.06577477034385075,-0.7677748731904207,-2.896354720709653,-0.01980312915815982,-0.3093511781553302,0
1571236387500,0.022240705199767605,-0.4426178216763272,-2.896354720709653,0.22690571000361168,-0.3093511781553302,0
1571236387750,-0.1083614902324818,-0.41010211652491785,-2.4770758694929134,-0.7954516598241201,-0.3093511781553302,0
1571236388000,0.15284290063201703,-0.3450707062220992,-2.7216551993693447,0.13869271060500776,-0.3093511781553302,0
1571236388250,0.45758135664059896,-0.5726806422819646,-3.0710542420499607,-0.5653197601466501,-0.3093511781553302,0
1571236388500,0.5011154217846822,-0.3450707062220992,-3.315633571926392,0.27807432422811346,-0.3093511781553302,0
1571236388750,-2.372132877724805,-1.4831203865214262,-1.1842994115746341,-0.8158345292920622,-0.3757293619977624,0
1571236389000,-1.0225768582582277,-1.8407931431869289,-0.5553811347495252,0.15408558298328764,-0.5788845493057854,0
1571236389250,-0.5872362068173963,-1.5156360916728355,-0.5903210390175868,0.09285239835760283,-0.25504275445933694,0
1571236389500,-0.36956588109698063,-1.2555104504615608,-0.24092199633697078,0.6437819075450487,-0.2972829885697433,0
1571236389750,-0.9355087279700615,-0.702743462887602,0.7373953231687541,-1.6009555968061948,-0.4360718804865492,0
1571236390000,0.6752516823610146,0.045117755594812944,-1.5686383585233117,-0.05236497457375188,-0.5446902984393877,0
1571236390250,1.1541263989459292,0.3052433968060877,-1.9529773054719894,1.2005471760407436,-0.6975592683929958,0
1571236390500,0.9799901383695966,0.4027905122603157,-2.337316252420667,0.15797608918878694,-0.7397995025034021,0
1571236390750,0.9799901383695966,0.3052433968060877,-2.2324965396164824,0.15408558298328764,-0.7377876140521871,0
1571236391000,1.0235242035136798,0.37027480710890637,-2.2324965396164824,0.8601278830595539,-0.5648044712689833,0
1571236391250,0.9799901383695966,0.33775910195749703,-2.2324965396164824,0.7843475882741759,-0.3777396798881257,0
1571236391500,0.9799901383695966,0.33775910195749703,-2.1975566353484206,-2.359096849547408,-0.6070447053793896,0
1571236391750,0.9799901383695966,0.3052433968060877,-2.2324965396164824,0.937176821172812,-0.5587703764761899,0
1571236392000,0.9799901383695966,0.3052433968060877,-2.267436443884544,-2.5748507915089025,-0.331477239436141,0
1571236392250,0.9799901383695966,0.3052433968060877,-2.267436443884544,-0.33070532071067,-0.32141936774091723,0
1571236392500,0.9364560732255135,0.3052433968060877,-2.267436443884544,0.6202697178683355,-0.31940904985055396,0
1571236392750,0.9799901383695966,0.3052433968060877,-2.3023763481526056,0.6512246150686126,-0.31940904985055396,0
1571236393000,0.9364560732255135,0.3052433968060877,-2.3023763481526056,0.051917506978001376,-0.3234312561921323,0
1571236393250,0.9799901383695966,0.3052433968060877,-2.3023763481526056,-0.016504656505671275,-0.3375113342289344,0
1571236393500,0.9364560732255135,0.3052433968060877,-2.267436443884544,-0.18252778001426143,-0.3234312561921323,0
1571236393750,0.9364560732255135,0.3052433968060877,-2.267436443884544,-1.3775052186555603,-0.35159141226573665,0
1571236394000,0.9799901383695966,0.3052433968060877,-2.267436443884544,0.2808653395494499,-0.3234312561921323,0
1571236394250,0.9364560732255135,0.3052433968060877,-2.267436443884544,-0.35954581236448013,-0.32141936774091723,0
1571236394500,0.9364560732255135,0.3052433968060877,-2.267436443884544,0.8390684038167423,-0.3234312561921323,0
1571236394750,0.9799901383695966,0.3052433968060877,-2.3023763481526056,0.23620909440806656,-0.32141936774091723,0
1571236395000,0.9799901383695966,0.3052433968060877,-2.267436443884544,-0.9815193479132176,-0.3254431446433475,0
1571236395250,0.9364560732255135,0.3052433968060877,-2.267436443884544,1.0308872749922302,-0.3234312561921323,0
1571236395500,0.9799901383695966,0.33775910195749703,-2.267436443884544,0.4762364120430022,-0.3254431446433475,0
1571236395750,1.067058268657763,0.33775910195749703,-2.1276768268122974,-0.528529103638124,-0.3254431446433475,0
1571236396000,1.4588648549545111,0.37027480710890637,-1.6734580713274967,0.9530771508822439,-0.5969868336841659,0
1571236396250,1.5023989200985943,0.4027905122603157,-1.1842994115746341,-0.032404986215103244,-0.36567149030253865,0
1571236396500,1.415330789810428,0.4678219225631344,-1.1842994115746341,-0.3993812128599186,-0.43405999203533413,0
1571236396750,1.6330011155308437,0.4027905122603157,-0.24092199633697078,-1.6214230424959954,-0.331477239436141,0
1571236397000,0.9364560732255135,0.33775910195749703,-0.310801804873094,0.7347859222649891,-0.35360330071695173,0
1571236397250,1.110592333801846,0.14266487104904096,0.21329675914783008,0.4601669298898529,-0.7035933631857892,0
1571236397500,0.8493879429373472,0.43530621741172504,0.3181164719520149,-1.1447514561004715,-0.5044603822193446,0
1571236397750,1.5023989200985943,0.11014916589763163,0.4229361847561997,1.2523078238182561,-0.2128025203489306,0
1571236398000,0.6752516823610146,-0.1499764753136431,0.4229361847561997,-0.14438390395599643,-0.637216749904209,0
1571236398250,0.7187857475050978,0.1751805762004503,0.49281599329232295,-0.4162118810097961,-0.33549944577771934,0
1571236398500,0.9364560732255135,0.27272769165467836,0.2831765676839533,0.6106280285764459,-0.5567584880249746,0
1571236398750,0.8493879429373472,0.240211986503269,0.3181164719520149,-0.5638819643750526,-0.49239219263375766,0
1571236399000,0.8929220080814304,0.240211986503269,0.2831765676839533,0.2022940294427356,-0.3978554232785731,0
1571236399250,0.8929220080814304,0.20769628135185966,0.2831765676839533,0.986400182294564,-0.3173971613993388,0
1571236399500,0.8058538777932641,0.240211986503269,0.3181164719520149,0.29473583993427355,-0.31940904985055396,0
1571236399750,0.8929220080814304,0.240211986503269,0.2831765676839533,-0.44006237557394406,-0.31940904985055396,0
1571236400000,0.8493879429373472,0.20769628135185966,0.2831765676839533,-0.5350414727212425,-0.3133749550577605,0
1571236400250,0.8929220080814304,0.240211986503269,0.2831765676839533,0.11171289583208863,-0.31538527294812374,0
1571236400500,0.8493879429373472,0.240211986503269,0.2831765676839533,-0.6636819061682957,-0.31940904985055396,0
1571236400750,0.8929220080814304,0.240211986503269,0.2831765676839533,0.5300268891451232,-0.3173971613993388,0
1571236401000,0.8929220080814304,0.240211986503269,0.2831765676839533,-0.11664290318634918,-0.3173971613993388,0
1571236401250,0.8929220080814304,0.240211986503269,0.2831765676839533,0.542797898645784,-0.3173971613993388,0
1571236401500,0.8493879429373472,0.240211986503269,0.2831765676839533,0.30564617255404336,-0.31940904985055396,0
1571236401750,0.8493879429373472,0.240211986503269,0.2831765676839533,-0.48531065426833825,-0.3173971613993388,0
1571236402000,0.8929220080814304,0.240211986503269,0.2831765676839533,0.29295973927524127,-0.31940904985055396,0
1571236402250,0.8929220080814304,0.240211986503269,0.2831765676839533,0.39504323905866884,-0.3173971613993388,0
1571236402500,0.8929220080814304,0.240211986503269,0.2831765676839533,-0.0702105573859335,-0.31940904985055396,0
1571236402750,0.8929220080814304,0.240211986503269,0.2831765676839533,-1.012389668891636,-0.31940904985055396,0
1571236403000,0.8929220080814304,0.240211986503269,0.2831765676839533,0.7279352482944359,-0.31940904985055396,0
1571236403250,0.8929220080814304,0.240211986503269,0.2831765676839533,0.32306887425693154,-0.3173971613993388,0
1571236403500,0.8929220080814304,0.240211986503269,0.2831765676839533,-0.5043403041865414,-0.31940904985055396,0
1571236403750,0.8929220080814304,0.240211986503269,0.2831765676839533,0.5963346470823289,-0.3173971613993388,0
1571236404000,0.8929220080814304,0.240211986503269,0.2831765676839533,0.2181097829303089,-0.3173971613993388,0
1571236404250,0.8929220080814304,0.240211986503269,0.2831765676839533,-0.47186303499280796,-0.3173971613993388,0
1571236404500,0.8493879429373472,0.240211986503269,0.2831765676839533,0.18394098929940192,-0.3173971613993388,0
1571236404750,0.8929220080814304,0.240211986503269,0.2831765676839533,0.29160651972550233,-0.3173971613993388,0
1571236405000,0.8929220080814304,0.240211986503269,0.2831765676839533,-0.16087626721843917,-0.31940904985055396,0
1571236405250,0.8929220080814304,0.240211986503269,0.2831765676839533,-1.1758755057444659,-0.3173971613993388,0
1571236405500,0.8929220080814304,0.240211986503269,0.2831765676839533,0.5310418038074274,-0.3173971613993388,0
1571236405750,0.8929220080814304,0.240211986503269,0.2831765676839533,0.17937387331903315,-0.3173971613993388,0
1571236406000,0.8929220080814304,0.240211986503269,0.2831765676839533,-0.7710091317069614,-0.31940904985055396,0
1571236406250,0.8929220080814304,0.240211986503269,0.2831765676839533,0.8231680741073104,-0.3173971613993388,0
1571236406500,0.8493879429373472,0.240211986503269,0.2831765676839533,0.32585988957826806,-0.3173971613993388,0
1571236406750,0.8929220080814304,0.240211986503269,0.2831765676839533,-0.5476433297781858,-0.3173971613993388,0
1571236407000,0.8929220080814304,0.240211986503269,0.2831765676839533,0.8253670558756362,-0.31940904985055396,0
1571236407250,0.9364560732255135,0.240211986503269,0.24823666341589168,0.3408298808472545,-0.3173971613993388,0
1571236407500,0.8929220080814304,0.240211986503269,0.24823666341589168,-0.415196966347492,-0.42400369090096224,0
1571236407750,0.9364560732255135,0.240211986503269,0.24823666341589168,0.040668869470796856,-0.3173971613993388,0
1571236408000,0.8929220080814304,0.240211986503269,0.2831765676839533,0.3102132885344121,-0.31538527294812374,0
1571236408250,0.8493879429373472,0.20769628135185966,0.3181164719520149,-0.08425021021447447,-0.32141936774091723,0
1571236408500,0.8493879429373472,0.240211986503269,0.3181164719520149,-1.1930444787817778,-0.3274550330945626,0
1571236408750,0.8058538777932641,0.240211986503269,0.3181164719520149,0.5295194318139711,-0.40187762962015144,0
1571236409000,0.8058538777932641,0.240211986503269,0.3530563762200765,0.15087168655265779,-0.3173971613993388,0
1571236409250,0.8058538777932641,0.240211986503269,0.3530563762200765,-0.6912537544942257,-0.31538527294812374,0
1571236409500,0.8493879429373472,0.240211986503269,0.3181164719520149,0.4078142485593296,-0.3173971613993388,0
1571236409750,0.8929220080814304,0.240211986503269,0.2831765676839533,-0.22743775382122083,-0.31538527294812374,0
1571236410000,0.8929220080814304,0.240211986503269,0.2831765676839533,0.0020175360813797887,-0.3173971613993388,0
1571236410250,0.8929220080814304,0.240211986503269,0.2831765676839533,0.17573709577910987,-0.3133749550577605,0
1571236410500,0.8929220080814304,0.240211986503269,0.2831765676839533,-0.3681725869940655,-0.31538527294812374,0
1571236410750,0.8929220080814304,0.240211986503269,0.2831765676839533,0.7517011666367253,-0.3173971613993388,0
1571236411000,0.8929220080814304,0.240211986503269,0.2831765676839533,0.13903101549244246,-0.31538527294812374,0
1571236411250,0.8929220080814304,0.240211986503269,0.2831765676839533,-0.9183409101847831,-0.31538527294812374,0
1571236411500,0.8493879429373472,0.240211986503269,0.2831765676839533,0.4404606701967803,-0.3173971613993388,0
1571236411750,0.8493879429373472,0.240211986503269,0.2831765676839533,-0.09668291482770054,-0.3173971613993388,0
1571236412000,0.8929220080814304,0.240211986503269,0.2831765676839533,-0.10742409500375298,-0.31538527294812374,0
1571236412250,0.8929220080814304,0.240211986503269,0.2831765676839533,0.3952123915023862,-0.3173971613993388,0
1571236412500,0.8929220080814304,0.240211986503269,0.2831765676839533,-0.07257869159797656,-0.3173971613993388,0
1571236412750,0.8929220080814304,0.240211986503269,0.2831765676839533,-1.085717253243112,-0.3173971613993388,0
1571236413000,0.8929220080814304,0.240211986503269,0.2831765676839533,0.8504861937676643,-0.3133749550577605,0
1571236413250,0.8929220080814304,0.240211986503269,0.2831765676839533,0.39487408661495144,-0.3173971613993388,0
1571236413500,0.8929220080814304,0.240211986503269,0.2831765676839533,-0.5475587535563271,-0.31538527294812374,0
1571236413750,0.8929220080814304,0.240211986503269,0.2831765676839533,0.2661490769460395,-0.31940904985055396,0
1571236414000,0.8929220080814304,0.240211986503269,0.2831765676839533,0.26995500692968016,-0.31538527294812374,0
1571236414250,0.8929220080814304,0.240211986503269,0.2831765676839533,-0.1791447311399142,-0.31940904985055396,0
1571236414500,0.8929220080814304,0.240211986503269,0.2831765676839533,-0.6961591753620291,-0.3133749550577605,0
1571236414750,0.8929220080814304,0.240211986503269,0.2831765676839533,0.37322257381912916,-0.3173971613993388,0
1571236415000,0.8929220080814304,0.240211986503269,0.2831765676839533,-0.0527032794611866,-0.3173971613993388,0
1571236415250,0.8493879429373472,0.240211986503269,0.2831765676839533,-1.1581144991541428,-0.3173971613993388,0
1571236415500,0.8929220080814304,0.240211986503269,0.2831765676839533,0.5312955324730034,-0.31538527294812374,0
1571236415750,0.8493879429373472,0.240211986503269,0.2831765676839533,0.13725491483341015,-0.3133749550577605,0
1571236416000,0.9364560732255135,0.240211986503269,0.2831765676839533,-1.1127816442378902,-0.3173971613993388,0
1571236416250,0.9799901383695966,0.14266487104904096,0.3530563762200765,0.6157871781098254,-0.31538527294812374,0
1571236416500,0.5881835520728484,-1.0604162195531048,0.7373953231687541,0.2640346713995725,-0.3274550330945626,0
1571236416750,-1.5449856399872253,-1.6782146174298822,0.49281599329232295,-1.0797123414911458,-0.7116393464297979,0
1571236417000,-1.3273153142668097,-0.3450707062220992,0.3530563762200765,0.6332944560345722,-0.48233589149938577,0
1571236417250,-0.36956588109698063,1.2481988461969586,1.645832834138356,0.19079166326995503,-0.5306102204025855,0
1571236417500,0.15284290063201703,1.280714551348368,0.038597237807522056,-1.3468886263427182,-0.5446902984393877,0
1571236417750,1.763603310963093,1.0856203204399117,0.9120948445090622,0.6662791825594578,-0.40187762962015144,0
1571236418000,-0.9355087279700615,1.2156831410455493,0.3181164719520149,0.8064219821792916,-0.3415351111313647,0
1571236418250,-0.5872362068173963,1.0856203204399117,0.9470347487771238,-0.44581355866033434,-0.3898094400345645,0
1571236418500,-0.9790427931141445,0.9555574998342745,1.1566741743854934,0.08092715107552885,-0.3857856631321343,0
1571236418750,-0.3260318159528975,1.378261666802596,0.8771549402410006,-0.6505725917802002,-0.4260155793521773,0
1571236419000,-0.23896368566473122,1.6383873080138707,0.7024554189006925,1.0182854179352867,-0.36567149030253865,0
1571236419250,-1.109644988546394,1.1506517307427304,1.2265539829216165,-0.6419458171506148,-0.36567149030253865,0
1571236419500,-2.807473529165636,1.1506517307427304,1.471133312798048,0.1069766274080025,-0.36567149030253865,0
1571236419750,-2.9816097897419684,0.9230417946828652,0.7373953231687541,0.060713434051304166,-0.34957952381452145,0
1571236420000,-4.069961418344047,0.7929789740772277,-0.5553811347495252,-0.35810801659288255,-0.3395232226801496,0
1571236420250,-2.2850647474366386,0.9880732049856839,1.471133312798048,-0.171786599838209,-0.33549944577771934,0
1571236420500,-0.7613724673937289,1.3457459616511867,0.3530563762200765,-1.0106135682326036,-0.3938316463761429,0
1571236420750,0.41404729149651587,0.9880732049856839,0.7723352274368158,0.488753692878087,-0.3596373955097452,0
1571236421000,-0.804906532537812,0.9555574998342745,0.7373953231687541,0.30310888589828294,-0.3455573174729431,0
1571236421250,-1.6755878354194749,0.8905260895314557,0.9470347487771238,0.951977659998081,-0.32946535098492585,0
1571236421500,-0.5872362068173963,1.020588910137093,0.5976357060965077,-0.2591538370182261,-0.3737174735465473,0
1571236421750,1.371796724666345,1.67090301316528,-0.5903210390175868,-1.327351519093363,-0.331477239436141,0
1571236422000,1.2411945292340956,1.280714551348368,0.3879962804881381,0.7275969434070013,-0.46222014810893836,0
1571236422250,-2.1544625520043894,0.630400448320181,0.842215035972939,0.33558615509201634,-0.36768337875375384,0
1571236422500,-2.2850647474366386,0.630400448320181,0.8771549402410006,-0.01701211383682336,-0.35360330071695173,0
1571236422750,-2.8510075943097193,0.532853332865953,0.7024554189006925,-0.8643812806389449,-0.34354542902172797,0
1571236423000,-2.8510075943097193,0.4027905122603157,0.3181164719520149,1.4500470305238515,-0.34354542902172797,0
1571236423250,-2.7639394640215533,0.630400448320181,0.7723352274368158,-0.5260763932042223,-0.34354542902172797,0
1571236423500,-3.6346207669032156,0.5653690380173624,0.4229361847561997,0.17725946777256613,-0.3455573174729431,0
1571236423750,-3.460484506326883,0.8580103843800464,0.7024554189006925,0.23536333218947975,-0.3475692059241582,0
1571236424000,-2.02386035657214,1.0531046152885024,0.842215035972939,-1.2183327691175234,-0.3375113342289344,0
1571236424250,-2.4592010080129714,1.18316743589414,0.5277558975603845,0.3935208670652126,-0.3475692059241582,0
1571236424500,0.3705132263524327,1.280714551348368,0.7723352274368158,-0.3131134665640644,-0.3375113342289344,0
1571236424750,-0.8919746628259783,1.3457459616511867,0.8771549402410006,0.6513937675123299,-0.34354542902172797,0
1571236425000,-1.5885197051313085,1.3457459616511867,0.842215035972939,-0.38745596557784473,-0.36365960185132357,0
1571236425250,-1.1967131188345603,1.475808782256824,0.8771549402410006,-0.22599995804962328,-0.36567149030253865,0
1571236425500,-2.372132877724805,1.280714551348368,0.6675155146326309,-0.1204488331699898,-0.3737174735465473,0
1571236425750,-2.110928486860306,1.18316743589414,1.0867943658493702,0.6959654364318546,-0.35360330071695173,0
1571236426000,-1.370849379410893,1.2156831410455493,1.016914557313247,0.32273056936949684,-0.3455573174729431,0
1571236426250,-1.9367922262839736,1.280714551348368,0.842215035972939,-1.2371932665920093,-0.34354542902172797,0
1571236426500,-2.2850647474366386,1.3457459616511867,0.7723352274368158,1.0066984755406474,-0.3455573174729431,0
1571236426750,-2.2415306822925554,1.3132302564997773,0.7723352274368158,-0.1524186450325711,-0.3455573174729431,0
1571236427000,-1.5449856399872253,1.280714551348368,0.5626958018284461,0.7400296480202273,-0.3455573174729431,0
1571236427250,-3.2863482457505504,0.9555574998342745,0.8072751317048774,0.005400584955727016,-0.3415351111313647,0
1571236427500,-1.8061900308517242,0.6954318586229997,0.8771549402410006,-1.19803447587144,-0.3415351111313647,0
1571236427750,-2.372132877724805,0.7929789740772277,1.0867943658493702,0.5116738490017895,-0.3375113342289344,0
1571236428000,-2.676871333733387,0.8254946792286371,0.7723352274368158,-0.2312436838048615,-0.3395232226801496,0
1571236428250,-2.372132877724805,0.9230417946828652,0.8771549402410006,-0.975345283717534,-0.3415351111313647,0
1571236428500,-1.109644988546394,1.2481988461969586,1.016914557313247,0.3366856459761791,-0.3455573174729431,0
1571236428750,-0.4130999462410638,1.2481988461969586,0.9470347487771238,0.4287045753584237,-0.3455573174729431,0
1571236429000,-1.0661109234023107,1.0531046152885024,0.842215035972939,-0.6745076625662068,-0.3455573174729431,0
1571236429250,-0.804906532537812,0.9880732049856839,1.191614078653555,0.8876151551636251,-0.35360330071695173,0
1571236429500,-1.3273153142668097,0.8905260895314557,1.016914557313247,-0.29053161532779664,-0.3777396798881257,0
1571236429750,-1.1967131188345603,0.9880732049856839,0.9470347487771238,-0.8736000888215412,-0.36768337875375384,0
1571236430000,-1.5449856399872253,0.9880732049856839,1.6807727384064175,0.7067066166079071,-0.3898094400345645,0
1571236430250,-1.8497240959958072,0.8905260895314557,0.9819746530451854,-0.1536027121385926,-0.3737174735465473,0
1571236430500,-2.8945416594538025,0.33775910195749703,-0.13610228353278597,-0.06259869741865225,-0.4662439250113685,0
1571236430750,-3.547552636615049,-0.05242935985941508,1.1217342701174318,0.2936363490501107,-0.51049604757299,0
1571236431000,-4.81004052579346,-0.5076492319791459,0.5626958018284461,-0.44412203422316077,-0.4219918024497472,0
1571236431250,-3.9828932880558807,0.27272769165467836,0.2831765676839533,0.3027705810108482,-0.3455573174729431,0
1571236431500,-1.8497240959958072,0.8905260895314557,-0.48550132621340203,-0.005678900107760152,-0.3475692059241582,0
1571236431750,0.9364560732255135,-0.05242935985941508,0.9470347487771238,-0.7228852614693722,-0.3556151891681668,0
1571236432000,-2.676871333733387,0.045117755594812944,0.5277558975603845,0.15053338166522304,-0.3757293619977624,0
1571236432250,-1.7191219005635578,0.630400448320181,0.9470347487771238,-0.0041565281143039,-0.27917913363051094,0
1571236432500,-1.109644988546394,-0.05242935985941508,1.6807727384064175,1.21999970706824,-0.3616492839609603,0
1571236432750,0.19637696577610014,-0.1499764753136431,0.3879962804881381,-0.2325123271327417,-0.3234312561921323,0
1571236433000,-0.4566340113851469,-0.01991365470800574,0.9819746530451854,-0.2482435043984563,-0.3173971613993388,0
1571236433250,-0.5872362068173963,-0.3450707062220992,1.0518544615813086,0.17125455602059983,-0.31538527294812374,0
1571236433500,-5.7242558938192065,-0.5726806422819646,-0.5553811347495252,1.0637028490733982,-0.3113630666065453,0
1571236433750,-3.242814180606467,-1.1579633350073328,0.7373953231687541,-0.24502960796782644,-0.3113630666065453,0
1571236434000,-1.6755878354194749,-0.4751335268277365,0.5976357060965077,1.0941502889425232,-0.31940904985055396,0
1571236434250,-2.02386035657214,-1.1254476298559235,0.5277558975603845,0.2568456925415846,-0.31940904985055396,0
1571236434500,-2.2415306822925554,-0.6377120525847833,0.842215035972939,-0.8801970341265183,-0.3173971613993388,0
1571236434750,-2.7639394640215533,-0.5401649371305552,0.7373953231687541,-1.973852158981118,-0.31940904985055396,0
1571236435000,-3.2863482457505504,-0.6377120525847833,0.5626958018284461,-0.45579355283965867,-0.3173971613993388,0
1571236435250,-2.72040539887747,-0.6051963474333739,0.5277558975603845,-1.0237228826206992,-0.3113630666065453,0
1571236435500,-2.9816097897419684,-0.5401649371305552,0.4578760890242613,-0.8274214716867014,-0.3173971613993388,0
1571236435750,-2.9816097897419684,-0.4751335268277365,0.5277558975603845,-0.45257965640902886,-0.3173971613993388,0
1571236436000,-2.72040539887747,-0.3775864113735085,0.49281599329232295,0.8184318056832243,-0.31538527294812374,0
1571236436250,-3.0251438548860516,-0.4426178216763272,0.5277558975603845,-1.9431509904464168,-0.31538527294812374,0
1571236436500,-2.9380757245978852,-0.4426178216763272,0.5976357060965077,0.9156098845988484,-0.3173971613993388,0
1571236436750,-2.9816097897419684,-0.4426178216763272,0.5626958018284461,0.37931206179295424,-0.31538527294812374,0
1571236437000,-2.8945416594538025,-0.3775864113735085,0.5277558975603845,1.5529762925258659,-0.3173971613993388,0
1571236437250,-2.9816097897419684,-0.4426178216763272,0.5277558975603845,0.3853169735449205,-0.3133749550577605,0
1571236437500,-3.0251438548860516,-0.41010211652491785,0.5626958018284461,0.93345546741103,-0.3173971613993388,0
1571236437750,-2.9816097897419684,-0.4426178216763272,0.5277558975603845,0.17624455311026196,-0.3133749550577605,0
1571236438000,-2.9816097897419684,-0.41010211652491785,0.5626958018284461,-0.31302889034220577,-0.31538527294812374,0
1571236438250,-3.0251438548860516,-0.41010211652491785,0.5626958018284461,0.2610745036345187,-0.3133749550577605,0
1571236438500,-3.0251438548860516,-0.41010211652491785,0.5626958018284461,-0.6937064649281273,-0.3173971613993388,0
1571236438750,-3.0251438548860516,-0.41010211652491785,0.5626958018284461,0.724213894532654,-0.31538527294812374,0
1571236439000,-3.0251438548860516,-0.41010211652491785,0.5626958018284461,0.06908648001531356,-0.3173971613993388,0
1571236439250,-3.0251438548860516,-0.41010211652491785,0.5277558975603845,-1.0179716995343089,-0.31538527294812374,0
1571236439500,-3.0251438548860516,-0.41010211652491785,0.5277558975603845,0.41847085251352334,-0.3173971613993388,0
1571236439750,-3.0251438548860516,-0.41010211652491785,0.5626958018284461,-0.21830352186048335,-0.31538527294812374,0
1571236440000,-3.068677920030135,-0.41010211652491785,0.5277558975603845,0.19112996815738975,-0.3173971613993388,0
1571236440250,-2.807473529165636,-0.2800392959192805,0.3879962804881381,0.3109744745311402,-0.3133749550577605,0
1571236440500,-3.0251438548860516,-0.3775864113735085,0.5277558975603845,-0.26845722142268097,-0.3173971613993388,0
1571236440750,-3.2863482457505504,-0.5076492319791459,0.4578760890242613,-0.8199787641631375,-0.3173971613993388,0
1571236441000,-2.676871333733387,-0.897837693796058,0.5626958018284461,0.4696394667380252,-0.31940904985055396,0
1571236441250,-2.415666942868888,-0.11746077016223377,-0.17104218780084757,0.03567887238113469,-0.31940904985055396,0
1571236441500,-0.19542962052064808,-0.995384809250286,-0.6252609432856484,-1.083433695252928,-0.32141936774091723,0
1571236441750,1.371796724666345,0.14266487104904096,-1.638518167059435,0.524783163389885,-0.4119355013153752,0
1571236442000,1.2411945292340956,0.1751805762004503,-1.3589989329149421,0.11408103004413167,-0.29325921166731306,0
1571236442250,1.371796724666345,0.1751805762004503,-1.3939388371830037,-0.6426224269254842,-0.3013051949113216,0
1571236442500,1.371796724666345,0.20769628135185966,-1.289119124378819,1.5427425696809656,-0.3013051949113216,0
1571236442750,1.371796724666345,0.20769628135185966,-1.4288787414510653,1.7905508997268997,-0.3737174735465473,0
1571236443000,1.371796724666345,0.240211986503269,-1.4288787414510653,-0.762382357077376,-0.31538527294812374,0
1571236443250,1.371796724666345,0.20769628135185966,-1.4987585499871885,0.4468038868361814,-0.3033170833625367,0
1571236443500,1.371796724666345,0.1751805762004503,-1.463818645719127,0.3607898692059031,-0.3033170833625367,0
1571236443750,1.371796724666345,0.1751805762004503,-1.463818645719127,-2.32501263213836,-0.3033170833625367,0
1571236444000,1.371796724666345,0.20769628135185966,-1.4987585499871885,-0.4584154157172778,-0.30532897181375185,0
1571236444250,1.371796724666345,0.20769628135185966,-1.463818645719127,-0.4732162545425469,-0.3133749550577605,0
1571236444500,1.371796724666345,0.20769628135185966,-1.463818645719127,0.6685627405496422,-0.3073392897041151,0
1571236444750,1.371796724666345,0.20769628135185966,-1.463818645719127,-0.020733467598605306,-0.30532897181375185,0
1571236445000,1.371796724666345,0.20769628135185966,-1.463818645719127,0.4497640546012352,-0.30532897181375185,0
1571236445250,1.371796724666345,0.20769628135185966,-1.463818645719127,-0.09127003662874497,-0.30532897181375185,0
1571236445500,1.371796724666345,0.20769628135185966,-1.463818645719127,0.7471340506563565,-0.30532897181375185,0
1571236445750,1.371796724666345,0.20769628135185966,-1.463818645719127,0.13733949105526885,-0.30532897181375185,0
1571236446000,1.371796724666345,0.20769628135185966,-1.4987585499871885,-0.8424760391775467,-0.30532897181375185,0
1571236446250,1.371796724666345,0.20769628135185966,-1.463818645719127,0.6357471664684741,-0.3033170833625367,0
1571236446500,1.371796724666345,0.20769628135185966,-1.4987585499871885,0.2084680936384193,-0.30532897181375185,0
1571236446750,1.371796724666345,0.20769628135185966,-1.463818645719127,-0.6265529447723348,-0.3073392897041151,0
1571236447000,1.371796724666345,0.20769628135185966,-1.463818645719127,0.6817566311595964,-0.30532897181375185,0
1571236447250,1.371796724666345,0.20769628135185966,-1.463818645719127,0.0570766565113809,-0.30532897181375185,0
1571236447500,1.371796724666345,0.20769628135185966,-1.463818645719127,-0.5014647126433462,-0.30532897181375185,0
1571236447750,1.371796724666345,0.240211986503269,-1.463818645719127,0.804984186407694,-0.3073392897041151,0
1571236448000,1.371796724666345,0.20769628135185966,-1.463818645719127,0.21311978584064675,-0.3073392897041151,0
1571236448250,1.371796724666345,0.20769628135185966,-1.4987585499871885,-0.6171649841460213,-0.3093511781553302,0
1571236448500,1.371796724666345,0.20769628135185966,-1.4987585499871885,0.7839247071648826,-0.3073392897041151,0
1571236448750,1.371796724666345,0.20769628135185966,-1.4987585499871885,0.43589355421641157,-0.3093511781553302,0
1571236449000,1.371796724666345,0.20769628135185966,-1.4987585499871885,-0.41401289924147044,-0.3073392897041151,0
1571236449250,1.371796724666345,0.20769628135185966,-1.4987585499871885,0.6068220985928052,-0.3093511781553302,0
1571236449500,1.371796724666345,0.20769628135185966,-1.463818645719127,0.4271822033649675,-0.3093511781553302,0
1571236449750,1.371796724666345,0.20769628135185966,-1.463818645719127,-0.36309801368254463,-0.3093511781553302,0
1571236450000,1.371796724666345,0.20769628135185966,-1.463818645719127,-0.20088082015759512,-0.3093511781553302,0
1571236450250,1.371796724666345,0.240211986503269,-1.463818645719127,-0.01041516853184627,-0.3073392897041151,0
1571236450500,1.3282626595222617,0.20769628135185966,-1.463818645719127,-0.48192760539399104,-0.30532897181375185,0
1571236450750,1.371796724666345,0.20769628135185966,-1.463818645719127,0.5295194318139711,-0.3093511781553302,0
1571236451000,1.371796724666345,0.20769628135185966,-1.4987585499871885,0.3559690245599583,-0.30532897181375185,0
1571236451250,1.3282626595222617,0.20769628135185966,-1.4987585499871885,-0.3511727664004707,-0.3093511781553302,0
1571236451500,1.371796724666345,0.20769628135185966,-1.4987585499871885,-0.017773299833551488,-0.3033170833625367,0
1571236451750,1.371796724666345,0.20769628135185966,-1.4987585499871885,0.396311882386549,-0.3073392897041151,0
1571236452000,1.371796724666345,0.20769628135185966,-1.4987585499871885,-0.14793610527406104,-0.30532897181375185,0
1571236452250,1.371796724666345,0.20769628135185966,-1.4987585499871885,-0.7694021834916465,-0.3073392897041151,0
1571236452500,1.371796724666345,0.20769628135185966,-1.463818645719127,0.25802975964760616,-0.30532897181375185,0
1571236452750,1.371796724666345,0.20769628135185966,-1.4987585499871885,-0.19360726507774859,-0.3093511781553302,0
1571236453000,1.371796724666345,0.20769628135185966,-1.463818645719127,-0.6347568382926269,-0.30532897181375185,0
1571236453250,1.371796724666345,0.240211986503269,-1.4987585499871885,0.2913527910599263,-0.3073392897041151,0
1571236453500,1.371796724666345,0.20769628135185966,-1.4987585499871885,-0.0916083415161797,-0.3073392897041151,0
1571236453750,1.371796724666345,0.20769628135185966,-1.4987585499871885,-0.766103710839158,-0.3073392897041151,0
1571236454000,1.371796724666345,0.20769628135185966,-1.4987585499871885,0.46676387519483004,-0.3093511781553302,0
1571236454250,1.371796724666345,0.20769628135185966,-1.4987585499871885,0.027982436191994753,-0.3073392897041151,0
1571236454500,1.371796724666345,0.20769628135185966,-1.4987585499871885,-1.0514638833903467,-0.30532897181375185,0
1571236454750,1.371796724666345,0.20769628135185966,-1.463818645719127,0.627543272948182,-0.3093511781553302,0
1571236455000,1.371796724666345,0.20769628135185966,-1.4987585499871885,0.13590169528367127,-0.3093511781553302,0
1571236455250,1.371796724666345,0.20769628135185966,-1.4987585499871885,-0.9396541180931708,-0.3093511781553302,0
1571236455500,1.371796724666345,0.20769628135185966,-1.463818645719127,0.5603051765705309,-0.3093511781553302,0
1571236455750,1.371796724666345,0.20769628135185966,-1.463818645719127,0.15636914097347202,-0.3093511781553302,0
1571236456000,1.371796724666345,0.20769628135185966,-1.4987585499871885,-0.8291129961238751,-0.3093511781553302,0
1571236456250,1.371796724666345,0.20769628135185966,-1.4987585499871885,0.867486014361259,-0.3073392897041151,0
1571236456500,1.371796724666345,0.20769628135185966,-1.4987585499871885,0.36594901873928265,-0.3093511781553302,0
1571236456750,1.371796724666345,0.20769628135185966,-1.4987585499871885,-0.6411000549320279,-0.3073392897041151,0
1571236457000,1.371796724666345,0.20769628135185966,-1.4987585499871885,0.8069294395104437,-0.3073392897041151,0
1571236457250,1.415330789810428,0.532853332865953,-1.7433378798636199,0.3250141273596812,-0.3073392897041151,0
1571236457500,1.2411945292340956,0.20769628135185966,-1.638518167059435,-0.34872005596656896,-0.28923700532573465,0
1571236457750,1.2847285943781785,0.27272769165467836,-1.638518167059435,-0.4329579729378149,-0.3113630666065453,0
1571236458000,1.3282626595222617,0.27272769165467836,-1.6734580713274967,-0.44412203422316077,-0.3133749550577605,0
1571236458250,1.3282626595222617,0.240211986503269,-1.638518167059435,-0.8504262040322625,-0.3133749550577605,0
1571236458500,1.3282626595222617,0.240211986503269,-1.638518167059435,1.1914975203018647,-0.3133749550577605,0
1571236458750,1.3282626595222617,0.20769628135185966,-1.638518167059435,0.7006171286340822,-0.3133749550577605,0
1571236459000,1.3282626595222617,0.20769628135185966,-1.6035782627913733,-0.23276605579831774,-0.29929487702095836,0
1571236459250,1.2847285943781785,0.20769628135185966,-1.638518167059435,-0.6091302430694466,-0.3133749550577605,0
1571236459500,1.3282626595222617,0.20769628135185966,-1.638518167059435,0.4243066118217724,-0.3133749550577605,0
1571236459750,1.3282626595222617,0.20769628135185966,-1.638518167059435,-0.17127914250705686,-0.3093511781553302,0
1571236460000,1.3282626595222617,0.1751805762004503,-1.638518167059435,0.6316029315973987,-0.3133749550577605,0
1571236460250,1.3282626595222617,0.20769628135185966,-1.638518167059435,0.13590169528367127,-0.3133749550577605,0
1571236460500,1.3282626595222617,0.20769628135185966,-1.638518167059435,-0.6440602226970819,-0.31538527294812374,0
1571236460750,1.3282626595222617,0.20769628135185966,-1.638518167059435,0.6182398885437271,-0.3133749550577605,0
1571236461000,1.3282626595222617,0.20769628135185966,-1.6035782627913733,-0.024031940251093856,-0.31538527294812374,0
1571236461250,1.3282626595222617,0.20769628135185966,-1.638518167059435,-0.5347877440556664,-0.3133749550577605,0
1571236461500,1.3282626595222617,0.20769628135185966,-1.638518167059435,0.3997795074827549,-0.3133749550577605,0
1571236461750,1.2847285943781785,0.20769628135185966,-1.638518167059435,-0.45723134861125625,-0.3133749550577605,0
1571236462000,1.3282626595222617,0.20769628135185966,-1.638518167059435,0.704084753730288,-0.3133749550577605,0
1571236462250,1.2847285943781785,0.20769628135185966,-1.638518167059435,0.2321494357588499,-0.3093511781553302,0
1571236462500,1.3282626595222617,0.20769628135185966,-1.6734580713274967,-0.49224590446075006,-0.3093511781553302,0
1571236462750,1.2847285943781785,0.20769628135185966,-1.638518167059435,0.802869780861227,-0.3133749550577605,0
1571236463000,1.3282626595222617,0.20769628135185966,-1.638518167059435,0.1931597974819981,-0.3113630666065453,0
1571236463250,1.2847285943781785,0.20769628135185966,-1.638518167059435,-0.651418353998787,-0.3133749550577605,0
1571236463500,1.3282626595222617,0.1751805762004503,-1.6734580713274967,0.728696434291164,-0.3113630666065453,0
1571236463750,1.2847285943781785,0.1751805762004503,-1.6734580713274967,0.3437054723904497,-0.3133749550577605,0
1571236464000,1.2847285943781785,0.1751805762004503,-1.6734580713274967,-0.6918457880472363,-0.3113630666065453,0
1571236464250,1.2847285943781785,0.20769628135185966,-1.6734580713274967,0.9361619065105078,-0.3113630666065453,0
1571236464500,1.2847285943781785,0.240211986503269,-1.6734580713274967,0.4079834010030469,-0.3113630666065453,0
1571236464750,1.3282626595222617,0.27272769165467836,-1.6734580713274967,-0.47820625163220903,-0.3133749550577605,0
1571236465000,1.3282626595222617,0.11014916589763163,-1.9180374012039278,0.2685172111580826,-0.31538527294812374,0
1571236465250,0.9799901383695966,-0.05242935985941508,-2.022857114008113,-0.07224038671054182,-0.3133749550577605,0
1571236465500,1.110592333801846,0.240211986503269,-2.0577970182761742,-0.7620440521899413,-0.31538527294812374,0
1571236465750,1.110592333801846,0.240211986503269,-2.0577970182761742,0.7905216524698597,-0.31538527294812374,0
1571236466000,1.110592333801846,0.240211986503269,-2.022857114008113,-0.02961397089376678,-0.31538527294812374,0
1571236466250,1.1541263989459292,0.240211986503269,-2.022857114008113,-1.311112884496496,-0.31538527294812374,0
1571236466500,1.1541263989459292,0.240211986503269,-1.987917209740051,1.2589893453450918,-0.31538527294812374,0
1571236466750,1.1541263989459292,0.27272769165467836,-1.9529773054719894,0.5757826251706695,-0.31538527294812374,0
1571236467000,1.1541263989459292,0.240211986503269,-1.987917209740051,0.6198468367590421,-0.31538527294812374,0
1571236467250,1.1976604640900124,0.240211986503269,-1.9529773054719894,-0.20722403679699616,-0.31538527294812374,0
1571236467500,1.1976604640900124,0.27272769165467836,-1.9529773054719894,-0.8522868809131535,-0.31538527294812374,0
1571236467750,1.1541263989459292,0.240211986503269,-1.9529773054719894,0.46185845432702655,-0.31538527294812374,0
1571236468000,1.1541263989459292,0.240211986503269,-1.9529773054719894,-0.1612145721058739,-0.3133749550577605,0
1571236468250,1.1541263989459292,0.27272769165467836,-1.9529773054719894,0.3291583622307566,-0.31538527294812374,0
1571236468500,1.1541263989459292,0.27272769165467836,-1.9529773054719894,0.051410049646849296,-0.3133749550577605,0
1571236468750,1.1976604640900124,0.240211986503269,-1.9529773054719894,-0.6723932570197397,-0.3133749550577605,0
1571236469000,1.1541263989459292,0.27272769165467836,-1.9529773054719894,0.6646722343441429,-0.31538527294812374,0
1571236469250,1.1976604640900124,0.27272769165467836,-1.9529773054719894,-0.09659833860584187,-0.3133749550577605,0
1571236469500,1.1976604640900124,0.27272769165467836,-1.9529773054719894,-0.030628885556070948,-0.31538527294812374,0
1571236469750,1.1541263989459292,0.27272769165467836,-1.9529773054719894,0.05919106205784792,-0.31538527294812374,0
1571236470000,1.1976604640900124,0.27272769165467836,-1.9529773054719894,-0.6255380301100307,-0.31538527294812374,0
1571236470250,1.1541263989459292,0.27272769165467836,-1.9529773054719894,0.7451887975536068,-0.3173971613993388,0
1571236470500,1.1541263989459292,0.27272769165467836,-1.9529773054719894,-0.008723644094672658,-0.3173971613993388,0
1571236470750,1.1541263989459292,0.240211986503269,-1.9529773054719894,-0.818794697057116,-0.3133749550577605,0
1571236471000,1.1976604640900124,0.27272769165467836,-1.9529773054719894,0.3877696839788223,-0.3173971613993388,0
1571236471250,1.1541263989459292,0.27272769165467836,-1.9529773054719894,-0.1909008259782708,-0.3173971613993388,0
1571236471500,1.1541263989459292,0.240211986503269,-1.9529773054719894,-0.18802523443507566,-0.3173971613993388,0
1571236471750,1.1541263989459292,0.240211986503269,-1.9529773054719894,0.042191241464253106,-0.3173971613993388,0
1571236472000,1.1541263989459292,0.240211986503269,-1.9529773054719894,-0.44116186645810695,-0.31940904985055396,0
1571236472250,1.1541263989459292,0.27272769165467836,-1.9529773054719894,0.8509090748769577,-0.3173971613993388,0
1571236472500,1.1541263989459292,0.240211986503269,-1.9529773054719894,0.06384275426007535,-0.3173971613993388,0
1571236472750,1.1541263989459292,0.240211986503269,-1.9529773054719894,-0.8505107802541213,-0.3173971613993388,0
1571236473000,1.1541263989459292,0.240211986503269,-1.987917209740051,0.8722222827853452,-0.31538527294812374,0
1571236473250,1.1541263989459292,0.240211986503269,-1.9529773054719894,0.20728402653239777,-0.31538527294812374,0
1571236473500,1.1976604640900124,0.240211986503269,-1.9529773054719894,-0.8572768780028157,-0.3113630666065453,0
1571236473750,1.1541263989459292,0.27272769165467836,-1.9529773054719894,0.7789347100752204,-0.31538527294812374,0
1571236474000,1.1541263989459292,0.240211986503269,-1.9529773054719894,0.03153463751005934,-0.3133749550577605,0
1571236474250,1.1976604640900124,0.27272769165467836,-1.9529773054719894,-0.9519176702626794,-0.31538527294812374,0
1571236474500,1.1541263989459292,0.27272769165467836,-1.9529773054719894,0.7480643890968021,-0.31538527294812374,0
1571236474750,1.1541263989459292,0.240211986503269,-1.9529773054719894,-0.0032261896738584126,-0.3173971613993388,0
1571236475000,1.1541263989459292,0.240211986503269,-1.9529773054719894,-0.5123750452631161,-0.3133749550577605,0
1571236475250,1.1976604640900124,0.240211986503269,-1.9529773054719894,0.2909299099506329,-0.3173971613993388,0
1571236475500,1.1541263989459292,0.27272769165467836,-1.9529773054719894,-0.3037255059377509,-0.31538527294812374,0
1571236475750,1.1541263989459292,0.27272769165467836,-1.9529773054719894,0.7645567523592447,-0.31538527294812374,0
1571236476000,1.1541263989459292,0.27272769165467836,-1.9529773054719894,0.07272325755523683,-0.31538527294812374,0
1571236476250,1.1541263989459292,0.240211986503269,-1.9529773054719894,-0.7188256028201554,-0.3133749550577605,0
1571236476500,1.1541263989459292,0.240211986503269,-1.9529773054719894,0.7018857719619623,-0.3133749550577605,0
1571236476750,1.1541263989459292,0.240211986503269,-1.9529773054719894,-0.012698726522030648,-0.3133749550577605,0
1571236477000,1.1541263989459292,0.27272769165467836,-1.9529773054719894,-0.5440065522382626,-0.31538527294812374,0
1571236477250,1.1541263989459292,0.240211986503269,-1.9529773054719894,0.2822185590991888,-0.3113630666065453,0
1571236477500,1.1541263989459292,0.27272769165467836,-1.9529773054719894,-0.2791984015987335,-0.3133749550577605,0
1571236477750,1.1541263989459292,0.27272769165467836,-1.9529773054719894,0.32907378600889786,-0.3113630666065453,0
1571236478000,1.1541263989459292,0.27272769165467836,-1.9529773054719894,0.1497721956684949,-0.3133749550577605,0
1571236478250,1.1541263989459292,0.27272769165467836,-1.9529773054719894,-0.36072987947050156,-0.3113630666065453,0
1571236478500,1.1541263989459292,0.27272769165467836,-1.9529773054719894,0.6029315923873059,-0.3133749550577605,0
1571236478750,1.1541263989459292,0.27272769165467836,-1.9529773054719894,0.0776286784230403,-0.3113630666065453,0
1571236479000,1.1541263989459292,0.27272769165467836,-1.9529773054719894,-0.5140665697002896,-0.3113630666065453,0
1571236479250,1.2411945292340956,0.43530621741172504,-1.7782777841316815,0.8740829596662362,-0.3133749550577605,0
1571236479500,1.2411945292340956,0.37027480710890637,-1.8481575926678047,0.25371637233281347,-0.3133749550577605,0
1571236479750,1.2411945292340956,0.37027480710890637,-1.9180374012039278,-0.4735545594299816,-0.31538527294812374,0
1571236480000,0.41404729149651587,0.045117755594812944,-1.2192393158426957,0.5104897818957679,-0.31538527294812374,0
1571236480250,0.6752516823610146,0.4027905122603157,-0.9397200816982029,0.4307344046830321,-0.31538527294812374,0
1571236480500,1.2847285943781785,0.43530621741172504,-0.9746599859662645,0.06350444937264063,-0.3093511781553302,0
1571236480750,1.415330789810428,0.20769628135185966,-1.463818645719127,-1.5741449344769929,-0.3274550330945626,0
1571236481000,1.415330789810428,0.3052433968060877,-1.3939388371830037,-0.28571077068185186,-0.34354542902172797,0
1571236481250,1.371796724666345,0.27272769165467836,-1.3589989329149421,1.1668012635191298,-0.3133749550577605,0
1571236481500,1.415330789810428,0.27272769165467836,-1.3939388371830037,-0.8915302478555813,-0.3113630666065453,0
1571236481750,1.415330789810428,0.240211986503269,-1.4987585499871885,0.15391643053957027,-0.3133749550577605,0
1571236482000,1.371796724666345,0.27272769165467836,-1.463818645719127,-0.6907462971630735,-0.331477239436141,0
1571236482250,1.371796724666345,0.27272769165467836,-1.4987585499871885,1.1493785618162418,-0.31538527294812374,0
1571236482500,1.3282626595222617,0.27272769165467836,-1.4987585499871885,-0.029529394671908096,-0.3133749550577605,0
1571236482750,1.371796724666345,0.27272769165467836,-1.53369845425525,-0.8220085934877459,-0.3173971613993388,0
1571236483000,1.371796724666345,0.27272769165467836,-1.53369845425525,0.4011327270324938,-0.31538527294812374,0
1571236483250,1.371796724666345,0.3052433968060877,-1.4987585499871885,-0.2521340106039556,-0.3133749550577605,0
1571236483500,1.371796724666345,0.27272769165467836,-1.5686383585233117,0.9647486694987418,-0.3133749550577605,0
1571236483750,1.3282626595222617,0.27272769165467836,-1.463818645719127,-0.048136163480817847,-0.3133749550577605,0
1571236484000,1.3282626595222617,0.27272769165467836,-1.4987585499871885,-0.6723086807978811,-0.3133749550577605,0
1571236484250,1.371796724666345,0.27272769165467836,-1.4987585499871885,0.528758245817243,-0.3093511781553302,0
1571236484500,1.371796724666345,0.27272769165467836,-1.4987585499871885,-0.3076160121432502,-0.3113630666065453,0
1571236484750,1.371796724666345,0.3052433968060877,-1.4987585499871885,0.585424314462559,-0.3113630666065453,0
1571236485000,1.371796724666345,0.27272769165467836,-1.4987585499871885,-0.19200031686243366,-0.3133749550577605,0
1571236485250,1.371796724666345,0.27272769165467836,-1.4987585499871885,-0.8003570806919236,-0.3113630666065453,0
1571236485500,1.371796724666345,0.27272769165467836,-1.4987585499871885,0.7151642387937752,-0.3133749550577605,0
1571236485750,1.3282626595222617,0.27272769165467836,-1.4987585499871885,-0.08822529264183247,-0.3133749550577605,0
1571236486000,1.371796724666345,0.27272769165467836,-1.4987585499871885,-0.506031828623715,-0.3113630666065453,0
1571236486250,1.371796724666345,0.27272769165467836,-1.4987585499871885,0.3936900195089299,-0.3113630666065453,0
1571236486500,1.371796724666345,0.27272769165467836,-1.4987585499871885,-0.17626913959671905,-0.3133749550577605,0
1571236486750,1.371796724666345,0.27272769165467836,-1.4987585499871885,-1.0548469322646938,-0.3113630666065453,0
1571236487000,1.371796724666345,0.27272769165467836,-1.4987585499871885,0.532733328244601,-0.3113630666065453,0
1571236487250,1.371796724666345,0.27272769165467836,-1.4987585499871885,-0.015489741843367108,-0.3093511781553302,0
1571236487500,1.371796724666345,0.27272769165467836,-1.4987585499871885,-1.0869858965709924,-0.3113630666065453,0
1571236487750,1.371796724666345,0.27272769165467836,-1.4987585499871885,0.8413519618069268,-0.3093511781553302,0
1571236488000,1.371796724666345,0.27272769165467836,-1.4987585499871885,0.23536333218947975,-0.31538527294812374,0
1571236488250,1.371796724666345,0.27272769165467836,-1.4987585499871885,-0.8613365366520325,-0.3093511781553302,0
1571236488500,1.371796724666345,0.27272769165467836,-1.4987585499871885,1.0561755653279756,-0.3133749550577605,0
1571236488750,1.371796724666345,0.27272769165467836,-1.4987585499871885,0.34362089616859093,-0.3113630666065453,0
1571236489000,1.371796724666345,0.27272769165467836,-1.4987585499871885,-0.5166884325779088,-0.3113630666065453,0
1571236489250,1.371796724666345,0.3052433968060877,-1.4987585499871885,0.5894839731117758,-0.3133749550577605,0
1571236489500,1.3282626595222617,0.27272769165467836,-1.463818645719127,0.17184658957361057,-0.3113630666065453,0
1571236489750,1.371796724666345,0.27272769165467836,-1.4987585499871885,-0.3782371573952485,-0.3133749550577605,0
1571236490000,1.371796724666345,0.27272769165467836,-1.4987585499871885,-0.015066860734073708,-0.3113630666065453,0
1571236490250,1.371796724666345,0.27272769165467836,-1.4987585499871885,0.10147917298718825,-0.3113630666065453,0
1571236490500,1.371796724666345,0.27272769165467836,-1.4987585499871885,-0.3844112215909322,-0.3093511781553302,0
1571236490750,1.371796724666345,0.27272769165467836,-1.4987585499871885,0.7235372847577846,-0.3133749550577605,0
1571236491000,1.371796724666345,0.27272769165467836,-1.4987585499871885,0.16787150714625257,-0.3093511781553302,0
1571236491250,1.3282626595222617,0.3052433968060877,-1.463818645719127,-0.49689759666297745,-0.3133749550577605,0
1571236491500,1.371796724666345,0.27272769165467836,-1.4987585499871885,0.8416056904725029,-0.3113630666065453,0
1571236491750,1.371796724666345,0.27272769165467836,-1.4987585499871885,-0.0033107658957170936,-0.3133749550577605,0
1571236492000,1.371796724666345,0.27272769165467836,-1.4987585499871885,-0.5056089475144215,-0.3113630666065453,0
1571236492250,1.371796724666345,0.27272769165467836,-1.4987585499871885,0.8008399515366187,-0.3133749550577605,0
1571236492500,1.371796724666345,0.27272769165467836,-1.4987585499871885,-0.003057037230141051,-0.3113630666065453,0
1571236492750,1.371796724666345,0.27272769165467836,-1.4987585499871885,-1.0796277652692872,-0.3133749550577605,0
1571236493000,1.371796724666345,0.27272769165467836,-1.4987585499871885,0.5545539934841406,-0.3113630666065453,0
1571236493250,1.371796724666345,0.27272769165467836,-1.4987585499871885,-0.15072712059539747,-0.3133749550577605,0
1571236493500,1.371796724666345,0.27272769165467836,-1.4987585499871885,0.32103904493232327,-0.3133749550577605,0
1571236493750,1.3282626595222617,0.27272769165467836,-1.4987585499871885,0.20703029786682173,-0.3133749550577605,0
1571236494000,1.371796724666345,0.27272769165467836,-1.4987585499871885,-0.5281907987506893,-0.3113630666065453,0
1571236494250,1.371796724666345,0.27272769165467836,-1.4987585499871885,0.9869076396257161,-0.3093511781553302,0
1571236494500,1.371796724666345,0.27272769165467836,-1.4987585499871885,0.15450846409258104,-0.3073392897041151,0
1571236494750,1.371796724666345,0.27272769165467836,-1.4987585499871885,-1.0058772998085177,-0.3113630666065453,0
1571236495000,1.371796724666345,0.27272769165467836,-1.4987585499871885,0.5153952027635714,-0.3093511781553302,0
1571236495250,1.371796724666345,0.27272769165467836,-1.4987585499871885,-0.06682750851158628,-0.3073392897041151,0
1571236495500,1.3282626595222617,0.27272769165467836,-1.463818645719127,-0.25365638259741186,-0.3093511781553302,0
1571236495750,1.371796724666345,0.27272769165467836,-1.4987585499871885,0.2793429675559937,-0.3093511781553302,0
1571236496000,1.371796724666345,0.27272769165467836,-1.4987585499871885,-0.18498049044816314,-0.3113630666065453,0
1571236496250,1.3282626595222617,0.3052433968060877,-1.4987585499871885,-1.08072725615345,-0.3073392897041151,0
1571236496500,1.371796724666345,0.240211986503269,-1.53369845425525,0.594220241535862,-0.3113630666065453,0
1571236496750,1.3282626595222617,0.3052433968060877,-1.463818645719127,0.03906192125548192,-0.3113630666065453,0
1571236497000,1.371796724666345,0.27272769165467836,-1.4987585499871885,-1.1138811351220528,-0.3113630666065453,0
1571236497250,1.3282626595222617,0.3052433968060877,-1.463818645719127,0.689791372236171,-0.3113630666065453,0
1571236497500,1.371796724666345,0.27272769165467836,-1.53369845425525,0.16313523872216648,-0.3113630666065453,0
1571236497750,1.3282626595222617,0.3052433968060877,-1.463818645719127,-1.312466104046235,-0.3093511781553302,0
1571236498000,1.371796724666345,0.27272769165467836,-1.4987585499871885,0.7615120083723321,-0.3113630666065453,0
1571236498250,1.371796724666345,0.27272769165467836,-1.4987585499871885,0.0816037608503983,-0.3073392897041151,0
1571236498500,1.371796724666345,0.27272769165467836,-1.4987585499871885,-1.1542239929486438,-0.3113630666065453,0
1571236498750,1.371796724666345,0.3052433968060877,-1.4987585499871885,0.9444503762526585,-0.3093511781553302,0
1571236499000,1.371796724666345,0.240211986503269,-1.4987585499871885,0.18360268441196717,-0.3133749550577605,0
1571236499250,1.3282626595222617,0.3052433968060877,-1.463818645719127,-0.9560619051337548,-0.3113630666065453,0
1571236499500,1.371796724666345,0.27272769165467836,-1.4987585499871885,0.9382763120569748,-0.3133749550577605,0
1571236499750,1.371796724666345,0.3052433968060877,-1.4987585499871885,0.07407647710497572,-0.3113630666065453,0
1571236500000,1.371796724666345,0.27272769165467836,-1.4987585499871885,-1.0003798453877035,-0.3113630666065453,0
1571236500250,1.371796724666345,0.3052433968060877,-1.4987585499871885,0.6605279994730674,-0.3073392897041151,0
1571236500500,1.371796724666345,0.27272769165467836,-1.4987585499871885,0.20939843207886477,-0.3093511781553302,0
1571236500750,1.371796724666345,0.3052433968060877,-1.4987585499871885,-1.420808244247205,-0.3113630666065453,0
1571236501000,1.371796724666345,0.27272769165467836,-1.4987585499871885,0.8396604373697532,-0.3073392897041151,0
1571236501250,1.3282626595222617,0.3052433968060877,-1.4987585499871885,0.08811612993351671,-0.3113630666065453,0
1571236501500,1.371796724666345,0.27272769165467836,-1.4987585499871885,-1.0943440278726977,-0.3093511781553302,0
1571236501750,1.371796724666345,0.27272769165467836,-1.4987585499871885,0.5106589343394853,-0.3113630666065453,0
1571236502000,1.3282626595222617,0.3052433968060877,-1.463818645719127,0.07906647419463787,-0.3093511781553302,0
1571236502250,1.371796724666345,0.20769628135185966,-1.53369845425525,-0.6699405465858381,-0.3133749550577605,0
1571236502500,1.3282626595222617,0.4027905122603157,-1.4288787414510653,0.2867010988576989,-0.3113630666065453,0
1571236502750,1.415330789810428,0.27272769165467836,-1.53369845425525,-0.4952906484476626,-0.3133749550577605,0
1571236503000,1.415330789810428,0.3052433968060877,-1.53369845425525,0.8462573826747303,-0.3113630666065453,0
1571236503250,1.3282626595222617,0.4027905122603157,-1.3939388371830037,0.2768056809002332,-0.3133749550577605,0
1571236503500,1.415330789810428,0.3052433968060877,-1.4987585499871885,-0.831227401670342,-0.3133749550577605,0
1571236503750,1.415330789810428,0.4027905122603157,-1.4288787414510653,0.2713928027012777,-0.3113630666065453,0
1571236504000,1.415330789810428,0.27272769165467836,-1.5686383585233117,-0.18760235332578226,-0.3113630666065453,0
1571236504250,1.371796724666345,0.3052433968060877,-1.4987585499871885,-0.3158199056635422,-0.3113630666065453,0
1571236504500,1.371796724666345,0.3052433968060877,-1.4987585499871885,0.6267820869514539,-0.3133749550577605,0
1571236504750,1.371796724666345,0.240211986503269,-1.53369845425525,-0.12112544294485926,-0.3113630666065453,0
1571236505000,1.3282626595222617,0.3052433968060877,-1.4987585499871885,-0.5302206280752977,-0.3133749550577605,0
1571236505250,1.3282626595222617,0.27272769165467836,-1.53369845425525,0.8034618144142378,-0.3113630666065453,0
1571236505500,1.3282626595222617,0.27272769165467836,-1.53369845425525,-0.1280606931372711,-0.3113630666065453,0
1571236505750,1.3282626595222617,0.27272769165467836,-1.5686383585233117,0.5346785813473506,-0.3113630666065453,0
1571236506000,1.371796724666345,0.3052433968060877,-1.5686383585233117,0.10638459385499173,-0.3113630666065453,0
1571236506250,1.3282626595222617,0.27272769165467836,-1.53369845425525,-0.6849951140766831,-0.3073392897041151,0
1571236506500,1.3282626595222617,0.27272769165467836,-1.5686383585233117,1.175005157039422,-0.3093511781553302,0
1571236506750,1.3282626595222617,0.27272769165467836,-1.5686383585233117,-0.1257771351470867,-0.3093511781553302,0
1571236507000,1.3282626595222617,0.3052433968060877,-1.53369845425525,-1.1510946727398723,-0.3113630666065453,0
1571236507250,1.3282626595222617,0.33775910195749703,-1.4987585499871885,0.9750669685655008,-0.3073392897041151,0
1571236507500,1.371796724666345,0.27272769165467836,-1.5686383585233117,0.06595715980654236,-0.3093511781553302,0
1571236507750,1.371796724666345,0.3052433968060877,-1.53369845425525,-0.6402542927134411,-0.3093511781553302,0
1571236508000,1.371796724666345,0.3052433968060877,-1.53369845425525,0.03796243037131907,-0.3093511781553302,0
1571236508250,1.3282626595222617,0.3052433968060877,-1.53369845425525,-0.44589813488219304,-0.3073392897041151,0
1571236508500,1.371796724666345,0.3052433968060877,-1.53369845425525,1.1174087499536605,-0.3093511781553302,0
1571236508750,1.3282626595222617,0.3052433968060877,-1.5686383585233117,0.13361813729348693,-0.3073392897041151,0
1571236509000,1.2847285943781785,0.27272769165467836,-1.53369845425525,-0.6309509083089864,-0.3113630666065453,0
1571236509250,1.2847285943781785,0.3052433968060877,-1.7433378798636199,0.9889374689503244,-0.3093511781553302,0
1571236509500,1.2847285943781785,0.3052433968060877,-1.7083979755955583,0.3553769910069476,-0.3113630666065453,0
1571236509750,1.2847285943781785,0.3052433968060877,-1.638518167059435,-0.5454443480098601,-0.3113630666065453,0
1571236510000,1.3282626595222617,0.3052433968060877,-1.6734580713274967,0.30649193477263015,-0.3113630666065453,0
1571236510250,1.3282626595222617,0.3052433968060877,-1.6734580713274967,-0.19572167062421558,-0.3073392897041151,0
1571236510500,1.3282626595222617,0.3052433968060877,-1.6734580713274967,0.19561250791589985,-0.3093511781553302,0
1571236510750,1.3282626595222617,0.3052433968060877,-1.6734580713274967,-0.12087171427928321,-0.3093511781553302,0
1571236511000,1.2847285943781785,0.3052433968060877,-1.6734580713274967,0.1183098411370657,-0.3073392897041151,0
1571236511250,1.2847285943781785,0.3052433968060877,-1.6734580713274967,-0.6301051460903995,-0.3073392897041151,0
1571236511500,1.2847285943781785,0.3052433968060877,-1.6734580713274967,1.1056526551153039,-0.3073392897041151,0
1571236511750,1.2847285943781785,0.3052433968060877,-1.6734580713274967,0.03923107369919927,-0.3093511781553302,0
1571236512000,1.2847285943781785,0.3052433968060877,-1.6734580713274967,-1.082926237921776,-0.3073392897041151,0
1571236512250,1.3282626595222617,0.3052433968060877,-1.6734580713274967,0.6963037413192894,-0.3093511781553302,0
1571236512500,1.2847285943781785,0.3052433968060877,-1.6734580713274967,-0.0837427528833224,-0.3093511781553302,0
1571236512750,1.2847285943781785,0.3052433968060877,-1.6734580713274967,-0.7303279689929361,-0.3113630666065453,0
1571236513000,1.2847285943781785,0.33775910195749703,-1.6734580713274967,0.5116738490017895,-0.3093511781553302,0
1571236513250,1.9812736366835089,-2.6536857719721625,-2.372256156688729,-0.06226039253121752,-0.3113630666065453,0
1571236513500,-2.372132877724805,-1.3530575659157889,-0.5204412304814636,-1.424529598008987,-0.31940904985055396,0
1571236513750,0.06577477034385075,1.378261666802596,-0.17104218780084757,0.8893912558226573,-0.331477239436141,0
1571236514000,-0.36956588109698063,0.9230417946828652,0.8072751317048774,0.10266324009320979,-0.33549944577771934,0
1571236514250,0.6317176172169315,1.1506517307427304,0.3530563762200765,-1.1934673598910714,-0.32946535098492585,0
1571236514500,1.415330789810428,1.4107773719540053,0.24823666341589168,0.9698232428102627,-0.3334891278873561,0
1571236514750,0.45758135664059896,1.3132302564997773,0.3181164719520149,1.1860846421029092,-0.34354542902172797,0
1571236515000,1.067058268657763,1.3132302564997773,0.4578760890242613,-0.2963673746360456,-0.34354542902172797,0
1571236515250,0.3705132263524327,1.18316743589414,-0.06622247499666276,0.6897067960143123,-0.35360330071695173,0
1571236515500,0.41404729149651587,0.8580103843800464,0.14341695061170687,-0.3905007095647572,-0.3757293619977624,0
1571236515750,-0.15189555537656493,1.0856203204399117,0.24823666341589168,-0.21737318342003786,-0.3455573174729431,0
1571236516000,1.0235242035136798,0.9230417946828652,-0.06622247499666276,0.5839019424691028,-0.3877975515833494,0
1571236516250,1.0235242035136798,1.020588910137093,0.3879962804881381,-0.4465747446570625,-0.37975156833934076,0
1571236516500,0.9364560732255135,1.0531046152885024,0.10847704634364527,-0.5018875937526397,-0.39584353482735807,0
1571236516750,1.0235242035136798,1.1506517307427304,-0.13610228353278597,-0.8854407598817564,-0.4058998359617299,0
1571236517000,0.3269791612083496,0.8905260895314557,0.07353714207558366,-0.8060236875564553,-0.4099236128641601,0
1571236517250,1.1541263989459292,1.2481988461969586,0.7024554189006925,1.2857154314524348,-0.3274550330945626,0
1571236517500,0.5446494869287652,0.8905260895314557,1.0518544615813086,0.27215398869800583,-0.29325921166731306,0
1571236517750,0.45758135664059896,0.9230417946828652,0.5277558975603845,-0.17305524316608917,-0.331477239436141,0
1571236518000,0.5881835520728484,0.8580103843800464,0.003657333539460452,0.024091929986495442,-0.3334891278873561,0
1571236518250,1.415330789810428,1.378261666802596,-0.13610228353278597,-0.3358644702440495,-0.3395232226801496,0
1571236518500,1.110592333801846,1.4432930771054147,-0.66020084755371,-0.09617545749654845,-0.3375113342289344,0
1571236518750,0.8493879429373472,0.630400448320181,-0.2059820920689092,-1.2535164774107346,-0.3395232226801496,0
1571236519000,0.7187857475050978,1.1506517307427304,0.07353714207558366,0.96550985549547,-0.3395232226801496,0
1571236519250,0.28344509606426643,0.7279475637744091,0.7373953231687541,0.29558160215286033,-0.3415351111313647,0
1571236519500,0.5881835520728484,0.9230417946828652,0.21329675914783008,0.6149414158912385,-0.34354542902172797,0
1571236519750,1.0235242035136798,1.280714551348368,0.24823666341589168,-0.38288884959747593,-0.3455573174729431,0
1571236520000,-0.8919746628259783,0.7929789740772277,-0.17104218780084757,-0.19910471949856284,-0.34354542902172797,0
1571236520250,1.3282626595222617,0.9880732049856839,-0.3457417091411556,-0.09710579593699395,-0.34957952381452145,0
1571236520500,0.8929220080814304,1.020588910137093,-0.9397200816982029,-0.7559545642161163,-0.3415351111313647,0
1571236520750,0.8929220080814304,1.0531046152885024,0.4578760890242613,0.6996022139717779,-0.35159141226573665,0
1571236521000,0.022240705199767605,1.0531046152885024,0.5976357060965077,-1.2313575072837601,-0.3556151891681668,0
1571236521250,-0.3260318159528975,0.9880732049856839,0.4229361847561997,1.200462599818885,-0.3616492839609603,0
1571236521500,-0.6743043371055626,0.9555574998342745,-0.10116237926472436,1.5713293326691997,-0.34957952381452145,0
1571236521750,0.28344509606426643,-1.2880261556129702,0.9819746530451854,-0.9997878118346927,-0.3455573174729431,0
1571236522000,-2.5898032034452205,-1.1904790401587422,0.24823666341589168,-0.23809435777541463,-0.3375113342289344,0
1571236522250,1.067058268657763,-0.6051963474333739,0.7024554189006925,0.4741220064965352,-0.33549944577771934,0
1571236522500,0.7623198126491809,0.240211986503269,0.5277558975603845,-0.6018566879896001,-0.3334891278873561,0
1571236522750,0.5881835520728484,0.27272769165467836,0.5277558975603845,-2.0665476981382316,-0.331477239436141,0
1571236523000,0.6752516823610146,0.27272769165467836,0.49281599329232295,-1.7574216072447542,-0.3334891278873561,0
1571236523250,0.6752516823610146,0.240211986503269,0.4578760890242613,2.4570961041951622,-0.331477239436141,0
1571236523500,0.7187857475050978,0.27272769165467836,0.4578760890242613,0.29422838260312145,-0.331477239436141,0
1571236523750,0.7623198126491809,0.27272769165467836,0.4229361847561997,1.216278353306458,-0.331477239436141,0
1571236524000,0.6752516823610146,0.27272769165467836,0.4229361847561997,0.0264600641985385,-0.3334891278873561,0
1571236524250,0.7623198126491809,0.27272769165467836,0.4229361847561997,0.856406529297772,-0.3334891278873561,0
1571236524500,0.7623198126491809,0.27272769165467836,0.4229361847561997,-0.027245836681723718,-0.3334891278873561,0
1571236524750,0.7623198126491809,0.240211986503269,0.4229361847561997,0.5278279073767974,-0.3334891278873561,0
1571236525000,0.7187857475050978,0.240211986503269,0.4229361847561997,-0.04475311460647062,-0.3334891278873561,0
1571236525250,0.7623198126491809,0.240211986503269,0.4229361847561997,-0.2760690813899623,-0.32946535098492585,0
1571236525500,0.7623198126491809,0.240211986503269,0.4229361847561997,0.08481765728102816,-0.331477239436141,0
1571236525750,0.7623198126491809,0.240211986503269,0.4229361847561997,-0.713920181952352,-0.331477239436141,0
1571236526000,0.7623198126491809,0.27272769165467836,0.4229361847561997,0.30995955986883605,-0.331477239436141,0
1571236526250,0.7623198126491809,0.27272769165467836,0.4229361847561997,-0.7527406677854864,-0.3334891278873561,0
1571236526500,0.7623198126491809,0.27272769165467836,0.4229361847561997,0.3677251193983149,-0.3334891278873561,0
1571236526750,0.7623198126491809,0.240211986503269,0.4229361847561997,-0.5742002634418115,-0.3334891278873561,0
1571236527000,0.7623198126491809,0.240211986503269,0.3879962804881381,0.5723150000744636,-0.3334891278873561,0
1571236527250,0.7623198126491809,0.240211986503269,0.4229361847561997,-0.29112364888080744,-0.3334891278873561,0
1571236527500,0.7623198126491809,0.240211986503269,0.4229361847561997,0.7029006866242665,-0.331477239436141,0
1571236527750,0.7623198126491809,0.240211986503269,0.3879962804881381,-0.10311070768896027,-0.33549944577771934,0
1571236528000,0.7623198126491809,0.240211986503269,0.3879962804881381,-0.3915156242270614,-0.3334891278873561,0
1571236528250,0.7623198126491809,0.240211986503269,0.3879962804881381,0.0854942670558976,-0.33549944577771934,0
1571236528500,0.7623198126491809,0.240211986503269,0.3879962804881381,-0.5182953807932237,-0.3334891278873561,0
1571236528750,0.7187857475050978,0.240211986503269,0.4229361847561997,0.71998508343972,-0.33549944577771934,0
1571236529000,0.8058538777932641,0.33775910195749703,0.3530563762200765,-0.10903104321906792,-0.33549944577771934,0
1571236529250,0.9364560732255135,0.37027480710890637,0.2831765676839533,0.03830073525875379,-0.33549944577771934,0
1571236529500,0.8493879429373472,0.240211986503269,0.3530563762200765,0.13522508550880186,-0.3375113342289344,0
1571236529750,0.8929220080814304,0.27272769165467836,0.2831765676839533,-0.5864638156113202,-0.33549944577771934,0
1571236530000,1.067058268657763,0.3052433968060877,0.1783568548797685,0.8437200960189699,-0.3395232226801496,0
1571236530250,0.9799901383695966,0.3052433968060877,0.21329675914783008,0.42024695317255567,-0.33549944577771934,0
1571236530500,0.8929220080814304,0.27272769165467836,0.24823666341589168,-1.5851398433186215,-0.33549944577771934,0
1571236530750,0.8929220080814304,0.27272769165467836,0.24823666341589168,0.3407453046253958,-0.331477239436141,0
1571236531000,0.8929220080814304,0.27272769165467836,0.24823666341589168,0.20906012719143008,-0.3334891278873561,0
1571236531250,0.9364560732255135,0.3052433968060877,0.24823666341589168,0.33397920687670135,-0.331477239436141,0
1571236531500,0.8929220080814304,0.3052433968060877,0.24823666341589168,-0.48979319402684834,-0.3334891278873561,0
1571236531750,0.8929220080814304,0.3052433968060877,0.24823666341589168,-0.7916457298404797,-0.3334891278873561,0
1571236532000,0.8929220080814304,0.27272769165467836,0.24823666341589168,0.6980798419783216,-0.3334891278873561,0
1571236532250,0.8929220080814304,0.3052433968060877,0.24823666341589168,-0.07909106068109496,-0.3274550330945626,0
1571236532500,0.8929220080814304,0.27272769165467836,0.2831765676839533,0.6212846325306396,-0.3334891278873561,0
1571236532750,0.8929220080814304,0.27272769165467836,0.24823666341589168,-0.056932090554120636,-0.331477239436141,0
1571236533000,0.8929220080814304,0.27272769165467836,0.24823666341589168,-0.5407926558076327,-0.331477239436141,0
1571236533250,0.9364560732255135,0.27272769165467836,0.24823666341589168,0.23088079243096968,-0.331477239436141,0
1571236533500,0.9364560732255135,0.27272769165467836,0.24823666341589168,-0.5053552188488455,-0.32946535098492585,0
1571236533750,0.8929220080814304,0.27272769165467836,0.24823666341589168,0.7993175795431625,-0.331477239436141,0
1571236534000,0.8929220080814304,0.27272769165467836,0.24823666341589168,-0.04449938594089458,-0.3274550330945626,0
1571236534250,0.8929220080814304,0.27272769165467836,0.24823666341589168,-0.7284672921120451,-0.331477239436141,0
1571236534500,0.8929220080814304,0.27272769165467836,0.24823666341589168,0.37736680869020456,-0.32946535098492585,0
1571236534750,0.8929220080814304,0.27272769165467836,0.24823666341589168,-0.218388098082342,-0.3334891278873561,0
1571236535000,0.8929220080814304,0.27272769165467836,0.2831765676839533,0.34573530171505795,-0.32946535098492585,0
1571236535250,0.8929220080814304,0.27272769165467836,0.24823666341589168,0.07940477908207261,-0.3334891278873561,0
1571236535500,0.8929220080814304,0.27272769165467836,0.2831765676839533,-0.6140356639372502,-0.32946535098492585,0
1571236535750,0.9364560732255135,0.27272769165467836,0.24823666341589168,0.7775814905254815,-0.32946535098492585,0
1571236536000,0.8929220080814304,0.27272769165467836,0.24823666341589168,0.1021557827620577,-0.331477239436141,0
1571236536250,0.9364560732255135,0.27272769165467836,0.24823666341589168,-1.021946781961667,-0.3274550330945626,0
1571236536500,0.9364560732255135,0.27272769165467836,0.24823666341589168,0.6439510599887661,-0.32946535098492585,0
1571236536750,0.8929220080814304,0.27272769165467836,0.2831765676839533,0.058683604726695836,-0.3274550330945626,0
1571236537000,0.8929220080814304,0.27272769165467836,0.24823666341589168,-1.010021534679593,-0.3274550330945626,0
1571236537250,0.8929220080814304,0.27272769165467836,0.24823666341589168,0.5756980489488107,-0.3254431446433475,0
1571236537500,0.8929220080814304,0.27272769165467836,0.24823666341589168,0.08617087683076705,-0.32946535098492585,0
1571236537750,0.9364560732255135,0.27272769165467836,0.24823666341589168,-0.7734618421408632,-0.3274550330945626,0
1571236538000,0.8929220080814304,0.27272769165467836,0.24823666341589168,0.3986800165985921,-0.32946535098492585,0
1571236538250,0.9364560732255135,0.27272769165467836,0.24823666341589168,-0.24629825129570662,-0.3274550330945626,0
1571236538500,0.8929220080814304,0.27272769165467836,0.24823666341589168,-9.686946508722811e-05,-0.32946535098492585,0
1571236538750,0.8929220080814304,0.27272769165467836,0.24823666341589168,0.24280603971304365,-0.32946535098492585,0
1571236539000,0.9364560732255135,0.27272769165467836,0.24823666341589168,-0.40919205459552566,-0.32946535098492585,0
1571236539250,0.8929220080814304,0.27272769165467836,0.24823666341589168,0.5979415952976438,-0.3274550330945626,0
1571236539500,0.8929220080814304,0.27272769165467836,0.24823666341589168,0.12143916134583689,-0.32946535098492585,0
1571236539750,0.8929220080814304,0.27272769165467836,0.24823666341589168,-0.44395288177944336,-0.32946535098492585,0
1571236540000,0.9364560732255135,0.27272769165467836,0.24823666341589168,0.8133572323717034,-0.32946535098492585,0
1571236540250,0.9364560732255135,0.27272769165467836,0.24823666341589168,0.0706088520087698,-0.331477239436141,0
1571236540500,0.8929220080814304,0.27272769165467836,0.2831765676839533,-0.8567694206716636,-0.32946535098492585,0
1571236540750,0.9364560732255135,0.27272769165467836,0.24823666341589168,0.7002788237466474,-0.32946535098492585,0
1571236541000,0.9364560732255135,0.27272769165467836,0.24823666341589168,0.0785590168634858,-0.32946535098492585,0
1571236541250,0.8929220080814304,0.27272769165467836,0.24823666341589168,-0.9812656192476416,-0.32946535098492585,0
1571236541500,0.8929220080814304,0.27272769165467836,0.2831765676839533,0.5357780722315134,-0.32946535098492585,0
1571236541750,0.9364560732255135,0.27272769165467836,0.24823666341589168,0.01986311889356141,-0.3274550330945626,0
1571236542000,0.8929220080814304,0.27272769165467836,0.24823666341589168,-0.9850715492312822,-0.3274550330945626,0
1571236542250,0.8929220080814304,0.27272769165467836,0.24823666341589168,0.4954352144049228,-0.3274550330945626,0
1571236542500,0.8929220080814304,0.27272769165467836,0.24823666341589168,-0.06615089873671683,-0.3274550330945626,0
1571236542750,0.8929220080814304,0.27272769165467836,0.24823666341589168,-0.7420840638312927,-0.32946535098492585,0
1571236543000,0.8929220080814304,0.27272769165467836,0.24823666341589168,0.3910681566313108,-0.3274550330945626,0
1571236543250,0.8929220080814304,0.27272769165467836,0.24823666341589168,-0.19563709440235694,-0.32946535098492585,0
1571236543500,0.8929220080814304,0.27272769165467836,0.24823666341589168,0.144190165025822,-0.32946535098492585,0
1571236543750,0.8929220080814304,0.27272769165467836,0.24823666341589168,0.25498501566069365,-0.32946535098492585,0
1571236544000,0.9364560732255135,0.27272769165467836,0.24823666341589168,-0.31125278968317344,-0.3274550330945626,0
1571236544250,0.8929220080814304,0.27272769165467836,0.24823666341589168,-0.1358417055482697,-0.32946535098492585,0
1571236544500,0.9364560732255135,0.27272769165467836,0.24823666341589168,0.2902533001757635,-0.32946535098492585,0
1571236544750,0.8929220080814304,0.27272769165467836,0.24823666341589168,-0.1813437129082399,-0.32946535098492585,0
1571236545000,0.8929220080814304,0.27272769165467836,0.24823666341589168,-0.6356871767330724,-0.3254431446433475,0
1571236545250,0.8929220080814304,0.27272769165467836,0.24823666341589168,0.33854632285707015,-0.3274550330945626,0
1571236545500,0.8929220080814304,0.27272769165467836,0.24823666341589168,-0.18641828621976073,-0.3254431446433475,0
1571236545750,0.8929220080814304,0.27272769165467836,0.24823666341589168,-0.1756771060437083,-0.331477239436141,0
1571236546000,0.8929220080814304,0.27272769165467836,0.2831765676839533,0.20906012719143008,-0.32946535098492585,0
1571236546250,0.8929220080814304,0.3052433968060877,0.24823666341589168,-0.25898468457450874,-0.32946535098492585,0
1571236546500,0.8929220080814304,0.3052433968060877,0.24823666341589168,0.5008480926038783,-0.3274550330945626,0
1571236546750,0.9364560732255135,0.27272769165467836,0.24823666341589168,0.182334041084087,-0.32946535098492585,0
1571236547000,0.8929220080814304,0.27272769165467836,0.24823666341589168,-0.41612730478793747,-0.32946535098492585,0
1571236547250,0.9364560732255135,0.27272769165467836,0.24823666341589168,0.5390765448840019,-0.32946535098492585,0
1571236547500,0.8929220080814304,0.27272769165467836,0.24823666341589168,0.051325473424990616,-0.32946535098492585,0
1571236547750,0.8929220080814304,0.27272769165467836,0.24823666341589168,-0.42492323186124026,-0.3254431446433475,0
1571236548000,0.8929220080814304,0.27272769165467836,0.24823666341589168,0.6542693590555251,-0.32946535098492585,0
1571236548250,0.8929220080814304,0.27272769165467836,0.24823666341589168,0.03009684173846177,-0.3254431446433475,0
1571236548500,0.8929220080814304,0.27272769165467836,0.24823666341589168,-0.7057162884320599,-0.32946535098492585,0
1571236548750,0.8929220080814304,0.27272769165467836,0.24823666341589168,0.7659945481308422,-0.3274550330945626,0
1571236549000,0.8929220080814304,0.27272769165467836,0.24823666341589168,0.06426563536936876,-0.32946535098492585,0
1571236549250,0.9364560732255135,0.27272769165467836,0.24823666341589168,-0.8291129961238751,-0.3254431446433475,0
1571236549500,0.9364560732255135,0.27272769165467836,0.24823666341589168,0.3958044250553969,-0.32946535098492585,0
1571236549750,0.8929220080814304,0.27272769165467836,0.24823666341589168,-0.2074777654625722,-0.3274550330945626,0
1571236550000,0.8929220080814304,0.27272769165467836,0.24823666341589168,-0.24181571153719658,-0.32946535098492585,0
1571236550250,0.8929220080814304,0.27272769165467836,0.2831765676839533,0.22978130154680682,-0.3274550330945626,0
1571236550500,0.8929220080814304,0.27272769165467836,0.24823666341589168,-0.252556891713249,-0.3274550330945626,0
1571236550750,0.8929220080814304,0.27272769165467836,0.24823666341589168,0.27985042488714573,-0.3274550330945626,0
1571236551000,0.8929220080814304,0.27272769165467836,0.24823666341589168,0.13996135393288794,-0.32946535098492585,0
1571236551250,0.9364560732255135,0.27272769165467836,0.2831765676839533,-0.37629190429249887,-0.32946535098492585,0
1571236551500,0.8929220080814304,0.27272769165467836,0.24823666341589168,0.6674632496654793,-0.3254431446433475,0
1571236551750,0.8929220080814304,0.27272769165467836,0.24823666341589168,0.13818525327385567,-0.3274550330945626,0
1571236552000,0.8929220080814304,0.27272769165467836,0.24823666341589168,-0.5007881028684767,-0.3254431446433475,0
1571236552250,0.8929220080814304,0.27272769165467836,0.24823666341589168,0.7195622023304266,-0.3274550330945626,0
1571236552500,0.8929220080814304,0.27272769165467836,0.24823666341589168,0.1366628812803994,-0.3254431446433475,0
1571236552750,0.8929220080814304,0.27272769165467836,0.24823666341589168,-0.467380495234298,-0.32946535098492585,0
1571236553000,0.9364560732255135,0.27272769165467836,0.24823666341589168,0.6641647770129908,-0.3274550330945626,0
1571236553250,0.9364560732255135,0.27272769165467836,0.24823666341589168,0.11458848737528377,-0.3274550330945626,0
1571236553500,0.9364560732255135,0.3052433968060877,0.24823666341589168,-0.4489428788691055,-0.32946535098492585,0
1571236553750,0.9364560732255135,0.27272769165467836,0.24823666341589168,0.8232526503291692,-0.3254431446433475,0
1571236554000,0.9364560732255135,0.27272769165467836,0.24823666341589168,0.11078255739164312,-0.3274550330945626,0
1571236554250,0.9364560732255135,0.240211986503269,0.24823666341589168,-0.6396622591604303,-0.3234312561921323,0
1571236554500,0.9364560732255135,0.27272769165467836,0.24823666341589168,0.7615120083723321,-0.3254431446433475,0
1571236554750,0.9364560732255135,0.27272769165467836,0.24823666341589168,-0.01168381185972648,-0.3254431446433475,0
1571236555000,0.8929220080814304,0.27272769165467836,0.24823666341589168,-0.9974196776226496,-0.3274550330945626,0
1571236555250,0.9364560732255135,0.27272769165467836,0.24823666341589168,0.5322258709134489,-0.3274550330945626,0
1571236555500,0.9364560732255135,0.27272769165467836,0.24823666341589168,0.07585257776400801,-0.3274550330945626,0
1571236555750,0.9364560732255135,0.27272769165467836,0.24823666341589168,-0.39083901445219194,-0.3254431446433475,0
1571236556000,0.9364560732255135,0.27272769165467836,0.24823666341589168,0.2784126291155482,-0.32946535098492585,0
1571236556250,0.9364560732255135,0.27272769165467836,0.24823666341589168,-0.5906926267042543,-0.3274550330945626,0
1571236556500,0.9364560732255135,0.27272769165467836,0.24823666341589168,0.9389529218318442,-0.3274550330945626,0
1571236556750,0.9364560732255135,0.27272769165467836,0.24823666341589168,-0.05354904167977341,-0.32946535098492585,0
1571236557000,0.8929220080814304,0.27272769165467836,0.24823666341589168,-0.8139738524111712,-0.3274550330945626,0
1571236557250,0.9364560732255135,0.27272769165467836,0.24823666341589168,0.3916601901843216,-0.3274550330945626,0
1571236557500,0.9364560732255135,0.27272769165467836,0.24823666341589168,-0.11139917743111098,-0.3274550330945626,0
1571236557750,0.9364560732255135,0.27272769165467836,0.24823666341589168,0.26445755250886593,-0.3254431446433475,0
1571236558000,0.9364560732255135,0.27272769165467836,0.24823666341589168,0.0640964829256514,-0.3254431446433475,0
1571236558250,0.8929220080814304,0.27272769165467836,0.24823666341589168,-0.5768221263194306,-0.3254431446433475,0
1571236558500,0.8929220080814304,0.27272769165467836,0.24823666341589168,0.8957344724620584,-0.3254431446433475,0
1571236558750,0.8929220080814304,0.27272769165467836,0.24823666341589168,0.10824527073588272,-0.3254431446433475,0
1571236559000,0.9364560732255135,0.27272769165467836,0.24823666341589168,-1.0401306696612833,-0.3254431446433475,0
1571236559250,0.8058538777932641,0.27272769165467836,0.2831765676839533,0.6255134436235736,-0.3274550330945626,0
1571236559500,0.9364560732255135,0.27272769165467836,0.24823666341589168,-0.027161260459865038,-0.3274550330945626,0
1571236559750,0.9364560732255135,0.27272769165467836,0.24823666341589168,-0.9640120699884708,-0.3274550330945626,0
1571236560000,0.8929220080814304,0.27272769165467836,0.24823666341589168,0.43420202977923794,-0.3274550330945626,0
1571236560250,0.9364560732255135,0.27272769165467836,0.24823666341589168,-0.05887734365687029,-0.3274550330945626,0
1571236560500,0.9364560732255135,0.27272769165467836,0.24823666341589168,-0.6440602226970819,-0.3254431446433475,0
1571236560750,0.9364560732255135,0.27272769165467836,0.24823666341589168,0.25659196387600863,-0.32946535098492585,0
1571236561000,0.8929220080814304,0.27272769165467836,0.24823666341589168,-0.1213791716104353,-0.3274550330945626,0
1571236561250,0.9364560732255135,0.27272769165467836,0.24823666341589168,0.21861724026146098,-0.3274550330945626,0
1571236561500,0.9364560732255135,0.27272769165467836,0.24823666341589168,0.2483034941338579,-0.3254431446433475,0
1571236561750,0.9364560732255135,0.27272769165467836,0.24823666341589168,-0.6305280271996928,-0.3274550330945626,0
1571236562000,0.9364560732255135,0.27272769165467836,0.24823666341589168,0.8391529800386011,-0.3274550330945626,0
1571236562250,0.9364560732255135,0.27272769165467836,0.24823666341589168,0.05039513498454513,-0.3234312561921323,0
1571236562500,0.9364560732255135,0.27272769165467836,0.24823666341589168,-0.5562701044077712,-0.3254431446433475,0
1571236562750,0.9364560732255135,0.27272769165467836,0.24823666341589168,0.790690804913577,-0.3274550330945626,0
1571236563000,0.9364560732255135,0.27272769165467836,0.24823666341589168,0.09183748369529865,-0.3274550330945626,0
1571236563250,0.9364560732255135,0.27272769165467836,0.24823666341589168,-0.5416384180262195,-0.3274550330945626,0
1571236563500,0.9799901383695966,0.240211986503269,0.24823666341589168,0.862496017271597,-0.32946535098492585,0
1571236563750,0.9364560732255135,0.240211986503269,0.24823666341589168,0.12913559753497683,-0.3254431446433475,0
1571236564000,0.9364560732255135,0.27272769165467836,0.24823666341589168,-0.783018955210894,-0.32946535098492585,0
1571236564250,0.9364560732255135,0.27272769165467836,0.21329675914783008,0.657736984151731,-0.3274550330945626,0
1571236564500,0.9364560732255135,0.27272769165467836,0.24823666341589168,0.06257411093219514,-0.3274550330945626,0
1571236564750,0.9364560732255135,0.27272769165467836,0.24823666341589168,-0.9614747833327103,-0.3274550330945626,0
1571236565000,0.9364560732255135,0.27272769165467836,0.24823666341589168,0.5239374011712982,-0.32946535098492585,0
1571236565250,0.9364560732255135,0.27272769165467836,0.24823666341589168,-0.21390555832383196,-0.3274550330945626,0
1571236565500,0.9364560732255135,0.27272769165467836,0.24823666341589168,-0.1514883065921256,-0.331477239436141,0
1571236565750,0.9364560732255135,0.27272769165467836,0.24823666341589168,0.12719034443222718,-0.3274550330945626,0
1571236566000,0.9799901383695966,0.27272769165467836,0.24823666341589168,-0.38246596848818254,-0.3274550330945626,0
1571236566250,1.110592333801846,0.33775910195749703,0.21329675914783008,0.8339092542833628,-0.3254431446433475,0
1571236566500,0.8058538777932641,0.27272769165467836,0.1783568548797685,0.03094260395704858,-0.3274550330945626,0
1571236566750,1.1541263989459292,0.4678219225631344,-0.031282570728601154,-1.0273596601606225,-0.331477239436141,0
1571236567000,1.1541263989459292,0.532853332865953,-0.031282570728601154,0.23849265239825093,-0.331477239436141,0
1571236567250,1.0235242035136798,0.5653690380173624,-0.031282570728601154,-0.5853643247271575,-0.3334891278873561,0
1571236567500,1.110592333801846,0.43530621741172504,0.003657333539460452,-0.23056707402999205,-0.3334891278873561,0
1571236567750,1.067058268657763,0.37027480710890637,0.07353714207558366,0.9748978161217835,-0.33549944577771934,0
1571236568000,1.0235242035136798,0.33775910195749703,0.10847704634364527,0.5340865477943398,-0.331477239436141,0
1571236568250,1.0235242035136798,0.3052433968060877,0.10847704634364527,0.1989109805683884,-0.33549944577771934,0
1571236568500,1.0235242035136798,0.3052433968060877,0.10847704634364527,0.9468185104647016,-0.331477239436141,0
1571236568750,1.0235242035136798,0.3052433968060877,0.10847704634364527,-0.18760235332578226,-0.3334891278873561,0
1571236569000,1.0235242035136798,0.3052433968060877,0.10847704634364527,-0.9693403719655675,-0.331477239436141,0
1571236569250,1.0235242035136798,0.3052433968060877,0.07353714207558366,0.19036878216066164,-0.331477239436141,0
1571236569500,1.0235242035136798,0.3052433968060877,0.07353714207558366,-0.32859091516420297,-0.331477239436141,0
1571236569750,1.0235242035136798,0.3052433968060877,0.07353714207558366,-0.4512264368592899,-0.3334891278873561,0
1571236570000,1.067058268657763,0.3052433968060877,0.07353714207558366,0.2037318252143332,-0.331477239436141,0
1571236570250,1.0235242035136798,0.3052433968060877,0.07353714207558366,-0.21957216518836353,-0.33549944577771934,0
1571236570500,1.0235242035136798,0.3052433968060877,0.07353714207558366,-0.05963852965359842,-0.3334891278873561,0
1571236570750,1.067058268657763,0.3052433968060877,0.07353714207558366,0.49205216553057557,-0.331477239436141,0
1571236571000,1.0235242035136798,0.3052433968060877,0.07353714207558366,0.007599566724052711,-0.331477239436141,0
1571236571250,1.067058268657763,0.3052433968060877,0.07353714207558366,0.46490319831393906,-0.331477239436141,0
1571236571500,1.0235242035136798,0.3052433968060877,0.07353714207558366,-0.2106070856713434,-0.331477239436141,0
1571236571750,1.110592333801846,0.3052433968060877,0.07353714207558366,-0.6176724414771734,-0.3334891278873561,0
1571236572000,1.067058268657763,0.3052433968060877,0.07353714207558366,0.7380843949174777,-0.331477239436141,0
1571236572250,1.067058268657763,0.3052433968060877,0.07353714207558366,-1.2293243228547484e-05,-0.3274550330945626,0
1571236572500,1.067058268657763,0.3052433968060877,0.07353714207558366,-0.6375478536139633,-0.32946535098492585,0
1571236572750,1.0235242035136798,0.3052433968060877,0.07353714207558366,0.6656025727845883,-0.32946535098492585,0
1571236573000,1.067058268657763,0.33775910195749703,0.038597237807522056,0.31139735564043364,-0.32946535098492585,0
1571236573250,1.0235242035136798,0.3052433968060877,0.07353714207558366,-0.7495267713548566,-0.32946535098492585,0
1571236573500,1.0235242035136798,0.3052433968060877,0.10847704634364527,0.9981562771329207,-0.331477239436141,0
1571236573750,1.067058268657763,0.3052433968060877,0.07353714207558366,0.09564341367893929,-0.32946535098492585,0
1571236574000,1.067058268657763,0.3052433968060877,0.07353714207558366,-0.8070386022187594,-0.32946535098492585,0
1571236574250,1.067058268657763,0.3052433968060877,0.07353714207558366,0.851585684651827,-0.3274550330945626,0
1571236574500,1.067058268657763,0.3052433968060877,0.07353714207558366,0.10562340785826362,-0.3274550330945626,0
1571236574750,1.067058268657763,0.3052433968060877,0.07353714207558366,-0.8727543266029543,-0.32946535098492585,0
1571236575000,1.067058268657763,0.3052433968060877,0.07353714207558366,0.8266356992035163,-0.331477239436141,0
1571236575250,1.067058268657763,0.3052433968060877,0.07353714207558366,0.2504178996803249,-0.331477239436141,0
1571236575500,1.067058268657763,0.3052433968060877,0.07353714207558366,-0.5304743567408737,-0.33549944577771934,0
1571236575750,1.067058268657763,0.3052433968060877,0.07353714207558366,0.7104279703696891,-0.32946535098492585,0
1571236576000,1.067058268657763,0.3052433968060877,0.07353714207558366,0.13302610374047616,-0.331477239436141,0
1571236576250,1.067058268657763,0.3052433968060877,0.07353714207558366,-0.3997195177473534,-0.32946535098492585,0
1571236576500,0.9364560732255135,0.37027480710890637,0.07353714207558366,0.5740065245116373,-0.3375113342289344,0
1571236576750,0.9799901383695966,0.4027905122603157,0.24823666341589168,0.1638964247188946,-0.3334891278873561,0
1571236577000,0.7623198126491809,0.4027905122603157,0.49281599329232295,-0.2963673746360456,-0.331477239436141,0
1571236577250,0.7187857475050978,0.5003376277145437,0.038597237807522056,-0.4771913369699049,-0.3274550330945626,0
1571236577500,1.2411945292340956,0.6629161534715904,0.003657333539460452,0.6919903540044966,-0.32141936774091723,0
1571236577750,-0.6743043371055626,0.1751805762004503,-0.6951407518217716,0.6685627405496422,-0.3133749550577605,0
1571236578000,1.7200692458190099,0.14266487104904096,-1.1493595073065725,-0.4026796855124072,-0.2972829885697433,0
1571236578250,1.371796724666345,0.37027480710890637,-1.2192393158426957,0.7801187771812419,-0.29929487702095836,0
1571236578500,1.3282626595222617,0.27272769165467836,-1.2541792201107573,-1.2464120747746055,-0.3033170833625367,0
1571236578750,1.415330789810428,0.3052433968060877,-1.3939388371830037,0.3517402134670243,-0.30532897181375185,0
1571236579000,1.3282626595222617,0.3052433968060877,-1.8830974969358663,-1.1072841898170758,-0.3133749550577605,0
1571236579250,1.1976604640900124,0.33775910195749703,-1.9529773054719894,-1.2660337582458194,-0.31538527294812374,0
1571236579500,1.1976604640900124,0.3052433968060877,-1.9180374012039278,0.955952742425439,-0.3173971613993388,0
1571236579750,1.2411945292340956,0.27272769165467836,-1.8830974969358663,-0.6043939746453606,-0.32141936774091723,0
1571236580000,1.1976604640900124,0.27272769165467836,-1.8830974969358663,-0.2795367064861682,-0.32141936774091723,0
1571236580250,1.1976604640900124,0.240211986503269,-1.8830974969358663,1.1301797594543213,-0.31940904985055396,0
1571236580500,1.1976604640900124,0.240211986503269,-1.9180374012039278,-0.4066547679397652,-0.31940904985055396,0
1571236580750,1.1976604640900124,0.240211986503269,-1.9180374012039278,-0.7502033811297261,-0.31940904985055396,0
1571236581000,1.1976604640900124,0.27272769165467836,-1.9529773054719894,-0.1681498222982857,-0.3173971613993388,0
1571236581250,1.1976604640900124,0.27272769165467836,-1.9529773054719894,1.543926636786987,-0.31940904985055396,0
1571236581500,1.1541263989459292,0.240211986503269,-1.9529773054719894,0.02967396062916837,-0.31940904985055396,0
1571236581750,1.1976604640900124,0.240211986503269,-1.9529773054719894,0.4675250611915582,-0.3173971613993388,0
1571236582000,1.1541263989459292,0.240211986503269,-1.9529773054719894,0.00734583805847667,-0.3173971613993388,0
1571236582250,1.1976604640900124,0.240211986503269,-1.9529773054719894,-0.4667038854594285,-0.3173971613993388,0
1571236582500,1.1541263989459292,0.240211986503269,-1.9529773054719894,0.38802341264439827,-0.31538527294812374,0
1571236582750,1.1541263989459292,0.240211986503269,-1.9529773054719894,-0.8072077546624767,-0.31538527294812374,0
1571236583000,1.1541263989459292,0.240211986503269,-1.987917209740051,0.6975723846471696,-0.3173971613993388,0
1571236583250,1.1541263989459292,0.240211986503269,-1.9529773054719894,-0.2578006174684872,-0.31538527294812374,0
1571236583500,1.1541263989459292,0.240211986503269,-1.9529773054719894,0.905376161753948,-0.3173971613993388,0
1571236583750,1.1541263989459292,0.240211986503269,-1.987917209740051,0.10985221895119765,-0.31538527294812374,0
1571236584000,1.1541263989459292,0.240211986503269,-1.9529773054719894,-0.5514492597618265,-0.3173971613993388,0
1571236584250,1.1541263989459292,0.240211986503269,-1.987917209740051,0.47217675339378556,-0.3173971613993388,0
1571236584500,1.1541263989459292,0.240211986503269,-1.9529773054719894,-0.04999684036170882,-0.3173971613993388,0
1571236584750,1.1541263989459292,0.240211986503269,-1.9529773054719894,-0.6581844517474815,-0.3173971613993388,0
1571236585000,1.1541263989459292,0.240211986503269,-1.9529773054719894,0.9420822420406154,-0.3173971613993388,0
1571236585250,1.1541263989459292,0.240211986503269,-1.9529773054719894,0.045235985451165604,-0.31538527294812374,0
1571236585500,1.1541263989459292,0.240211986503269,-1.9529773054719894,-1.2429444496783995,-0.31538527294812374,0
1571236585750,1.1541263989459292,0.240211986503269,-1.987917209740051,0.6847167989246501,-0.3173971613993388,0
1571236586000,1.1541263989459292,0.240211986503269,-1.9529773054719894,0.0649422451442382,-0.31538527294812374,0
1571236586250,1.1541263989459292,0.240211986503269,-1.987917209740051,-0.768471845051201,-0.3173971613993388,0
1571236586500,1.1541263989459292,0.240211986503269,-1.9529773054719894,0.5116738490017895,-0.3173971613993388,0
1571236586750,1.1541263989459292,0.240211986503269,-1.9529773054719894,-0.34719768397311274,-0.3173971613993388,0
1571236587000,1.1541263989459292,0.240211986503269,-1.987917209740051,0.19062251082623768,-0.3173971613993388,0
1571236587250,1.1541263989459292,0.240211986503269,-1.9529773054719894,0.12592170110434697,-0.3133749550577605,0
1571236587500,1.1541263989459292,0.240211986503269,-1.9529773054719894,-0.5236236827703206,-0.3173971613993388,0
1571236587750,1.1541263989459292,0.240211986503269,-1.9529773054719894,1.0864538527533834,-0.31538527294812374,0
1571236588000,1.1541263989459292,0.240211986503269,-1.987917209740051,0.06984766601204169,-0.3173971613993388,0
1571236588250,1.1541263989459292,0.240211986503269,-1.987917209740051,-0.9959818818510521,-0.31538527294812374,0
1571236588500,1.1541263989459292,0.240211986503269,-1.987917209740051,1.01101186285544,-0.31538527294812374,0
1571236588750,1.1541263989459292,0.240211986503269,-1.987917209740051,0.18377183685568454,-0.3173971613993388,0
1571236589000,1.1541263989459292,0.20769628135185966,-1.987917209740051,-1.1950743081063864,-0.31538527294812374,0
1571236589250,1.1541263989459292,0.27272769165467836,-1.9529773054719894,0.6645876581222842,-0.3133749550577605,0
1571236589500,1.1541263989459292,0.240211986503269,-1.987917209740051,0.04159920791124234,-0.31538527294812374,0
1571236589750,1.1541263989459292,0.27272769165467836,-1.9529773054719894,-1.1192940133210083,-0.3173971613993388,0
1571236590000,1.1541263989459292,0.240211986503269,-1.987917209740051,0.39056069930015874,-0.31538527294812374,0
1571236590250,1.1541263989459292,0.27272769165467836,-1.987917209740051,-0.44530610132918225,-0.3173971613993388,0
1571236590500,1.1541263989459292,0.20769628135185966,-1.987917209740051,0.45991320122427687,-0.31538527294812374,0
1571236590750,1.2847285943781785,0.27272769165467836,-2.022857114008113,0.05513140340863125,-0.3173971613993388,0
1571236591000,1.2411945292340956,0.3052433968060877,-1.8481575926678047,-0.5229470729954511,-0.3173971613993388,0
1571236591250,1.2411945292340956,0.27272769165467836,-1.9180374012039278,1.1096277375426618,-0.3173971613993388,0
1571236591500,1.2411945292340956,0.33775910195749703,-1.8481575926678047,0.13640915261482336,-0.31538527294812374,0
1571236591750,1.1976604640900124,0.27272769165467836,-1.9180374012039278,-1.4286738328800623,-0.31940904985055396,0
1571236592000,1.2411945292340956,0.3052433968060877,-1.8830974969358663,0.6140956536726518,-0.3173971613993388,0
1571236592250,1.1976604640900124,0.27272769165467836,-1.9180374012039278,-0.004833137889173346,-0.3133749550577605,0
1571236592500,1.1976604640900124,0.27272769165467836,-1.9180374012039278,-0.2616911236739865,-0.3173971613993388,0
1571236592750,1.1976604640900124,0.27272769165467836,-1.9180374012039278,0.5966729519697636,-0.31538527294812374,0
1571236593000,1.1976604640900124,0.27272769165467836,-1.9529773054719894,-0.473723711873699,-0.31940904985055396,0
1571236593250,1.1541263989459292,0.240211986503269,-1.9529773054719894,1.2583973117920813,-0.31538527294812374,0
1571236593500,1.1541263989459292,0.240211986503269,-1.9529773054719894,0.06528055003167292,-0.3173971613993388,0
1571236593750,1.1541263989459292,0.27272769165467836,-1.9180374012039278,-0.895336177839222,-0.3173971613993388,0
1571236594000,1.1541263989459292,0.240211986503269,-1.9529773054719894,0.7524623526334534,-0.31538527294812374,0
1571236594250,1.1541263989459292,0.240211986503269,-1.9529773054719894,-0.06987225249849877,-0.31538527294812374,0
1571236594500,1.1541263989459292,0.240211986503269,-1.9529773054719894,-1.1340102759244188,-0.3093511781553302,0
1571236594750,1.1976604640900124,0.27272769165467836,-1.9529773054719894,0.3919984950717563,-0.3173971613993388,0
1571236595000,1.1976604640900124,0.240211986503269,-1.9529773054719894,-0.21035335700576735,-0.31538527294812374,0
1571236595250,1.1541263989459292,0.240211986503269,-1.987917209740051,0.036186329712286774,-0.31538527294812374,0
1571236595500,1.1541263989459292,0.240211986503269,-2.022857114008113,0.24711942702783637,-0.31538527294812374,0
1571236595750,1.1541263989459292,0.240211986503269,-1.987917209740051,-0.44243050978598714,-0.31940904985055396,0
1571236596000,1.1541263989459292,0.240211986503269,-1.9529773054719894,0.6069912510365226,-0.3173971613993388,0
1571236596250,1.1541263989459292,0.27272769165467836,-1.9529773054719894,0.1997567427869752,-0.3173971613993388,0
1571236596500,1.1541263989459292,0.20769628135185966,-2.022857114008113,-0.5106835208259425,-0.31538527294812374,0
1571236596750,1.1976604640900124,0.27272769165467836,-1.9180374012039278,0.47268421072493766,-0.3173971613993388,0
1571236597000,1.1976604640900124,0.27272769165467836,-1.987917209740051,-0.20367183547893158,-0.3173971613993388,0
1571236597250,1.2411945292340956,0.27272769165467836,-1.9529773054719894,-0.7523177866761931,-0.3133749550577605,0
1571236597500,1.1976604640900124,0.27272769165467836,-1.8481575926678047,0.9708381574725667,-0.31940904985055396,0
1571236597750,1.1976604640900124,0.1751805762004503,-1.9180374012039278,-0.15723948967851592,-0.31538527294812374,0
1571236598000,1.1976604640900124,0.240211986503269,-1.8830974969358663,-1.388246398831613,-0.3173971613993388,0
1571236598250,1.1976604640900124,0.240211986503269,-1.8830974969358663,0.7800342009593834,-0.3173971613993388,0
1571236598500,1.1976604640900124,0.240211986503269,-1.8830974969358663,-0.20003505793900833,-0.31940904985055396,0
1571236598750,1.1976604640900124,0.240211986503269,-1.8830974969358663,0.19155284926668317,-0.31538527294812374,0
1571236599000,1.1976604640900124,0.240211986503269,-1.8830974969358663,0.1292201737568355,-0.31940904985055396,0
1571236599250,1.1976604640900124,0.20769628135185966,-1.8830974969358663,-0.6542939455419822,-0.3173971613993388,0
1571236599500,1.1976604640900124,0.240211986503269,-1.9180374012039278,0.9908827220530741,-0.31940904985055396,0
1571236599750,1.1976604640900124,0.240211986503269,-1.9180374012039278,0.04828072943807811,-0.31940904985055396,0
1571236600000,1.1976604640900124,0.20769628135185966,-1.9180374012039278,-0.2413082542060445,-0.3173971613993388,0
1571236600250,1.1976604640900124,0.240211986503269,-1.9180374012039278,0.3149495569584982,-0.3133749550577605,0
1571236600500,1.1976604640900124,0.240211986503269,-1.9180374012039278,-0.5477279060000445,-0.31538527294812374,0
1571236600750,1.1976604640900124,0.240211986503269,-1.9180374012039278,1.0919513071741975,-0.3173971613993388,0
1571236601000,1.1976604640900124,0.240211986503269,-1.9180374012039278,0.11052882872606709,-0.31538527294812374,0
1571236601250,1.1976604640900124,0.240211986503269,-1.9180374012039278,-0.8935600771801898,-0.3173971613993388,0
1571236601500,1.1976604640900124,0.240211986503269,-1.9180374012039278,0.766332853018277,-0.3173971613993388,0
1571236601750,1.1976604640900124,0.240211986503269,-1.9180374012039278,0.008445328942639519,-0.3173971613993388,0
1571236602000,1.1541263989459292,0.240211986503269,-1.9180374012039278,-0.9834646010159673,-0.31940904985055396,0
1571236602250,1.1976604640900124,0.240211986503269,-1.9529773054719894,0.3684863053950431,-0.3173971613993388,0
1571236602500,1.1541263989459292,0.240211986503269,-1.9529773054719894,-0.21255233877409307,-0.3173971613993388,0
1571236602750,1.1541263989459292,0.20769628135185966,-1.9529773054719894,-0.8220931697096046,-0.3173971613993388,0
1571236603000,1.1541263989459292,0.20769628135185966,-1.987917209740051,0.4256598313715112,-0.3173971613993388,0
1571236603250,1.1541263989459292,0.240211986503269,-1.987917209740051,0.06502682136609689,-0.31538527294812374,0
1571236603500,1.1976604640900124,0.20769628135185966,-1.987917209740051,-0.987524259665184,-0.3173971613993388,0
1571236603750,1.1541263989459292,0.240211986503269,-1.987917209740051,0.5014401261568892,-0.31538527294812374,0
1571236604000,1.1541263989459292,0.240211986503269,-1.9529773054719894,-0.20341810681335554,-0.3173971613993388,0
1571236604250,1.1541263989459292,0.20769628135185966,-1.987917209740051,-1.0231308490676885,-0.3133749550577605,0
1571236604500,1.1541263989459292,0.240211986503269,-1.987917209740051,0.24635824103110823,-0.3173971613993388,0
1571236604750,1.1541263989459292,0.240211986503269,-1.9529773054719894,-0.3368793849063536,-0.31538527294812374,0
1571236605000,1.1541263989459292,0.240211986503269,-1.9529773054719894,0.6399759775614081,-0.3173971613993388,0
1571236605250,1.1541263989459292,0.240211986503269,-1.9529773054719894,-0.13474221466410685,-0.31538527294812374,0
1571236605500,1.1541263989459292,0.240211986503269,-1.987917209740051,-0.9977579825100843,-0.3173971613993388,0
1571236605750,1.1541263989459292,0.1751805762004503,-1.987917209740051,0.8964110822369278,-0.3173971613993388,0
1571236606000,1.1541263989459292,0.20769628135185966,-1.9529773054719894,-0.25441756859414,-0.3173971613993388,0
1571236606250,1.1541263989459292,0.27272769165467836,-1.9180374012039278,-0.016250927840095235,-0.3133749550577605,0
1571236606500,1.1541263989459292,0.240211986503269,-1.987917209740051,0.5241911298368742,-0.31538527294812374,0
1571236606750,1.1541263989459292,0.20769628135185966,-1.987917209740051,-0.526160969426081,-0.3173971613993388,0
1571236607000,1.1541263989459292,0.240211986503269,-1.9529773054719894,0.7237064372015019,-0.31538527294812374,0
1571236607250,1.1541263989459292,0.240211986503269,-1.9529773054719894,-0.05422565145464286,-0.3173971613993388,0
1571236607500,1.1541263989459292,0.240211986503269,-1.987917209740051,-0.9898078176553683,-0.31538527294812374,0
1571236607750,1.1976604640900124,0.240211986503269,-1.9529773054719894,0.7423132060104116,-0.3173971613993388,0
1571236608000,1.1541263989459292,0.240211986503269,-1.987917209740051,-0.27141738918773484,-0.3173971613993388,0
1571236608250,1.1541263989459292,0.240211986503269,-1.9529773054719894,0.4519630363695609,-0.31538527294812374,0
1571236608500,1.1541263989459292,0.240211986503269,-1.9529773054719894,0.1524786347679727,-0.3173971613993388,0
1571236608750,1.1541263989459292,0.240211986503269,-1.9529773054719894,-0.6784827449935648,-0.3173971613993388,0
1571236609000,1.1541263989459292,0.240211986503269,-1.987917209740051,0.9932508562651172,-0.31538527294812374,0
1571236609250,1.1541263989459292,0.240211986503269,-1.9529773054719894,0.036355482156004135,-0.3133749550577605,0
1571236609500,1.1541263989459292,0.240211986503269,-1.9180374012039278,-0.933480053897487,-0.3173971613993388,0
1571236609750,1.1541263989459292,0.240211986503269,-1.9529773054719894,0.30970583120326,-0.31538527294812374,0
1571236610000,1.1541263989459292,0.240211986503269,-1.9529773054719894,-0.4174805243376763,-0.3173971613993388,0
1571236610250,1.1541263989459292,0.240211986503269,-1.987917209740051,0.7737755605418408,-0.3173971613993388,0
1571236610500,1.1541263989459292,0.240211986503269,-1.987917209740051,-0.13668746776685647,-0.3173971613993388,0
1571236610750,1.1541263989459292,0.27272769165467836,-1.9529773054719894,-0.7695713359353639,-0.3173971613993388,0
1571236611000,1.1541263989459292,0.240211986503269,-1.9529773054719894,1.0742748768057333,-0.31538527294812374,0
1571236611250,1.1541263989459292,0.240211986503269,-1.987917209740051,0.1384389819394317,-0.31538527294812374,0
1571236611500,1.1541263989459292,0.240211986503269,-1.9180374012039278,-1.113035372903466,-0.3173971613993388,0
1571236611750,1.1541263989459292,0.240211986503269,-1.9529773054719894,0.5151414740979954,-0.3173971613993388,0
1571236612000,1.1541263989459292,0.240211986503269,-1.9529773054719894,-0.41790340544696974,-0.3173971613993388,0
1571236612250,1.1541263989459292,0.240211986503269,-1.9180374012039278,0.5807726222603317,-0.3133749550577605,0
1571236612500,1.1976604640900124,0.27272769165467836,-1.9529773054719894,0.042106665242394425,-0.31538527294812374,0
1571236612750,1.1976604640900124,0.240211986503269,-1.9529773054719894,-0.7262683103437194,-0.3173971613993388,0
1571236613000,1.1976604640900124,0.240211986503269,-1.9180374012039278,1.101592996466087,-0.3173971613993388,0
1571236613250,1.1976604640900124,0.240211986503269,-1.9529773054719894,0.19036878216066164,-0.3173971613993388,0
1571236613500,1.1976604640900124,0.240211986503269,-1.9529773054719894,-1.164965173124696,-0.31538527294812374,0
1571236613750,1.1541263989459292,0.240211986503269,-1.9529773054719894,0.47454488760582864,-0.31538527294812374,0
1571236614000,1.1976604640900124,0.3052433968060877,-1.8481575926678047,-0.12433933937548912,-0.31538527294812374,0
1571236614250,1.1541263989459292,0.20769628135185966,-1.987917209740051,-0.7185718741545795,-0.31538527294812374,0
1571236614500,1.1976604640900124,0.240211986503269,-1.8830974969358663,0.34345174372487364,-0.3133749550577605,0
1571236614750,1.1541263989459292,0.20769628135185966,-1.9180374012039278,-0.3731625840837277,-0.3173971613993388,0
1571236615000,1.1541263989459292,0.240211986503269,-1.9529773054719894,0.8723914352290625,-0.3173971613993388,0
1571236615250,1.1976604640900124,0.20769628135185966,-1.9180374012039278,-0.0903396981882995,-0.3173971613993388,0
1571236615500,1.1541263989459292,0.240211986503269,-1.987917209740051,-1.0716776004145712,-0.3173971613993388,0
1571236615750,1.1541263989459292,0.240211986503269,-1.9180374012039278,0.5832253326942333,-0.31940904985055396,0
1571236616000,1.1541263989459292,0.240211986503269,-1.9529773054719894,-0.23877096755028404,-0.31940904985055396,0
1571236616250,1.1541263989459292,0.240211986503269,-1.9180374012039278,0.7846858931616107,-0.3133749550577605,0
1571236616500,1.1976604640900124,0.240211986503269,-1.9529773054719894,0.06079801027316285,-0.31538527294812374,0
1571236616750,1.1976604640900124,0.240211986503269,-1.9529773054719894,-0.6628361439497089,-0.31538527294812374,0
1571236617000,1.1541263989459292,0.240211986503269,-1.9529773054719894,1.0386682874032287,-0.3173971613993388,0
1571236617250,1.1541263989459292,0.240211986503269,-1.9529773054719894,-0.09651376238398318,-0.31538527294812374,0
1571236617500,1.1541263989459292,0.240211986503269,-1.9180374012039278,-1.1405226450075374,-0.3173971613993388,0
1571236617750,1.1541263989459292,0.240211986503269,-1.9180374012039278,0.49594267173607487,-0.31538527294812374,0
1571236618000,1.1976604640900124,0.240211986503269,-1.9529773054719894,-0.3434763302113307,-0.3173971613993388,0
1571236618250,1.1541263989459292,0.240211986503269,-1.9180374012039278,0.8914210851472656,-0.3173971613993388,0
1571236618500,1.1541263989459292,0.240211986503269,-1.9529773054719894,-0.02453939758224594,-0.31538527294812374,0
1571236618750,1.1541263989459292,0.20769628135185966,-1.9529773054719894,-0.9199478584000981,-0.31538527294812374,0
1571236619000,1.1976604640900124,0.240211986503269,-1.987917209740051,1.0154944026139503,-0.31538527294812374,0
1571236619250,1.1541263989459292,0.240211986503269,-1.8830974969358663,-0.01718126628054072,-0.3133749550577605,0
1571236619500,1.1541263989459292,0.240211986503269,-1.9529773054719894,-1.1269058732882897,-0.3133749550577605,0
1571236619750,1.1976604640900124,0.240211986503269,-1.9529773054719894,0.40375458991011287,-0.31538527294812374,0
1571236620000,1.1976604640900124,0.240211986503269,-1.9180374012039278,-0.4344803449312712,-0.3133749550577605,0
1571236620250,1.1541263989459292,0.240211986503269,-1.9180374012039278,0.8499787364365122,-0.31538527294812374,0
1571236620500,1.1541263989459292,0.240211986503269,-1.9529773054719894,0.05411648874632708,-0.31538527294812374,0
1571236620750,1.1541263989459292,0.240211986503269,-1.9180374012039278,-1.193805664778506,-0.31538527294812374,0
1571236621000,1.1541263989459292,0.240211986503269,-1.9180374012039278,0.9455498671368213,-0.31538527294812374,0
1571236621250,1.1541263989459292,0.240211986503269,-1.9180374012039278,-0.21559708276100556,-0.31538527294812374,0
1571236621500,1.1541263989459292,0.240211986503269,-1.9180374012039278,0.27071619292640825,-0.31538527294812374,0
1571236621750,1.1541263989459292,0.240211986503269,-1.9180374012039278,0.11458848737528377,-0.3133749550577605,0
1571236622000,1.1976604640900124,0.240211986503269,-1.9180374012039278,-0.5453597717880014,-0.3133749550577605,0
1571236622250,1.1541263989459292,0.20769628135185966,-1.9529773054719894,0.816401976358616,-0.3133749550577605,0
1571236622500,1.1541263989459292,0.240211986503269,-1.9180374012039278,-0.030459733112353587,-0.31538527294812374,0
1571236622750,1.1976604640900124,0.240211986503269,-1.9529773054719894,-1.0670259082123437,-0.3133749550577605,0
1571236623000,1.1976604640900124,0.240211986503269,-1.9529773054719894,0.43817711220659594,-0.3173971613993388,0
1571236623250,1.1976604640900124,0.240211986503269,-1.9529773054719894,-0.34161565333043975,-0.3173971613993388,0
1571236623500,1.1541263989459292,0.240211986503269,-1.9529773054719894,0.9593357912997862,-0.31538527294812374,0
1571236623750,1.1976604640900124,0.240211986503269,-1.9529773054719894,0.025275997092516975,-0.3173971613993388,0
1571236624000,1.1976604640900124,0.240211986503269,-1.987917209740051,-0.8355407889851348,-0.3173971613993388,0
1571236624250,1.1541263989459292,0.240211986503269,-1.9180374012039278,1.012365082405179,-0.3173971613993388,0
1571236624500,1.1541263989459292,0.240211986503269,-1.9180374012039278,-0.02360905914180045,-0.31538527294812374,0
1571236624750,1.1976604640900124,0.27272769165467836,-1.9529773054719894,-1.091553012551361,-0.3133749550577605,0
1571236625000,1.1976604640900124,0.240211986503269,-1.9529773054719894,0.295412449709143,-0.3133749550577605,0
1571236625250,1.1976604640900124,0.240211986503269,-1.9180374012039278,-0.344998702204787,-0.31538527294812374,0
1571236625500,1.1976604640900124,0.240211986503269,-1.9529773054719894,0.9040229422042091,-0.31538527294812374,0
1571236625750,1.1976604640900124,0.240211986503269,-1.9180374012039278,-0.06251412119679356,-0.31538527294812374,0
1571236626000,1.1541263989459292,0.240211986503269,-1.9529773054719894,-1.0512947309466292,-0.31538527294812374,0
1571236626250,1.1541263989459292,0.240211986503269,-1.9529773054719894,0.6948659455476918,-0.3133749550577605,0
1571236626500,1.1976604640900124,0.240211986503269,-1.9529773054719894,-0.010753473419280993,-0.3133749550577605,0
1571236626750,1.1976604640900124,0.240211986503269,-1.987917209740051,-0.34482954976106966,-0.31538527294812374,0
1571236627000,1.1976604640900124,0.240211986503269,-1.9529773054719894,0.2876314372981444,-0.31538527294812374,0
1571236627250,1.1976604640900124,0.240211986503269,-1.9529773054719894,-0.5819812758528101,-0.31538527294812374,0
1571236627500,1.1541263989459292,0.240211986503269,-1.9529773054719894,1.0138874543986354,-0.3133749550577605,0
1571236627750,1.1976604640900124,0.240211986503269,-1.9529773054719894,-0.07486224958816093,-0.31538527294812374,0
1571236628000,1.2411945292340956,0.1751805762004503,-2.022857114008113,-1.362535227386574,-0.31538527294812374,0
1571236628250,1.1976604640900124,0.3052433968060877,-1.9180374012039278,0.8344167116145149,-0.3113630666065453,0
1571236628500,1.1976604640900124,0.27272769165467836,-1.9180374012039278,-0.032827867324396645,-0.31538527294812374,0
1571236628750,1.2411945292340956,0.27272769165467836,-1.8481575926678047,-0.6759454583378044,-0.3173971613993388,0
1571236629000,1.2411945292340956,0.27272769165467836,-1.8830974969358663,0.41864000495724074,-0.31538527294812374,0
1571236629250,1.1976604640900124,0.27272769165467836,-1.9180374012039278,-0.6260454874411827,-0.3133749550577605,0
1571236629500,1.1976604640900124,0.27272769165467836,-1.9180374012039278,0.5522704354939563,-0.3173971613993388,0
1571236629750,1.1976604640900124,0.27272769165467836,-1.9180374012039278,-0.33933209534025544,-0.31538527294812374,0
1571236630000,1.1976604640900124,0.240211986503269,-1.9529773054719894,-0.9222314163902825,-0.31538527294812374,0
1571236630250,1.1541263989459292,0.240211986503269,-1.9529773054719894,1.038329982515794,-0.31538527294812374,0
1571236630500,1.1541263989459292,0.240211986503269,-1.9529773054719894,0.10503137430525285,-0.31538527294812374,0
1571236630750,1.1541263989459292,0.240211986503269,-1.9529773054719894,0.6910600155640512,-0.31538527294812374,0
1571236631000,1.1541263989459292,0.240211986503269,-1.9529773054719894,0.11112086227907786,-0.31538527294812374,0
1571236631250,1.1976604640900124,0.27272769165467836,-1.9529773054719894,-1.0329416908032953,-0.3133749550577605,0
1571236631500,1.1976604640900124,0.240211986503269,-1.9529773054719894,0.9086746344064366,-0.31538527294812374,0
1571236631750,1.1976604640900124,0.240211986503269,-1.9529773054719894,-0.24401469330552225,-0.31538527294812374,0
1571236632000,1.1541263989459292,0.27272769165467836,-1.9529773054719894,-0.007793305654227169,-0.31538527294812374,0
1571236632250,1.1976604640900124,0.27272769165467836,-1.9529773054719894,-0.026653803128712954,-0.31538527294812374,0
1571236632500,1.1976604640900124,0.240211986503269,-1.9529773054719894,-0.7685564212730598,-0.31538527294812374,0
1571236632750,1.1976604640900124,0.240211986503269,-1.9529773054719894,1.1115729906454115,-0.3173971613993388,0
1571236633000,1.1541263989459292,0.240211986503269,-1.9529773054719894,0.04100717435823157,-0.3113630666065453,0
1571236633250,1.1976604640900124,0.240211986503269,-1.9529773054719894,-1.3076452594002903,-0.31538527294812374,0
1571236633500,1.1541263989459292,0.240211986503269,-1.9529773054719894,0.7536464197394749,-0.3133749550577605,0
1571236633750,1.1976604640900124,0.240211986503269,-1.9529773054719894,-0.005086866554749388,-0.3173971613993388,0
1571236634000,1.1541263989459292,0.240211986503269,-1.9529773054719894,-1.0991648725186425,-0.3173971613993388,0
1571236634250,1.1541263989459292,0.240211986503269,-1.9529773054719894,0.47505234493698073,-0.31538527294812374,0
1571236634500,1.1541263989459292,0.240211986503269,-1.9529773054719894,-0.20806979901558298,-0.3133749550577605,0
1571236634750,1.1976604640900124,0.240211986503269,-1.9529773054719894,-0.7913074249530448,-0.31538527294812374,0
1571236635000,1.1976604640900124,0.240211986503269,-1.9529773054719894,0.30353176700757634,-0.3133749550577605,0
1571236635250,1.1976604640900124,0.240211986503269,-1.9529773054719894,-0.39202308155821347,-0.3113630666065453,0
1571236635500,1.1976604640900124,0.240211986503269,-1.9529773054719894,0.3643420705239677,-0.31538527294812374,0
1571236635750,1.1541263989459292,0.240211986503269,-1.9529773054719894,0.2143038529466683,-0.3133749550577605,0
1571236636000,1.1976604640900124,0.240211986503269,-1.9529773054719894,-0.4319430582755107,-0.31538527294812374,0
1571236636250,1.1541263989459292,0.240211986503269,-1.9529773054719894,0.18893098638906408,-0.3133749550577605,0
1571236636500,1.1541263989459292,0.240211986503269,-1.9529773054719894,0.30564617255404336,-0.31538527294812374,0
1571236636750,1.1541263989459292,0.240211986503269,-1.9529773054719894,-0.24739774217986948,-0.3133749550577605,0
1571236637000,1.1976604640900124,0.27272769165467836,-1.9529773054719894,-0.6409309024883106,-0.31538527294812374,0
1571236637250,1.1541263989459292,0.240211986503269,-1.9529773054719894,0.3815110435612799,-0.31538527294812374,0
1571236637500,1.1976604640900124,0.27272769165467836,-1.9529773054719894,-0.16324440143048222,-0.31538527294812374,0
1571236637750,1.1976604640900124,0.240211986503269,-1.9529773054719894,-0.9923451043111288,-0.3133749550577605,0
1571236638000,1.1541263989459292,0.27272769165467836,-1.9529773054719894,0.39149103774060423,-0.31538527294812374,0
1571236638250,1.1541263989459292,0.240211986503269,-1.9529773054719894,-0.2574623125810525,-0.3133749550577605,0
1571236638500,1.1541263989459292,0.240211986503269,-1.9529773054719894,-0.16789609363270966,-0.31538527294812374,0
1571236638750,1.1976604640900124,0.240211986503269,-1.9529773054719894,0.2936363490501107,-0.31538527294812374,0
1571236639000,1.1976604640900124,0.240211986503269,-1.9529773054719894,-0.42060984454644756,-0.31538527294812374,0
1571236639250,1.1541263989459292,0.240211986503269,-1.9529773054719894,0.7860391127113496,-0.31538527294812374,0
1571236639500,1.1541263989459292,0.240211986503269,-1.9529773054719894,0.10528510297082888,-0.31538527294812374,0
1571236639750,1.1976604640900124,0.240211986503269,-1.9529773054719894,-0.5439219760164039,-0.31538527294812374,0
1571236640000,1.1976604640900124,0.240211986503269,-1.9529773054719894,1.110135194873814,-0.3113630666065453,0
1571236640250,1.1976604640900124,0.27272769165467836,-1.9529773054719894,-0.06902649027991196,-0.3133749550577605,0
1571236640500,1.1976604640900124,0.27272769165467836,-1.9529773054719894,-0.9931908665297156,-0.3133749550577605,0
1571236640750,1.1976604640900124,0.240211986503269,-1.9529773054719894,0.8792421091996157,-0.3133749550577605,0
1571236641000,1.1976604640900124,0.27272769165467836,-1.9529773054719894,-0.03671837352989596,-0.3133749550577605,0
1571236641250,1.1541263989459292,0.240211986503269,-1.9529773054719894,-1.0885928447863074,-0.3133749550577605,0
1571236641500,1.1976604640900124,0.240211986503269,-1.9529773054719894,0.5954888848637421,-0.3133749550577605,0
1571236641750,1.1976604640900124,0.27272769165467836,-1.9529773054719894,-0.05202666968631716,-0.3133749550577605,0
1571236642000,1.1541263989459292,0.240211986503269,-1.9529773054719894,-1.1963429514342665,-0.3133749550577605,0
1571236642250,1.1541263989459292,0.27272769165467836,-1.9529773054719894,0.6732144327518695,-0.3133749550577605,0
1571236642500,1.1541263989459292,0.240211986503269,-1.9529773054719894,0.09843442900027576,-0.3133749550577605,0
1571236642750,1.1541263989459292,0.240211986503269,-1.9529773054719894,-1.2639193526993524,-0.3133749550577605,0
1571236643000,1.1541263989459292,0.240211986503269,-1.9529773054719894,0.9447886811400932,-0.3133749550577605,0
1571236643250,1.1976604640900124,0.240211986503269,-1.9529773054719894,0.11907102713379383,-0.3133749550577605,0
1571236643500,1.1976604640900124,0.240211986503269,-1.9529773054719894,-1.1987110856463097,-0.3133749550577605,0
1571236643750,1.1976604640900124,0.240211986503269,-1.9529773054719894,0.7058608543893203,-0.3113630666065453,0
1571236644000,1.1976604640900124,0.27272769165467836,-1.9180374012039278,-0.19419929863075935,-0.3093511781553302,0
1571236644250,1.1976604640900124,0.3052433968060877,-1.987917209740051,-0.21779606452933123,-0.3093511781553302,0
1571236644500,1.110592333801846,0.240211986503269,-1.9529773054719894,0.20457758743291998,-0.3133749550577605,0
1571236644750,1.1541263989459292,0.240211986503269,-2.022857114008113,-0.5352106251649598,-0.3133749550577605,0
1571236645000,1.1541263989459292,0.20769628135185966,-2.0577970182761742,1.008136271312245,-0.3133749550577605,0
1571236645250,1.067058268657763,0.240211986503269,-2.0577970182761742,0.3933517146214952,-0.29325921166731306,0
1571236645500,1.110592333801846,0.240211986503269,-2.0577970182761742,-1.2340639463832381,-0.3576255070585301,0
1571236645750,1.110592333801846,0.240211986503269,-2.022857114008113,1.2273578383699453,-0.31538527294812374,0
1571236646000,1.110592333801846,0.240211986503269,-2.022857114008113,0.7924669055726093,-0.31538527294812374,0
1571236646250,1.110592333801846,0.240211986503269,-2.022857114008113,1.0206535521473297,-0.3133749550577605,0
1571236646500,1.110592333801846,0.240211986503269,-2.022857114008113,-1.7547151681452764,-0.31538527294812374,0
1571236646750,1.1541263989459292,0.240211986503269,-2.022857114008113,-1.7027007917021877,-0.3133749550577605,0
1571236647000,1.110592333801846,0.240211986503269,-1.987917209740051,0.3912373090750282,-0.3133749550577605,0
1571236647250,1.1541263989459292,0.240211986503269,-1.987917209740051,-0.4279679758481527,-0.31538527294812374,0
1571236647500,1.1541263989459292,0.240211986503269,-2.022857114008113,1.2419895247514972,-0.31538527294812374,0
1571236647750,1.1541263989459292,0.240211986503269,-2.022857114008113,-0.5235391065484619,-0.3133749550577605,0
1571236648000,1.1541263989459292,0.240211986503269,-2.022857114008113,-1.3117049180495068,-0.31538527294812374,0
1571236648250,1.1541263989459292,0.240211986503269,-2.022857114008113,1.1999551424877328,-0.3133749550577605,0
1571236648500,1.110592333801846,0.240211986503269,-1.987917209740051,0.5471958621824354,-0.3133749550577605,0
1571236648750,1.1541263989459292,0.240211986503269,-1.987917209740051,-0.9264602274832165,-0.3133749550577605,0
1571236649000,1.1541263989459292,0.240211986503269,-1.987917209740051,1.2063829353489925,-0.3113630666065453,0
1571236649250,1.1541263989459292,0.240211986503269,-1.987917209740051,0.042698698795405186,-0.3113630666065453,0
1571236649500,1.1541263989459292,0.240211986503269,-2.022857114008113,-1.1921141403413325,-0.3093511781553302,0
1571236649750,1.1541263989459292,0.240211986503269,-1.987917209740051,1.0616730197487898,-0.3133749550577605,0
1571236650000,1.1541263989459292,0.240211986503269,-1.987917209740051,0.1156879782594466,-0.3113630666065453,0
1571236650250,1.1541263989459292,0.240211986503269,-2.022857114008113,-1.0814038659283194,-0.3133749550577605,0
1571236650500,1.110592333801846,0.240211986503269,-1.987917209740051,0.6758362956294887,-0.3133749550577605,0
1571236650750,1.110592333801846,0.20769628135185966,-1.987917209740051,0.051410049646849296,-0.31538527294812374,0
1571236651000,1.1541263989459292,0.240211986503269,-2.022857114008113,-1.343251848802795,-0.3133749550577605,0
1571236651250,1.1541263989459292,0.240211986503269,-2.022857114008113,1.0745286054713092,-0.3093511781553302,0
1571236651500,1.1541263989459292,0.240211986503269,-1.987917209740051,0.29964126080207704,-0.3133749550577605,0
1571236651750,1.1541263989459292,0.240211986503269,-2.022857114008113,-0.818794697057116,-0.3113630666065453,0
1571236652000,1.110592333801846,0.240211986503269,-1.987917209740051,1.0617575959706484,-0.3133749550577605,0
1571236652250,1.110592333801846,0.240211986503269,-1.987917209740051,0.020201423780996132,-0.3113630666065453,0
1571236652500,1.1541263989459292,0.240211986503269,-2.022857114008113,-0.8339338407698199,-0.3133749550577605,0
1571236652750,1.1541263989459292,0.240211986503269,-1.987917209740051,1.0842548709850577,-0.3113630666065453,0
1571236653000,1.1541263989459292,0.240211986503269,-2.022857114008113,0.1515482963275272,-0.3133749550577605,0
1571236653250,1.110592333801846,0.240211986503269,-2.022857114008113,-0.9132663368732623,-0.3113630666065453,0
1571236653500,1.110592333801846,0.240211986503269,-2.022857114008113,1.206213782905275,-0.3133749550577605,0
1571236653750,1.1541263989459292,0.240211986503269,-2.022857114008113,0.28306432131777565,-0.3113630666065453,0
1571236654000,1.1541263989459292,0.240211986503269,-2.022857114008113,-0.7376015240727827,-0.3113630666065453,0
1571236654250,1.1541263989459292,0.240211986503269,-2.022857114008113,1.1867612518777786,-0.3133749550577605,0
1571236654500,1.1541263989459292,0.240211986503269,-2.022857114008113,0.21168199006904917,-0.3073392897041151,0
1571236654750,1.1541263989459292,0.240211986503269,-2.022857114008113,-0.6792439309902929,-0.3133749550577605,0
1571236655000,1.1541263989459292,0.240211986503269,-1.987917209740051,0.9759973070059463,-0.3073392897041151,0
1571236655250,1.1541263989459292,0.240211986503269,-1.987917209740051,0.07915105041649656,-0.3113630666065453,0
1571236655500,1.1541263989459292,0.240211986503269,-2.022857114008113,-0.6697713941421206,-0.3133749550577605,0
1571236655750,1.110592333801846,0.240211986503269,-2.022857114008113,1.2090047982266117,-0.3133749550577605,0
1571236656000,1.110592333801846,0.240211986503269,-2.022857114008113,0.2718156838105711,-0.3113630666065453,0
1571236656250,1.1541263989459292,0.240211986503269,-2.022857114008113,-0.6340802285177575,-0.3133749550577605,0
1571236656500,1.1541263989459292,0.240211986503269,-2.022857114008113,1.0807872458888517,-0.3113630666065453,0
1571236656750,1.1541263989459292,0.240211986503269,-2.022857114008113,0.30268600478898955,-0.3093511781553302,0
1571236657000,1.1541263989459292,0.240211986503269,-1.987917209740051,-0.403271719065418,-0.3113630666065453,0
1571236657250,1.1541263989459292,0.240211986503269,-1.987917209740051,-0.3247004089587036,-0.3073392897041151,0
1571236657500,1.110592333801846,0.240211986503269,-1.987917209740051,0.21125910895975575,-0.3093511781553302,0
1571236657750,0.7623198126491809,0.4678219225631344,-2.1276768268122974,-0.20646285080026802,-0.3073392897041151,0
1571236658000,1.067058268657763,1.9310286543765547,-2.1975566353484206,-0.9589374966769498,-0.3133749550577605,0
1571236658250,1.8506714412512595,0.8580103843800464,-0.7650205603578949,0.664925963009719,-0.3274550330945626,0
1571236658500,0.9799901383695966,-0.11746077016223377,-0.9397200816982029,0.37736680869020456,-0.3415351111313647,0
1571236658750,0.41404729149651587,1.865997244073736,-1.3589989329149421,0.16152829050685152,-0.3334891278873561,0
1571236659000,0.10930883548793388,1.8985129492251454,-1.7083979755955583,0.955445285094287,-0.36567149030253865,0
1571236659250,0.5446494869287652,1.7359344234680987,-1.53369845425525,-6.255523390576827,-0.3395232226801496,0
1571236659500,1.2411945292340956,1.5408401925596427,-1.0095998902343262,-0.8764756803647362,-0.3576255070585301,0
1571236659750,1.676535180674927,0.6954318586229997,-0.13610228353278597,2.809102339570991,-0.331477239436141,0
1571236660000,2.1554098972598412,-0.41010211652491785,-0.7650205603578949,2.7276554379210816,-0.3133749550577605,0
1571236660250,-0.36956588109698063,0.8905260895314557,1.016914557313247,-0.5879016113829179,-0.4280258972425406,0
1571236660500,-1.4143834445549759,0.5653690380173624,1.191614078653555,-0.7594221893123222,-0.3274550330945626,0
1571236660750,-1.8497240959958072,0.4027905122603157,1.2265539829216165,0.539330273549578,-0.32946535098492585,0
1571236661000,-1.7191219005635578,0.5003376277145437,1.4012535042619247,0.811327403047095,-0.3254431446433475,0
1571236661250,-2.5027350731570546,0.4678219225631344,1.016914557313247,-0.8806199152358116,-0.3455573174729431,0
1571236661500,-2.9816097897419684,0.7604632689258184,0.7723352274368158,0.9849623865229665,-0.3475692059241582,0
1571236661750,-2.2415306822925554,0.630400448320181,0.9470347487771238,0.6770203627355103,-0.22889448683694788,0
1571236662000,-1.9367922262839736,0.4678219225631344,1.0867943658493702,1.3140484657750928,-0.3274550330945626,0
1571236662250,-2.02386035657214,0.6954318586229997,1.0867943658493702,-0.7452133840400639,-0.3133749550577605,0
1571236662500,-2.067394421716223,0.630400448320181,1.0867943658493702,-1.9995633304261569,-0.3173971613993388,0
1571236662750,-1.5885197051313085,0.630400448320181,1.1566741743854934,-0.7376015240727827,-0.3173971613993388,0
1571236663000,-1.6320537702753917,0.8254946792286371,1.1566741743854934,1.3695304673143875,-0.3173971613993388,0
1571236663250,-2.1544625520043894,0.6629161534715904,0.9470347487771238,3.6705957354235124,-0.3093511781553302,0
1571236663500,-1.5449856399872253,0.630400448320181,1.2964337914577397,0.9604352821839491,-0.31538527294812374,0
1571236663750,-2.2415306822925554,0.43530621741172504,1.1217342701174318,-0.40910747837366696,-0.3696952672049689,0
1571236664000,-1.8932581611398904,0.43530621741172504,1.0518544615813086,-2.1836011891906457,-0.3073392897041151,0
1571236664250,-1.3273153142668097,0.4027905122603157,1.3663135999938631,-5.647758660300348,-0.43204967414497086,0
1571236664500,-1.457917509699059,0.5003376277145437,1.191614078653555,0.48672386355347863,-0.3173971613993388,0
1571236664750,-0.4130999462410638,0.7279475637744091,1.645832834138356,4.232097272343293,-0.3133749550577605,0
1571236665000,-1.0661109234023107,0.532853332865953,0.9120948445090622,0.7616811608160496,-0.331477239436141,0
1571236665250,-1.5885197051313085,0.4678219225631344,1.2614938871896781,-4.967512107890979,-0.29929487702095836,0
1571236665500,-1.5014515748431423,0.43530621741172504,1.191614078653555,-3.51415431147141,-0.30532897181375185,0
1571236665750,-1.4143834445549759,0.4027905122603157,1.2265539829216165,-0.2368257144475344,-0.30532897181375185,0
1571236666000,-1.457917509699059,0.4027905122603157,1.2265539829216165,0.5925287170986883,-0.3073392897041151,0
1571236666250,-1.4143834445549759,0.4027905122603157,1.2265539829216165,0.6767666340699342,-0.30532897181375185,0
1571236666500,-1.457917509699059,0.4027905122603157,1.2265539829216165,1.3914357087757858,-0.3073392897041151,0
1571236666750,-1.370849379410893,0.4027905122603157,1.191614078653555,2.639527014744336,-0.3093511781553302,0
1571236667000,-1.4143834445549759,0.4027905122603157,1.191614078653555,1.1462492416074705,-0.3093511781553302,0
1571236667250,-1.4143834445549759,0.43530621741172504,1.191614078653555,-0.2797904351517442,-0.3093511781553302,0
1571236667500,-1.4143834445549759,0.4027905122603157,1.2265539829216165,0.39901832148602684,-0.3073392897041151,0
1571236667750,-1.4143834445549759,0.4027905122603157,1.191614078653555,-0.6644430921650238,-0.3093511781553302,0
1571236668000,-1.457917509699059,0.43530621741172504,1.191614078653555,-0.12070256183556585,-0.3093511781553302,0
1571236668250,-1.4143834445549759,0.43530621741172504,1.191614078653555,-0.48175845295027364,-0.3073392897041151,0
1571236668500,-1.4143834445549759,0.43530621741172504,1.191614078653555,0.28585533663911206,-0.3073392897041151,0
1571236668750,-1.4143834445549759,0.43530621741172504,1.191614078653555,-0.7814965832174379,-0.3073392897041151,0
1571236669000,-1.4143834445549759,0.43530621741172504,1.191614078653555,0.7179552541151116,-0.3093511781553302,0
1571236669250,-1.4143834445549759,0.43530621741172504,1.2265539829216165,-0.36292886123882734,-0.3073392897041151,0
1571236669500,-1.457917509699059,0.43530621741172504,1.191614078653555,0.6790501920601185,-0.3093511781553302,0
1571236669750,-1.5014515748431423,0.43530621741172504,1.2265539829216165,-0.2578006174684872,-0.3073392897041151,0
1571236670000,-1.3273153142668097,0.630400448320181,1.016914557313247,-0.3842420691472148,-0.3113630666065453,0
1571236670250,0.5011154217846822,0.4678219225631344,0.49281599329232295,0.12642915843549904,-0.3073392897041151,0
1571236670500,-0.6743043371055626,0.7279475637744091,1.2265539829216165,-0.6219858287919662,-0.3133749550577605,0
1571236670750,-0.7613724673937289,0.240211986503269,1.191614078653555,1.4391366979040818,-0.3133749550577605,0
1571236671000,-1.457917509699059,0.4678219225631344,1.1566741743854934,1.6363684472785252,-0.35360330071695173,0
1571236671250,-1.2837812491227265,0.4678219225631344,1.2265539829216165,-1.8754054367376136,-0.3113630666065453,0
1571236671500,-1.457917509699059,0.5003376277145437,1.191614078653555,-2.4954337191836014,-0.3133749550577605,0
1571236671750,-1.2837812491227265,0.5003376277145437,1.2265539829216165,0.920515305466652,-0.3133749550577605,0
1571236672000,-1.3273153142668097,0.4678219225631344,1.2265539829216165,0.8081135066164652,-0.3133749550577605,0
1571236672250,-1.3273153142668097,0.5003376277145437,1.2265539829216165,-0.18193574646125066,-0.3113630666065453,0
1571236672500,-1.4143834445549759,0.5003376277145437,1.191614078653555,-0.8963510925015262,-0.3113630666065453,0
1571236672750,-1.370849379410893,0.5003376277145437,1.2265539829216165,0.7831635211681545,-0.3133749550577605,0
1571236673000,-1.4143834445549759,0.5003376277145437,1.191614078653555,-0.06107632542519599,-0.3113630666065453,0
1571236673250,-1.370849379410893,0.5003376277145437,1.191614078653555,0.39022239441272405,-0.3113630666065453,0
1571236673500,-1.370849379410893,0.5003376277145437,1.191614078653555,0.17226947068290396,-0.3113630666065453,0
1571236673750,-1.370849379410893,0.5003376277145437,1.2265539829216165,-0.7486810091362697,-0.3113630666065453,0
1571236674000,-1.370849379410893,0.5003376277145437,1.191614078653555,0.6793884969475533,-0.3113630666065453,0
1571236674250,-1.4143834445549759,0.5003376277145437,1.191614078653555,-0.5753843305478331,-0.3113630666065453,0
1571236674500,-1.370849379410893,0.5003376277145437,1.191614078653555,0.6280507302793341,-0.3073392897041151,0
1571236674750,-1.370849379410893,0.5003376277145437,1.191614078653555,-0.16747321252341624,-0.3093511781553302,0
1571236675000,-1.370849379410893,0.5003376277145437,1.191614078653555,-0.9388083558745839,-0.3113630666065453,0
1571236675250,-1.370849379410893,0.5003376277145437,1.2265539829216165,0.7105125465915478,-0.3093511781553302,0
1571236675500,-1.370849379410893,0.5003376277145437,1.191614078653555,-0.3665656387787506,-0.3113630666065453,0
1571236675750,-1.370849379410893,0.5003376277145437,1.191614078653555,0.7094976319292436,-0.3093511781553302,0
1571236676000,-1.370849379410893,0.5003376277145437,1.191614078653555,-0.19555251818049824,-0.3113630666065453,0
1571236676250,-1.370849379410893,0.5003376277145437,1.2265539829216165,-1.0967121620847406,-0.3113630666065453,0
1571236676500,-1.370849379410893,0.5003376277145437,1.191614078653555,0.6661946063375991,-0.3113630666065453,0
1571236676750,-1.370849379410893,0.5003376277145437,1.191614078653555,-0.38398834048163877,-0.3113630666065453,0
1571236677000,-1.370849379410893,0.5003376277145437,1.191614078653555,0.8887146460477879,-0.3073392897041151,0
1571236677250,-1.370849379410893,0.5003376277145437,1.191614078653555,-0.043146166391155684,-0.3073392897041151,0
1571236677500,-1.370849379410893,0.5003376277145437,1.191614078653555,-1.1412838310042654,-0.3093511781553302,0
1571236677750,-1.370849379410893,0.5003376277145437,1.191614078653555,0.9052915855320893,-0.3113630666065453,0
1571236678000,-1.370849379410893,0.5003376277145437,1.191614078653555,-0.032743291102537965,-0.3093511781553302,0
1571236678250,-1.370849379410893,0.5003376277145437,1.191614078653555,-0.9466739445074412,-0.3093511781553302,0
1571236678500,-1.370849379410893,0.5003376277145437,1.191614078653555,0.5541311123748471,-0.3073392897041151,0
1571236678750,-1.370849379410893,0.5003376277145437,1.191614078653555,-0.13829441598217143,-0.3113630666065453,0
1571236679000,-1.4143834445549759,0.5003376277145437,1.191614078653555,-0.9327188679007589,-0.3113630666065453,0
1571236679250,-1.4143834445549759,0.532853332865953,1.2265539829216165,0.5060072421372579,-0.3073392897041151,0
1571236679500,-1.370849379410893,0.5003376277145437,1.2265539829216165,-0.0867874968702349,-0.3073392897041151,0
1571236679750,-1.4143834445549759,0.5003376277145437,1.2265539829216165,-1.1501643342994268,-0.30532897181375185,0
1571236680000,-1.3273153142668097,0.532853332865953,1.191614078653555,0.5374695966686871,-0.3093511781553302,0
1571236680250,-1.370849379410893,0.532853332865953,1.191614078653555,-0.1441301752904204,-0.30532897181375185,0
1571236680500,-1.457917509699059,0.5003376277145437,1.191614078653555,-1.185094313927062,-0.3093511781553302,0
1571236680750,-1.370849379410893,0.5003376277145437,1.2265539829216165,1.0262355827900027,-0.3093511781553302,0
1571236681000,-1.370849379410893,0.532853332865953,1.191614078653555,-0.17407015782839336,-0.3113630666065453,0
1571236681250,-1.370849379410893,0.5003376277145437,1.191614078653555,-0.49063895624543513,-0.3073392897041151,0
1571236681500,-1.4143834445549759,0.5003376277145437,1.191614078653555,0.5550614508152927,-0.3093511781553302,0
1571236681750,-1.370849379410893,0.532853332865953,1.191614078653555,-0.5999960111087091,-0.3073392897041151,0
1571236682000,-1.370849379410893,0.532853332865953,1.191614078653555,0.7209154218801654,-0.3093511781553302,0
1571236682250,-1.4143834445549759,0.5003376277145437,1.191614078653555,-0.3262227809521599,-0.30532897181375185,0
1571236682500,-1.4143834445549759,0.5003376277145437,1.191614078653555,-1.2301734401777389,-0.30532897181375185,0
1571236682750,-1.4143834445549759,0.5003376277145437,1.191614078653555,0.7039156012865707,-0.3093511781553302,0
1571236683000,-1.370849379410893,0.5003376277145437,1.191614078653555,-0.21830352186048335,-0.3073392897041151,0
1571236683250,-1.370849379410893,0.5003376277145437,1.191614078653555,0.4994102968322807,-0.3073392897041151,0
1571236683500,-1.370849379410893,0.5003376277145437,1.191614078653555,0.19341352614757412,-0.3073392897041151,0
1571236683750,-1.370849379410893,0.5003376277145437,1.191614078653555,-0.7863174278633827,-0.3093511781553302,0
1571236684000,-1.370849379410893,0.5003376277145437,1.191614078653555,1.0012010211198332,-0.3073392897041151,0
1571236684250,-1.370849379410893,0.5003376277145437,1.191614078653555,0.073738172217541,-0.3073392897041151,0
1571236684500,-1.370849379410893,0.5003376277145437,1.191614078653555,-1.1318112941560932,-0.3093511781553302,0
1571236684750,-1.370849379410893,0.5003376277145437,1.191614078653555,0.5611509387891177,-0.3073392897041151,0
1571236685000,-1.370849379410893,0.5003376277145437,1.191614078653555,-0.10226494547037347,-0.3073392897041151,0
1571236685250,-1.370849379410893,0.5003376277145437,1.191614078653555,-0.40132646596266836,-0.30532897181375185,0
1571236685500,-1.370849379410893,0.5003376277145437,1.191614078653555,0.37474494581258544,-0.3073392897041151,0
1571236685750,-1.370849379410893,0.532853332865953,1.191614078653555,-0.22033335118509167,-0.3073392897041151,0
1571236686000,-1.370849379410893,0.5003376277145437,1.191614078653555,-0.5400314698109047,-0.3093511781553302,0
1571236686250,-1.370849379410893,0.5003376277145437,1.191614078653555,0.359774954543599,-0.3073392897041151,0
1571236686500,-1.4143834445549759,0.532853332865953,1.191614078653555,-0.22312436650642814,-0.3093511781553302,0
1571236686750,-1.4143834445549759,0.532853332865953,1.191614078653555,-0.1016729119173627,-0.3093511781553302,0
1571236687000,-1.4143834445549759,0.5003376277145437,1.191614078653555,0.21117453273789707,-0.3093511781553302,0
1571236687250,-1.4143834445549759,0.5003376277145437,1.191614078653555,-0.38982409978988775,-0.3073392897041151,0
1571236687500,-1.370849379410893,0.532853332865953,1.2265539829216165,0.13387186595906295,-0.3093511781553302,0
1571236687750,-1.370849379410893,0.5003376277145437,1.191614078653555,0.06705665069070521,-0.3073392897041151,0
1571236688000,-1.370849379410893,0.532853332865953,1.191614078653555,-0.3394166715621141,-0.3073392897041151,0
1571236688250,-1.370849379410893,0.532853332865953,1.191614078653555,0.8575905964037934,-0.3073392897041151,0
1571236688500,-1.370849379410893,0.5003376277145437,1.191614078653555,0.033902771722102404,-0.3073392897041151,0
1571236688750,-1.370849379410893,0.532853332865953,1.191614078653555,-0.7671186255014621,-0.3073392897041151,0
1571236689000,-1.370849379410893,0.5003376277145437,1.191614078653555,0.9792112034365763,-0.3073392897041151,0
1571236689250,-1.370849379410893,0.5003376277145437,1.191614078653555,0.0741610533268344,-0.3073392897041151,0
1571236689500,-1.370849379410893,0.5003376277145437,1.191614078653555,-1.348241845892457,-0.3073392897041151,0
1571236689750,-1.370849379410893,0.5003376277145437,1.191614078653555,0.7209154218801654,-0.3093511781553302,0
1571236690000,-1.370849379410893,0.5003376277145437,1.191614078653555,0.0755142728765733,-0.3073392897041151,0
1571236690250,-1.370849379410893,0.532853332865953,1.191614078653555,-1.0185637330873198,-0.30532897181375185,0
1571236690500,-1.370849379410893,0.532853332865953,1.191614078653555,0.5583599234677812,-0.3073392897041151,0
1571236690750,-1.370849379410893,0.5003376277145437,1.191614078653555,-0.058285310103859525,-0.3073392897041151,0
1571236691000,-1.370849379410893,0.532853332865953,1.191614078653555,-0.5826578856276796,-0.3073392897041151,0
1571236691250,-1.370849379410893,0.532853332865953,1.191614078653555,0.3333025971018319,-0.30532897181375185,0
1571236691500,-1.370849379410893,0.532853332865953,1.191614078653555,-0.21652742120145105,-0.3073392897041151,0
1571236691750,-1.370849379410893,0.5003376277145437,1.191614078653555,-0.35489412016225264,-0.3073392897041151,0
1571236692000,-1.370849379410893,0.532853332865953,1.191614078653555,0.2495721374617381,-0.3093511781553302,0
1571236692250,-1.370849379410893,0.5003376277145437,1.191614078653555,-0.22997504047698128,-0.30532897181375185,0
1571236692500,-1.370849379410893,0.532853332865953,1.191614078653555,-0.37942122450127,-0.3073392897041151,0
1571236692750,-1.370849379410893,0.5003376277145437,1.191614078653555,0.3345712404297121,-0.3073392897041151,0
1571236693000,-1.370849379410893,0.532853332865953,1.191614078653555,-0.11317527809014329,-0.3073392897041151,0
1571236693250,-1.370849379410893,0.5003376277145437,1.191614078653555,-0.7229698376912309,-0.3073392897041151,0
1571236693500,-1.370849379410893,0.532853332865953,1.191614078653555,0.3413373381784066,-0.3073392897041151,0
1571236693750,-1.370849379410893,0.532853332865953,1.191614078653555,-0.2027414970384861,-0.3073392897041151,0
1571236694000,-1.370849379410893,0.532853332865953,1.191614078653555,-0.38804799913085547,-0.3073392897041151,0
1571236694250,-1.370849379410893,0.532853332865953,1.191614078653555,0.28712397996699224,-0.3093511781553302,0
1571236694500,-1.370849379410893,0.5003376277145437,1.191614078653555,-0.2023186159291927,-0.3013051949113216,0
1571236694750,-1.370849379410893,0.5003376277145437,1.191614078653555,-0.338909214230962,-0.3093511781553302,0
1571236695000,-1.457917509699059,0.5003376277145437,1.2265539829216165,0.34006869485052643,-0.3073392897041151,0
1571236695250,-1.4143834445549759,0.532853332865953,1.191614078653555,-0.23707944311311044,-0.3033170833625367,0
1571236695500,-1.4143834445549759,0.532853332865953,1.191614078653555,-0.27243230385003897,-0.3073392897041151,0
1571236695750,-1.457917509699059,0.5003376277145437,1.191614078653555,0.21269690473135333,-0.30532897181375185,0
1571236696000,-1.4143834445549759,0.532853332865953,1.191614078653555,0.015634307800627377,-0.3073392897041151,0
1571236696250,-1.4143834445549759,0.532853332865953,1.2265539829216165,0.30547702011032596,-0.30532897181375185,0
1571236696500,-1.5014515748431423,0.532853332865953,1.191614078653555,0.009291091161226325,-0.3073392897041151,0
1571236696750,-1.370849379410893,0.5003376277145437,1.2265539829216165,-0.4418384762329764,-0.3073392897041151,0
1571236697000,-1.4143834445549759,0.5003376277145437,1.191614078653555,0.39022239441272405,-0.3073392897041151,0
1571236697250,-1.370849379410893,0.5003376277145437,1.191614078653555,-0.14692119061175685,-0.30532897181375185,0
1571236697500,-1.4143834445549759,0.5003376277145437,1.191614078653555,-0.7042784926604624,-0.3073392897041151,0
1571236697750,-1.4143834445549759,0.532853332865953,1.191614078653555,0.7982180886589996,-0.3033170833625367,0
1571236698000,-1.4143834445549759,0.532853332865953,1.191614078653555,0.20246318188645296,-0.3073392897041151,0
1571236698250,-1.370849379410893,0.5003376277145437,1.191614078653555,-1.0885928447863074,-0.30532897181375185,0
1571236698500,-1.4143834445549759,0.532853332865953,1.191614078653555,0.517086727200745,-0.30532897181375185,0
1571236698750,-1.4143834445549759,0.5003376277145437,1.191614078653555,-0.16603541675181868,-0.3073392897041151,0
1571236699000,-1.4143834445549759,0.532853332865953,1.191614078653555,0.13218034152188934,-0.3073392897041151,0
1571236699250,-1.4143834445549759,0.532853332865953,1.191614078653555,0.23527875596762104,-0.3073392897041151,0
1571236699500,-1.4143834445549759,0.5003376277145437,1.191614078653555,-0.47338540698626425,-0.3073392897041151,0
1571236699750,-1.4143834445549759,0.5003376277145437,1.191614078653555,0.39529696772424483,-0.3073392897041151,0
1571236700000,-1.4143834445549759,0.5003376277145437,1.191614078653555,0.27164653136685374,-0.30532897181375185,0
1571236700250,-1.4143834445549759,0.532853332865953,1.191614078653555,-0.24350723597437018,-0.3073392897041151,0
1571236700500,-1.4143834445549759,0.532853332865953,1.191614078653555,-0.5738619585543769,-0.30532897181375185,0
1571236700750,-1.4143834445549759,0.532853332865953,1.191614078653555,0.42743593203054353,-0.3073392897041151,0
1571236701000,-1.4143834445549759,0.5003376277145437,1.191614078653555,-0.025300583578974065,-0.30532897181375185,0
1571236701250,-1.4143834445549759,0.532853332865953,1.191614078653555,-1.226959543747109,-0.30532897181375185,0
1571236701500,-1.4143834445549759,0.5003376277145437,1.191614078653555,0.5275741787112214,-0.30532897181375185,0
1571236701750,-1.4143834445549759,0.5003376277145437,1.191614078653555,0.13624000017110602,-0.3033170833625367,0
1571236702000,-1.4143834445549759,0.5003376277145437,1.191614078653555,-1.1597214473694577,-0.30532897181375185,0
1571236702250,-1.4143834445549759,0.5003376277145437,1.191614078653555,0.5850860095751242,-0.30532897181375185,0
1571236702500,-1.4143834445549759,0.5003376277145437,1.191614078653555,0.10621544141127438,-0.30532897181375185,0
1571236702750,-1.4143834445549759,0.5003376277145437,1.191614078653555,-1.2784664628590454,-0.30532897181375185,0
1571236703000,-1.4143834445549759,0.532853332865953,1.191614078653555,0.7404525291295208,-0.3073392897041151,0
1571236703250,-1.4143834445549759,0.5003376277145437,1.191614078653555,0.2083835174165606,-0.30532897181375185,0
1571236703500,-1.4143834445549759,0.5003376277145437,1.191614078653555,-1.161751276694066,-0.30532897181375185,0
1571236703750,-1.4143834445549759,0.5003376277145437,1.191614078653555,0.7089901745980915,-0.30532897181375185,0
1571236704000,-1.4143834445549759,0.532853332865953,1.191614078653555,0.15264778721169006,-0.3073392897041151,0
1571236704250,-1.4143834445549759,0.5003376277145437,1.191614078653555,-1.1375624772424835,-0.30532897181375185,0
1571236704500,-1.4143834445549759,0.532853332865953,1.191614078653555,0.86038161172513,-0.3073392897041151,0
1571236704750,-1.4143834445549759,0.5003376277145437,1.191614078653555,0.20559250209522417,-0.30532897181375185,0
1571236705000,-1.4143834445549759,0.5003376277145437,1.191614078653555,-1.109652324029119,-0.3073392897041151,0
1571236705250,-1.4143834445549759,0.532853332865953,1.191614078653555,0.9469876629084188,-0.30532897181375185,0
1571236705500,-1.4143834445549759,0.5003376277145437,1.191614078653555,0.24585078369995614,-0.3073392897041151,0
1571236705750,-1.4143834445549759,0.5003376277145437,1.191614078653555,-0.9329725965663349,-0.3073392897041151,0
1571236706000,-1.4143834445549759,0.5003376277145437,1.191614078653555,0.9315947905301389,-0.3073392897041151,0
1571236706250,-1.4143834445549759,0.532853332865953,1.191614078653555,0.1541701592051463,-0.3073392897041151,0
1571236706500,-1.4143834445549759,0.5003376277145437,1.191614078653555,-1.0438520234230653,-0.30532897181375185,0
1571236706750,-1.4143834445549759,0.532853332865953,1.191614078653555,0.8703616059044542,-0.3073392897041151,0
1571236707000,-1.4143834445549759,0.5003376277145437,1.2265539829216165,0.1830952270808151,-0.3073392897041151,0
1571236707250,-1.457917509699059,0.532853332865953,1.191614078653555,-1.1290202788347568,-0.30532897181375185,0
1571236707500,-1.370849379410893,0.532853332865953,1.191614078653555,0.8630880508246077,-0.30532897181375185,0
1571236707750,-1.4143834445549759,0.5003376277145437,1.191614078653555,0.28500957442052527,-0.3073392897041151,0
1571236708000,-1.4143834445549759,0.5003376277145437,1.191614078653555,-0.9715393537338933,-0.30532897181375185,0
1571236708250,-1.370849379410893,0.5003376277145437,1.191614078653555,0.8503170413239468,-0.3073392897041151,0
1571236708500,-1.4143834445549759,0.5003376277145437,1.191614078653555,0.1525632109898314,-0.3073392897041151,0
1571236708750,-1.370849379410893,0.532853332865953,1.191614078653555,-1.073622853517321,-0.3073392897041151,0
1571236709000,-1.4143834445549759,0.532853332865953,1.191614078653555,0.7050996683925922,-0.30532897181375185,0
1571236709250,-1.4143834445549759,0.5003376277145437,1.191614078653555,0.07018597089947641,-0.3073392897041151,0
1571236709500,-1.4143834445549759,0.532853332865953,1.191614078653555,-1.2656954533583846,-0.30532897181375185,0
1571236709750,-1.370849379410893,0.532853332865953,1.191614078653555,0.6807417164972921,-0.30532897181375185,0
1571236710000,-1.4143834445549759,0.5003376277145437,1.191614078653555,0.08481765728102816,-0.3033170833625367,0
1571236710250,-1.4143834445549759,0.5003376277145437,1.191614078653555,-1.130542650828213,-0.30532897181375185,0
1571236710500,-1.4143834445549759,0.5003376277145437,1.191614078653555,0.5360318008970895,-0.30532897181375185,0
1571236710750,-1.4143834445549759,0.5003376277145437,1.191614078653555,-0.11207578720598042,-0.30532897181375185,0
1571236711000,-1.370849379410893,0.532853332865953,1.2265539829216165,-0.9762756221579795,-0.3033170833625367,0
1571236711250,-1.4143834445549759,0.532853332865953,1.191614078653555,0.5289273982609604,-0.3073392897041151,0
1571236711500,-1.3273153142668097,0.532853332865953,1.191614078653555,0.001340926306510343,-0.30532897181375185,0
1571236711750,-1.370849379410893,0.5653690380173624,1.191614078653555,-1.3434210012465122,-0.30532897181375185,0
1571236712000,-1.4143834445549759,0.532853332865953,1.191614078653555,0.4791120035861974,-0.30532897181375185,0
1571236712250,-1.370849379410893,0.532853332865953,1.2265539829216165,-0.07435479225700883,-0.3013051949113216,0
1571236712500,-1.370849379410893,0.532853332865953,1.191614078653555,-1.2773669719748828,-0.30532897181375185,0
1571236712750,-1.4143834445549759,0.532853332865953,1.191614078653555,0.5691856798656924,-0.3013051949113216,0
1571236713000,-1.4143834445549759,0.532853332865953,1.191614078653555,0.25650738765414993,-0.3033170833625367,0
1571236713250,-1.370849379410893,0.532853332865953,1.191614078653555,-0.1248467967066412,-0.3033170833625367,0
1571236713500,-1.4143834445549759,0.532853332865953,1.191614078653555,0.3368547984198965,-0.30532897181375185,0
1571236713750,-1.370849379410893,0.532853332865953,1.191614078653555,-0.403525447730994,-0.3033170833625367,0
1571236714000,-1.370849379410893,0.532853332865953,1.2265539829216165,0.5471958621824354,-0.30532897181375185,0
1571236714250,-1.4143834445549759,0.532853332865953,1.191614078653555,0.15027965299964702,-0.3013051949113216,0
1571236714500,-1.370849379410893,0.532853332865953,1.191614078653555,-0.5155043654718873,-0.3013051949113216,0
1571236714750,-1.370849379410893,0.5003376277145437,1.191614078653555,0.8696004199077261,-0.3033170833625367,0
1571236715000,-1.4143834445549759,0.5003376277145437,1.191614078653555,0.09234494102645074,-0.3033170833625367,0
1571236715250,-1.4143834445549759,0.532853332865953,1.191614078653555,-0.8168494439543663,-0.3013051949113216,0
1571236715500,-1.370849379410893,0.532853332865953,1.2265539829216165,0.8631726270464664,-0.3033170833625367,0
1571236715750,-1.4143834445549759,0.532853332865953,1.2265539829216165,0.1021557827620577,-0.3033170833625367,0
1571236716000,-1.4143834445549759,0.532853332865953,1.191614078653555,-1.1140502875657703,-0.30532897181375185,0
1571236716250,-1.370849379410893,0.532853332865953,1.2265539829216165,0.8654561850366508,-0.3033170833625367,0
1571236716500,-1.4143834445549759,0.532853332865953,1.191614078653555,0.15577710742046125,-0.3073392897041151,0
1571236716750,-1.4143834445549759,0.532853332865953,1.191614078653555,-1.2042931162889825,-0.30532897181375185,0
1571236717000,-1.370849379410893,0.532853332865953,1.2265539829216165,0.8566602579633479,-0.30532897181375185,0
1571236717250,-1.4143834445549759,0.532853332865953,1.191614078653555,0.19721945613121475,-0.30532897181375185,0
1571236717500,-1.4143834445549759,0.532853332865953,1.191614078653555,-1.0169567848720047,-0.30532897181375185,0
1571236717750,-1.4143834445549759,0.532853332865953,1.191614078653555,0.8479489071119038,-0.3033170833625367,0
1571236718000,-1.4143834445549759,0.532853332865953,1.191614078653555,0.10604628896755702,-0.3033170833625367,0
1571236718250,-1.4143834445549759,0.532853332865953,1.191614078653555,-1.1197168944303018,-0.3033170833625367,0
1571236718500,-1.4143834445549759,0.532853332865953,1.191614078653555,0.8758590603252685,-0.3033170833625367,0
1571236718750,-1.370849379410893,0.532853332865953,1.191614078653555,0.18174200753107622,-0.3033170833625367,0
1571236719000,-1.4143834445549759,0.532853332865953,1.191614078653555,-1.0871550490147097,-0.3033170833625367,0
1571236719250,-1.4143834445549759,0.532853332865953,1.191614078653555,0.9731217154627513,-0.30532897181375185,0
1571236719500,-1.4143834445549759,0.532853332865953,1.191614078653555,0.30158651390482666,-0.30532897181375185,0
1571236719750,-1.370849379410893,0.532853332865953,1.191614078653555,-0.6705325801388489,-0.30532897181375185,0
1571236720000,-1.4143834445549759,0.532853332865953,1.191614078653555,0.8745904169973883,-0.3033170833625367,0
1571236720250,-1.4143834445549759,0.532853332865953,1.191614078653555,0.09708120945053686,-0.30532897181375185,0
1571236720500,-1.4143834445549759,0.532853332865953,1.191614078653555,-0.6059163466388168,-0.30532897181375185,0
1571236720750,-1.4143834445549759,0.532853332865953,1.191614078653555,0.9319330954175737,-0.30532897181375185,0
1571236721000,-1.4143834445549759,0.532853332865953,1.191614078653555,0.1436827076946699,-0.3033170833625367,0
1571236721250,-1.370849379410893,0.532853332865953,1.191614078653555,-0.6553934364261449,-0.30532897181375185,0
1571236721500,-1.370849379410893,0.532853332865953,1.191614078653555,0.9307490283115522,-0.30532897181375185,0
1571236721750,-1.4143834445549759,0.532853332865953,1.191614078653555,0.21244317606577728,-0.30532897181375185,0
1571236722000,-1.370849379410893,0.532853332865953,1.191614078653555,-0.5780907696473109,-0.30532897181375185,0
1571236722250,-1.370849379410893,0.532853332865953,1.2265539829216165,0.8090438450569107,-0.3073392897041151,0
1571236722500,-1.4143834445549759,0.532853332865953,1.191614078653555,0.11628001181245737,-0.30532897181375185,0
1571236722750,-1.370849379410893,0.532853332865953,1.191614078653555,-0.5002806455373247,-0.3033170833625367,0
1571236723000,-1.4143834445549759,0.532853332865953,1.191614078653555,0.8436355197971112,-0.3073392897041151,0
1571236723250,-1.370849379410893,0.532853332865953,1.191614078653555,0.008191600277063477,-0.3013051949113216,0
1571236723500,-1.4143834445549759,0.532853332865953,1.2265539829216165,-0.8067848735531834,-0.30532897181375185,0
1571236723750,-1.4143834445549759,0.532853332865953,1.191614078653555,0.9387837693881269,-0.3033170833625367,0
1571236724000,-1.4143834445549759,0.532853332865953,1.191614078653555,0.15027965299964702,-0.30532897181375185,0
1571236724250,-1.4143834445549759,0.532853332865953,1.191614078653555,-1.220870055773284,-0.3013051949113216,0
1571236724500,-1.370849379410893,0.532853332865953,1.191614078653555,0.8301879005215809,-0.30532897181375185,0
1571236724750,-1.370849379410893,0.532853332865953,1.191614078653555,0.2142192767248096,-0.3033170833625367,0
1571236725000,-1.4143834445549759,0.532853332865953,1.191614078653555,-1.4183555338133034,-0.30532897181375185,0
1571236725250,-1.4143834445549759,0.532853332865953,1.191614078653555,0.7346167698212718,-0.3033170833625367,0
1571236725500,-1.370849379410893,0.5653690380173624,1.2265539829216165,0.14579711324113692,-0.30532897181375185,0
1571236725750,-1.370849379410893,0.532853332865953,1.2265539829216165,-1.2305963212870323,-0.30532897181375185,0
1571236726000,-1.370849379410893,0.532853332865953,1.191614078653555,0.5980261715195024,-0.30532897181375185,0
1571236726250,-1.370849379410893,0.532853332865953,1.191614078653555,0.05572343696164201,-0.3033170833625367,0
1571236726500,-1.4143834445549759,0.532853332865953,1.191614078653555,-1.2786356153027627,-0.3033170833625367,0
1571236726750,-1.370849379410893,0.532853332865953,1.191614078653555,0.5628424632262913,-0.3033170833625367,0
1571236727000,-1.370849379410893,0.532853332865953,1.191614078653555,0.04134547924566629,-0.3033170833625367,0
1571236727250,-1.370849379410893,0.532853332865953,1.191614078653555,-0.639746835382289,-0.30532897181375185,0
1571236727500,-1.370849379410893,0.532853332865953,1.191614078653555,0.47725132670530646,-0.3033170833625367,0
1571236727750,-1.370849379410893,0.532853332865953,1.191614078653555,-0.23285063202017642,-0.30532897181375185,0
1571236728000,-1.370849379410893,0.532853332865953,1.191614078653555,0.30801430676608643,-0.3033170833625367,0
1571236728250,-1.370849379410893,0.532853332865953,1.191614078653555,0.05783784250810902,-0.3013051949113216,0
1571236728500,-1.7191219005635578,0.532853332865953,1.2614938871896781,-0.5159272465811806,-0.3033170833625367,0
1571236728750,-1.6320537702753917,0.4678219225631344,1.2964337914577397,0.9036000610949158,-0.3013051949113216,0
1571236729000,-1.762655965707641,0.7279475637744091,1.0867943658493702,0.1672794735932418,-0.3133749550577605,0
1571236729250,-1.6755878354194749,0.6629161534715904,1.0867943658493702,-0.5489119731060661,-0.3274550330945626,0
1571236729500,-1.370849379410893,0.4678219225631344,1.191614078653555,1.9498925017086541,-0.3073392897041151,0
1571236729750,-1.457917509699059,0.43530621741172504,0.9819746530451854,-2.240013529170386,-0.3073392897041151,0
1571236730000,-1.4143834445549759,0.4678219225631344,1.2265539829216165,-1.4978571823604632,-0.3073392897041151,0
1571236730250,-1.370849379410893,0.5003376277145437,1.191614078653555,1.0653943735105718,-0.30532897181375185,0
1571236730500,-1.370849379410893,0.5003376277145437,1.191614078653555,0.4105206876588074,-0.30532897181375185,0
1571236730750,-1.370849379410893,0.5003376277145437,1.191614078653555,-0.7716857414818309,-0.3033170833625367,0
1571236731000,-1.370849379410893,0.5003376277145437,1.191614078653555,1.4892903974662792,-0.30532897181375185,0
1571236731250,-1.370849379410893,0.4678219225631344,1.191614078653555,0.2817111017680367,-0.30532897181375185,0
1571236731500,-1.370849379410893,0.5003376277145437,1.2265539829216165,-0.6847413854111072,-0.30532897181375185,0
1571236731750,-1.370849379410893,0.5003376277145437,1.191614078653555,0.4715847198407748,-0.3033170833625367,0
1571236732000,-1.370849379410893,0.5003376277145437,1.191614078653555,-0.09101630796316894,-0.30532897181375185,0
1571236732250,-1.370849379410893,0.5003376277145437,1.191614078653555,-0.2010499726013125,-0.30532897181375185,0
1571236732500,-1.370849379410893,0.5003376277145437,1.2265539829216165,0.17818980621301161,-0.30532897181375185,0
1571236732750,-1.370849379410893,0.5003376277145437,1.191614078653555,-0.33840175689980995,-0.30532897181375185,0
1571236733000,-1.370849379410893,0.4678219225631344,1.2265539829216165,0.6843784940372155,-0.3073392897041151,0
1571236733250,-1.4143834445549759,0.5003376277145437,1.191614078653555,0.051579202090566656,-0.30532897181375185,0
1571236733500,-1.370849379410893,0.5003376277145437,1.191614078653555,-0.5809663611905059,-0.30532897181375185,0
1571236733750,-1.370849379410893,0.5003376277145437,1.191614078653555,0.7648104810248207,-0.30532897181375185,0
1571236734000,-1.370849379410893,0.5003376277145437,1.191614078653555,0.09784239544726499,-0.30532897181375185,0
1571236734250,-1.370849379410893,0.5003376277145437,1.191614078653555,-0.7370094905197718,-0.30532897181375185,0
1571236734500,-1.370849379410893,0.5003376277145437,1.191614078653555,0.7140647479096123,-0.3013051949113216,0
1571236734750,-1.370849379410893,0.5003376277145437,1.2265539829216165,0.08921562081767956,-0.3033170833625367,0
1571236735000,-1.370849379410893,0.5003376277145437,1.191614078653555,-0.8633663659766407,-0.3033170833625367,0
1571236735250,-1.370849379410893,0.5003376277145437,1.2265539829216165,0.6375232671275063,-0.3033170833625367,0
1571236735500,-1.370849379410893,0.5003376277145437,1.191614078653555,0.06612631225025974,-0.3033170833625367,0
1571236735750,-1.370849379410893,0.5003376277145437,1.191614078653555,-1.054001170046107,-0.30532897181375185,0
1571236736000,-1.370849379410893,0.5003376277145437,1.2265539829216165,0.6506325815156018,-0.30532897181375185,0
1571236736250,-1.4143834445549759,0.4678219225631344,1.2265539829216165,0.10122544432161222,-0.3033170833625367,0
1571236736500,-1.370849379410893,0.5003376277145437,1.2265539829216165,-1.0930753845448173,-0.3033170833625367,0
1571236736750,-1.3273153142668097,0.5003376277145437,1.2265539829216165,0.7408754102388141,-0.30532897181375185,0
1571236737000,-1.370849379410893,0.4678219225631344,1.2265539829216165,0.17751319643814217,-0.3033170833625367,0
1571236737250,-1.3273153142668097,0.4678219225631344,1.2265539829216165,-0.9341566636723565,-0.3033170833625367,0
1571236737500,-1.370849379410893,0.5003376277145437,1.191614078653555,0.7755516612008733,-0.3013051949113216,0
1571236737750,-1.370849379410893,0.4678219225631344,1.191614078653555,0.12397644800159731,-0.30532897181375185,0
1571236738000,-1.4143834445549759,0.5003376277145437,1.191614078653555,-1.029051184597796,-0.3033170833625367,0
1571236738250,-1.370849379410893,0.4678219225631344,1.2265539829216165,0.7310645685032071,-0.30532897181375185,0
1571236738500,-1.370849379410893,0.4678219225631344,1.191614078653555,0.04675835744462186,-0.3033170833625367,0
1571236738750,-1.370849379410893,0.4678219225631344,1.2265539829216165,-0.8784209334674858,-0.30532897181375185,0
1571236739000,-1.370849379410893,0.5003376277145437,1.191614078653555,0.5363701057845243,-0.3033170833625367,0
1571236739250,-1.370849379410893,0.5003376277145437,1.191614078653555,-0.13068255601489018,-0.30532897181375185,0
1571236739500,-1.370849379410893,0.4678219225631344,1.191614078653555,-0.17660744448415377,-0.3013051949113216,0
1571236739750,-1.370849379410893,0.5003376277145437,1.191614078653555,0.23181113087141514,-0.3033170833625367,0
1571236740000,-1.370849379410893,0.5003376277145437,1.2265539829216165,-0.3305361682669526,-0.3013051949113216,0
1571236740250,-1.370849379410893,0.5003376277145437,1.191614078653555,0.3830334155547362,-0.3033170833625367,0
1571236740500,-1.4143834445549759,0.5003376277145437,1.191614078653555,0.08540969083403893,-0.3013051949113216,0
1571236740750,-1.4143834445549759,0.5003376277145437,1.191614078653555,-0.4835345536093059,-0.3033170833625367,0
1571236741000,-1.4143834445549759,0.5003376277145437,1.191614078653555,0.6787964633945426,-0.3073392897041151,0
1571236741250,-1.370849379410893,0.5003376277145437,1.191614078653555,0.14292152169794178,-0.3033170833625367,0
1571236741500,-1.370849379410893,0.5003376277145437,1.2265539829216165,-0.4874250598148053,-0.3033170833625367,0
1571236741750,-1.4143834445549759,0.4678219225631344,1.191614078653555,0.7646413285811033,-0.3033170833625367,0
1571236742000,-1.370849379410893,0.4678219225631344,1.191614078653555,0.10723035607357854,-0.3033170833625367,0
1571236742250,-1.370849379410893,0.5003376277145437,1.191614078653555,-0.5686182327991386,-0.30532897181375185,0
1571236742500,-1.370849379410893,0.5003376277145437,1.191614078653555,0.8421131478036549,-0.3033170833625367,0
1571236742750,-1.4143834445549759,0.4678219225631344,1.191614078653555,0.04675835744462186,-0.3033170833625367,0
1571236743000,-1.370849379410893,0.4678219225631344,1.191614078653555,-0.7924069158372077,-0.3013051949113216,0
1571236743250,-1.4143834445549759,0.5003376277145437,1.191614078653555,0.9658481603829048,-0.3033170833625367,0
1571236743500,-1.4143834445549759,0.4678219225631344,1.191614078653555,0.12828983531639002,-0.3033170833625367,0
1571236743750,-1.370849379410893,0.5003376277145437,1.191614078653555,-0.9921759518674114,-0.3013051949113216,0
1571236744000,-1.370849379410893,0.5003376277145437,1.2265539829216165,0.9363310589542251,-0.3033170833625367,0
1571236744250,-1.4143834445549759,0.5003376277145437,1.191614078653555,0.2010253861148554,-0.3013051949113216,0
1571236744500,-1.370849379410893,0.4678219225631344,1.2265539829216165,-0.8949132967299286,-0.3033170833625367,0
1571236744750,-1.370849379410893,0.4678219225631344,1.191614078653555,0.8780580420935941,-0.3013051949113216,0
1571236745000,-1.370849379410893,0.4678219225631344,1.191614078653555,0.1384389819394317,-0.3033170833625367,0
1571236745250,-1.370849379410893,0.4678219225631344,1.191614078653555,-0.8614211128738911,-0.3013051949113216,0
1571236745500,-1.370849379410893,0.4678219225631344,1.2265539829216165,0.9584054528593408,-0.3033170833625367,0
1571236745750,-1.370849379410893,0.5003376277145437,1.191614078653555,0.3207853162667472,-0.29929487702095836,0
1571236746000,-1.370849379410893,0.5003376277145437,1.191614078653555,-0.5220167345550056,-0.3033170833625367,0
1571236746250,-1.370849379410893,0.5003376277145437,1.191614078653555,-0.16307524898676487,-0.3013051949113216,0
1571236746500,-1.370849379410893,0.4678219225631344,1.191614078653555,0.33550157887015764,-0.3073392897041151,0
1571236746750,-1.370849379410893,0.4678219225631344,1.191614078653555,-0.14117000752536657,-0.3033170833625367,0
1571236747000,-1.370849379410893,0.5003376277145437,1.191614078653555,-0.5711555194548991,-0.30532897181375185,0
1571236747250,-1.370849379410893,0.5003376277145437,1.191614078653555,0.3496258079205573,-0.3033170833625367,0
1571236747500,-1.370849379410893,0.5003376277145437,1.191614078653555,-0.12011052828255508,-0.3033170833625367,0
1571236747750,-1.370849379410893,0.5003376277145437,1.191614078653555,-0.8152424957390514,-0.3033170833625367,0
1571236748000,-1.4143834445549759,0.5003376277145437,1.191614078653555,0.45010235948866995,-0.3013051949113216,0
1571236748250,-1.4143834445549759,0.4678219225631344,1.191614078653555,-0.17635371581857773,-0.3033170833625367,0
1571236748500,-1.457917509699059,0.43530621741172504,1.191614078653555,-0.3842420691472148,-0.29929487702095836,0
1571236748750,-1.4143834445549759,0.43530621741172504,1.2265539829216165,0.38142646733942126,-0.3033170833625367,0
1571236749000,-1.370849379410893,0.4678219225631344,1.2265539829216165,-0.2150896254298535,-0.3013051949113216,0
1571236749250,-1.370849379410893,0.43530621741172504,1.2265539829216165,0.14207575947935497,-0.3013051949113216,0
1571236749500,-1.457917509699059,0.4678219225631344,1.191614078653555,0.18343353196824982,-0.3013051949113216,0
1571236749750,-1.4143834445549759,0.4678219225631344,1.191614078653555,-0.4208635732120236,-0.30532897181375185,0
1571236750000,-1.4143834445549759,0.4678219225631344,1.191614078653555,0.5756980489488107,-0.3013051949113216,0
1571236750250,-1.370849379410893,0.4678219225631344,1.2265539829216165,-0.0845885151019092,-0.3033170833625367,0
1571236750500,-1.4143834445549759,0.4678219225631344,1.2265539829216165,-0.44936575997839895,-0.3033170833625367,0
1571236750750,-1.4143834445549759,0.4678219225631344,1.191614078653555,0.6816720549377376,-0.3033170833625367,0
1571236751000,-1.4143834445549759,0.4678219225631344,1.191614078653555,-0.11951849472954433,-0.3033170833625367,0
1571236751250,-1.370849379410893,0.4678219225631344,1.191614078653555,-1.037001349452512,-0.29929487702095836,0
1571236751500,-1.370849379410893,0.4678219225631344,1.2265539829216165,0.6575678317080137,-0.3033170833625367,0
1571236751750,-1.370849379410893,0.4678219225631344,1.191614078653555,-0.14345356551555094,-0.3013051949113216,0
1571236752000,-1.370849379410893,0.4678219225631344,1.191614078653555,0.12710576821036848,-0.3033170833625367,0
1571236752250,-1.370849379410893,0.4678219225631344,1.191614078653555,0.18766234306118385,-0.3013051949113216,0
1571236752500,-1.5014515748431423,0.5003376277145437,1.191614078653555,-0.34432209242991757,-0.3556151891681668,0
1571236752750,-1.2402471839786433,0.43530621741172504,1.191614078653555,0.47462946382768734,-0.3013051949113216,0
1571236753000,-1.1967131188345603,0.5003376277145437,1.2265539829216165,0.0579224187299677,-0.3033170833625367,0
1571236753250,-1.4143834445549759,0.5003376277145437,1.2265539829216165,-0.4574005010549736,-0.3033170833625367,0
1571236753500,-1.2837812491227265,0.5003376277145437,1.2265539829216165,0.851585684651827,-0.3073392897041151,0
1571236753750,-1.2402471839786433,0.5003376277145437,1.191614078653555,0.3117356605278684,-0.30532897181375185,0
1571236754000,-1.2402471839786433,0.4678219225631344,1.2265539829216165,-0.2737009471779192,-0.30532897181375185,0
1571236754250,-1.2837812491227265,0.4678219225631344,1.2614938871896781,0.3370239508636139,-0.30532897181375185,0
1571236754500,-1.4143834445549759,0.43530621741172504,1.191614078653555,0.007430414280335351,-0.30532897181375185,0
1571236754750,-1.370849379410893,0.4678219225631344,1.191614078653555,-0.5824887331839623,-0.30532897181375185,0
1571236755000,-1.370849379410893,0.4678219225631344,1.191614078653555,0.6664483350031751,-0.3033170833625367,0
1571236755250,-1.3273153142668097,0.4678219225631344,1.2265539829216165,-0.3449141259829283,-0.30532897181375185,0
1571236755500,-1.5449856399872253,0.43530621741172504,1.2265539829216165,-0.933733782563063,-0.3013051949113216,0
1571236755750,-1.4143834445549759,0.4678219225631344,1.2265539829216165,0.2688555160455173,-0.3033170833625367,0
1571236756000,-1.370849379410893,0.5003376277145437,1.2265539829216165,0.02620633553296246,-0.3033170833625367,0
1571236756250,-1.370849379410893,0.5003376277145437,1.191614078653555,0.4472267679454748,-0.3033170833625367,0
1571236756500,-1.3273153142668097,0.5003376277145437,1.191614078653555,1.2007163284844609,-0.3033170833625367,0
1571236756750,-1.3273153142668097,0.5003376277145437,1.191614078653555,-1.0438520234230653,-0.3033170833625367,0
1571236757000,-1.457917509699059,0.5003376277145437,1.191614078653555,-0.30110364306013176,-0.30532897181375185,0
1571236757250,-1.370849379410893,0.4678219225631344,1.2265539829216165,-0.29949669484481684,-0.3013051949113216,0
1571236757500,-1.457917509699059,0.5003376277145437,1.191614078653555,-0.1025186741359495,-0.3013051949113216,0
1571236757750,-1.3273153142668097,0.4678219225631344,1.191614078653555,0.20246318188645296,-0.3033170833625367,0
1571236758000,-1.3273153142668097,0.5003376277145437,1.191614078653555,-0.38864003268386627,-0.3033170833625367,0
1571236758250,-1.3273153142668097,0.5003376277145437,1.191614078653555,0.9881762829535964,-0.3033170833625367,0
1571236758500,-1.3273153142668097,0.5003376277145437,1.191614078653555,-0.6177570176990321,-0.3033170833625367,0
1571236758750,-1.370849379410893,0.5003376277145437,1.191614078653555,0.5431362035332187,-0.3033170833625367,0
1571236759000,-1.3273153142668097,0.5003376277145437,1.2265539829216165,0.026967521529690584,-0.3033170833625367,0
1571236759250,-1.3273153142668097,0.5003376277145437,1.191614078653555,-0.22769148248679688,-0.3033170833625367,0
1571236759500,-1.3273153142668097,0.5003376277145437,1.191614078653555,0.188423529057912,-0.29929487702095836,0
1571236759750,-1.370849379410893,0.5003376277145437,1.191614078653555,-0.5515338359836852,-0.3013051949113216,0
1571236760000,-1.3273153142668097,0.5003376277145437,1.191614078653555,0.8429589100222417,-0.3033170833625367,0
1571236760250,-1.3273153142668097,0.5003376277145437,1.191614078653555,0.0500568300971104,-0.29929487702095836,0
1571236760500,-1.3273153142668097,0.5003376277145437,1.2265539829216165,-0.8075460595499115,-0.3033170833625367,0
1571236760750,-1.370849379410893,0.5003376277145437,1.191614078653555,0.29211397705665443,-0.3033170833625367,0
1571236761000,-1.3273153142668097,0.5003376277145437,1.191614078653555,-0.32647650961773594,-0.3033170833625367,0
1571236761250,-1.3273153142668097,0.5003376277145437,1.2265539829216165,0.3254370084689746,-0.3013051949113216,0
1571236761500,-1.3273153142668097,0.5003376277145437,1.191614078653555,-0.02741498912544108,-0.3033170833625367,0
1571236761750,-1.3273153142668097,0.5003376277145437,1.191614078653555,-0.7166266210518298,-0.3013051949113216,0
1571236762000,-1.3273153142668097,0.5003376277145437,1.2265539829216165,0.7596513314914412,-0.3033170833625367,0
1571236762250,-1.3273153142668097,0.5003376277145437,1.2265539829216165,0.05115632098127325,-0.3013051949113216,0
1571236762500,-1.3273153142668097,0.5003376277145437,1.191614078653555,-1.1192094370991497,-0.3013051949113216,0
1571236762750,-1.3273153142668097,0.5003376277145437,1.191614078653555,0.661965795244665,-0.3013051949113216,0
1571236763000,-1.3273153142668097,0.5003376277145437,1.191614078653555,0.10976764272933896,-0.3033170833625367,0
1571236763250,-1.3273153142668097,0.5003376277145437,1.2265539829216165,-1.062458792231975,-0.3013051949113216,0
1571236763500,-1.3273153142668097,0.5003376277145437,1.2265539829216165,0.7511091330837145,-0.3013051949113216,0
1571236763750,-1.3273153142668097,0.5003376277145437,1.191614078653555,0.1625432051691557,-0.3013051949113216,0
1571236764000,-1.3273153142668097,0.5003376277145437,1.191614078653555,-1.0691403137588107,-0.29929487702095836,0
1571236764250,-1.3273153142668097,0.5003376277145437,1.191614078653555,0.6814183262721616,-0.3013051949113216,0
1571236764500,-1.3273153142668097,0.5003376277145437,1.2265539829216165,0.1210162802365435,-0.3013051949113216,0
1571236764750,-1.3273153142668097,0.5003376277145437,1.2265539829216165,-1.0847023385808081,-0.3013051949113216,0
1571236765000,-1.3273153142668097,0.5003376277145437,1.191614078653555,0.7966111404436846,-0.29929487702095836,0
1571236765250,-1.3273153142668097,0.5003376277145437,1.191614078653555,0.1874931906174665,-0.3013051949113216,0
1571236765500,-1.3273153142668097,0.5003376277145437,1.191614078653555,-1.2463274985527468,-0.3033170833625367,0
1571236765750,-1.370849379410893,0.5003376277145437,1.191614078653555,0.637100386018213,-0.30532897181375185,0
1571236766000,-1.3273153142668097,0.5003376277145437,1.191614078653555,0.20178657211158355,-0.3013051949113216,0
1571236766250,-1.3273153142668097,0.5003376277145437,1.191614078653555,-0.9228234499432932,-0.3033170833625367,0
1571236766500,-1.370849379410893,0.5003376277145437,1.191614078653555,0.7020549244056797,-0.3013051949113216,0
1571236766750,-1.3273153142668097,0.5003376277145437,1.191614078653555,0.08304155662199587,-0.3013051949113216,0
1571236767000,-1.3273153142668097,0.5003376277145437,1.191614078653555,-1.1949897318845277,-0.29929487702095836,0
1571236767250,-1.3273153142668097,0.5003376277145437,1.191614078653555,0.7289501629567401,-0.2972829885697433,0
1571236767500,-1.3273153142668097,0.5003376277145437,1.191614078653555,0.07686749242631218,-0.3013051949113216,0
1571236767750,-1.370849379410893,0.5003376277145437,1.191614078653555,-0.9642657986540468,-0.2972829885697433,0
1571236768000,-1.3273153142668097,0.5003376277145437,1.2265539829216165,0.6276278491700407,-0.3013051949113216,0
1571236768250,-1.370849379410893,0.5003376277145437,1.191614078653555,-0.041792946841416795,-0.29929487702095836,0
1571236768500,-1.3273153142668097,0.5003376277145437,1.191614078653555,-0.5090765726106276,-0.3013051949113216,0
1571236768750,-1.370849379410893,0.5003376277145437,1.191614078653555,0.2569302687634433,-0.3013051949113216,0
1571236769000,-1.3273153142668097,0.5003376277145437,1.191614078653555,-0.40860002104251486,-0.3033170833625367,0
1571236769250,-1.3273153142668097,0.5003376277145437,1.191614078653555,0.28593991286097076,-0.29929487702095836,0
1571236769500,-1.3273153142668097,0.5003376277145437,1.191614078653555,0.061136315160597574,-0.3013051949113216,0
1571236769750,-1.3273153142668097,0.5003376277145437,1.191614078653555,-0.5001114930936074,-0.3013051949113216,0
1571236770000,-1.3273153142668097,0.5003376277145437,1.191614078653555,0.8980180304522427,-0.3013051949113216,0
1571236770250,-1.2837812491227265,0.5003376277145437,1.2265539829216165,0.10452391697410075,-0.3013051949113216,0
1571236770500,-1.3273153142668097,0.5003376277145437,1.2265539829216165,-1.0112901780074732,-0.3013051949113216,0
1571236770750,-1.3273153142668097,0.5003376277145437,1.191614078653555,0.8242675649914732,-0.3013051949113216,0
1571236771000,-1.370849379410893,0.5003376277145437,1.191614078653555,0.1524786347679727,-0.3013051949113216,0
1571236771250,-1.3273153142668097,0.5003376277145437,1.191614078653555,-1.0391157549989791,-0.3013051949113216,0
1571236771500,-1.3273153142668097,0.5003376277145437,1.2265539829216165,0.5938819366484271,-0.29929487702095836,0
1571236771750,-1.3273153142668097,0.5003376277145437,1.191614078653555,0.02882819841058156,-0.3013051949113216,0
1571236772000,-1.3273153142668097,0.5003376277145437,1.191614078653555,-1.0134045835539403,-0.29929487702095836,0
1571236772250,-1.3273153142668097,0.5003376277145437,1.191614078653555,0.47234590583750297,-0.29929487702095836,0
1571236772500,-1.3273153142668097,0.5003376277145437,1.191614078653555,-0.033166172211831366,-0.29929487702095836,0
1571236772750,-1.3273153142668097,0.5003376277145437,1.191614078653555,-0.9991957782816819,-0.3013051949113216,0
1571236773000,-1.3273153142668097,0.5003376277145437,1.191614078653555,0.6124887054573369,-0.29929487702095836,0
1571236773250,-1.3273153142668097,0.5003376277145437,1.191614078653555,-0.03756413574848276,-0.3013051949113216,0
1571236773500,-1.3273153142668097,0.5003376277145437,1.191614078653555,-0.7622132046336587,-0.29929487702095836,0
1571236773750,-1.3273153142668097,0.5003376277145437,1.191614078653555,0.4154261085266108,-0.3013051949113216,0
1571236774000,-1.3273153142668097,0.5003376277145437,1.191614078653555,-0.14725949549919157,-0.3013051949113216,0
1571236774250,-1.370849379410893,0.4678219225631344,1.191614078653555,-0.4348186498187059,-0.3013051949113216,0
1571236774500,-1.370849379410893,0.5003376277145437,1.191614078653555,0.1971348799093561,-0.2972829885697433,0
1571236774750,-1.3273153142668097,0.5003376277145437,1.191614078653555,-0.3035563534940335,-0.3013051949113216,0
1571236775000,-1.3273153142668097,0.5003376277145437,1.191614078653555,0.10257866387135112,-0.3013051949113216,0
1571236775250,-1.3273153142668097,0.5003376277145437,1.191614078653555,0.4991565681667047,-0.2972829885697433,0
1571236775500,-1.3273153142668097,0.5003376277145437,1.191614078653555,-0.2627060383362907,-0.3013051949113216,0
1571236775750,-1.3273153142668097,0.5003376277145437,1.191614078653555,-0.7820886167704486,-0.29929487702095836,0
1571236776000,-1.3273153142668097,0.5003376277145437,1.191614078653555,0.3072531207693583,-0.29929487702095836,0
1571236776250,-1.3273153142668097,0.5003376277145437,1.191614078653555,-0.24198486398091393,-0.29929487702095836,0
1571236776500,-1.3273153142668097,0.5003376277145437,1.191614078653555,-0.04407650483160118,-0.29929487702095836,0
1571236776750,-1.3273153142668097,0.5003376277145437,1.191614078653555,0.20288606299574638,-0.29929487702095836,0
1571236777000,-1.370849379410893,0.5003376277145437,1.191614078653555,-0.280382468704755,-0.3013051949113216,0
1571236777250,-1.3273153142668097,0.5003376277145437,1.191614078653555,0.5012709737131718,-0.29929487702095836,0
1571236777500,-1.3273153142668097,0.5003376277145437,1.191614078653555,0.1892692912764988,-0.29929487702095836,0
1571236777750,-1.3273153142668097,0.5003376277145437,1.191614078653555,-0.3469439553075367,-0.3013051949113216,0
1571236778000,-1.3273153142668097,0.5003376277145437,1.191614078653555,0.6182398885437271,-0.3013051949113216,0
1571236778250,-1.370849379410893,0.5003376277145437,1.191614078653555,0.1275286493196619,-0.2972829885697433,0
1571236778500,-1.3273153142668097,0.5003376277145437,1.191614078653555,-0.6014338068803067,-0.3013051949113216,0
1571236778750,-1.3273153142668097,0.5003376277145437,1.2265539829216165,0.5530316214906844,-0.2952711001185281,0
1571236779000,-1.370849379410893,0.5003376277145437,1.191614078653555,0.07720579731374691,-0.29929487702095836,0
1571236779250,-1.370849379410893,0.5003376277145437,1.191614078653555,-0.43845542735862914,-0.2972829885697433,0
1571236779500,-1.370849379410893,0.5003376277145437,1.2265539829216165,1.0188774514882974,-0.3013051949113216,0
1571236779750,-1.370849379410893,0.4678219225631344,1.2265539829216165,0.052002083199860064,-0.29929487702095836,0
1571236780000,-1.370849379410893,0.5003376277145437,1.191614078653555,-0.9706935915153064,-0.3013051949113216,0
1571236780250,-1.3273153142668097,0.5003376277145437,1.191614078653555,0.9526542697729505,-0.29929487702095836,0
1571236780500,-1.370849379410893,0.4678219225631344,1.191614078653555,0.31249684652459647,-0.3013051949113216,0
1571236780750,-1.370849379410893,0.4678219225631344,1.191614078653555,-1.0635582831161379,-0.3013051949113216,0
1571236781000,-1.370849379410893,0.4678219225631344,1.2265539829216165,0.7757208136445906,-0.29929487702095836,0
1571236781250,-1.3273153142668097,0.5003376277145437,1.2265539829216165,0.18884641016720538,-0.2972829885697433,0
1571236781500,-1.3273153142668097,0.5003376277145437,1.2265539829216165,-1.38587826461957,-0.2972829885697433,0
1571236781750,-1.3273153142668097,0.5003376277145437,1.191614078653555,0.4660026891981019,-0.29929487702095836,0
1571236782000,-1.3273153142668097,0.5003376277145437,1.191614078653555,-0.2666811207636487,-0.29929487702095836,0
1571236782250,-1.370849379410893,0.5003376277145437,1.191614078653555,-1.0087528913517128,-0.29929487702095836,0
1571236782500,-1.3273153142668097,0.5003376277145437,1.2265539829216165,0.6089365041392722,-0.2972829885697433,0
1571236782750,-1.3273153142668097,0.5003376277145437,1.191614078653555,-0.0754542831411717,-0.29929487702095836,0
1571236783000,-1.3273153142668097,0.5003376277145437,1.191614078653555,0.17108540357688243,-0.29929487702095836,0
1571236783250,-1.3273153142668097,0.5003376277145437,1.191614078653555,0.3726305402661184,-0.29929487702095836,0
1571236783500,-1.3273153142668097,0.5003376277145437,1.191614078653555,-0.3005961857289796,-0.2972829885697433,0
1571236783750,-1.3273153142668097,0.5003376277145437,1.191614078653555,0.24196027749445684,-0.29929487702095836,0
1571236784000,-1.3273153142668097,0.5003376277145437,1.191614078653555,0.16812523581182862,-0.29929487702095836,0
1571236784250,-1.3273153142668097,0.5003376277145437,1.191614078653555,-0.3763764805143575,-0.29929487702095836,0
1571236784500,-1.3273153142668097,0.5003376277145437,1.191614078653555,0.5579370423584878,-0.2972829885697433,0
1571236784750,-1.3273153142668097,0.5003376277145437,1.191614078653555,0.045066833007448244,-0.3033170833625367,0
1571236785000,-1.370849379410893,0.5003376277145437,1.191614078653555,-0.4969821728848362,-0.3013051949113216,0
1571236785250,-1.370849379410893,0.5003376277145437,1.191614078653555,0.8712919443448996,-0.3013051949113216,0
1571236785500,-1.3273153142668097,0.5003376277145437,1.191614078653555,0.0781361357541924,-0.3013051949113216,0
1571236785750,-1.370849379410893,0.5003376277145437,1.191614078653555,-0.6193639659143471,-0.29929487702095836,0
1571236786000,-1.370849379410893,0.5003376277145437,1.191614078653555,0.9343858058514756,-0.3013051949113216,0
1571236786250,-1.370849379410893,0.5003376277145437,1.191614078653555,0.13793152460827962,-0.2952711001185281,0
1571236786500,-1.370849379410893,0.5003376277145437,1.191614078653555,-0.8218394410440285,-0.3013051949113216,0
1571236786750,-1.3273153142668097,0.5003376277145437,1.191614078653555,0.8258745132067882,-0.2972829885697433,0
1571236787000,-1.3273153142668097,0.5003376277145437,1.191614078653555,0.0679869891311507,-0.2972829885697433,0
1571236787250,-1.3273153142668097,0.5003376277145437,1.191614078653555,-1.129189431278474,-0.2972829885697433,0
1571236787500,-1.3273153142668097,0.5003376277145437,1.191614078653555,0.7146567814626231,-0.29929487702095836,0
1571236787750,-1.3273153142668097,0.5003376277145437,1.191614078653555,-0.018111604720986208,-0.29929487702095836,0
1571236788000,-1.3273153142668097,0.5003376277145437,1.191614078653555,-1.1521941636240352,-0.29929487702095836,0
1571236788250,-1.3273153142668097,0.5003376277145437,1.191614078653555,0.7484026939842366,-0.29929487702095836,0
1571236788500,-1.3273153142668097,0.5003376277145437,1.191614078653555,0.054708522299337835,-0.29929487702095836,0
1571236788750,-1.3273153142668097,0.5003376277145437,1.191614078653555,-0.7546013446663774,-0.2972829885697433,0
1571236789000,-1.3273153142668097,0.5003376277145437,1.191614078653555,0.31587989539894373,-0.3013051949113216,0
1571236789250,-1.370849379410893,0.5003376277145437,1.191614078653555,-0.29797432285136055,-0.29929487702095836,0
1571236789500,-1.3273153142668097,0.5003376277145437,1.2265539829216165,0.3552924147850889,-0.29929487702095836,0
1571236789750,-1.3273153142668097,0.5003376277145437,1.191614078653555,0.013350749810442998,-0.2972829885697433,0
1571236790000,-1.3273153142668097,0.5003376277145437,1.191614078653555,-0.5321658811780473,-0.29929487702095836,0
1571236790250,-1.3273153142668097,0.5003376277145437,1.2265539829216165,0.8536155139764354,-0.29929487702095836,0
1571236790500,-1.3273153142668097,0.5003376277145437,1.191614078653555,0.11856356980264175,-0.29929487702095836,0
1571236790750,-1.3273153142668097,0.5003376277145437,1.191614078653555,-0.6723086807978811,-0.29929487702095836,0
1571236791000,-1.3273153142668097,0.5003376277145437,1.191614078653555,0.9421668182624741,-0.29929487702095836,0
1571236791250,-1.3273153142668097,0.5003376277145437,1.191614078653555,0.14731948523459318,-0.2972829885697433,0
1571236791500,-1.3273153142668097,0.5003376277145437,1.191614078653555,-0.9152961661978707,-0.29929487702095836,0
1571236791750,-1.370849379410893,0.5003376277145437,1.191614078653555,0.7692930207833307,-0.3013051949113216,0
1571236792000,-1.3273153142668097,0.5003376277145437,1.191614078653555,0.05073343987197985,-0.29929487702095836,0
1571236792250,-1.370849379410893,0.5003376277145437,1.191614078653555,-0.8869631318752127,-0.29929487702095836,0
1571236792500,-1.370849379410893,0.5003376277145437,1.191614078653555,0.5362009533408069,-0.2972829885697433,0
1571236792750,-1.3273153142668097,0.5003376277145437,1.191614078653555,-0.12890645535585787,-0.29929487702095836,0
1571236793000,-1.3273153142668097,0.5003376277145437,1.191614078653555,-0.16332897765234092,-0.2972829885697433,0
1571236793250,-1.3273153142668097,0.5003376277145437,1.191614078653555,0.29854176991791415,-0.3013051949113216,0
1571236793500,-1.370849379410893,0.5003376277145437,1.191614078653555,-0.31108363723945603,-0.29929487702095836,0
1571236793750,-1.3273153142668097,0.5003376277145437,1.191614078653555,-0.045683453046916116,-0.3013051949113216,0
1571236794000,-1.3273153142668097,0.5003376277145437,1.191614078653555,0.166433711374655,-0.29929487702095836,0
1571236794250,-1.3273153142668097,0.5003376277145437,1.191614078653555,-0.3591229312551867,-0.29929487702095836,0
1571236794500,-1.3273153142668097,0.5003376277145437,1.191614078653555,0.27080076914826695,-0.2972829885697433,0
1571236794750,-1.3273153142668097,0.5003376277145437,1.191614078653555,0.07263868133337814,-0.29929487702095836,0
1571236795000,-1.3273153142668097,0.5003376277145437,1.191614078653555,-0.4587537206047125,-0.29929487702095836,0
1571236795250,-1.3273153142668097,0.5003376277145437,1.2265539829216165,0.8488792455523494,-0.2952711001185281,0
1571236795500,-1.3273153142668097,0.5003376277145437,1.191614078653555,0.09048426414555977,-0.29929487702095836,0
1571236795750,-1.370849379410893,0.5003376277145437,1.191614078653555,-0.7364174569667611,-0.2972829885697433,0
1571236796000,-1.3273153142668097,0.5003376277145437,1.191614078653555,0.9590820626342101,-0.29929487702095836,0
1571236796250,-1.3273153142668097,0.5003376277145437,1.191614078653555,0.14249864058864836,-0.2972829885697433,0
1571236796500,-1.3273153142668097,0.5003376277145437,1.191614078653555,-0.9643503748759054,-0.29929487702095836,0
1571236796750,-1.3273153142668097,0.5003376277145437,1.191614078653555,0.8231680741073104,-0.29929487702095836,0
1571236797000,-1.3273153142668097,0.5003376277145437,1.191614078653555,0.1244839053327494,-0.29929487702095836,0
1571236797250,-1.3273153142668097,0.5003376277145437,1.191614078653555,-1.0651652313314528,-0.29929487702095836,0
1571236797500,-1.3273153142668097,0.5003376277145437,1.191614078653555,0.5366238344501002,-0.3013051949113216,0
1571236797750,-1.3273153142668097,0.5003376277145437,1.191614078653555,-0.13634916287942178,-0.29929487702095836,0
1571236798000,-1.3273153142668097,0.5003376277145437,1.2265539829216165,0.06638004091583577,-0.29929487702095836,0
1571236798250,-1.370849379410893,0.5003376277145437,1.191614078653555,0.12456848155460808,-0.2972829885697433,0
1571236798500,-1.370849379410893,0.5003376277145437,1.191614078653555,-0.6065929564136863,-0.29929487702095836,0
1571236798750,-1.3273153142668097,0.5003376277145437,1.191614078653555,0.9684700232605239,-0.2972829885697433,0
1571236799000,-1.3273153142668097,0.5003376277145437,1.191614078653555,0.1078223896265893,-0.2972829885697433,0
1571236799250,-1.3273153142668097,0.5003376277145437,1.191614078653555,-1.0745531919577662,-0.2952711001185281,0
1571236799500,-1.3273153142668097,0.5003376277145437,1.191614078653555,0.897172268233656,-0.2972829885697433,0
1571236799750,-1.3273153142668097,0.5003376277145437,1.191614078653555,0.14918016211548413,-0.29929487702095836,0
1571236800000,-1.3273153142668097,0.5003376277145437,1.191614078653555,-1.1156572357810852,-0.2972829885697433,0
1571236800250,-1.3273153142668097,0.5003376277145437,1.191614078653555,0.734532193599413,-0.2952711001185281,0
1571236800500,-1.3273153142668097,0.5003376277145437,1.191614078653555,0.09141460258600526,-0.2972829885697433,0
1571236800750,-1.3273153142668097,0.5003376277145437,1.2265539829216165,-1.0989957200749252,-0.29929487702095836,0
1571236801000,-1.3273153142668097,0.5003376277145437,1.191614078653555,0.5126041874422349,-0.29929487702095836,0
1571236801250,-1.3273153142668097,0.5003376277145437,1.191614078653555,-0.06995682872035745,-0.2972829885697433,0
1571236801500,-1.3273153142668097,0.5003376277145437,1.191614078653555,-0.6920995167128123,-0.29929487702095836,0
1571236801750,-1.3273153142668097,0.5003376277145437,1.191614078653555,0.3365164935324618,-0.29929487702095836,0
1571236802000,-1.3273153142668097,0.5003376277145437,1.191614078653555,-0.24570621774269585,-0.29929487702095836,0
1571236802250,-1.3273153142668097,0.5003376277145437,1.191614078653555,-0.15055796815168013,-0.29929487702095836,0
1571236802500,-1.3273153142668097,0.5003376277145437,1.191614078653555,0.24356722570977177,-0.2972829885697433,0
1571236802750,-1.370849379410893,0.5003376277145437,1.191614078653555,-0.3360336226877669,-0.3013051949113216,0
1571236803000,-1.370849379410893,0.5003376277145437,1.191614078653555,0.13125000308144386,-0.29929487702095836,0
1571236803250,-1.370849379410893,0.5003376277145437,1.191614078653555,0.23494045108018635,-0.29929487702095836,0
1571236803500,-1.3273153142668097,0.5003376277145437,1.191614078653555,-0.3467748028638193,-0.2972829885697433,0
1571236803750,-1.3273153142668097,0.5003376277145437,1.191614078653555,0.3917447664061803,-0.29929487702095836,0
1571236804000,-1.3273153142668097,0.5003376277145437,1.191614078653555,0.0745839344361278,-0.29929487702095836,0
1571236804250,-1.370849379410893,0.5003376277145437,1.191614078653555,-0.46636558057199373,-0.2972829885697433,0
1571236804500,-1.3273153142668097,0.5003376277145437,1.191614078653555,0.7259899951916864,-0.29929487702095836,0
1571236804750,-1.3273153142668097,0.5003376277145437,1.191614078653555,0.15560795497674387,-0.3013051949113216,0
1571236805000,-1.3273153142668097,0.5003376277145437,1.191614078653555,-0.4919075995733153,-0.2952711001185281,0
1571236805250,-1.3273153142668097,0.5003376277145437,1.2265539829216165,0.8476106022244692,-0.2952711001185281,0
1571236805500,-1.3273153142668097,0.5003376277145437,1.191614078653555,0.16406557716261194,-0.2972829885697433,0
1571236805750,-1.3273153142668097,0.5003376277145437,1.191614078653555,-0.5489965493279246,-0.2972829885697433,0
1571236806000,-1.3273153142668097,0.5003376277145437,1.191614078653555,0.8951424389090477,-0.29929487702095836,0
1571236806250,-1.370849379410893,0.5003376277145437,1.191614078653555,0.15391643053957027,-0.2952711001185281,0
1571236806500,-1.3273153142668097,0.5003376277145437,1.191614078653555,-0.5664192510308129,-0.2972829885697433,0
1571236806750,-1.3273153142668097,0.5003376277145437,1.191614078653555,0.8994558262238403,-0.2972829885697433,0
1571236807000,-1.3273153142668097,0.5003376277145437,1.191614078653555,0.14131457348262685,-0.29929487702095836,0
1571236807250,-1.3273153142668097,0.5003376277145437,1.191614078653555,-0.6162346457055758,-0.2952711001185281,0
1571236807500,-1.3273153142668097,0.5003376277145437,1.191614078653555,0.9184008999201849,-0.29929487702095836,0
1571236807750,-1.3273153142668097,0.5003376277145437,1.191614078653555,0.15865269896365639,-0.2972829885697433,0
1571236808000,-1.3273153142668097,0.5003376277145437,1.191614078653555,-0.5846877149522879,-0.29929487702095836,0
1571236808250,-1.3273153142668097,0.5003376277145437,1.191614078653555,0.881271938524224,-0.2972829885697433,0
1571236808500,-1.3273153142668097,0.5003376277145437,1.191614078653555,0.13108085063772648,-0.2972829885697433,0
1571236808750,-1.3273153142668097,0.5003376277145437,1.191614078653555,-0.5637973881531938,-0.29929487702095836,0
1571236809000,-1.3273153142668097,0.5003376277145437,1.2265539829216165,0.8384763702637317,-0.2972829885697433,0
1571236809250,-1.3273153142668097,0.5003376277145437,1.191614078653555,0.06282783959777118,-0.2972829885697433,0
1571236809500,-1.370849379410893,0.5003376277145437,1.191614078653555,-0.5443448571256972,-0.29929487702095836,0
1571236809750,-1.3273153142668097,0.5003376277145437,1.191614078653555,0.8572522915163587,-0.2972829885697433,0
1571236810000,-1.2837812491227265,0.5003376277145437,1.2265539829216165,0.03212667106307011,-0.3033170833625367,0
1571236810250,-1.3273153142668097,0.5003376277145437,1.191614078653555,-0.7791284490053948,-0.29929487702095836,0
1571236810500,-1.3273153142668097,0.5003376277145437,1.191614078653555,0.9106198875091862,-0.2972829885697433,0
1571236810750,-1.3273153142668097,0.5003376277145437,1.191614078653555,0.007684142945911392,-0.2972829885697433,0
1571236811000,-1.3273153142668097,0.5003376277145437,1.2265539829216165,-1.2475115656587685,-0.3013051949113216,0
1571236811250,-1.3273153142668097,0.5003376277145437,1.191614078653555,0.8996249786675578,-0.2972829885697433,0
1571236811500,-1.3273153142668097,0.5003376277145437,1.191614078653555,0.07433020577055177,-0.3013051949113216,0
1571236811750,-1.3273153142668097,0.5003376277145437,1.191614078653555,-0.6174187128115973,-0.29929487702095836,0
1571236812000,-1.3273153142668097,0.5003376277145437,1.191614078653555,0.39098358040945214,-0.3013051949113216,0
1571236812250,-1.3273153142668097,0.5003376277145437,1.191614078653555,-0.3011882192819904,-0.3013051949113216,0
1571236812500,-1.3273153142668097,0.5003376277145437,1.191614078653555,0.37821257090879135,-0.3013051949113216,0
1571236812750,-1.3273153142668097,0.5003376277145437,1.191614078653555,0.08109630351924621,-0.29929487702095836,0
1571236813000,-1.3273153142668097,0.5003376277145437,1.191614078653555,-0.4846340444934688,-0.3013051949113216,0
1571236813250,-1.3273153142668097,0.5003376277145437,1.191614078653555,0.8641029654869119,-0.29929487702095836,0
1571236813500,-1.3273153142668097,0.5003376277145437,1.191614078653555,0.0675641080218573,-0.3013051949113216,0
1571236813750,-1.3273153142668097,0.5003376277145437,1.191614078653555,-0.6740002052350547,-0.29929487702095836,0
1571236814000,-1.3273153142668097,0.5003376277145437,1.191614078653555,0.9865693347382813,-0.29929487702095836,0
1571236814250,-1.3273153142668097,0.5003376277145437,1.2265539829216165,0.11560340203758793,-0.29929487702095836,0
1571236814500,-1.3273153142668097,0.5003376277145437,1.191614078653555,-0.8519485760257188,-0.29124889377694974,0
1571236814750,-1.3273153142668097,0.5003376277145437,1.2265539829216165,0.8924359998095699,-0.2972829885697433,0
1571236815000,-1.3273153142668097,0.5003376277145437,1.2265539829216165,0.052002083199860064,-0.2952711001185281,0
1571236815250,-1.3273153142668097,0.5003376277145437,1.191614078653555,-1.0254144070578728,-0.29929487702095836,0
1571236815500,-1.3273153142668097,0.5003376277145437,1.191614078653555,0.8188546867925176,-0.2972829885697433,0
1571236815750,-1.3273153142668097,0.5003376277145437,1.2265539829216165,0.07339986733010627,-0.2972829885697433,0
1571236816000,-1.3273153142668097,0.5003376277145437,1.191614078653555,-1.2395614008040523,-0.2972829885697433,0
1571236816250,-1.3273153142668097,0.5003376277145437,1.191614078653555,0.8455807728998608,-0.2952711001185281,0
1571236816500,-1.3273153142668097,0.5003376277145437,1.191614078653555,0.13353356107162823,-0.2972829885697433,0
1571236816750,-1.2837812491227265,0.5003376277145437,1.2265539829216165,-1.1751143197477378,-0.2972829885697433,0
1571236817000,-1.3273153142668097,0.4678219225631344,1.2265539829216165,0.7676860725680159,-0.2972829885697433,0
1571236817250,-1.3273153142668097,0.5003376277145437,1.191614078653555,0.05047971120640381,-0.2972829885697433,0
1571236817500,-1.3273153142668097,0.5003376277145437,1.2265539829216165,-1.0933291132103935,-0.29929487702095836,0
1571236817750,-1.3273153142668097,0.5003376277145437,1.191614078653555,0.5991256624036654,-0.29929487702095836,0
1571236818000,-1.3273153142668097,0.5003376277145437,1.191614078653555,-0.024031940251093856,-0.2972829885697433,0
1571236818250,-1.3273153142668097,0.5003376277145437,1.191614078653555,-0.8286055387927229,-0.29929487702095836,0
1571236818500,-1.3273153142668097,0.5003376277145437,1.191614078653555,0.5038928365907909,-0.2972829885697433,0
1571236818750,-1.3273153142668097,0.5003376277145437,1.191614078653555,-0.2894321244436338,-0.2972829885697433,0
1571236819000,-1.3273153142668097,0.5003376277145437,1.191614078653555,0.3648495278551198,-0.2952711001185281,0
1571236819250,-1.3273153142668097,0.5003376277145437,1.2265539829216165,0.1528169396554074,-0.2972829885697433,0
1571236819500,-1.3273153142668097,0.5003376277145437,1.191614078653555,-0.48835539825525076,-0.2972829885697433,0
1571236819750,-1.3273153142668097,0.5003376277145437,1.191614078653555,0.8563219530759132,-0.2972829885697433,0
1571236820000,-1.3273153142668097,0.5003376277145437,1.191614078653555,-0.03747955952662408,-0.2952711001185281,0
1571236820250,-1.3273153142668097,0.5003376277145437,1.191614078653555,-1.0183945806436023,-0.2972829885697433,0
1571236820500,-1.3273153142668097,0.5003376277145437,1.191614078653555,0.7433281206727159,-0.2972829885697433,0
1571236820750,-1.3273153142668097,0.5003376277145437,1.191614078653555,-0.04729040126223104,-0.2972829885697433,0
1571236821000,-1.3273153142668097,0.5003376277145437,1.191614078653555,-0.7447905029307704,-0.2972829885697433,0
1571236821250,-1.3273153142668097,0.5003376277145437,1.191614078653555,0.4748831924932634,-0.29929487702095836,0
1571236821500,-1.3273153142668097,0.5003376277145437,1.191614078653555,-0.23048249780813335,-0.2972829885697433,0
1571236821750,-1.3273153142668097,0.5003376277145437,1.191614078653555,-0.1204488331699898,-0.2972829885697433,0
1571236822000,-1.3273153142668097,0.5003376277145437,1.191614078653555,0.29837261747419686,-0.2952711001185281,0
1571236822250,-1.3273153142668097,0.5003376277145437,1.191614078653555,-0.3012727955038491,-0.2952711001185281,0
1571236822500,-1.3273153142668097,0.5003376277145437,1.191614078653555,0.13175746041259592,-0.2972829885697433,0
1571236822750,-1.3273153142668097,0.5003376277145437,1.191614078653555,0.09598171856637401,-0.29325921166731306,0
1571236823000,-1.3273153142668097,0.5003376277145437,1.191614078653555,-0.42230136898362114,-0.2972829885697433,0
1571236823250,-1.3273153142668097,0.5003376277145437,1.191614078653555,0.681587478715879,-0.29325921166731306,0
1571236823500,-1.3273153142668097,0.5003376277145437,1.191614078653555,0.1529015158772661,-0.2972829885697433,0
1571236823750,-1.3273153142668097,0.5003376277145437,1.191614078653555,-0.4998577644280313,-0.2952711001185281,0
1571236824000,-1.3273153142668097,0.5003376277145437,1.191614078653555,0.6925823875575075,-0.2972829885697433,0
1571236824250,-1.3273153142668097,0.5003376277145437,1.191614078653555,0.23223401198070856,-0.29325921166731306,0
1571236824500,-1.370849379410893,0.5003376277145437,1.191614078653555,-0.38060529160729156,-0.2972829885697433,0
1571236824750,-1.3273153142668097,0.5003376277145437,1.191614078653555,0.2839946597582211,-0.2952711001185281,0
1571236825000,-1.3273153142668097,0.5003376277145437,1.191614078653555,0.15476219275815706,-0.2972829885697433,0
1571236825250,-1.3273153142668097,0.5003376277145437,1.191614078653555,-0.34863547974471026,-0.2952711001185281,0
1571236825500,-1.3273153142668097,0.5003376277145437,1.191614078653555,0.3097904074251187,-0.2952711001185281,0
1571236825750,-1.3273153142668097,0.5003376277145437,1.2265539829216165,0.05217123564357742,-0.2952711001185281,0
1571236826000,-1.3273153142668097,0.5003376277145437,1.191614078653555,-0.5217630058894296,-0.2972829885697433,0
1571236826250,-1.3273153142668097,0.5003376277145437,1.2265539829216165,0.699855942637354,-0.2952711001185281,0
1571236826500,-1.3273153142668097,0.5003376277145437,1.191614078653555,0.2238609660166992,-0.2972829885697433,0
1571236826750,-1.3273153142668097,0.5003376277145437,1.191614078653555,-0.4539328759587677,-0.2972829885697433,0
1571236827000,-1.3273153142668097,0.532853332865953,1.191614078653555,0.9386991931662682,-0.29929487702095836,0
1571236827250,-1.370849379410893,0.5003376277145437,1.191614078653555,0.06612631225025974,-0.2972829885697433,0
1571236827500,-1.3273153142668097,0.5003376277145437,1.191614078653555,-1.0109518731200384,-0.29929487702095836,0
1571236827750,-1.3273153142668097,0.5003376277145437,1.191614078653555,0.7286118580693054,-0.2972829885697433,0
1571236828000,-1.3273153142668097,0.5003376277145437,1.2265539829216165,0.12160831378955426,-0.29929487702095836,0
1571236828250,-1.3273153142668097,0.532853332865953,1.191614078653555,-0.9832108723503913,-0.2972829885697433,0
1571236828500,-1.4143834445549759,0.5003376277145437,1.191614078653555,0.667547825887338,-0.29929487702095836,0
1571236828750,-1.3273153142668097,0.5003376277145437,1.191614078653555,-0.13516509577340025,-0.2972829885697433,0
1571236829000,-1.3273153142668097,0.5003376277145437,1.191614078653555,-0.713920181952352,-0.2972829885697433,0
1571236829250,-1.3273153142668097,0.5003376277145437,1.191614078653555,0.4965347052890856,-0.2972829885697433,0
1571236829500,-1.3273153142668097,0.532853332865953,1.191614078653555,-0.3278297291674749,-0.2972829885697433,0
1571236829750,-1.2837812491227265,0.532853332865953,1.191614078653555,-0.2412236779841858,-0.2972829885697433,0
1571236830000,-1.3273153142668097,0.532853332865953,1.191614078653555,0.13691660994597546,-0.2952711001185281,0
1571236830250,-1.5014515748431423,0.43530621741172504,1.191614078653555,-0.3759535994050641,-0.2972829885697433,0
1571236830500,-1.370849379410893,0.532853332865953,1.191614078653555,0.7121194948068628,-0.2952711001185281,0
1571236830750,-1.2837812491227265,0.5003376277145437,1.2265539829216165,0.19112996815738975,-0.2972829885697433,0
1571236831000,-1.3273153142668097,0.5003376277145437,1.2265539829216165,-0.4365947504777382,-0.2952711001185281,0
1571236831250,-1.3273153142668097,0.5003376277145437,1.191614078653555,1.20782073112059,-0.2972829885697433,0
1571236831500,-1.3273153142668097,0.5003376277145437,1.191614078653555,0.19062251082623768,-0.2952711001185281,0
1571236831750,-1.3273153142668097,0.532853332865953,1.2265539829216165,-1.2833718837268488,-0.2972829885697433,0
1571236832000,-1.370849379410893,0.532853332865953,1.191614078653555,0.48579352511303314,-0.2952711001185281,0
1571236832250,-1.2837812491227265,0.532853332865953,1.191614078653555,-0.2761536576118209,-0.29929487702095836,0
1571236832500,-1.3273153142668097,0.532853332865953,1.191614078653555,0.3705161347196514,-0.2952711001185281,0
1571236832750,-1.3273153142668097,0.4678219225631344,1.191614078653555,0.007684142945911392,-0.2972829885697433,0
1571236833000,-1.2837812491227265,0.532853332865953,1.191614078653555,-0.8922068576304508,-0.2972829885697433,0
1571236833250,-1.3273153142668097,0.532853332865953,1.191614078653555,0.8597050019502603,-0.2952711001185281,0
1571236833500,-1.3273153142668097,0.532853332865953,1.191614078653555,-0.12332442471318496,-0.2972829885697433,0
1571236833750,-1.2837812491227265,0.5003376277145437,1.191614078653555,-0.5190565667899518,-0.2952711001185281,0
1571236834000,-1.2837812491227265,0.5003376277145437,1.2265539829216165,0.2965119405933058,-0.2972829885697433,0
1571236834250,-1.3273153142668097,0.5003376277145437,1.191614078653555,-0.4722013398802427,-0.29325921166731306,0
1571236834500,-1.2837812491227265,0.532853332865953,1.191614078653555,0.7764819996413187,-0.29325921166731306,0
1571236834750,-1.2837812491227265,0.5003376277145437,1.2265539829216165,-0.07401648736957413,-0.2952711001185281,0
1571236835000,-1.2402471839786433,0.532853332865953,1.2265539829216165,-0.8465356978267633,-0.2952711001185281,0
1571236835250,-1.4143834445549759,0.5003376277145437,1.191614078653555,0.70010967130293,-0.2952711001185281,0
1571236835500,-1.3273153142668097,0.5003376277145437,1.1566741743854934,-0.13837899220403013,-0.2972829885697433,0
1571236835750,-1.2402471839786433,0.5003376277145437,1.2265539829216165,0.009291091161226325,-0.2952711001185281,0
1571236836000,-1.2837812491227265,0.5003376277145437,1.191614078653555,0.3119048129715857,-0.2972829885697433,0
1571236836250,-1.370849379410893,0.5003376277145437,1.191614078653555,-0.5374096069332855,-0.2952711001185281,0
1571236836500,-1.4143834445549759,0.4678219225631344,1.191614078653555,0.03973853103035136,-0.2972829885697433,0
1571236836750,-1.2837812491227265,0.4678219225631344,1.2265539829216165,0.08498680972474554,-0.2972829885697433,0
1571236837000,-1.2837812491227265,0.4678219225631344,1.2265539829216165,-0.4407389853488135,-0.2972829885697433,0
1571236837250,-1.2837812491227265,0.532853332865953,1.191614078653555,0.9717684959130123,-0.2972829885697433,0
1571236837500,-1.457917509699059,0.532853332865953,1.1566741743854934,0.0003260116442061752,-0.2972829885697433,0
1571236837750,-1.1531790536904771,0.5003376277145437,1.2614938871896781,-1.0220313581835256,-0.2952711001185281,0
1571236838000,-1.2837812491227265,0.532853332865953,1.191614078653555,0.7729297983232541,-0.29325921166731306,0
1571236838250,-1.2837812491227265,0.5003376277145437,1.191614078653555,0.008107024055204796,-0.2952711001185281,0
1571236838500,-1.2837812491227265,0.5003376277145437,1.191614078653555,-0.0780761460187908,-0.29325921166731306,0
1571236838750,-1.2837812491227265,0.5003376277145437,1.191614078653555,0.011659225373269385,-0.2952711001185281,0
1571236839000,-1.3273153142668097,0.5003376277145437,1.2265539829216165,-0.49850454487829243,-0.2952711001185281,0
1571236839250,-1.2837812491227265,0.532853332865953,1.191614078653555,0.8497250077709362,-0.29325921166731306,0
1571236839500,-1.2837812491227265,0.5003376277145437,1.2265539829216165,-0.20849268012487637,-0.29325921166731306,0
1571236839750,-1.3273153142668097,0.5003376277145437,1.191614078653555,-0.3996349415254947,-0.2952711001185281,0
1571236840000,-1.3273153142668097,0.5003376277145437,1.191614078653555,0.27807432422811346,-0.2952711001185281,0
1571236840250,-1.2402471839786433,0.5003376277145437,1.2265539829216165,-0.5071313195078778,-0.2952711001185281,0
1571236840500,-1.2837812491227265,0.5003376277145437,1.2265539829216165,0.8478643308900452,-0.2952711001185281,0
1571236840750,-1.3273153142668097,0.5003376277145437,1.191614078653555,-0.11376731164315403,-0.2952711001185281,0
1571236841000,-1.3273153142668097,0.5003376277145437,1.191614078653555,-0.4569776199456802,-0.29325921166731306,0
1571236841250,-1.370849379410893,0.5003376277145437,1.191614078653555,0.25515416810441105,-0.2952711001185281,0
1571236841500,-1.370849379410893,0.5003376277145437,1.191614078653555,-0.33780972334679915,-0.2952711001185281,0
1571236841750,-1.3273153142668097,0.5003376277145437,1.2265539829216165,0.8076906255071719,-0.2972829885697433,0
1571236842000,-1.370849379410893,0.5003376277145437,1.191614078653555,-0.14142373619094262,-0.2952711001185281,0
1571236842250,-1.3273153142668097,0.5003376277145437,1.191614078653555,-0.6164883743711519,-0.29325921166731306,0
1571236842500,-1.3273153142668097,0.5003376277145437,1.191614078653555,0.3443820821653191,-0.2952711001185281,0
1571236842750,-1.3273153142668097,0.5003376277145437,1.2265539829216165,-0.5131362312598442,-0.2972829885697433,0
1571236843000,-1.3273153142668097,0.5003376277145437,1.191614078653555,0.976081883227805,-0.2972829885697433,0
1571236843250,-1.3273153142668097,0.5003376277145437,1.2265539829216165,-0.24190028775905525,-0.2952711001185281,0
1571236843500,-1.2402471839786433,0.5003376277145437,1.2265539829216165,-0.44344542444829127,-0.2952711001185281,0
1571236843750,-1.370849379410893,0.5003376277145437,1.191614078653555,0.1497721956684949,-0.2952711001185281,0
1571236844000,-1.3273153142668097,0.5003376277145437,1.2265539829216165,-0.7284672921120451,-0.2952711001185281,0
1571236844250,-1.3273153142668097,0.4678219225631344,1.2265539829216165,0.8659636423678029,-0.29325921166731306,0
1571236844500,-1.3273153142668097,0.5003376277145437,1.191614078653555,-0.34821259863541687,-0.2952711001185281,0
1571236844750,-1.370849379410893,0.532853332865953,1.191614078653555,0.3594366496561643,-0.29325921166731306,0
1571236845000,-1.370849379410893,0.43530621741172504,1.2265539829216165,0.10892188051075216,-0.2972829885697433,0
1571236845250,-1.3273153142668097,0.4678219225631344,1.2265539829216165,-0.9635046126573187,-0.2952711001185281,0
1571236845500,-1.370849379410893,0.5653690380173624,1.1566741743854934,0.8825405818521042,-0.2972829885697433,0
1571236845750,-1.1967131188345603,0.532853332865953,1.191614078653555,-0.32157108874993245,-0.2972829885697433,0
1571236846000,-1.457917509699059,0.5003376277145437,1.1566741743854934,0.06435021159122743,-0.2952711001185281,0
1571236846250,-1.3273153142668097,0.5003376277145437,1.191614078653555,0.21142826140347312,-0.2952711001185281,0
1571236846500,-1.2402471839786433,0.5003376277145437,1.2265539829216165,-1.0286283034885029,-0.2972829885697433,0
1571236846750,-1.2402471839786433,0.43530621741172504,1.2614938871896781,0.9116348021714903,-0.2952711001185281,0
1571236847000,-1.3273153142668097,0.4678219225631344,1.2265539829216165,-0.08205122844614879,-0.2952711001185281,0
1571236847250,-1.3273153142668097,0.5653690380173624,1.1566741743854934,0.352078518354459,-0.29325921166731306,0
1571236847500,-1.4143834445549759,0.4678219225631344,1.191614078653555,0.11636458803431605,-0.29325921166731306,0
1571236847750,-1.1967131188345603,0.5003376277145437,1.2614938871896781,-0.8469585789360566,-0.2952711001185281,0
1571236848000,-1.2837812491227265,0.5003376277145437,1.2265539829216165,0.8197850252329631,-0.2952711001185281,0
1571236848250,-1.3273153142668097,0.5003376277145437,1.191614078653555,-0.23462673267920872,-0.2952711001185281,0
1571236848500,-1.2837812491227265,0.5003376277145437,1.191614078653555,0.5426287462020666,-0.29325921166731306,0
1571236848750,-1.3273153142668097,0.5003376277145437,1.191614078653555,-0.10784697611304639,-0.2952711001185281,0
1571236849000,-1.370849379410893,0.5003376277145437,1.191614078653555,-0.8835800830008654,-0.2952711001185281,0
1571236849250,-1.2402471839786433,0.5003376277145437,1.2265539829216165,0.8524314468704138,-0.2952711001185281,0
1571236849500,-1.3273153142668097,0.5003376277145437,1.2265539829216165,-0.2568702790280417,-0.2972829885697433,0
1571236849750,-1.3273153142668097,0.5003376277145437,1.191614078653555,0.4301423711300213,-0.2972829885697433,0
1571236850000,-1.4143834445549759,0.5003376277145437,1.191614078653555,0.15865269896365639,-0.2952711001185281,0
1571236850250,-1.370849379410893,0.5003376277145437,1.191614078653555,-0.6987810382396482,-0.29929487702095836,0
1571236850500,-1.3273153142668097,0.5003376277145437,1.2265539829216165,1.0022159357821374,-0.2952711001185281,0
1571236850750,-1.370849379410893,0.5003376277145437,1.2265539829216165,-0.17127914250705686,-0.2972829885697433,0
1571236851000,-1.370849379410893,0.5003376277145437,1.191614078653555,-0.27480043806208204,-0.2972829885697433,0
1571236851250,-1.370849379410893,0.5003376277145437,1.191614078653555,0.07128546178363926,-0.2952711001185281,0
1571236851500,-1.370849379410893,0.5003376277145437,1.191614078653555,-0.7207708559229051,-0.2972829885697433,0
1571236851750,-1.3273153142668097,0.5003376277145437,1.191614078653555,0.9199232719136411,-0.2972829885697433,0
1571236852000,-1.370849379410893,0.5003376277145437,1.191614078653555,-0.1865874386634781,-0.2952711001185281,0
1571236852250,-1.370849379410893,0.5003376277145437,1.191614078653555,-0.6476124240151464,-0.29325921166731306,0
1571236852500,-1.3273153142668097,0.5003376277145437,1.2265539829216165,0.4157644134140456,-0.2972829885697433,0
1571236852750,-1.370849379410893,0.5003376277145437,1.191614078653555,-0.4756689649764486,-0.2952711001185281,0
1571236853000,-1.3273153142668097,0.5003376277145437,1.2265539829216165,0.98217137120163,-0.2952711001185281,0
1571236853250,-1.370849379410893,0.5003376277145437,1.191614078653555,-0.038325321745210895,-0.2952711001185281,0
1571236853500,-1.2837812491227265,0.5003376277145437,1.2265539829216165,-1.0576379475860302,-0.2972829885697433,0
1571236853750,-1.370849379410893,0.5003376277145437,1.191614078653555,0.5258826542740478,-0.2952711001185281,0
1571236854000,-1.370849379410893,0.5003376277145437,1.191614078653555,-0.3940529108828218,-0.2972829885697433,0
1571236854250,-1.3273153142668097,0.5003376277145437,1.191614078653555,0.7687855634521786,-0.2952711001185281,0
1571236854500,-1.3273153142668097,0.5003376277145437,1.2265539829216165,-0.04433023349717722,-0.29325921166731306,0
1571236854750,-1.3273153142668097,0.5003376277145437,1.2265539829216165,-1.0329416908032953,-0.2952711001185281,0
1571236855000,-1.3273153142668097,0.5003376277145437,1.191614078653555,0.6211154800869223,-0.2972829885697433,0
1571236855250,-1.3273153142668097,0.5003376277145437,1.191614078653555,-0.42619187518912044,-0.2952711001185281,0
1571236855500,-1.3273153142668097,0.5003376277145437,1.191614078653555,0.9880917067317377,-0.2972829885697433,0
1571236855750,-1.3273153142668097,0.5003376277145437,1.191614078653555,-0.03705667841733068,-0.2952711001185281,0
1571236856000,-1.3273153142668097,0.5003376277145437,1.191614078653555,-0.9477734353916041,-0.2972829885697433,0
1571236856250,-1.4143834445549759,0.5003376277145437,1.191614078653555,0.7638801425843752,-0.2972829885697433,0
1571236856500,-1.4143834445549759,0.5003376277145437,1.191614078653555,-0.2157662352047229,-0.2972829885697433,0
1571236856750,-1.3273153142668097,0.5003376277145437,1.191614078653555,0.2910144861724916,-0.2952711001185281,0
1571236857000,-1.370849379410893,0.5003376277145437,1.2265539829216165,0.051071744759414575,-0.29929487702095836,0
1571236857250,-1.3273153142668097,0.5003376277145437,1.2265539829216165,-0.6905771447193562,-0.2952711001185281,0
1571236857500,-1.370849379410893,0.4678219225631344,1.191614078653555,0.93345546741103,-0.2952711001185281,0
1571236857750,-1.370849379410893,0.5003376277145437,1.191614078653555,-0.10869273833163319,-0.2952711001185281,0
1571236858000,-1.3273153142668097,0.5003376277145437,1.191614078653555,-1.1031399549460004,-0.2952711001185281,0
1571236858250,-1.370849379410893,0.4678219225631344,1.191614078653555,0.7993175795431625,-0.2952711001185281,0
1571236858500,-1.3273153142668097,0.5003376277145437,1.2265539829216165,-0.13939390686633427,-0.29325921166731306,0
1571236858750,-1.3273153142668097,0.5003376277145437,1.2265539829216165,-0.09786698193372208,-0.2952711001185281,0
1571236859000,-1.370849379410893,0.5003376277145437,1.191614078653555,0.12651373465735774,-0.29325921166731306,0
1571236859250,-1.3273153142668097,0.5003376277145437,1.2265539829216165,-0.4884399744771094,-0.2952711001185281,0
1571236859500,-1.3273153142668097,0.5003376277145437,1.2265539829216165,0.8924359998095699,-0.2952711001185281,0
1571236859750,-1.3273153142668097,0.5003376277145437,1.191614078653555,-0.01041516853184627,-0.2972829885697433,0
1571236860000,-1.3273153142668097,0.5003376277145437,1.191614078653555,-1.1888156676888437,-0.29325921166731306,0
1571236860250,-1.3273153142668097,0.5003376277145437,1.191614078653555,0.784601316939752,-0.2952711001185281,0
1571236860500,-1.3273153142668097,0.5003376277145437,1.191614078653555,-0.2289601258146771,-0.2952711001185281,0
1571236860750,-1.370849379410893,0.5003376277145437,1.191614078653555,0.2730843271384513,-0.2972829885697433,0
1571236861000,-1.370849379410893,0.5003376277145437,1.191614078653555,0.3162182002863785,-0.2952711001185281,0
1571236861250,-1.370849379410893,0.5003376277145437,1.191614078653555,-0.6181798988083255,-0.2972829885697433,0
1571236861500,-1.2837812491227265,0.532853332865953,1.2265539829216165,1.0018776308947026,-0.2972829885697433,0
1571236861750,-1.2837812491227265,0.532853332865953,1.2265539829216165,0.0876932488242233,-0.2972829885697433,0
1571236862000,-1.370849379410893,0.5003376277145437,1.191614078653555,-1.1217467237549101,-0.2952711001185281,0
1571236862250,-1.3273153142668097,0.5003376277145437,1.191614078653555,0.5729916098493331,-0.29325921166731306,0
1571236862500,-1.3273153142668097,0.5003376277145437,1.191614078653555,-0.17609998715300168,-0.2972829885697433,0
1571236862750,-1.3273153142668097,0.5003376277145437,1.191614078653555,0.4066301814533081,-0.2952711001185281,0
1571236863000,-1.3273153142668097,0.5003376277145437,1.191614078653555,0.05377818385889235,-0.2952711001185281,0
1571236863250,-1.3273153142668097,0.5003376277145437,1.191614078653555,-0.5739465347762355,-0.29325921166731306,0
1571236863500,-1.3273153142668097,0.5003376277145437,1.191614078653555,1.0165093172762545,-0.2972829885697433,0
1571236863750,-1.2837812491227265,0.5003376277145437,1.2265539829216165,0.020624304890289536,-0.2952711001185281,0
1571236864000,-1.3273153142668097,0.4678219225631344,1.191614078653555,-1.1136274064564768,-0.2952711001185281,0
1571236864250,-1.2837812491227265,0.5003376277145437,1.2265539829216165,0.6165483641065534,-0.2952711001185281,0
1571236864500,-1.370849379410893,0.5003376277145437,1.191614078653555,-0.3076160121432502,-0.2972829885697433,0
1571236864750,-1.3273153142668097,0.5003376277145437,1.2265539829216165,0.20863724608213666,-0.2952711001185281,0
1571236865000,-1.4143834445549759,0.5003376277145437,1.191614078653555,0.01867905178753988,-0.2952711001185281,0
1571236865250,-1.4143834445549759,0.4678219225631344,1.191614078653555,-0.6175878652553147,-0.2952711001185281,0
1571236865500,-1.2402471839786433,0.5003376277145437,1.2265539829216165,1.0250515156839812,-0.2972829885697433,0
1571236865750,-1.370849379410893,0.5003376277145437,1.191614078653555,0.014111935807171124,-0.2952711001185281,0
1571236866000,-1.5014515748431423,0.4678219225631344,1.1566741743854934,-1.0715084479708539,-0.2972829885697433,0
1571236866250,-1.370849379410893,0.532853332865953,1.191614078653555,0.6555380023834054,-0.29325921166731306,0
1571236866500,-1.3273153142668097,0.5003376277145437,1.2265539829216165,-0.27733772471784246,-0.2972829885697433,0
1571236866750,-1.3273153142668097,0.5003376277145437,1.191614078653555,0.29236770572223053,-0.29325921166731306,0
1571236867000,-1.370849379410893,0.5003376277145437,1.191614078653555,0.08727036771492991,-0.2952711001185281,0
1571236867250,-1.3273153142668097,0.5003376277145437,1.191614078653555,-0.8092375839870851,-0.2952711001185281,0
1571236867500,-1.3273153142668097,0.5003376277145437,1.191614078653555,0.7718303074390913,-0.2952711001185281,0
1571236867750,-1.3273153142668097,0.5003376277145437,1.191614078653555,-0.05337988923605605,-0.2952711001185281,0
1571236868000,-1.370849379410893,0.5003376277145437,1.191614078653555,0.14249864058864836,-0.2972829885697433,0
1571236868250,-1.370849379410893,0.5003376277145437,1.191614078653555,0.14884185722804943,-0.29325921166731306,0
1571236868500,-1.3273153142668097,0.5003376277145437,1.191614078653555,-0.6124287157219351,-0.2952711001185281,0
1571236868750,-1.370849379410893,0.5003376277145437,1.191614078653555,0.9067293813036869,-0.29325921166731306,0
1571236869000,-1.370849379410893,0.5003376277145437,1.191614078653555,-0.01574347050894315,-0.2952711001185281,0
1571236869250,-1.370849379410893,0.5003376277145437,1.191614078653555,-0.9509873318222338,-0.2952711001185281,0
1571236869500,-1.3273153142668097,0.5003376277145437,1.191614078653555,0.33355632576740796,-0.2952711001185281,0
1571236869750,-1.3273153142668097,0.5003376277145437,1.2265539829216165,-0.43058983872577183,-0.29325921166731306,0
1571236870000,-1.3273153142668097,0.5003376277145437,1.2265539829216165,0.6511400388467539,-0.29325921166731306,0
1571236870250,-1.3273153142668097,0.4678219225631344,1.2265539829216165,0.09217578858273338,-0.2952711001185281,0
1571236870500,-1.370849379410893,0.5003376277145437,1.2265539829216165,-0.6470203904621356,-0.29325921166731306,0
1571236870750,-1.370849379410893,0.5003376277145437,1.191614078653555,0.9132417503868053,-0.2952711001185281,0
1571236871000,-1.3273153142668097,0.5003376277145437,1.191614078653555,0.1454588083537022,-0.29325921166731306,0
1571236871250,-1.370849379410893,0.5003376277145437,1.191614078653555,-1.284386798389153,-0.2952711001185281,0
1571236871500,-1.2837812491227265,0.5003376277145437,1.2265539829216165,0.6819257836033137,-0.29325921166731306,0
1571236871750,-1.3273153142668097,0.5003376277145437,1.2265539829216165,-0.08154377111499671,-0.29325921166731306,0
1571236872000,-1.3273153142668097,0.5003376277145437,1.2265539829216165,-0.4157889999005027,-0.29325921166731306,0
1571236872250,-1.3273153142668097,0.5003376277145437,1.191614078653555,0.3334717495455493,-0.29325921166731306,0
1571236872500,-1.5449856399872253,0.5003376277145437,1.1566741743854934,-0.4827733676125778,-0.29124889377694974,0
1571236872750,-1.5449856399872253,0.5653690380173624,1.191614078653555,0.8137801134809969,-0.2972829885697433,0
1571236873000,-1.2837812491227265,0.5003376277145437,1.5410131213341711,0.20347809654875715,-0.2952711001185281,0
1571236873250,-1.5014515748431423,0.532853332865953,1.1566741743854934,-0.5500114639902288,-0.2952711001185281,0
1571236873500,-1.370849379410893,0.5978847431687717,1.191614078653555,0.9906289933874981,-0.2952711001185281,0
1571236873750,-1.3273153142668097,0.5978847431687717,1.2265539829216165,0.1862245472895863,-0.2972829885697433,0
1571236874000,-1.370849379410893,0.5653690380173624,1.2265539829216165,-0.5046786090739761,-0.29325921166731306,0
1571236874250,-1.457917509699059,0.5978847431687717,1.191614078653555,1.6227516755592772,-0.2972829885697433,0
1571236874500,-1.370849379410893,0.5978847431687717,1.191614078653555,-0.4947831911165104,-0.29124889377694974,0
1571236874750,-1.4143834445549759,0.5978847431687717,1.191614078653555,-0.4139283230196118,-0.2952711001185281,0
1571236875000,-1.457917509699059,0.5653690380173624,1.191614078653555,-0.2891783957780578,-0.2952711001185281,0
1571236875250,-1.4143834445549759,0.5978847431687717,1.191614078653555,-1.066687603324909,-0.2952711001185281,0
1571236875500,-1.3273153142668097,0.5003376277145437,1.2265539829216165,0.9222068299038254,-0.2972829885697433,0
1571236875750,-1.2837812491227265,0.6629161534715904,1.191614078653555,-0.451733894190442,-0.2972829885697433,0
1571236876000,-1.3273153142668097,0.630400448320181,1.191614078653555,0.40282425146966744,-0.2952711001185281,0
1571236876250,-1.4143834445549759,0.5653690380173624,1.2265539829216165,-0.18531879533559786,-0.2972829885697433,0
1571236876500,-1.370849379410893,0.5978847431687717,1.2265539829216165,-1.40702232008424,-0.29325921166731306,0
1571236876750,-1.4143834445549759,0.5653690380173624,1.191614078653555,0.7341938887119783,-0.2952711001185281,0
1571236877000,-1.4143834445549759,0.5978847431687717,1.191614078653555,-0.06259869741865225,-0.2952711001185281,0
1571236877250,-1.370849379410893,0.5653690380173624,1.191614078653555,0.7758053898664493,-0.29124889377694974,0
1571236877500,-1.4143834445549759,0.5978847431687717,1.191614078653555,0.2553233205481284,-0.2952711001185281,0
1571236877750,-1.370849379410893,0.5978847431687717,1.2265539829216165,-1.4340021348571592,-0.29124889377694974,0
1571236878000,-1.4143834445549759,0.5653690380173624,1.191614078653555,0.9858081487415533,-0.2972829885697433,0
1571236878250,-1.4143834445549759,0.5978847431687717,1.191614078653555,-0.24452215063667435,-0.29325921166731306,0
1571236878500,-1.370849379410893,0.630400448320181,1.191614078653555,0.6363392000214848,-0.2972829885697433,0
1571236878750,-1.370849379410893,0.5978847431687717,1.191614078653555,0.0868474866056365,-0.2972829885697433,0
1571236879000,-1.4143834445549759,0.5978847431687717,1.191614078653555,-1.236770385482716,-0.29929487702095836,0
1571236879250,-1.4143834445549759,0.5653690380173624,1.191614078653555,1.1804180352383775,-0.2952711001185281,0
1571236879500,-1.4143834445549759,0.5978847431687717,1.191614078653555,-0.1423540746313881,-0.2972829885697433,0
1571236879750,-1.4143834445549759,0.5978847431687717,1.191614078653555,-0.8620977226487606,-0.2972829885697433,0
1571236880000,-1.4143834445549759,0.5653690380173624,1.191614078653555,0.6498713955188737,-0.2972829885697433,0
1571236880250,-1.370849379410893,0.5978847431687717,1.191614078653555,-0.2682034927571049,-0.2952711001185281,0
1571236880500,-1.4143834445549759,0.5653690380173624,1.191614078653555,0.7727606458795367,-0.2972829885697433,0
1571236880750,-1.4143834445549759,0.5978847431687717,1.191614078653555,-0.010753473419280993,-0.29325921166731306,0
1571236881000,-1.4143834445549759,0.5978847431687717,1.191614078653555,-0.8213319837128764,-0.2952711001185281,0
1571236881250,-1.4143834445549759,0.5978847431687717,1.191614078653555,1.1375378907560263,-0.2972829885697433,0
1571236881500,-1.4143834445549759,0.5978847431687717,1.191614078653555,0.10021052965930805,-0.2952711001185281,0
1571236881750,-1.370849379410893,0.5978847431687717,1.191614078653555,-1.4817031239854552,-0.2952711001185281,0
1571236882000,-1.370849379410893,0.5978847431687717,1.191614078653555,0.8549687335261744,-0.2952711001185281,0
1571236882250,-1.370849379410893,0.5653690380173624,1.191614078653555,-0.15605542257249438,-0.2952711001185281,0
1571236882500,-1.3273153142668097,0.630400448320181,1.191614078653555,-0.15047339192982145,-0.2952711001185281,0
1571236882750,-1.4143834445549759,0.630400448320181,1.1566741743854934,0.24703485080597767,-0.2972829885697433,0
1571236883000,-1.4143834445549759,0.5978847431687717,1.191614078653555,-0.6082844808508598,-0.2952711001185281,0
1571236883250,-1.370849379410893,0.5978847431687717,1.191614078653555,0.9501169831171902,-0.29325921166731306,0
1571236883500,-1.4143834445549759,0.5653690380173624,1.191614078653555,-0.09127003662874497,-0.2952711001185281,0
1571236883750,-1.370849379410893,0.5978847431687717,1.191614078653555,-0.9784746039263051,-0.2952711001185281,0
1571236884000,-1.370849379410893,0.5978847431687717,1.191614078653555,1.2688847633025575,-0.2952711001185281,0
1571236884250,-1.4143834445549759,0.5978847431687717,1.191614078653555,0.3914064615187456,-0.2952711001185281,0
1571236884500,-1.4143834445549759,0.5978847431687717,1.191614078653555,-1.2617203709310265,-0.2972829885697433,0
1571236884750,-1.370849379410893,0.5978847431687717,1.191614078653555,0.7807953869561114,-0.2952711001185281,0
1571236885000,-1.4143834445549759,0.5978847431687717,1.191614078653555,-0.058708191213152926,-0.2972829885697433,0
1571236885250,-1.370849379410893,0.5978847431687717,1.191614078653555,-0.9036246475813727,-0.2952711001185281,0
1571236885500,-1.370849379410893,0.5978847431687717,1.191614078653555,0.26775602516135444,-0.2952711001185281,0
1571236885750,-1.370849379410893,0.5978847431687717,1.191614078653555,-0.5352952013868185,-0.2972829885697433,0
1571236886000,-1.4143834445549759,0.5978847431687717,1.191614078653555,1.1647714341945214,-0.29325921166731306,0
1571236886250,-1.4143834445549759,0.5978847431687717,1.191614078653555,-0.004410256779879942,-0.2972829885697433,0
1571236886500,-1.370849379410893,0.5978847431687717,1.191614078653555,-1.3572069254094772,-0.2972829885697433,0
1571236886750,-1.370849379410893,0.5978847431687717,1.191614078653555,0.9734600203501859,-0.2972829885697433,0
1571236887000,-1.370849379410893,0.5978847431687717,1.191614078653555,-0.2737009471779192,-0.2952711001185281,0
1571236887250,-1.370849379410893,0.5978847431687717,1.191614078653555,-0.1248467967066412,-0.2972829885697433,0
1571236887500,-1.370849379410893,0.5978847431687717,1.191614078653555,0.3190092156077149,-0.2952711001185281,0
1571236887750,-1.370849379410893,0.5978847431687717,1.191614078653555,-0.5358872349398293,-0.2952711001185281,0
1571236888000,-1.4143834445549759,0.5978847431687717,1.191614078653555,1.0582899708744427,-0.2952711001185281,0
1571236888250,-1.4143834445549759,0.5978847431687717,1.191614078653555,-0.012191269190878564,-0.2972829885697433,0
1571236888500,-1.4143834445549759,0.5978847431687717,1.191614078653555,-1.316441186473593,-0.2972829885697433,0
1571236888750,-1.370849379410893,0.5978847431687717,1.191614078653555,0.9622113828429814,-0.29124889377694974,0
1571236889000,-1.370849379410893,0.5978847431687717,1.191614078653555,-0.017857876055410164,-0.2952711001185281,0
1571236889250,-1.370849379410893,0.5978847431687717,1.191614078653555,-0.5262455456479397,-0.29124889377694974,0
1571236889500,-1.370849379410893,0.5978847431687717,1.191614078653555,0.4396149079781935,-0.2952711001185281,0
1571236889750,-1.370849379410893,0.5978847431687717,1.191614078653555,-0.3987891793069079,-0.29325921166731306,0
1571236890000,-1.370849379410893,0.5978847431687717,1.191614078653555,0.7669248865712878,-0.2952711001185281,0
1571236890250,-1.370849379410893,0.5978847431687717,1.191614078653555,0.18554793751471682,-0.29124889377694974,0
1571236890500,-1.370849379410893,0.5978847431687717,1.191614078653555,-0.5654043363685088,-0.2952711001185281,0
1571236890750,-1.370849379410893,0.5978847431687717,1.191614078653555,0.9255053025563139,-0.29325921166731306,0
1571236891000,-1.370849379410893,0.5978847431687717,1.191614078653555,0.04785784832878471,-0.2952711001185281,0
1571236891250,-1.370849379410893,0.5978847431687717,1.191614078653555,-0.9631663077698839,-0.29124889377694974,0
1571236891500,-1.370849379410893,0.5978847431687717,1.191614078653555,1.0190466039320147,-0.2952711001185281,0
1571236891750,-1.370849379410893,0.5978847431687717,1.191614078653555,0.08304155662199587,-0.2952711001185281,0
1571236892000,-1.370849379410893,0.5978847431687717,1.191614078653555,-1.1894077012418547,-0.2952711001185281,0
1571236892250,-1.370849379410893,0.5978847431687717,1.191614078653555,0.5996331197348174,-0.29325921166731306,0
1571236892500,-1.4143834445549759,0.5978847431687717,1.191614078653555,-0.2674423067603768,-0.29929487702095836,0
1571236892750,-1.3273153142668097,0.630400448320181,1.2265539829216165,0.1232152620048692,-0.29325921166731306,0
1571236893000,-1.3273153142668097,0.630400448320181,1.191614078653555,0.2464428172529669,-0.2952711001185281,0
1571236893250,-1.370849379410893,0.5978847431687717,1.191614078653555,-0.40555527705560235,-0.29325921166731306,0
1571236893500,-1.370849379410893,0.5978847431687717,1.191614078653555,0.7269203336321318,-0.2952711001185281,0
1571236893750,-1.370849379410893,0.5978847431687717,1.191614078653555,-0.13017509868373808,-0.29325921166731306,0
1571236894000,-1.370849379410893,0.5978847431687717,1.191614078653555,-0.8708090735002046,-0.2952711001185281,0
1571236894250,-1.370849379410893,0.5978847431687717,1.191614078653555,1.027250497452307,-0.29124889377694974,0
1571236894500,-1.370849379410893,0.5978847431687717,1.191614078653555,0.0373703968183083,-0.28923700532573465,0
1571236894750,-1.370849379410893,0.5978847431687717,1.191614078653555,-0.5969512671217966,-0.2952711001185281,0
1571236895000,-1.370849379410893,0.5978847431687717,1.191614078653555,0.3530088567949045,-0.29325921166731306,0
1571236895250,-1.370849379410893,0.5978847431687717,1.191614078653555,-0.48996234647056564,-0.2952711001185281,0
1571236895500,-1.370849379410893,0.5978847431687717,1.191614078653555,0.9971413624706165,-0.29325921166731306,0
1571236895750,-1.370849379410893,0.5978847431687717,1.191614078653555,0.045235985451165604,-0.29325921166731306,0
1571236896000,-1.370849379410893,0.5978847431687717,1.191614078653555,-1.1402689163419613,-0.29124889377694974,0
1571236896250,-1.370849379410893,0.5978847431687717,1.191614078653555,0.8738292310006601,-0.29124889377694974,0
1571236896500,-1.370849379410893,0.5978847431687717,1.191614078653555,-0.02834532756588657,-0.29124889377694974,0
1571236896750,-1.370849379410893,0.5978847431687717,1.191614078653555,-0.6429607318129189,-0.2952711001185281,0
1571236897000,-1.370849379410893,0.5978847431687717,1.191614078653555,0.45306252725372376,-0.29124889377694974,0
1571236897250,-1.370849379410893,0.5978847431687717,1.191614078653555,-0.44598271110405174,-0.29325921166731306,0
1571236897500,-1.5014515748431423,0.5653690380173624,1.2265539829216165,0.5954043086418833,-0.2952711001185281,0
1571236897750,-1.5449856399872253,0.5653690380173624,1.191614078653555,0.17734404399442483,-0.2952711001185281,0
1571236898000,-1.370849379410893,0.5978847431687717,1.191614078653555,-0.469748629446341,-0.29325921166731306,0
1571236898250,-1.4143834445549759,0.5978847431687717,1.191614078653555,1.3785801230532662,-0.29325921166731306,0
1571236898500,-1.4143834445549759,0.5978847431687717,1.191614078653555,1.5693840795664498,-0.29325921166731306,0
1571236898750,-1.4143834445549759,0.5978847431687717,1.191614078653555,-1.5197624238218614,-0.29325921166731306,0
1571236899000,-1.370849379410893,0.5978847431687717,1.1566741743854934,-1.0989957200749252,-0.29325921166731306,0
1571236899250,-1.457917509699059,0.5653690380173624,1.2265539829216165,-0.8171877488418011,-0.28923700532573465,0
1571236899500,-1.6320537702753917,0.532853332865953,1.2265539829216165,-0.19715946639581317,-0.2952711001185281,0
1571236899750,-1.2402471839786433,0.4678219225631344,1.3663135999938631,0.7961036831125325,-0.29124889377694974,0
1571236900000,-1.4143834445549759,0.5653690380173624,1.191614078653555,-0.2632134956674428,-0.29124889377694974,0
1571236900250,-1.457917509699059,0.5978847431687717,1.191614078653555,1.1927661636297449,-0.3033170833625367,0
1571236900500,-1.4143834445549759,0.5978847431687717,1.191614078653555,-0.7644121864019843,-0.2952711001185281,0
1571236900750,-1.457917509699059,0.5978847431687717,1.191614078653555,-0.4971513253285535,-0.29325921166731306,0
1571236901000,-1.4143834445549759,0.5978847431687717,1.2265539829216165,1.383993001252222,-0.2972829885697433,0
1571236901250,-1.457917509699059,0.532853332865953,1.191614078653555,-0.2439301170836636,-0.2952711001185281,0
1571236901500,-1.0661109234023107,0.630400448320181,1.1217342701174318,-0.7906308151781754,-0.2811910220817261,0
1571236901750,-0.9355087279700615,0.532853332865953,1.2614938871896781,0.42726677958682613,-0.2952711001185281,0
1571236902000,-0.36956588109698063,0.5653690380173624,1.2614938871896781,0.08625545305262573,-0.38176345679055584,0
1571236902250,1.3282626595222617,1.020588910137093,0.10847704634364527,3.0021052778525004,-0.29929487702095836,0
1571236902500,-4.766506460649377,0.14266487104904096,1.191614078653555,-0.8473814600453501,-0.43204967414497086,0
1571236902750,-1.0661109234023107,0.5978847431687717,1.0518544615813086,-1.7765358333848158,-0.30532897181375185,0
1571236903000,-1.2402471839786433,0.43530621741172504,1.4361934085299863,1.4206145053170305,-0.3073392897041151,0
1571236903250,-1.2402471839786433,0.7929789740772277,1.2614938871896781,0.7703925116674937,-0.30532897181375185,0
1571236903500,-1.5885197051313085,0.532853332865953,1.191614078653555,-3.40454352794256,-0.3033170833625367,0
1571236903750,-1.7191219005635578,0.532853332865953,1.1566741743854934,0.4051078094598518,-0.3033170833625367,0
1571236904000,-1.7191219005635578,0.5003376277145437,1.191614078653555,0.04777327210692603,-0.29929487702095836,0
1571236904250,-1.5014515748431423,0.5003376277145437,1.191614078653555,0.5863546529030046,-0.2972829885697433,0
1571236904500,-1.457917509699059,0.5003376277145437,1.1566741743854934,0.8401678947009052,-0.2972829885697433,0
1571236904750,-1.370849379410893,0.5003376277145437,1.2265539829216165,-0.9066693915682853,-0.2972829885697433,0
1571236905000,-1.2837812491227265,0.5003376277145437,1.191614078653555,1.830470876444197,-0.2952711001185281,0
1571236905250,-1.4143834445549759,0.5003376277145437,1.2265539829216165,0.10739950851729589,-0.2952711001185281,0
1571236905500,-1.4143834445549759,0.5003376277145437,1.191614078653555,0.3431980150592976,-0.2952711001185281,0
1571236905750,-1.4143834445549759,0.5003376277145437,1.191614078653555,0.4361472828819876,-0.2952711001185281,0
1571236906000,-1.4143834445549759,0.4678219225631344,1.2265539829216165,-0.8013719953542278,-0.2952711001185281,0
1571236906250,-1.4143834445549759,0.5003376277145437,1.191614078653555,0.46168930188330914,-0.2952711001185281,0
1571236906500,-1.4143834445549759,0.5003376277145437,1.191614078653555,-0.17576168226556696,-0.2952711001185281,0
1571236906750,-1.370849379410893,0.5003376277145437,1.191614078653555,-0.10725494256003562,-0.2952711001185281,0
1571236907000,-1.4143834445549759,0.5003376277145437,1.191614078653555,0.23942299083869642,-0.2952711001185281,0
1571236907250,-1.4143834445549759,0.5003376277145437,1.191614078653555,-0.6838110469706618,-0.2952711001185281,0
1571236907500,-1.4143834445549759,0.5003376277145437,1.191614078653555,0.742482358454129,-0.2952711001185281,0
1571236907750,-1.4143834445549759,0.5003376277145437,1.191614078653555,-0.21458216809870137,-0.29929487702095836,0
1571236908000,-1.370849379410893,0.5003376277145437,1.2265539829216165,0.2851787268642426,-0.29325921166731306,0
1571236908250,-1.4143834445549759,0.5003376277145437,1.2265539829216165,-0.05177294102074112,-0.2972829885697433,0
1571236908500,-1.4143834445549759,0.5003376277145437,1.191614078653555,-0.7462282987023681,-0.2972829885697433,0
1571236908750,-1.4143834445549759,0.5003376277145437,1.191614078653555,0.5104052056739092,-0.2972829885697433,0
1571236909000,-1.4143834445549759,0.5003376277145437,1.191614078653555,-0.19978132927343226,-0.2952711001185281,0
1571236909250,-1.4143834445549759,0.5003376277145437,1.191614078653555,0.258875521866193,-0.2972829885697433,0
1571236909500,-1.370849379410893,0.5003376277145437,1.191614078653555,0.08820070615537538,-0.2952711001185281,0
1571236909750,-1.4143834445549759,0.5003376277145437,1.191614078653555,-0.49765878265970565,-0.2972829885697433,0
1571236910000,-1.370849379410893,0.5003376277145437,1.191614078653555,0.7454425262191829,-0.2952711001185281,0
1571236910250,-1.4143834445549759,0.5003376277145437,1.191614078653555,0.13607084772738867,-0.2972829885697433,0
1571236910500,-1.4143834445549759,0.5003376277145437,1.191614078653555,-0.596359233568786,-0.2952711001185281,0
1571236910750,-1.370849379410893,0.5003376277145437,1.2265539829216165,0.7661637005745596,-0.2972829885697433,0
1571236911000,-1.4143834445549759,0.5003376277145437,1.191614078653555,0.07289240999895419,-0.2972829885697433,0
1571236911250,-1.370849379410893,0.5003376277145437,1.191614078653555,-0.8738538174871172,-0.29325921166731306,0
1571236911500,-1.370849379410893,0.5003376277145437,1.2265539829216165,0.7690392921177547,-0.2972829885697433,0
1571236911750,-1.4143834445549759,0.5003376277145437,1.191614078653555,0.13251864640932406,-0.2952711001185281,0
1571236912000,-1.370849379410893,0.5003376277145437,1.191614078653555,-1.000718150275138,-0.2972829885697433,0
1571236912250,-1.370849379410893,0.5003376277145437,1.191614078653555,0.7920440244633159,-0.2952711001185281,0
1571236912500,-1.4143834445549759,0.5003376277145437,1.191614078653555,0.18884641016720538,-0.2972829885697433,0
1571236912750,-1.4143834445549759,0.5003376277145437,1.191614078653555,-0.9082763397836001,-0.2952711001185281,0
1571236913000,-1.370849379410893,0.5003376277145437,1.191614078653555,0.807098591954161,-0.2972829885697433,0
1571236913250,-1.4143834445549759,0.5003376277145437,1.191614078653555,0.15696117452648278,-0.2952711001185281,0
1571236913500,-1.4143834445549759,0.5003376277145437,1.191614078653555,-0.8746150034838452,-0.2952711001185281,0
1571236913750,-1.4143834445549759,0.5003376277145437,1.191614078653555,0.7948350397846524,-0.29325921166731306,0
1571236914000,-1.4143834445549759,0.5003376277145437,1.191614078653555,0.11873272224635911,-0.2972829885697433,0
1571236914250,-1.5449856399872253,0.4678219225631344,1.1566741743854934,-0.8169340201762251,-0.2972829885697433,0
1571236914500,-1.5014515748431423,0.532853332865953,1.1566741743854934,0.9134109028305227,-0.2952711001185281,0
1571236914750,-1.1967131188345603,0.5003376277145437,1.2265539829216165,0.16711032114952445,-0.29929487702095836,0
1571236915000,-1.457917509699059,0.43530621741172504,1.1566741743854934,-0.7044476451041798,-0.2972829885697433,0
1571236915250,-1.1531790536904771,0.7929789740772277,1.0867943658493702,1.2022387004779171,-0.4099236128641601,0
1571236915500,-0.9790427931141445,0.9230417946828652,1.016914557313247,-0.38288884959747593,-0.3717055850953322,0
1571236915750,-0.9790427931141445,0.6954318586229997,1.3313736957258016,-0.9044704097999595,-0.4662439250113685,0
1571236916000,-0.8484405976818952,0.3052433968060877,1.7855924512106023,1.5065439467254502,-0.3073392897041151,0
1571236916250,-0.8919746628259783,0.5978847431687717,1.191614078653555,0.3958044250553969,-0.3033170833625367,0
1571236916500,-1.2837812491227265,0.4678219225631344,1.1566741743854934,-0.288332633559471,-0.3033170833625367,0
1571236916750,-1.2837812491227265,0.4678219225631344,1.191614078653555,-3.0839150708763015,-0.3013051949113216,0
1571236917000,-1.370849379410893,0.4678219225631344,1.191614078653555,0.32492955113782257,-0.3033170833625367,0
1571236917250,-1.457917509699059,0.5003376277145437,1.2265539829216165,0.6990101804187672,-0.29929487702095836,0
1571236917500,-1.3273153142668097,0.4678219225631344,1.2265539829216165,0.3755907080311722,-0.3013051949113216,0
1571236917750,-1.3273153142668097,0.5003376277145437,1.2265539829216165,-0.4221322165399038,-0.2952711001185281,0
1571236918000,-1.2837812491227265,0.4678219225631344,1.2265539829216165,0.18267234597152168,-0.2972829885697433,0
1571236918250,-1.370849379410893,0.5003376277145437,1.191614078653555,-3.3707976154209462,-0.2972829885697433,0
1571236918500,-1.2837812491227265,0.4678219225631344,1.2265539829216165,2.049607867280039,-0.2952711001185281,0
1571236918750,-1.2402471839786433,0.4678219225631344,1.2265539829216165,0.8218148545575715,-0.2972829885697433,0
1571236919000,-1.3273153142668097,0.5003376277145437,1.191614078653555,1.0171013508292652,-0.29325921166731306,0
1571236919250,-1.2837812491227265,0.5003376277145437,1.191614078653555,0.09183748369529865,-0.29325921166731306,0
1571236919500,-1.2837812491227265,0.5003376277145437,1.191614078653555,-0.5012109839777702,-0.2952711001185281,0
1571236919750,-1.3273153142668097,0.5003376277145437,1.191614078653555,0.1935826785912915,-0.2972829885697433,0
1571236920000,-1.2837812491227265,0.5003376277145437,1.191614078653555,-0.9217239590591304,-0.2952711001185281,0
1571236920250,-1.2837812491227265,0.5003376277145437,1.191614078653555,0.8518394133174032,-0.2972829885697433,0
1571236920500,-1.2837812491227265,0.5003376277145437,1.191614078653555,-0.09955850637089568,-0.2952711001185281,0
1571236920750,-1.2837812491227265,0.4678219225631344,1.191614078653555,0.8097204548317801,-0.2972829885697433,0
1571236921000,-1.2837812491227265,0.5003376277145437,1.191614078653555,0.05352445519331631,-0.2952711001185281,0
1571236921250,-1.2837812491227265,0.5003376277145437,1.191614078653555,-0.9542858044747224,-0.2972829885697433,0
1571236921500,-1.2837812491227265,0.4678219225631344,1.191614078653555,0.52317621517457,-0.2952711001185281,0
1571236921750,-1.2837812491227265,0.5003376277145437,1.191614078653555,-0.18785608199135828,-0.2972829885697433,0
1571236922000,-1.2837812491227265,0.5003376277145437,1.2265539829216165,0.003539908074836041,-0.2952711001185281,0
1571236922250,-1.9367922262839736,0.5003376277145437,0.9819746530451854,0.09699663322867819,-0.2972829885697433,0
1571236922500,-0.021293359944315533,1.280714551348368,0.842215035972939,-0.40817713993322147,-0.2972829885697433,0
1571236922750,-0.19542962052064808,1.0531046152885024,0.7723352274368158,0.7740292892074169,-0.3375113342289344,0
1571236923000,-0.36956588109698063,0.43530621741172504,0.1783568548797685,0.378043418465074,-0.32141936774091723,0
1571236923250,-0.28249775080881434,0.43530621741172504,0.7024554189006925,0.613757348785217,-0.2811910220817261,0
1571236923500,-1.0661109234023107,0.7279475637744091,0.9819746530451854,2.402544441096313,-0.3133749550577605,0
1571236923750,-1.3273153142668097,0.37027480710890637,1.5410131213341711,-0.6064238039699689,-0.3073392897041151,0
1571236924000,-1.2402471839786433,0.5653690380173624,1.2265539829216165,-1.3764057277713977,-0.2972829885697433,0
1571236924250,-1.370849379410893,0.5978847431687717,1.1566741743854934,-1.71792451163675,-0.3013051949113216,0
1571236924500,-1.2402471839786433,0.5978847431687717,1.191614078653555,-2.8931956905849767,-0.2952711001185281,0
1571236924750,-1.2837812491227265,0.5978847431687717,1.191614078653555,0.5964192233041875,-0.2972829885697433,0
1571236925000,-1.2402471839786433,0.5978847431687717,1.191614078653555,-0.042131251728851515,-0.2972829885697433,0
1571236925250,-1.1967131188345603,0.5978847431687717,1.2265539829216165,0.3272976853498656,-0.2972829885697433,0
1571236925500,-1.1967131188345603,0.5978847431687717,1.191614078653555,1.6838157077412448,-0.29325921166731306,0
1571236925750,-1.1967131188345603,0.5978847431687717,1.191614078653555,0.466510146529254,-0.2952711001185281,0
1571236926000,-1.1967131188345603,0.5978847431687717,1.191614078653555,-0.12281696738203286,-0.2952711001185281,0
1571236926250,-1.2837812491227265,0.630400448320181,1.191614078653555,0.18673200462073836,-0.29124889377694974,0
1571236926500,-1.2402471839786433,0.5978847431687717,1.191614078653555,-0.8113519895335521,-0.2952711001185281,0
1571236926750,-1.2402471839786433,0.5978847431687717,1.191614078653555,0.7816411491746982,-0.29325921166731306,0
1571236927000,-1.1967131188345603,0.5978847431687717,1.191614078653555,-0.1200259520606964,-0.2952711001185281,0
1571236927250,-1.1967131188345603,0.5978847431687717,1.191614078653555,1.1822787121192686,-0.29325921166731306,0
1571236927500,-1.2402471839786433,0.5978847431687717,1.191614078653555,-0.38077444405100896,-0.2952711001185281,0
1571236927750,-1.1967131188345603,0.5978847431687717,1.191614078653555,-0.004494833001738622,-0.2952711001185281,0
1571236928000,-1.2402471839786433,0.5978847431687717,1.191614078653555,-0.0775686886876387,-0.2952711001185281,0
1571236928250,-1.1967131188345603,0.5978847431687717,1.191614078653555,-0.9613902071108517,-0.2952711001185281,0
1571236928500,-1.1967131188345603,0.5978847431687717,1.191614078653555,0.6623041001320998,-0.2952711001185281,0
1571236928750,-1.2402471839786433,0.5978847431687717,1.191614078653555,-0.24088537309675107,-0.29325921166731306,0
1571236929000,-1.2402471839786433,0.5978847431687717,1.191614078653555,0.6115583670168914,-0.29325921166731306,0
1571236929250,-1.2402471839786433,0.5978847431687717,1.191614078653555,-0.05617090455739251,-0.29325921166731306,0
1571236929500,-1.2402471839786433,0.5978847431687717,1.191614078653555,-0.9645195273196229,-0.29124889377694974,0
1571236929750,-1.2402471839786433,0.5978847431687717,1.191614078653555,0.693258997332377,-0.29325921166731306,0
1571236930000,-1.1967131188345603,0.5978847431687717,1.191614078653555,-0.11901103739839224,-0.28923700532573465,0
1571236930250,-1.2402471839786433,0.5978847431687717,1.191614078653555,0.3793966380148129,-0.29325921166731306,0
1571236930500,-1.1967131188345603,0.5978847431687717,1.191614078653555,0.0007488927534995785,-0.29325921166731306,0
1571236930750,-1.1967131188345603,0.5978847431687717,1.191614078653555,-0.7180644168234274,-0.29325921166731306,0
1571236931000,-1.1967131188345603,0.5978847431687717,1.191614078653555,0.8532772090890007,-0.29325921166731306,0
1571236931250,-1.1967131188345603,0.5978847431687717,1.191614078653555,-0.03756413574848276,-0.29325921166731306,0
1571236931500,-1.1967131188345603,0.5978847431687717,1.191614078653555,-1.1380699345736354,-0.29325921166731306,0
1571236931750,-1.1967131188345603,0.5978847431687717,1.191614078653555,0.5514246732753695,-0.29124889377694974,0
1571236932000,-1.1967131188345603,0.5978847431687717,1.191614078653555,-0.12163290027601134,-0.29325921166731306,0
1571236932250,-1.1967131188345603,0.5978847431687717,1.191614078653555,0.3517402134670243,-0.29124889377694974,0
1571236932500,-1.1967131188345603,0.5978847431687717,1.191614078653555,0.07940477908207261,-0.29325921166731306,0
1571236932750,-1.1967131188345603,0.5978847431687717,1.191614078653555,-0.5764838214319958,-0.28923700532573465,0
1571236933000,-1.1967131188345603,0.5978847431687717,1.191614078653555,0.9116348021714903,-0.29325921166731306,0
1571236933250,-1.1967131188345603,0.5978847431687717,1.191614078653555,0.1166183166998921,-0.29325921166731306,0
1571236933500,-1.1967131188345603,0.5978847431687717,1.191614078653555,-1.1788356735095198,-0.29325921166731306,0
1571236933750,-1.1967131188345603,0.5978847431687717,1.191614078653555,0.5053306323623884,-0.29325921166731306,0
1571236934000,-1.1967131188345603,0.5978847431687717,1.191614078653555,0.05360903141517499,-0.2952711001185281,0
1571236934250,-1.1967131188345603,0.5978847431687717,1.191614078653555,0.03119633262262462,-0.28923700532573465,0
1571236934500,-1.1967131188345603,0.5978847431687717,1.191614078653555,0.12143916134583689,-0.2872251168745195,0
1571236934750,-1.1967131188345603,0.5978847431687717,1.191614078653555,-0.49258420934818475,-0.29325921166731306,0
1571236935000,-1.1967131188345603,0.5978847431687717,1.191614078653555,0.66357274345998,-0.29325921166731306,0
1571236935250,-1.3273153142668097,0.5003376277145437,1.191614078653555,-0.09287698484405991,-0.28923700532573465,0
1571236935500,-1.0225768582582277,0.5653690380173624,1.191614078653555,-1.2214620893262946,-0.28923700532573465,0
1571236935750,-1.2837812491227265,0.4027905122603157,1.2265539829216165,0.7297959251753269,-0.29929487702095836,0
1571236936000,-1.2837812491227265,0.5978847431687717,1.1566741743854934,0.1287972926475421,-0.2952711001185281,0
1571236936250,-1.1967131188345603,0.532853332865953,1.2265539829216165,-0.38221223982260655,-0.2952711001185281,0
1571236936500,-1.2402471839786433,0.532853332865953,1.191614078653555,0.18495590396170605,-0.2952711001185281,0
1571236936750,-1.2402471839786433,0.532853332865953,1.191614078653555,-0.8757144943680082,-0.2972829885697433,0
1571236937000,-1.1967131188345603,0.5003376277145437,1.191614078653555,0.9392066504974202,-0.29325921166731306,0
1571236937250,-1.1531790536904771,0.532853332865953,1.2265539829216165,0.2656416196148874,-0.29325921166731306,0
1571236937500,-1.1967131188345603,0.5003376277145437,1.2265539829216165,-0.8711473783876393,-0.29325921166731306,0
1571236937750,-1.1967131188345603,0.532853332865953,1.191614078653555,0.8057453724044221,-0.29325921166731306,0
1571236938000,-1.1967131188345603,0.532853332865953,1.191614078653555,0.08625545305262573,-0.2952711001185281,0
1571236938250,-1.1967131188345603,0.5003376277145437,1.191614078653555,0.3688246102824778,-0.29124889377694974,0
1571236938500,-1.1967131188345603,0.5003376277145437,1.191614078653555,-0.13212035178648773,-0.29325921166731306,0
1571236938750,-1.1967131188345603,0.532853332865953,1.191614078653555,-0.7381935576257933,-0.29325921166731306,0
1571236939000,-1.1967131188345603,0.532853332865953,1.191614078653555,0.8418594191380788,-0.2952711001185281,0
1571236939250,-1.1967131188345603,0.532853332865953,1.191614078653555,-0.00407195189244522,-0.29325921166731306,0
1571236939500,-1.1967131188345603,0.532853332865953,1.191614078653555,-0.5733545012232247,-0.2952711001185281,0
1571236939750,-1.1967131188345603,0.532853332865953,1.191614078653555,0.3415064906221239,-0.29124889377694974,0
1571236940000,-1.1967131188345603,0.532853332865953,1.191614078653555,-0.2490046903951844,-0.2952711001185281,0
1571236940250,-1.1967131188345603,0.532853332865953,1.191614078653555,0.08921562081767956,-0.29325921166731306,0
1571236940500,-1.1967131188345603,0.5003376277145437,1.191614078653555,0.19586623658147587,-0.29325921166731306,0
1571236940750,-1.1967131188345603,0.532853332865953,1.191614078653555,-0.30161110039128386,-0.29325921166731306,0
1571236941000,-1.1967131188345603,0.532853332865953,1.191614078653555,0.3418447955095587,-0.29124889377694974,0
1571236941250,-1.1967131188345603,0.532853332865953,1.191614078653555,0.07018597089947641,-0.29325921166731306,0
1571236941500,-1.1967131188345603,0.532853332865953,1.191614078653555,-0.41866459144369783,-0.2952711001185281,0
1571236941750,-1.1967131188345603,0.5003376277145437,1.191614078653555,0.6244139527394108,-0.2952711001185281,0
1571236942000,-1.1967131188345603,0.532853332865953,1.191614078653555,0.15577710742046125,-0.29325921166731306,0
1571236942250,-1.1967131188345603,0.5003376277145437,1.191614078653555,-0.4373559364744663,-0.28923700532573465,0
1571236942500,-1.1967131188345603,0.532853332865953,1.191614078653555,0.45788337189966855,-0.29124889377694974,0
1571236942750,-1.1967131188345603,0.5003376277145437,1.191614078653555,0.19079166326995503,-0.29325921166731306,0
1571236943000,-1.1967131188345603,0.5003376277145437,1.191614078653555,-0.33451125069431065,-0.29325921166731306,0
1571236943250,-1.1967131188345603,0.532853332865953,1.191614078653555,0.5357780722315134,-0.29325921166731306,0
1571236943500,-1.2402471839786433,0.5003376277145437,1.191614078653555,0.05513140340863125,-0.29325921166731306,0
1571236943750,-1.1967131188345603,0.5003376277145437,1.191614078653555,-0.4465747446570625,-0.29325921166731306,0
1571236944000,-1.1967131188345603,0.532853332865953,1.191614078653555,0.7610045510411801,-0.29325921166731306,0
1571236944250,-1.1967131188345603,0.5003376277145437,1.191614078653555,0.09445934657291775,-0.29325921166731306,0
1571236944500,-1.1967131188345603,0.5003376277145437,1.191614078653555,-0.609299395513164,-0.29124889377694974,0
1571236944750,-1.1967131188345603,0.5003376277145437,1.191614078653555,0.8814410909679414,-0.29325921166731306,0
1571236945000,-1.1967131188345603,0.5003376277145437,1.191614078653555,0.2083835174165606,-0.29325921166731306,0
1571236945250,-1.1967131188345603,0.5003376277145437,1.191614078653555,-0.6399159878260063,-0.29325921166731306,0
1571236945500,-1.1967131188345603,0.532853332865953,1.191614078653555,0.7089055983762328,-0.29325921166731306,0
1571236945750,-1.1531790536904771,0.532853332865953,1.191614078653555,-0.14379187040298566,-0.29325921166731306,0
1571236946000,-1.1531790536904771,0.5003376277145437,1.2265539829216165,-1.0164493275408528,-0.29124889377694974,0
1571236946250,-1.2837812491227265,0.532853332865953,1.191614078653555,0.4713309911751988,-0.2952711001185281,0
1571236946500,-1.1967131188345603,0.5003376277145437,1.191614078653555,0.0023558409688145114,-0.28923700532573465,0
1571236946750,-1.1967131188345603,0.532853332865953,1.191614078653555,-0.5373250307114268,-0.2952711001185281,0
1571236947000,-1.1967131188345603,0.532853332865953,1.191614078653555,0.29727312659003396,-0.29325921166731306,0
1571236947250,-1.1967131188345603,0.532853332865953,1.191614078653555,-0.26194485233956255,-0.29325921166731306,0
1571236947500,-1.1967131188345603,0.5003376277145437,1.191614078653555,0.1174640789184789,-0.29124889377694974,0
1571236947750,-1.1967131188345603,0.5003376277145437,1.191614078653555,0.2447512928157933,-0.2952711001185281,0
1571236948000,-1.109644988546394,0.532853332865953,1.2265539829216165,-0.34838175107913427,-0.29325921166731306,0
1571236948250,-1.1967131188345603,0.5003376277145437,1.2265539829216165,0.6652642678971535,-0.29325921166731306,0
1571236948500,-1.2402471839786433,0.532853332865953,1.191614078653555,0.10283239253692715,-0.29124889377694974,0
1571236948750,-1.1531790536904771,0.532853332865953,1.191614078653555,-0.45198762285601807,-0.28923700532573465,0
1571236949000,-1.1967131188345603,0.532853332865953,1.191614078653555,0.8038846955235313,-0.29124889377694974,0
1571236949250,-1.1967131188345603,0.5003376277145437,1.191614078653555,0.03204209484121143,-0.28923700532573465,0
1571236949500,-1.1531790536904771,0.532853332865953,1.191614078653555,-0.9936983238608675,-0.29124889377694974,0
1571236949750,-1.109644988546394,0.532853332865953,1.191614078653555,0.6278815778356167,-0.28923700532573465,0
1571236950000,-1.1531790536904771,0.5003376277145437,1.191614078653555,-0.05515598989508834,-0.29325921166731306,0
1571236950250,-1.1967131188345603,0.5003376277145437,1.191614078653555,-0.5131362312598442,-0.2872251168745195,0
1571236950500,-1.1531790536904771,0.532853332865953,1.191614078653555,0.30902922142839057,-0.29124889377694974,0
1571236950750,-1.1531790536904771,0.532853332865953,1.191614078653555,-0.2194875889665049,-0.29325921166731306,0
1571236951000,-1.1967131188345603,0.5003376277145437,1.191614078653555,0.1397922014891706,-0.29325921166731306,0
1571236951250,-1.1531790536904771,0.5003376277145437,1.191614078653555,0.18284149841523906,-0.29325921166731306,0
1571236951500,-1.1967131188345603,0.532853332865953,1.191614078653555,-0.3035563534940335,-0.29325921166731306,0
1571236951750,-1.1967131188345603,0.532853332865953,1.191614078653555,0.6271203918388886,-0.29124889377694974,0
1571236952000,-1.1967131188345603,0.5003376277145437,1.191614078653555,0.013181597366725636,-0.29325921166731306,0
1571236952250,-1.1967131188345603,0.532853332865953,1.191614078653555,-0.6382244633888329,-0.29124889377694974,0
1571236952500,-1.1531790536904771,0.532853332865953,1.191614078653555,0.8165711288023333,-0.29124889377694974,0
1571236952750,-1.1967131188345603,0.5003376277145437,1.191614078653555,0.11086713361350181,-0.29124889377694974,0
1571236953000,-1.1967131188345603,0.5003376277145437,1.191614078653555,-0.8377397707534605,-0.29124889377694974,0
1571236953250,-1.1967131188345603,0.5003376277145437,1.191614078653555,0.7139801716877537,-0.29124889377694974,0
1571236953500,-1.1967131188345603,0.5003376277145437,1.191614078653555,0.11196662449766466,-0.29124889377694974,0
1571236953750,-1.1967131188345603,0.5003376277145437,1.191614078653555,-0.9645195273196229,-0.29124889377694974,0
1571236954000,-1.1967131188345603,0.532853332865953,1.191614078653555,0.5354397673440787,-0.29124889377694974,0
1571236954250,-1.1967131188345603,0.5003376277145437,1.191614078653555,-0.06471310296511926,-0.28923700532573465,0
1571236954500,-1.1967131188345603,0.532853332865953,1.191614078653555,-0.6246922678914438,-0.2872251168745195,0
1571236954750,-1.1967131188345603,0.5653690380173624,1.191614078653555,0.3877696839788223,-0.28923700532573465,0
1571236955000,-1.1531790536904771,0.532853332865953,1.2265539829216165,-0.1865874386634781,-0.28923700532573465,0
1571236955250,-1.1531790536904771,0.5003376277145437,1.191614078653555,-0.08644919198280018,-0.28923700532573465,0
1571236955500,-1.1967131188345603,0.532853332865953,1.191614078653555,0.1708316749113064,-0.29124889377694974,0
1571236955750,-1.1531790536904771,0.532853332865953,1.191614078653555,-0.3419539582178745,-0.29124889377694974,0
1571236956000,-1.1967131188345603,0.5003376277145437,1.191614078653555,0.07077800445248716,-0.29124889377694974,0
1571236956250,-1.1531790536904771,0.532853332865953,1.191614078653555,0.22817435333149189,-0.28923700532573465,0
1571236956500,-1.1967131188345603,0.5003376277145437,1.191614078653555,-0.36445123323228357,-0.28923700532573465,0
1571236956750,-1.1531790536904771,0.5003376277145437,1.2265539829216165,0.4051078094598518,-0.29124889377694974,0
1571236957000,-1.1967131188345603,0.5003376277145437,1.191614078653555,0.1227078046737171,-0.28923700532573465,0
1571236957250,-1.1967131188345603,0.5003376277145437,1.191614078653555,-0.31734227765699846,-0.28923700532573465,0
1571236957500,-1.1967131188345603,0.532853332865953,1.191614078653555,0.7934818202349134,-0.28923700532573465,0
1571236957750,-1.1967131188345603,0.5003376277145437,1.2265539829216165,0.09099172147671185,-0.29124889377694974,0
1571236958000,-0.9355087279700615,0.532853332865953,1.471133312798048,-0.7821731929923074,-0.29124889377694974,0
1571236958250,-0.7613724673937289,0.6954318586229997,1.2265539829216165,0.6793884969475533,-0.2952711001185281,0
1571236958500,0.15284290063201703,0.5003376277145437,1.1566741743854934,0.03686293948715622,-0.2972829885697433,0
1571236958750,0.7623198126491809,0.240211986503269,0.2831765676839533,-0.7366711856323371,-0.29929487702095836,0
1571236959000,0.15284290063201703,0.43530621741172504,0.10847704634364527,0.5619967010077046,-0.2972829885697433,0
1571236959250,0.7623198126491809,0.6954318586229997,0.24823666341589168,-0.34432209242991757,-0.29325921166731306,0
1571236959500,0.8058538777932641,0.6629161534715904,0.2831765676839533,-0.005171442776608068,-0.2972829885697433,0
1571236959750,0.9364560732255135,0.6954318586229997,0.24823666341589168,0.04345988479213331,-0.2952711001185281,0
1571236960000,0.8058538777932641,0.6954318586229997,0.2831765676839533,-0.596612962234362,-0.2972829885697433,0
1571236960250,0.8929220080814304,0.6629161534715904,0.24823666341589168,1.2885064467737715,-0.29325921166731306,0
1571236960500,0.7623198126491809,0.5653690380173624,0.5277558975603845,-0.2084081039030177,-0.2972829885697433,0
1571236960750,1.067058268657763,0.7279475637744091,0.3181164719520149,-0.07469309714444357,-0.2952711001185281,0
1571236961000,0.10930883548793388,0.5003376277145437,0.7024554189006925,0.08151918462853962,-0.2972829885697433,0
1571236961250,0.2399110309201833,0.532853332865953,0.7723352274368158,-0.8375706183097431,-0.2972829885697433,0
1571236961500,0.3705132263524327,0.532853332865953,0.7024554189006925,0.8685009290235632,-0.29929487702095836,0
1571236961750,0.2399110309201833,0.532853332865953,0.7024554189006925,-0.2868948377878734,-0.2952711001185281,0
1571236962000,0.45758135664059896,0.532853332865953,0.7024554189006925,0.25058705212404225,-0.2972829885697433,0
1571236962250,0.3705132263524327,0.5003376277145437,0.7373953231687541,-0.01971855293630114,-0.2952711001185281,0
1571236962500,0.28344509606426643,0.532853332865953,0.7373953231687541,-0.8003570806919236,-0.29929487702095836,0
1571236962750,0.28344509606426643,0.532853332865953,0.7373953231687541,0.7302188062846204,-0.2972829885697433,0
1571236963000,0.5881835520728484,1.3132302564997773,0.5976357060965077,-0.23919384865957746,-0.2972829885697433,0
1571236963250,1.0235242035136798,0.9555574998342745,0.9819746530451854,0.907490567300415,-0.29325921166731306,0
1571236963500,1.110592333801846,0.5978847431687717,0.14341695061170687,-0.3368793849063536,-0.28923700532573465,0
1571236963750,1.2411945292340956,1.18316743589414,-1.3240590286468805,-0.47592269364202466,-0.3013051949113216,0
1571236964000,3.766170307590918,-1.3530575659157889,3.322948239005313,0.4396149079781935,-0.3173971613993388,0
1571236964250,-0.36956588109698063,-0.5076492319791459,0.7723352274368158,-0.40132646596266836,0.004432744995894462,0
1571236964500,0.06577477034385075,-1.2555104504615608,-0.17104218780084757,0.943012580481061,0.18948564792553715,0
1571236964750,-0.8919746628259783,-1.6456989122784729,-0.17104218780084757,-0.962066816885721,0.39909426977379653,0
1571236965000,-2.02386035657214,-1.6456989122784729,-1.1842994115746341,0.4984799583918353,0.5982272507402412,0
1571236965250,-2.1979966171484726,-1.5481517968242449,-1.0095998902343262,1.6312092977451453,0.018932162780139563,0
1571236965500,-1.6320537702753917,-1.7432460277327009,-0.6252609432856484,0.09995680099373201,-0.7574840176951915,0
1571236965750,-1.1531790536904771,-1.5806675019756542,-0.24092199633697078,0.7678552250117332,-0.8946803609082253,0
1571236966000,-0.9790427931141445,-1.9383402586411569,-0.10116237926472436,-1.0808964085971673,-0.2972829885697433,0
1571236966250,-1.457917509699059,-1.6456989122784729,-0.2758619006050324,-0.9959818818510521,-0.26711094404492397,0
1571236966500,-1.6320537702753917,-1.5156360916728355,-0.031282570728601154,-0.7537555824477906,-0.3757293619977624,0
1571236966750,-1.8061900308517242,-1.4506046813700169,0.038597237807522056,1.8615949260881917,-0.536644315195379,0
1571236967000,-1.9803262914280568,-1.3855732710671982,0.07353714207558366,0.9527388459948091,-0.26912283249613905,0
1571236967250,-1.9803262914280568,-1.3855732710671982,0.003657333539460452,-0.5785982269784629,-0.4099236128641601,0
1571236967500,-1.8932581611398904,-1.4506046813700169,0.038597237807522056,-0.18007506958035968,-0.2731450388377174,0
1571236967750,-1.8497240959958072,-1.4506046813700169,0.07353714207558366,-0.6200405756892164,-0.4300377856937558,0
1571236968000,-1.8061900308517242,-1.4506046813700169,0.003657333539460452,-0.6224087099012595,-0.598998722135381,0
1571236968250,-1.5449856399872253,-1.8733088483383382,-0.2758619006050324,-0.22599995804962328,-0.34354542902172797,0
1571236968500,-1.1967131188345603,-1.1254476298559235,-1.4987585499871885,-0.3156507532198248,-0.3234312561921323,0
1571236968750,1.1976604640900124,-0.24752359076787114,0.1783568548797685,-0.38728681313412733,-0.546700616329751,0
1571236969000,1.9377395715394257,0.0126020504434036,-1.114419603038511,-0.30592448770607655,-0.7076171400882195,0
1571236969250,-1.2402471839786433,0.9230417946828652,-3.0710542420499607,-1.660750985660282,-0.598998722135381,0
1571236969500,0.3705132263524327,0.7929789740772277,-3.9794917530195626,-0.8632817897547821,-0.5547465995737596,0
1571236969750,-2.067394421716223,0.8905260895314557,-2.9312946249777143,-1.7297651826969653,-0.29325921166731306,0
1571236970000,-3.0251438548860516,0.532853332865953,-1.6734580713274967,1.3020386422711603,-0.29124889377694974,0
1571236970250,-3.6781548320472988,0.5978847431687717,-2.3023763481526056,5.446527242012088,-0.3938316463761429,0
1571236970500,-3.3298823108946336,0.8254946792286371,-2.4770758694929134,-1.2003180338616246,-0.12631016367690287,0
1571236970750,-3.0251438548860516,0.9230417946828652,-2.5818955822970984,-1.7236756947231404,-0.10619599084730734,0
1571236971000,-3.1992801154623844,1.3132302564997773,-2.5469556780290366,4.064213471953812,-0.19671055386091343,0
1571236971250,-3.0251438548860516,1.118136025591321,-2.5818955822970984,0.0009180451972169399,-0.16855039778730913,0
1571236971500,-2.5898032034452205,1.280714551348368,-2.6517753908332216,0.5934590555391337,-0.21682472669050898,0
1571236971750,-1.6755878354194749,1.475808782256824,-2.442135965224852,-1.1555772124983825,-0.2630887377033455,0
1571236972000,-1.3273153142668097,1.6058716028624613,-2.9312946249777143,-0.3440683637643415,-0.06596764518811608,0
1571236972250,-1.0225768582582277,1.475808782256824,-2.5818955822970984,-1.4460965345829506,-0.18665425272654157,0
1571236972500,-1.2837812491227265,1.67090301316528,-2.791535007905468,-0.9103061691082085,-0.20073433076334357,0
1571236972750,-1.9367922262839736,1.475808782256824,-2.9312946249777143,1.3327398108058615,-0.2811910220817261,0
1571236973000,-1.762655965707641,1.5083244874082333,-2.966234529245776,2.795823872739178,-0.2952711001185281,0
1571236973250,-1.5014515748431423,1.5083244874082333,-2.861414816441591,-0.39870460308504924,-0.2952711001185281,0
1571236973500,-1.762655965707641,1.4432930771054147,-2.9312946249777143,-1.529657841779327,-0.30532897181375185,0
1571236973750,-1.9367922262839736,1.4432930771054147,-2.791535007905468,-0.701741206004702,-0.3133749550577605,0
1571236974000,-1.8497240959958072,1.4107773719540053,-2.861414816441591,0.23637824685178394,-0.35159141226573665,0
1571236974250,-1.8497240959958072,1.4432930771054147,-2.896354720709653,0.5155643552072888,-0.3093511781553302,0
1571236974500,-1.8497240959958072,1.4432930771054147,-2.896354720709653,0.42971949002072785,-0.3173971613993388,0
1571236974750,-1.8497240959958072,1.4432930771054147,-2.896354720709653,-0.07198665804496579,-0.32141936774091723,0
1571236975000,-1.8932581611398904,1.4432930771054147,-2.896354720709653,-0.7243230572409697,-0.32141936774091723,0
1571236975250,-1.8497240959958072,1.4432930771054147,-2.896354720709653,-0.36707309610990263,-0.32141936774091723,0
1571236975500,-1.8497240959958072,1.4432930771054147,-2.896354720709653,-0.26152197123026916,-0.32141936774091723,0
1571236975750,-1.8497240959958072,1.4432930771054147,-2.896354720709653,-0.3477897175261235,-0.32141936774091723,0
1571236976000,-1.8932581611398904,1.4432930771054147,-2.9312946249777143,-0.6868557909575742,-0.3234312561921323,0
1571236976250,-1.8932581611398904,1.4432930771054147,-2.9312946249777143,0.0031170269655426373,-0.3234312561921323,0
1571236976500,-1.8061900308517242,1.4432930771054147,-2.896354720709653,0.2841638122019385,-0.3254431446433475,0
1571236976750,-1.8932581611398904,1.4432930771054147,-2.9312946249777143,0.34159106684398266,-0.3234312561921323,0
1571236977000,-1.8497240959958072,1.4432930771054147,-2.896354720709653,0.3102978647562708,-0.32946535098492585,0
1571236977250,-1.8497240959958072,1.4432930771054147,-2.896354720709653,0.6080907419206855,-0.32946535098492585,0
1571236977500,-1.8497240959958072,1.4432930771054147,-2.896354720709653,-0.06868818539247723,-0.32946535098492585,0
1571236977750,-1.8497240959958072,1.4432930771054147,-2.896354720709653,0.8054916437388461,-0.32946535098492585,0
1571236978000,-1.8497240959958072,1.4432930771054147,-2.896354720709653,-0.0029724610082823705,-0.331477239436141,0
1571236978250,-1.8497240959958072,1.4432930771054147,-2.896354720709653,0.0015946549720863854,-0.32946535098492585,0
1571236978500,-1.8497240959958072,1.4432930771054147,-2.896354720709653,-0.36242140390767524,-0.32946535098492585,0
1571236978750,-1.8061900308517242,1.475808782256824,-2.861414816441591,0.09877273388771048,-0.331477239436141,0
1571236979000,-1.8061900308517242,1.475808782256824,-2.861414816441591,-0.274546709396506,-0.32946535098492585,0
1571236979250,-1.8061900308517242,1.4107773719540053,-3.0011744335138375,0.5945585464232965,-0.331477239436141,0
1571236979500,-1.762655965707641,1.4432930771054147,-2.896354720709653,-0.18633370999790205,-0.32946535098492585,0
1571236979750,-1.8061900308517242,1.4432930771054147,-2.9312946249777143,0.6904679820110404,-0.331477239436141,0
1571236980000,-1.8061900308517242,1.4432930771054147,-2.9312946249777143,0.36459579918954377,-0.331477239436141,0
1571236980250,-1.8061900308517242,1.4432930771054147,-2.9312946249777143,0.16398100094075327,-0.3334891278873561,0
1571236980500,-1.762655965707641,1.4432930771054147,-2.896354720709653,0.4188937336228168,-0.331477239436141,0
1571236980750,-1.8061900308517242,1.4432930771054147,-2.9312946249777143,0.023415320211625998,-0.33549944577771934,0
1571236981000,-1.7191219005635578,1.4432930771054147,-2.896354720709653,-0.15571711768505964,-0.331477239436141,0
1571236981250,-1.762655965707641,1.4432930771054147,-2.9312946249777143,-0.7336264416454246,-0.3334891278873561,0
1571236981500,-1.762655965707641,1.4432930771054147,-2.896354720709653,-0.09710579593699395,-0.3334891278873561,0
1571236981750,-1.8061900308517242,1.4432930771054147,-2.9312946249777143,-0.5622750161597376,-0.331477239436141,0
1571236982000,-1.8061900308517242,1.4432930771054147,-2.896354720709653,0.9145103937146855,-0.3334891278873561,0
1571236982250,-1.8061900308517242,1.4432930771054147,-2.9312946249777143,-0.05278785568304529,-0.331477239436141,0
1571236982500,-1.8061900308517242,1.4432930771054147,-2.896354720709653,0.24449756415021726,-0.3334891278873561,0
1571236982750,-1.8061900308517242,1.4432930771054147,-2.9312946249777143,-0.07342445381656336,-0.3334891278873561,0
1571236983000,-1.8061900308517242,1.4432930771054147,-2.896354720709653,0.592867021986123,-0.3334891278873561,0
1571236983250,-1.8061900308517242,1.4432930771054147,-2.9312946249777143,0.36603359496114135,-0.3334891278873561,0
1571236983500,-1.8061900308517242,1.4432930771054147,-2.896354720709653,-0.79096912006561,-0.3334891278873561,0
1571236983750,-1.8061900308517242,1.4432930771054147,-2.896354720709653,0.8438046722408284,-0.3334891278873561,0
1571236984000,-1.8061900308517242,1.4432930771054147,-2.896354720709653,-0.11951849472954433,-0.33549944577771934,0
1571236984250,-1.8061900308517242,1.4432930771054147,-2.896354720709653,-0.35261056217206826,-0.3334891278873561,0
1571236984500,-1.8061900308517242,1.4432930771054147,-2.896354720709653,0.48976860754039114,-0.33549944577771934,0
1571236984750,-1.8061900308517242,1.4432930771054147,-2.9312946249777143,-0.2193184365227875,-0.3334891278873561,0
1571236985000,-1.8061900308517242,1.4432930771054147,-2.9312946249777143,-0.6776369827749781,-0.33549944577771934,0
1571236985250,-1.8061900308517242,1.4432930771054147,-2.9312946249777143,0.44316710929625813,-0.3334891278873561,0
1571236985500,-1.8061900308517242,1.4432930771054147,-2.9312946249777143,-0.3517647999534815,-0.3375113342289344,0
1571236985750,-1.8061900308517242,1.4432930771054147,-2.896354720709653,0.7725069172139607,-0.33549944577771934,0
1571236986000,-1.8061900308517242,1.4432930771054147,-2.896354720709653,0.24356722570977177,-0.3375113342289344,0
1571236986250,-1.8061900308517242,1.4432930771054147,-2.896354720709653,-0.6164883743711519,-0.3375113342289344,0
1571236986500,-1.8061900308517242,1.4432930771054147,-2.896354720709653,0.6795576493912706,-0.3375113342289344,0
1571236986750,-1.8061900308517242,1.4432930771054147,-2.896354720709653,0.1293047499786942,-0.33549944577771934,0
1571236987000,-1.8061900308517242,1.4432930771054147,-2.9312946249777143,-0.9169876906350443,-0.3375113342289344,0
1571236987250,-1.8061900308517242,1.4432930771054147,-2.9312946249777143,0.5999714246222522,-0.3375113342289344,0
1571236987500,-1.8061900308517242,1.4432930771054147,-2.896354720709653,-0.07139462449195502,-0.3375113342289344,0
1571236987750,-1.8061900308517242,1.4432930771054147,-2.896354720709653,-1.1198014706521604,-0.33549944577771934,0
1571236988000,-1.8061900308517242,1.4432930771054147,-2.896354720709653,0.42337627338132683,-0.3375113342289344,0
1571236988250,-1.8061900308517242,1.4432930771054147,-2.9312946249777143,-0.14666746194618083,-0.3375113342289344,0
1571236988500,-1.8061900308517242,1.4432930771054147,-2.896354720709653,0.540937221764893,-0.3395232226801496,0
1571236988750,-1.8061900308517242,1.4432930771054147,-2.896354720709653,0.24399010681906516,-0.3375113342289344,0
1571236989000,-1.8061900308517242,1.4432930771054147,-2.896354720709653,-0.9147887088667186,-0.3375113342289344,0
1571236989250,-1.8061900308517242,1.4432930771054147,-2.896354720709653,0.8062528297355742,-0.33549944577771934,0
1571236989500,-1.8061900308517242,1.4432930771054147,-2.896354720709653,0.032972433281656915,-0.3375113342289344,0
1571236989750,-1.8061900308517242,1.4432930771054147,-2.896354720709653,-0.8141430048548887,-0.3395232226801496,0
1571236990000,-1.8061900308517242,1.4432930771054147,-2.896354720709653,0.5190319803034946,-0.3375113342289344,0
1571236990250,-1.8061900308517242,1.4432930771054147,-2.896354720709653,-0.2412236779841858,-0.3395232226801496,0
1571236990500,-1.8061900308517242,1.4432930771054147,-2.9312946249777143,-0.22126368962553714,-0.33549944577771934,0
1571236990750,-1.8061900308517242,1.4432930771054147,-2.9312946249777143,0.30860634031909717,-0.3395232226801496,0
1571236991000,-1.8061900308517242,1.4432930771054147,-2.896354720709653,-0.30550160659678316,-0.3375113342289344,0
1571236991250,-1.8061900308517242,1.4432930771054147,-2.896354720709653,0.7350396509305651,-0.3375113342289344,0
1571236991500,-1.8061900308517242,1.4432930771054147,-2.896354720709653,0.2277514722221985,-0.3375113342289344,0
1571236991750,-1.8061900308517242,1.4432930771054147,-2.896354720709653,-0.643468189144071,-0.3415351111313647,0
1571236992000,-1.8061900308517242,1.4432930771054147,-2.9312946249777143,0.6175632787688576,-0.3375113342289344,0
1571236992250,-1.8061900308517242,1.4432930771054147,-2.9312946249777143,0.04743496721949131,-0.3395232226801496,0
1571236992500,-1.8061900308517242,1.4432930771054147,-2.9312946249777143,-1.0231308490676885,-0.3415351111313647,0
1571236992750,-1.8061900308517242,1.4432930771054147,-2.896354720709653,0.6248368338487043,-0.3395232226801496,0
1571236993000,-1.8061900308517242,1.4432930771054147,-2.896354720709653,0.08498680972474554,-0.3415351111313647,0
1571236993250,-1.8061900308517242,1.4432930771054147,-2.896354720709653,-0.5983044866715355,-0.3395232226801496,0
1571236993500,-1.8061900308517242,1.4432930771054147,-2.9312946249777143,0.42549067892779385,-0.3415351111313647,0
1571236993750,-1.8061900308517242,1.4432930771054147,-2.896354720709653,-0.3082080456962609,-0.3415351111313647,0
1571236994000,-1.8061900308517242,1.4432930771054147,-2.896354720709653,0.21904012137075438,-0.3395232226801496,0
1571236994250,-1.8061900308517242,1.4432930771054147,-2.896354720709653,0.23637824685178394,-0.3395232226801496,0
1571236994500,-1.8061900308517242,1.4432930771054147,-2.896354720709653,-0.5026487797493677,-0.3395232226801496,0
1571236994750,-1.8061900308517242,1.4432930771054147,-2.896354720709653,0.5828024515849399,-0.3395232226801496,0
1571236995000,-1.8061900308517242,1.4432930771054147,-2.9312946249777143,0.2063536880919523,-0.3415351111313647,0
1571236995250,-1.8061900308517242,1.4432930771054147,-2.9312946249777143,-0.6224932861231183,-0.3375113342289344,0
1571236995500,-1.8061900308517242,1.4432930771054147,-2.896354720709653,0.8127651988186927,-0.3415351111313647,0
1571236995750,-1.8061900308517242,1.4432930771054147,-2.896354720709653,0.22521418556643807,-0.3395232226801496,0
1571236996000,-1.8061900308517242,1.4432930771054147,-2.896354720709653,-0.8757990705898667,-0.3395232226801496,0
1571236996250,-1.8061900308517242,1.4432930771054147,-2.896354720709653,0.6700851125430984,-0.3375113342289344,0
1571236996500,-1.8061900308517242,1.4432930771054147,-2.896354720709653,0.11416560626599036,-0.3415351111313647,0
1571236996750,-1.8061900308517242,1.4432930771054147,-2.896354720709653,-0.9993649307253992,-0.3395232226801496,0
1571236997000,-1.8061900308517242,1.4432930771054147,-2.896354720709653,0.4777587840364585,-0.3415351111313647,0
1571236997250,-1.8061900308517242,1.4432930771054147,-2.9312946249777143,-0.0794293655685297,-0.3415351111313647,0
1571236997500,-2.02386035657214,1.5083244874082333,-2.896354720709653,-0.8763065279210188,-0.3415351111313647,0
1571236997750,-2.415666942868888,1.768450128619508,-3.769852327411193,0.39039154685644134,-0.3415351111313647,0
1571236998000,0.15284290063201703,1.9310286543765547,-1.987917209740051,-0.031390071552799076,-0.3455573174729431,0
1571236998250,4.245045024175832,3.16662545013011,-2.861414816441591,-0.3306207444888113,-0.5648044712689833,0
1571236998500,-0.1083614902324818,1.3132302564997773,-1.0794796987704494,0.42151559650043585,-0.2872251168745195,0
1571236998750,1.8506714412512595,0.3052433968060877,0.24823666341589168,-0.10979222921579605,-0.28923700532573465,0
1571236999000,4.245045024175832,-0.9628691040988767,-0.5553811347495252,-2.5952336609768447,-0.3898094400345645,0
1571236999250,0.5881835520728484,0.8254946792286371,-2.1276768268122974,-2.806082182070536,-0.3556151891681668,0
1571236999500,0.3269791612083496,1.118136025591321,-2.337316252420667,0.03009684173846177,-0.3375113342289344,0
1571236999750,-0.06482742508839867,1.020588910137093,-2.092736922544236,1.693288244589417,-0.331477239436141,0
1571237000000,0.19637696577610014,1.7359344234680987,-2.5469556780290366,2.8862358539061077,-0.36768337875375384,0
1571237000250,-0.23896368566473122,1.5408401925596427,-2.7216551993693447,1.1788110870230626,-0.31940904985055396,0
1571237000500,-0.3260318159528975,1.3457459616511867,-2.6168354865651597,1.3693613148706703,-0.29325921166731306,0
1571237000750,-0.15189555537656493,1.5408401925596427,-2.6168354865651597,-0.3976051122008864,-0.24498488276411318,0
1571237001000,-0.36956588109698063,1.573355897711052,-3.210813859122207,-0.5514492597618265,-0.2530308660081218,0
1571237001250,-0.1083614902324818,1.3457459616511867,-3.210813859122207,-1.020593562411928,-0.2872251168745195,0
1571237001500,-0.9790427931141445,1.3457459616511867,-2.1975566353484206,3.6081784836918063,-0.29124889377694974,0
1571237001750,-0.19542962052064808,1.7359344234680987,-2.8264749121735298,0.7167711870090901,-0.3013051949113216,0
1571237002000,-0.7178384022496457,1.6058716028624613,-2.791535007905468,-2.0121651874831,-0.27917913363051094,0
1571237002250,-0.4130999462410638,1.7034187183166893,-2.512015773760975,-6.287324049995691,-0.2590649608009153,0
1571237002500,-0.36956588109698063,1.7359344234680987,-2.5469556780290366,0.8772122798750074,-0.2349285816297413,0
1571237002750,-0.3260318159528975,1.7359344234680987,-2.4770758694929134,1.0137183019549179,-0.2349285816297413,0
1571237003000,-0.36956588109698063,1.7034187183166893,-2.5469556780290366,1.3984555351900563,-0.23895078797131966,0
1571237003250,-0.28249775080881434,1.7359344234680987,-2.512015773760975,2.0112948387780563,-0.2429745648737499,0
1571237003500,-0.36956588109698063,1.7359344234680987,-2.512015773760975,0.9291420800962373,-0.24699677121532834,0
1571237003750,-0.3260318159528975,1.7359344234680987,-2.4770758694929134,0.6813337500503029,-0.2510189775569067,0
1571237004000,-0.3260318159528975,1.7359344234680987,-2.512015773760975,-0.5450214669005666,-0.2510189775569067,0
1571237004250,-0.3260318159528975,1.7359344234680987,-2.4770758694929134,-0.9600369875611128,-0.257054642910552,0
1571237004500,-0.3260318159528975,1.7359344234680987,-2.4770758694929134,-2.1757356005577884,-0.257054642910552,0
1571237004750,-0.3260318159528975,1.7359344234680987,-2.4770758694929134,-1.7262975576007595,-0.2590649608009153,0
1571237005000,-0.28249775080881434,1.7359344234680987,-2.4770758694929134,-0.31903380209417204,-0.2610768492521305,0
1571237005250,-0.28249775080881434,1.7359344234680987,-2.4770758694929134,-0.32512329006799706,-0.2630887377033455,0
1571237005500,-0.28249775080881434,1.7359344234680987,-2.442135965224852,0.13936932037987718,-0.2630887377033455,0
1571237005750,-0.28249775080881434,1.7359344234680987,-2.442135965224852,-0.3566702208212849,-0.26509905559370883,0
1571237006000,-0.28249775080881434,1.7359344234680987,-2.442135965224852,0.39495866283681014,-0.26711094404492397,0
1571237006250,-0.23896368566473122,1.7359344234680987,-2.442135965224852,-0.16510507831137322,-0.26711094404492397,0
1571237006500,-0.23896368566473122,1.768450128619508,-2.40719606095679,0.18690115706445573,-0.26912283249613905,0
1571237006750,-0.23896368566473122,1.7359344234680987,-2.40719606095679,0.0916683312515813,-0.26711094404492397,0
1571237007000,-0.23896368566473122,1.768450128619508,-2.40719606095679,-0.38644105091554054,-0.26711094404492397,0
1571237007250,-0.23896368566473122,1.768450128619508,-2.40719606095679,0.36611817118300005,-0.26711094404492397,0
1571237007500,-0.19542962052064808,1.7359344234680987,-2.40719606095679,0.05513140340863125,-0.27113472094735414,0
1571237007750,-0.23896368566473122,1.8009658337709173,-2.442135965224852,-0.057947005216424805,-0.2731450388377174,0
1571237008000,-0.021293359944315533,1.768450128619508,-2.512015773760975,0.09302155080132019,-0.2731450388377174,0
1571237008250,0.15284290063201703,1.865997244073736,-2.5469556780290366,-0.16544338319880794,-0.2872251168745195,0
1571237008500,0.8493879429373472,1.6383873080138707,-1.3589989329149421,0.08135003218482226,-0.3073392897041151,0
1571237008750,1.763603310963093,1.6383873080138707,-2.372256156688729,-0.12763781202797767,-0.3133749550577605,0
1571237009000,-0.4130999462410638,0.630400448320181,0.3181164719520149,-1.2858245941607507,-0.3234312561921323,0
1571237009250,0.45758135664059896,1.18316743589414,0.4229361847561997,-1.1033936836115763,-0.32141936774091723,0
1571237009500,-1.1531790536904771,0.7929789740772277,0.9470347487771238,-1.1280053641724523,-0.3234312561921323,0
1571237009750,-1.2402471839786433,0.532853332865953,1.2265539829216165,0.033987347943961084,-0.30532897181375185,0
1571237010000,0.022240705199767605,0.4678219225631344,0.5976357060965077,0.16770235470253522,-0.3073392897041151,0
1571237010250,0.06577477034385075,1.280714551348368,1.0867943658493702,0.25862179320061696,-0.3113630666065453,0
1571237010500,0.3269791612083496,0.8254946792286371,0.3879962804881381,0.042275817686111786,-0.3133749550577605,0
1571237010750,0.8493879429373472,0.7279475637744091,0.2831765676839533,0.7159254247905033,-0.31538527294812374,0
1571237011000,0.45758135664059896,0.7604632689258184,-0.48550132621340203,0.5492256915070437,-0.31940904985055396,0
1571237011250,1.1541263989459292,0.630400448320181,-0.06622247499666276,0.5139574069919738,-0.32141936774091723,0
1571237011500,1.371796724666345,0.6954318586229997,-0.7300806560898333,2.0570505748036023,-0.31940904985055396,0
1571237011750,1.5894670503867605,0.7604632689258184,-0.9746599859662645,2.5666223115021536,-0.32141936774091723,0
1571237012000,1.2847285943781785,0.6629161534715904,-0.7300806560898333,0.4875696257720655,-0.3173971613993388,0
1571237012250,1.3282626595222617,0.6629161534715904,-0.7650205603578949,-0.8003570806919236,-0.31940904985055396,0
1571237012500,1.415330789810428,0.6954318586229997,-0.9047801774301413,0.19476674569731303,-0.3173971613993388,0
1571237012750,1.371796724666345,0.630400448320181,-0.7300806560898333,-0.9005799035944603,-0.31940904985055396,0
1571237013000,1.3282626595222617,0.630400448320181,-0.7300806560898333,0.23942299083869642,-0.31940904985055396,0
1571237013250,1.371796724666345,0.630400448320181,-0.6951407518217716,-0.6663037690459148,-0.31940904985055396,0
1571237013500,1.3282626595222617,0.6629161534715904,-0.6951407518217716,0.37389918359399865,-0.3173971613993388,0
1571237013750,1.3282626595222617,0.630400448320181,-0.66020084755371,-0.5983890628933942,-0.3173971613993388,0
1571237014000,1.4588648549545111,0.6954318586229997,-1.0794796987704494,0.4895148788748151,-0.31940904985055396,0
1571237014250,1.110592333801846,0.630400448320181,-0.7300806560898333,-0.41257510346987286,-0.31538527294812374,0
1571237014500,1.371796724666345,0.6629161534715904,-0.7650205603578949,0.6014937966157085,-0.3173971613993388,0
1571237014750,1.371796724666345,0.6629161534715904,-0.7300806560898333,-0.30516330170934836,-0.31940904985055396,0
1571237015000,1.415330789810428,0.6629161534715904,-0.7999604646259565,0.7243830469763713,-0.31940904985055396,0
1571237015250,1.371796724666345,0.6629161534715904,-0.7300806560898333,-0.28977042933106856,-0.31538527294812374,0
1571237015500,1.371796724666345,0.630400448320181,-0.6951407518217716,0.6578215603735897,-0.31940904985055396,0
1571237015750,1.371796724666345,0.6954318586229997,-0.8698402731620797,-0.15098084926097352,-0.31940904985055396,0
1571237016000,1.8071373761071763,0.4678219225631344,-0.66020084755371,0.2990492272490663,-0.31940904985055396,0
1571237016250,-0.7613724673937289,-0.5726806422819646,0.10847704634364527,-0.05617090455739251,-0.3173971613993388,0
1571237016500,1.2411945292340956,0.4027905122603157,0.21329675914783008,-1.135025190586723,-0.32141936774091723,0
1571237016750,1.067058268657763,0.14266487104904096,-0.9047801774301413,0.14994134811221227,-0.36768337875375384,0
1571237017000,-0.36956588109698063,-1.5156360916728355,-0.6951407518217716,-0.2915465299901008,-0.3475692059241582,0
1571237017250,-1.2837812491227265,-1.8082774380355195,-0.7999604646259565,0.5767975398329737,0.26390824445112593,0
1571237017500,-1.7191219005635578,-1.8082774380355195,-0.8698402731620797,0.5200468949657988,0.9582736143434508,0
1571237017750,-2.5027350731570546,-1.9058245534897476,-2.337316252420667,-0.09651376238398318,0.5661516864629842,0
1571237018000,-2.72040539887747,-3.369031285303168,-2.9312946249777143,0.8492175504397841,-0.30882346970910995,0
1571237018250,-1.8497240959958072,-1.4506046813700169,-1.9180374012039278,-0.37434665118974925,-0.5020307245815384,0
1571237018500,-1.5885197051313085,-2.523622951366525,-3.0361143377818993,1.4220523010886281,-0.5744430032167641,0
1571237018750,-0.6743043371055626,-0.3775864113735085,-0.7999604646259565,-0.511867587931964,-0.5402487523503664,0
1571237019000,0.41404729149651587,-2.523622951366525,-0.9746599859662645,-4.601381643464751,-0.5161108026183406,0
1571237019250,0.3705132263524327,-0.995384809250286,-1.53369845425525,-0.5778370409817348,-0.4899625349959514,0
1571237019500,0.15284290063201703,-1.4506046813700169,-1.463818645719127,1.4364302588046038,-0.4959966297887449,0
1571237019750,0.28344509606426643,-1.3530575659157889,-1.4288787414510653,-0.37561529451762943,-0.5080648193743319,0
1571237020000,-0.021293359944315533,-1.5806675019756542,-0.9397200816982029,1.3388292987796864,-0.5060529309231169,0
1571237020250,-0.28249775080881434,-2.1334344895496127,-0.6252609432856484,0.5855934669062763,-0.6046134771807316,0
1571237020500,-0.4130999462410638,-1.3855732710671982,-0.3806816134092172,-0.2308208026955681,-0.5583510367287469,0
1571237020750,-0.23896368566473122,-1.2555104504615608,-0.2758619006050324,-0.314804991001238,-0.5422590702407296,0
1571237021000,-0.50016807652923,-1.4180889762186075,-0.3457417091411556,-0.7211091608103399,-0.5563391482775317,0
1571237021250,-0.19542962052064808,-1.3530575659157889,-0.2758619006050324,0.8237601076603212,-0.5382368638991513,0
1571237021500,0.022240705199767605,-1.5806675019756542,-0.6951407518217716,-0.22743775382122083,-0.5181226910695557,0
1571237021750,0.10930883548793388,-1.4180889762186075,-0.9397200816982029,0.4636345549860589,-0.6347855217055509,0
1571237022000,0.28344509606426643,-1.3205418607643795,-1.1842994115746341,-0.26143739500841046,-0.5322027691063578,0
1571237022250,0.41404729149651587,-1.3530575659157889,-1.1493595073065725,-0.29865093262623,-0.5523169419359534,0
1571237022500,0.28344509606426643,-1.3855732710671982,-1.1493595073065725,-0.10226494547037347,-0.5201330089599189,0
1571237022750,0.45758135664059896,-1.2229947453101515,-1.0445397945023878,-0.6765374918908151,-0.5241567858623492,0
1571237023000,0.06577477034385075,-1.2880261556129702,-0.7999604646259565,0.3185863344984215,-0.5241567858623492,0
1571237023250,0.022240705199767605,-1.6782146174298822,-0.7650205603578949,-0.7129898435119065,-0.5221448974111341,0
1571237023500,-0.06482742508839867,-1.2555104504615608,-0.66020084755371,0.6494485144095803,-0.5221448974111341,0
1571237023750,0.06577477034385075,-1.3530575659157889,-0.5903210390175868,-0.10488680834799258,-0.5503050534847382,0
1571237024000,-0.021293359944315533,-1.8407931431869289,-0.9397200816982029,0.6201005654246181,-0.5221448974111341,0
1571237024250,0.3269791612083496,-1.6131832071270635,-1.0445397945023878,-0.38246596848818254,-0.5261686743135643,0
1571237024500,-0.021293359944315533,-1.4180889762186075,-1.2192393158426957,0.5979415952976438,-0.5221448974111341,0
1571237024750,0.45758135664059896,-1.3855732710671982,-0.9047801774301413,-0.2933226306491331,-0.5322027691063578,0
1571237025000,-0.19542962052064808,-1.8733088483383382,-0.8698402731620797,-0.8946595680643525,-0.5301908806551425,0
1571237025250,-0.1083614902324818,-1.1904790401587422,-0.5553811347495252,-0.42416204586451206,-0.5241567858623492,0
1571237025500,0.3269791612083496,-1.4506046813700169,-0.3806816134092172,-0.10514053701356861,-0.5382368638991513,0
1571237025750,-0.50016807652923,-1.3205418607643795,-1.0095998902343262,0.37186935426939033,-0.5281789922039275,0
1571237026000,-0.021293359944315533,-1.4506046813700169,-1.1842994115746341,-0.23581079978523026,-0.534213086996721,0
1571237026250,0.022240705199767605,-1.5156360916728355,-1.2541792201107573,0.759989636378876,-0.5281789922039275,0
1571237026500,0.3705132263524327,-1.3855732710671982,-1.114419603038511,-0.2529797728225424,-0.534213086996721,0
1571237026750,-0.8484405976818952,-1.5806675019756542,-0.7999604646259565,-0.4545249095117785,-0.534213086996721,0
1571237027000,-0.50016807652923,-1.4831203865214262,-0.66020084755371,-0.5101760634947904,-0.534213086996721,0
1571237027250,-0.021293359944315533,-1.3205418607643795,-0.6252609432856484,0.7341093124901197,-0.5301908806551425,0
1571237027500,-0.23896368566473122,-1.3530575659157889,-0.5553811347495252,0.03906192125548192,-0.5322027691063578,0
1571237027750,-0.36956588109698063,-1.7757617328841102,-1.0794796987704494,0.9934200087088345,-0.5261686743135643,0
1571237028000,-0.5437021416733132,-1.9058245534897476,-1.638518167059435,-0.6245231154477265,-0.5322027691063578,0
1571237028250,-0.23896368566473122,-1.5806675019756542,-1.7083979755955583,0.12947390242241155,-0.5281789922039275,0
1571237028500,0.2399110309201833,-1.4831203865214262,-0.8349003688940181,-0.6719703759104464,-0.5322027691063578,0
1571237028750,1.1541263989459292,-1.6456989122784729,-0.3457417091411556,-0.03223583377138588,-0.5301908806551425,0
1571237029000,0.022240705199767605,-1.3855732710671982,-0.6252609432856484,-0.3631825899044034,-0.5322027691063578,0
1571237029250,-0.19542962052064808,-1.4831203865214262,-0.8698402731620797,0.2417065488288808,-0.5281789922039275,0
1571237029500,-0.6743043371055626,-1.2229947453101515,-1.0445397945023878,-0.10412562235126445,-0.534213086996721,0
1571237029750,0.28344509606426643,-1.2555104504615608,-1.2541792201107573,0.34894919814568787,-0.560362925179962,0
1571237030000,0.3269791612083496,-1.4180889762186075,-1.114419603038511,-0.3765456329580749,-0.5784652095583424,0
1571237030250,0.28344509606426643,-1.3855732710671982,-1.0445397945023878,-0.11774239407051203,-0.534213086996721,0
1571237030500,0.06577477034385075,-1.3205418607643795,-1.114419603038511,-0.19521421329306352,-0.6005912708391532,0
1571237030750,0.10930883548793388,-1.6782146174298822,-0.8698402731620797,0.07619088265144273,-0.5322027691063578,0
1571237031000,-0.28249775080881434,-1.3205418607643795,-0.7999604646259565,-0.047544129927807086,-0.5684089084239706,0
1571237031250,0.06577477034385075,-1.0604162195531048,-0.5903210390175868,-9.686946508722811e-05,-0.5322027691063578,0
1571237031500,0.5011154217846822,-1.6456989122784729,-0.5204412304814636,-0.1872640484383475,-0.536224975447936,0
1571237031750,0.2399110309201833,-1.1579633350073328,-1.114419603038511,0.27511415646305964,-0.5322027691063578,0
1571237032000,-0.06482742508839867,-1.6131832071270635,-1.1493595073065725,0.04565886656045901,-0.536224975447936,0
1571237032250,-0.06482742508839867,-1.6131832071270635,-1.1493595073065725,0.7086518697106567,-0.5322027691063578,0
1571237032500,0.28344509606426643,-1.3855732710671982,-0.9397200816982029,-0.17635371581857773,-0.5402487523503664,0
1571237032750,0.28344509606426643,-1.3855732710671982,-0.9047801774301413,-0.9858327352280104,-0.5402487523503664,0
1571237033000,-0.5437021416733132,-1.5156360916728355,-0.7650205603578949,-0.5471358724470337,-0.5382368638991513,0
1571237033250,0.2399110309201833,-0.8328062834932394,-0.6951407518217716,0.16127456184127548,-0.536224975447936,0
1571237033500,-0.28249775080881434,-1.7107303225812915,-0.5903210390175868,-0.2273531775993622,-0.536224975447936,0
1571237033750,0.022240705199767605,-1.3530575659157889,-1.0445397945023878,0.20643826431381096,-0.534213086996721,0
1571237034000,0.19637696577610014,-1.3530575659157889,-1.2541792201107573,-0.0522803983518932,-0.534213086996721,0
1571237034250,0.10930883548793388,-1.3855732710671982,-1.0794796987704494,-0.04974311169613278,-0.534213086996721,0
1571237034500,0.3269791612083496,-1.3530575659157889,-1.1493595073065725,-0.46831083367474347,-0.5281789922039275,0
1571237034750,0.3269791612083496,-1.4506046813700169,-1.1842994115746341,0.044051918345144075,-0.536224975447936,0
1571237035000,-0.06482742508839867,-1.4831203865214262,-1.0095998902343262,-0.24173113531533788,-0.5322027691063578,0
1571237035250,-0.36956588109698063,-1.5156360916728355,-0.8349003688940181,0.12592170110434697,-0.534213086996721,0
1571237035500,-0.28249775080881434,-1.5806675019756542,-0.6252609432856484,-0.15089627303911488,-0.5322027691063578,0
1571237035750,-0.3260318159528975,-1.5156360916728355,-0.5204412304814636,0.21142826140347312,-0.5382368638991513,0
1571237036000,-0.28249775080881434,-1.4180889762186075,-0.3806816134092172,-0.09896647281788491,-0.5301908806551425,0
1571237036250,-0.19542962052064808,-1.3530575659157889,-0.9397200816982029,0.3171485387268239,-0.534213086996721,0
1571237036500,0.2399110309201833,-1.3855732710671982,-0.8349003688940181,0.2827260164303409,-0.5322027691063578,0
1571237036750,0.19637696577610014,-1.4180889762186075,-1.0794796987704494,0.29786516014304476,-0.534213086996721,0
1571237037000,0.19637696577610014,-1.5156360916728355,-1.0445397945023878,-0.2561936692531723,-0.5382368638991513,0
1571237037250,-0.06482742508839867,-1.3205418607643795,-1.0095998902343262,-0.26989501719427855,-0.5301908806551425,0
1571237037500,0.28344509606426643,-1.5481517968242449,-1.0445397945023878,-0.1375332299854433,-0.534213086996721,0
1571237037750,-0.23896368566473122,-1.5156360916728355,-0.9397200816982029,-0.18582625266674996,-0.534213086996721,0
1571237038000,-0.4566340113851469,-1.4831203865214262,-0.8349003688940181,-0.017604147389834124,-0.560362925179962,0
1571237038250,-0.5872362068173963,-1.6782146174298822,-0.7300806560898333,-0.15453305057903813,-0.5301908806551425,0
1571237038500,-0.021293359944315533,-1.3530575659157889,-0.5553811347495252,0.059360214501565284,-0.534213086996721,0
1571237038750,-0.23896368566473122,-1.5481517968242449,-0.4156215176772788,-0.001365512792967438,-0.534213086996721,0
1571237039000,0.022240705199767605,-1.3205418607643795,-1.1493595073065725,0.2817111017680367,-0.534213086996721,0
1571237039250,-0.1083614902324818,-1.4180889762186075,-0.9397200816982029,0.22538333801015542,-0.5322027691063578,0
1571237039500,0.2399110309201833,-1.4506046813700169,-1.3240590286468805,0.8686700814672805,-0.534213086996721,0
1571237039750,0.19637696577610014,-1.4506046813700169,-1.4987585499871885,-0.3305361682669526,-0.5402487523503664,0
1571237040000,0.2399110309201833,-1.3530575659157889,-1.4987585499871885,-0.41308256080102496,-0.534213086996721,0
1571237040250,0.022240705199767605,-1.3855732710671982,-1.2541792201107573,-0.23555707111965418,-0.534213086996721,0
1571237040500,-0.021293359944315533,-1.4180889762186075,-1.0794796987704494,-0.23564164734151288,-0.5402487523503664,0
1571237040750,-0.15189555537656493,-1.8407931431869289,-0.7650205603578949,0.23434841752717558,-0.5422590702407296,0
1571237041000,-0.23896368566473122,-1.0929319247045142,-0.9397200816982029,-0.00669381477006432,-0.536224975447936,0
1571237041250,0.5011154217846822,-1.1904790401587422,-0.7300806560898333,0.12744407309780323,-0.5382368638991513,0
1571237041500,-0.4566340113851469,-1.1254476298559235,-0.7300806560898333,-0.004748561667314665,-0.536224975447936,0
1571237041750,-0.19542962052064808,-1.8733088483383382,-1.3240590286468805,-0.09575257638725505,-0.5382368638991513,0
1571237042000,-0.1083614902324818,-1.3530575659157889,-1.1493595073065725,0.49010691242782584,-0.5382368638991513,0
1571237042250,0.19637696577610014,-1.4831203865214262,-1.0445397945023878,-0.05473310878579494,-0.536224975447936,0
1571237042500,-0.15189555537656493,-1.4180889762186075,-0.8349003688940181,-0.6297668412029648,-0.534213086996721,0
1571237042750,-0.5872362068173963,-1.9058245534897476,-0.8698402731620797,-0.31057617990830394,-0.5382368638991513,0
1571237043000,-0.4566340113851469,-1.5156360916728355,-0.7300806560898333,0.21794063048659154,-0.536224975447936,0
1571237043250,0.15284290063201703,-1.2555104504615608,-0.3806816134092172,-0.019041943161431697,-0.5382368638991513,0
1571237043500,0.3269791612083496,-1.7107303225812915,-0.5204412304814636,0.3829488393328775,-0.5382368638991513,0
1571237043750,-0.021293359944315533,-1.2880261556129702,-1.114419603038511,0.2714773789231364,-0.5382368638991513,0
1571237044000,0.28344509606426643,-1.3205418607643795,-1.3939388371830037,0.8780580420935941,-0.5382368638991513,0
1571237044250,-0.7178384022496457,-1.3855732710671982,-1.2192393158426957,0.44358999040555147,-0.5402487523503664,0
1571237044500,0.6752516823610146,-1.2880261556129702,-1.3939388371830037,-1.4405145039402776,-0.536224975447936,0
1571237044750,-0.28249775080881434,-1.6456989122784729,-0.8349003688940181,-0.7564620215472684,-0.536224975447936,0
1571237045000,-0.4130999462410638,-1.3855732710671982,-0.66020084755371,-0.32503871384613836,-0.534213086996721,0
1571237045250,0.06577477034385075,-1.3205418607643795,-0.5204412304814636,0.2010253861148554,-0.5402487523503664,0
1571237045500,0.19637696577610014,-1.7107303225812915,-0.66020084755371,0.06874817512787884,-0.5382368638991513,0
1571237045750,0.3269791612083496,-1.6782146174298822,-1.1493595073065725,0.22622910022874226,-0.5322027691063578,0
1571237046000,-0.1083614902324818,-1.3855732710671982,-1.1842994115746341,-0.07114089582637899,-0.49197285288631476,0
1571237046250,0.41404729149651587,-1.2555104504615608,-1.3939388371830037,0.5426287462020666,-0.46984836216635584,0
1571237046500,-0.6307702719614795,-1.4180889762186075,-0.8349003688940181,-0.48099726695354555,-0.5623732430703252,0
1571237046750,-0.021293359944315533,-1.6131832071270635,-0.5553811347495252,-0.5001114930936074,-0.5161108026183406,0
1571237047000,0.15284290063201703,-1.2880261556129702,-0.45056142194534043,0.026882945307831908,-0.5281789922039275,0
1571237047250,0.19637696577610014,-1.2880261556129702,-0.5903210390175868,0.4135654316457199,-0.5322027691063578,0
1571237047500,0.3705132263524327,-1.4180889762186075,-1.0794796987704494,0.1628815100565904,-0.5382368638991513,0
1571237047750,0.8058538777932641,-1.2555104504615608,-1.114419603038511,0.5138728307701151,-0.5382368638991513,0
1571237048000,0.45758135664059896,-1.3855732710671982,-1.1493595073065725,0.1205088229053914,-0.5422590702407296,0
1571237048250,0.15284290063201703,-1.3205418607643795,-1.0445397945023878,-0.10750867122561165,-0.5322027691063578,0
1571237048500,0.28344509606426643,-1.3205418607643795,-1.0445397945023878,-0.20519420747238784,-0.5322027691063578,0
1571237048750,-0.6743043371055626,-1.4831203865214262,-0.8698402731620797,-0.08484224376748524,-0.5322027691063578,0
1571237049000,-0.6307702719614795,-1.7757617328841102,-0.8349003688940181,-0.14303068440625755,-0.5382368638991513,0
1571237049250,-0.021293359944315533,-1.2555104504615608,-0.3457417091411556,0.09682748078496081,-0.5442709586919448,0
1571237049500,0.022240705199767605,-1.7757617328841102,-0.48550132621340203,0.16093625695384076,-0.5422590702407296,0
1571237049750,-0.4130999462410638,-1.3530575659157889,-1.114419603038511,0.29744227903375137,-0.5442709586919448,0
1571237050000,-0.19542962052064808,-1.4506046813700169,-1.0445397945023878,0.10545425541454626,-0.5462828471431598,0
1571237050250,-0.1083614902324818,-1.6131832071270635,-1.0794796987704494,-0.35700852570871966,-0.5462828471431598,0
1571237050500,-0.19542962052064808,-1.4831203865214262,-1.0445397945023878,-0.06149920653448939,-0.5442709586919448,0
1571237050750,-0.6743043371055626,-2.003371668943976,-0.9397200816982029,-0.4298286527290437,-0.5422590702407296,0
1571237051000,-0.28249775080881434,-1.4831203865214262,-0.7300806560898333,-0.014051946071769537,-0.5422590702407296,0
1571237051250,0.28344509606426643,-1.0279005144016955,-0.45056142194534043,-0.1581698281189614,-0.5442709586919448,0
1571237051500,-0.15189555537656493,-1.7432460277327009,-0.9397200816982029,0.19527420302846513,-0.5422590702407296,0
1571237051750,-0.1083614902324818,-1.6131832071270635,-1.3240590286468805,-0.02572346468826747,-0.5442709586919448,0
1571237052000,-0.4566340113851469,-1.5156360916728355,-1.2541792201107573,0.2675022964957784,-0.5422590702407296,0
1571237052250,0.5446494869287652,-1.2555104504615608,-0.8349003688940181,-0.02352448291994177,-0.5462828471431598,0
1571237052500,0.7187857475050978,-1.5806675019756542,-1.0445397945023878,-0.18582625266674996,-0.5422590702407296,0
1571237052750,-0.5437021416733132,-1.8733088483383382,-1.0445397945023878,-0.1787218500306208,-0.5442709586919448,0
1571237053000,-0.15189555537656493,-1.1904790401587422,-0.48550132621340203,0.0824495230689851,-0.5422590702407296,0
1571237053250,-0.804906532537812,-2.2309816050038407,-0.9746599859662645,-0.07579258802860642,-0.5503050534847382,0
1571237053500,0.15284290063201703,-1.2555104504615608,-1.5686383585233117,0.10173290165276429,-0.5462828471431598,0
1571237053750,-0.28249775080881434,-1.6456989122784729,-1.8830974969358663,0.2806961871057326,-0.5523169419359534,0
1571237054000,-0.06482742508839867,-1.6131832071270635,-1.3939388371830037,0.4024859465822327,-0.5543288303871685,0
1571237054250,-0.28249775080881434,-1.5156360916728355,-1.2541792201107573,0.0290819270761576,-0.5503050534847382,0
1571237054500,-0.4130999462410638,-1.5481517968242449,-1.114419603038511,-0.8393467189687753,-0.5523169419359534,0
1571237054750,-0.5437021416733132,-1.6782146174298822,-0.5553811347495252,-0.4262764514109791,-0.5503050534847382,0
1571237055000,-0.15189555537656493,-1.3530575659157889,-0.5903210390175868,0.30691481588192354,-0.5543288303871685,0
1571237055250,-0.06482742508839867,-1.3855732710671982,-0.9047801774301413,-0.008892796538390016,-0.5482931650335231,0
1571237055500,0.3705132263524327,-2.035887374095385,-0.9746599859662645,0.1940055597005849,-0.5503050534847382,0
1571237055750,-0.19542962052064808,-1.5481517968242449,-1.3939388371830037,-0.012698726522030648,-0.5543288303871685,0
1571237056000,-0.36956588109698063,-1.4506046813700169,-1.289119124378819,0.5997176959566761,-0.5503050534847382,0
1571237056250,0.10930883548793388,-1.4831203865214262,-1.1842994115746341,0.12524509132947753,-0.5503050534847382,0
1571237056500,-1.6755878354194749,-1.6456989122784729,-0.7300806560898333,-0.5069621670641605,-0.5462828471431598,0
1571237056750,-0.23896368566473122,-1.5156360916728355,-0.24092199633697078,-0.4152815425693506,-0.5322027691063578,0
1571237057000,-0.06482742508839867,-1.2880261556129702,-0.3457417091411556,0.120085941796098,-0.5402487523503664,0
1571237057250,-0.7178384022496457,-1.3205418607643795,-1.0445397945023878,0.23333350286487142,-0.5382368638991513,0
1571237057500,-0.4566340113851469,-1.5481517968242449,-1.0794796987704494,1.5011310685264947,-0.5442709586919448,0
1571237057750,-0.28249775080881434,-1.5806675019756542,-1.0445397945023878,2.129701549380209,-0.5402487523503664,0
1571237058000,0.06577477034385075,-1.2555104504615608,-0.9746599859662645,-1.988399269140811,-0.5382368638991513,0
1571237058250,-0.9355087279700615,-1.6131832071270635,-1.0794796987704494,-2.260734703525763,-0.5402487523503664,0
1571237058500,-0.4130999462410638,-1.6456989122784729,-0.7650205603578949,-0.7377706765165,-0.5422590702407296,0
1571237058750,-0.4566340113851469,-1.5156360916728355,-0.7300806560898333,0.1910453919355311,-0.5382368638991513,0
1571237059000,-0.28249775080881434,-1.4831203865214262,-0.66020084755371,-0.2184726743042007,-0.5422590702407296,0
1571237059250,-0.021293359944315533,-1.4506046813700169,-0.5903210390175868,0.359774954543599,-0.5402487523503664,0
1571237059500,-0.06482742508839867,-1.4180889762186075,-0.7300806560898333,0.013350749810442998,-0.5402487523503664,0
1571237059750,-0.06482742508839867,-1.4506046813700169,-1.114419603038511,0.24415925926278254,-0.5402487523503664,0
1571237060000,-0.021293359944315533,-1.5481517968242449,-1.2541792201107573,-0.16332897765234092,-0.5442709586919448,0
1571237060250,0.15284290063201703,-1.3855732710671982,-1.114419603038511,0.2263136764506009,-0.5422590702407296,0
1571237060500,0.3269791612083496,-1.3530575659157889,-0.9047801774301413,-0.127806964471695,-0.5422590702407296,0
1571237060750,-0.50016807652923,-1.4831203865214262,-0.9047801774301413,0.3124122703027378,-0.5402487523503664,0
1571237061000,-0.50016807652923,-1.7432460277327009,-0.9047801774301413,0.07348444355196496,-0.5402487523503664,0
1571237061250,-0.15189555537656493,-1.3855732710671982,-0.66020084755371,0.33279513977067987,-0.5442709586919448,0
1571237061500,0.3705132263524327,-1.3530575659157889,-0.48550132621340203,0.01825617067824648,-0.5382368638991513,0
1571237061750,-0.7178384022496457,-1.2555104504615608,-1.0794796987704494,0.4629579452111894,-0.5422590702407296,0
1571237062000,-0.19542962052064808,-1.5481517968242449,-1.0445397945023878,0.13640915261482336,-0.5382368638991513,0
1571237062250,-0.15189555537656493,-1.5806675019756542,-1.114419603038511,1.1822787121192686,-0.5422590702407296,0
1571237062500,0.45758135664059896,-1.4180889762186075,-0.9047801774301413,0.03263412839422219,-0.5402487523503664,0
1571237062750,-0.7178384022496457,-2.035887374095385,-0.8698402731620797,-1.4531163609972209,-0.5442709586919448,0
1571237063000,0.06577477034385075,-1.4180889762186075,-0.310801804873094,-0.4155352712349267,-0.5402487523503664,0
1571237063250,-0.4130999462410638,-0.80029057834183,-0.3806816134092172,0.1668565924839484,-0.5382368638991513,0
1571237063500,0.5446494869287652,-1.4506046813700169,-0.48550132621340203,0.2711390740357017,-0.5402487523503664,0
1571237063750,0.19637696577610014,-1.6782146174298822,-1.3240590286468805,0.730303382506479,-0.5422590702407296,0
1571237064000,-0.19542962052064808,-1.5156360916728355,-1.1842994115746341,1.5084891998281997,-0.5402487523503664,0
1571237064250,0.06577477034385075,-1.4506046813700169,-1.0794796987704494,-1.6185474509528004,-0.5402487523503664,0
1571237064500,-0.1083614902324818,-1.8733088483383382,-0.9746599859662645,-1.3925597861464056,-0.5402487523503664,0
1571237064750,-0.50016807652923,-1.3205418607643795,-0.9397200816982029,-0.4102069692578298,-0.5382368638991513,0
1571237065000,-0.8919746628259783,-1.6131832071270635,-0.8349003688940181,0.14402101258210462,-0.5442709586919448,0
1571237065250,-0.6743043371055626,-0.995384809250286,-0.6951407518217716,-0.016081775396377875,-0.5422590702407296,0
1571237065500,0.06577477034385075,-1.3855732710671982,-0.45056142194534043,0.2508407807896183,-0.5382368638991513,0
1571237065750,0.06577477034385075,-1.0929319247045142,-0.8349003688940181,0.1744684524512297,-0.5402487523503664,0
1571237066000,0.8493879429373472,-1.4506046813700169,-1.0445397945023878,-0.024370245138528576,-0.5442709586919448,0
1571237066250,0.28344509606426643,-1.4506046813700169,-1.1493595073065725,0.7791038625189378,-0.5402487523503664,0
1571237066500,0.15284290063201703,-1.3855732710671982,-1.3589989329149421,-0.4708481203305038,-0.5442709586919448,0
1571237066750,0.06577477034385075,-1.4180889762186075,-1.463818645719127,-0.5134745361472789,-0.5422590702407296,0
1571237067000,-0.6307702719614795,-1.5156360916728355,-1.1842994115746341,-0.17762235914645794,-0.5442709586919448,0
1571237067250,-0.36956588109698063,-1.7757617328841102,-1.1842994115746341,0.28737770863256834,-0.5442709586919448,0
1571237067500,-0.23896368566473122,-1.7757617328841102,-0.8349003688940181,0.06815614157486807,-0.5442709586919448,0
1571237067750,-0.4130999462410638,-1.7107303225812915,-0.8349003688940181,-0.26287519078000804,-0.5442709586919448,0
1571237068000,-0.3260318159528975,-1.1579633350073328,-0.5903210390175868,-0.0006043267962393121,-0.5422590702407296,0
1571237068250,0.10930883548793388,-1.9383402586411569,-0.5553811347495252,0.03762412548388435,-0.5422590702407296,0
1571237068500,0.022240705199767605,-1.4506046813700169,-0.8349003688940181,0.5163255412040169,-0.5402487523503664,0
1571237068750,0.06577477034385075,-1.4180889762186075,-0.9397200816982029,0.29964126080207704,-0.5422590702407296,0
1571237069000,0.28344509606426643,-1.6456989122784729,-1.1842994115746341,1.1925124349641687,-0.5462828471431598,0
1571237069250,-0.15189555537656493,-1.4831203865214262,-1.1493595073065725,-0.48734048359294657,-0.5402487523503664,0
1571237069500,0.41404729149651587,-1.2555104504615608,-1.0794796987704494,-1.0390311787771205,-0.5422590702407296,0
1571237069750,-0.6307702719614795,-1.8407931431869289,-0.8349003688940181,-0.1835426946765656,-0.5402487523503664,0
1571237070000,0.2399110309201833,-1.2229947453101515,-0.8698402731620797,-0.17263236205679577,-0.5442709586919448,0
1571237070250,0.45758135664059896,-1.3855732710671982,-0.7999604646259565,0.2795966962215697,-0.5382368638991513,0
1571237070500,0.5446494869287652,-1.7432460277327009,-0.9047801774301413,-0.004748561667314665,-0.5422590702407296,0
1571237070750,0.022240705199767605,-1.6456989122784729,-1.3240590286468805,0.4512018503728328,-0.5382368638991513,0
1571237071000,0.10930883548793388,-1.4180889762186075,-1.1493595073065725,0.0004951640879235365,-0.5442709586919448,0
1571237071250,-0.021293359944315533,-1.6456989122784729,-1.2541792201107573,0.27951211999971104,-0.5402487523503664,0
1571237071500,0.022240705199767605,-1.3855732710671982,-1.0794796987704494,0.15806066541064562,-0.5442709586919448,0
1571237071750,-0.4130999462410638,-1.6456989122784729,-0.8349003688940181,-0.6845722329673898,-0.5402487523503664,0
1571237072000,0.06577477034385075,-1.4831203865214262,-0.45056142194534043,-0.43498780226242323,-0.5422590702407296,0
1571237072250,-0.15189555537656493,-1.3855732710671982,-0.4156215176772788,0.11061340494792576,-0.5402487523503664,0
1571237072500,-0.50016807652923,-1.8082774380355195,-0.48550132621340203,0.027813283748277393,-0.5422590702407296,0
1571237072750,-0.36956588109698063,-1.4180889762186075,-1.0794796987704494,0.349710384142416,-0.5402487523503664,0
1571237073000,0.022240705199767605,-1.6456989122784729,-1.3589989329149421,0.5691856798656924,-0.5402487523503664,0
1571237073250,0.41404729149651587,-1.5156360916728355,-1.3240590286468805,0.04278327501726387,-0.5402487523503664,0
1571237073500,0.3269791612083496,-1.3205418607643795,-0.8698402731620797,-0.7534172775603558,-0.5402487523503664,0
1571237073750,-1.457917509699059,-1.4831203865214262,-1.0794796987704494,-0.366988519888044,-0.5402487523503664,0
1571237074000,-0.1083614902324818,-1.2229947453101515,-0.6951407518217716,-0.045683453046916116,-0.5462828471431598,0
1571237074250,0.45758135664059896,-1.4831203865214262,-0.4156215176772788,-0.04272328528186228,-0.5442709586919448,0
1571237074500,-0.4566340113851469,-1.2880261556129702,-1.1493595073065725,0.2684326349362239,-0.5462828471431598,0
1571237074750,-0.1083614902324818,-1.4506046813700169,-1.114419603038511,0.40536153812542786,-0.5422590702407296,0
1571237075000,0.022240705199767605,-1.4180889762186075,-1.1493595073065725,0.9239829305628577,-0.5442709586919448,0
1571237075250,-0.28249775080881434,-1.6782146174298822,-1.114419603038511,-0.383142578263052,-0.5442709586919448,0
1571237075500,-0.8484405976818952,-2.1009187843982033,-0.9047801774301413,-1.1544777216142197,-0.5402487523503664,0
1571237075750,-0.9355087279700615,-1.7107303225812915,-0.9397200816982029,-0.510006911051073,-0.5402487523503664,0
1571237076000,-0.021293359944315533,-1.5156360916728355,-1.0095998902343262,0.30319346212014164,-0.5402487523503664,0
1571237076250,0.10930883548793388,-1.3530575659157889,-1.1842994115746341,-0.08044428023083386,-0.5422590702407296,0
1571237076500,0.19637696577610014,-1.2880261556129702,-1.1842994115746341,0.3207853162667472,-0.5442709586919448,0
1571237076750,-0.06482742508839867,-1.5156360916728355,-1.4288787414510653,0.4261672887026633,-0.5422590702407296,0
1571237077000,0.10930883548793388,-1.4506046813700169,-1.1493595073065725,-0.1595230476687003,-0.5422590702407296,0
1571237077250,-0.021293359944315533,-1.4506046813700169,-1.114419603038511,0.1742147237856536,-0.5402487523503664,0
1571237077500,-0.021293359944315533,-1.5156360916728355,-1.0794796987704494,-0.09541427149982033,-0.5402487523503664,0
1571237077750,-0.19542962052064808,-1.5481517968242449,-1.0445397945023878,-0.3617447941328058,-0.5442709586919448,0
1571237078000,0.06577477034385075,-1.4180889762186075,-1.0095998902343262,-0.3098995701334345,-0.5402487523503664,0
1571237078250,0.3705132263524327,-1.3530575659157889,-0.9047801774301413,0.11687204536546814,-0.5422590702407296,0
1571237078500,0.5011154217846822,-1.2229947453101515,-0.7999604646259565,-0.03113634288722303,-0.5382368638991513,0
1571237078750,0.28344509606426643,-1.3855732710671982,-0.9397200816982029,0.2840792359800798,-0.5422590702407296,0
1571237079000,0.15284290063201703,-1.3855732710671982,-1.0095998902343262,0.04109175058009026,-0.5402487523503664,0
1571237079250,0.3269791612083496,-1.3530575659157889,-1.114419603038511,0.13361813729348693,-0.5442709586919448,0
1571237079500,-0.5872362068173963,-1.6782146174298822,-1.114419603038511,-0.09702121971513528,-0.5402487523503664,0
1571237079750,-0.28249775080881434,-1.6456989122784729,-1.2541792201107573,-0.007708729432368488,-0.5402487523503664,0
1571237080000,-0.1083614902324818,-1.4831203865214262,-1.0445397945023878,-0.04433023349717722,-0.5402487523503664,0
1571237080250,-0.15189555537656493,-1.5481517968242449,-1.114419603038511,0.14097626859519213,-0.5402487523503664,0
1571237080500,-0.021293359944315533,-1.4831203865214262,-1.0445397945023878,-0.02445482136038726,-0.5382368638991513,0
1571237080750,0.06577477034385075,-1.4506046813700169,-1.0095998902343262,0.0759371539858667,-0.5402487523503664,0
1571237081000,0.10930883548793388,-1.3855732710671982,-0.9746599859662645,-0.16975677051360064,-0.5402487523503664,0
1571237081250,0.06577477034385075,-1.3855732710671982,-0.8698402731620797,-0.1848113380044458,-0.5422590702407296,0
1571237081500,0.10930883548793388,-1.4506046813700169,-0.9746599859662645,0.14951846700291888,-0.5382368638991513,0
1571237081750,0.10930883548793388,-1.4180889762186075,-0.9746599859662645,-0.1576623707878093,-0.5402487523503664,0
1571237082000,0.10930883548793388,-1.4180889762186075,-0.9746599859662645,0.10672289874242645,-0.536224975447936,0
1571237082250,0.10930883548793388,-1.4506046813700169,-0.9397200816982029,0.5405143406555996,-0.5382368638991513,0
1571237082500,0.06577477034385075,-1.4506046813700169,-0.9746599859662645,0.8800878714182025,-0.536224975447936,0
1571237082750,-0.021293359944315533,-1.5156360916728355,-0.9047801774301413,-1.6993177428278405,-0.5382368638991513,0
1571237083000,0.06577477034385075,-1.3855732710671982,-0.9397200816982029,-0.3647895381197183,-0.5402487523503664,0
1571237083250,-0.021293359944315533,-1.4180889762186075,-0.9397200816982029,-0.014390250959204261,-0.536224975447936,0
1571237083500,-0.1083614902324818,-1.5481517968242449,-0.8698402731620797,0.10968306650748029,-0.5382368638991513,0
1571237083750,-0.021293359944315533,-1.5156360916728355,-1.0445397945023878,-0.0794293655685297,-0.5382368638991513,0
1571237084000,0.5011154217846822,-1.3530575659157889,-1.0794796987704494,0.3162182002863785,-0.5382368638991513,0
1571237084250,0.3269791612083496,-1.2880261556129702,-1.0445397945023878,0.12938932620055288,-0.536224975447936,0
1571237084500,0.10930883548793388,-1.4180889762186075,-1.0794796987704494,0.03990768347406872,-0.536224975447936,0
1571237084750,0.022240705199767605,-1.4506046813700169,-1.0445397945023878,0.0163954937973555,-0.5382368638991513,0
1571237085000,0.022240705199767605,-1.4831203865214262,-1.0445397945023878,0.1979806421279429,-0.5382368638991513,0
1571237085250,0.022240705199767605,-1.4831203865214262,-1.114419603038511,-0.46856456234031946,-0.5382368638991513,0
1571237085500,0.3705132263524327,-1.2880261556129702,-1.0794796987704494,0.027221250195266628,-0.536224975447936,0
1571237085750,0.3705132263524327,-1.3530575659157889,-1.1842994115746341,0.10435476453038339,-0.5382368638991513,0
1571237086000,0.5011154217846822,-1.3530575659157889,-1.289119124378819,0.10494679808339416,-0.5422590702407296,0
1571237086250,0.06577477034385075,-1.5481517968242449,-0.9746599859662645,0.19772691346236687,-0.5382368638991513,0
1571237086500,-0.4566340113851469,-1.6456989122784729,-0.8349003688940181,0.15746863185763485,-0.5402487523503664,0
1571237086750,-0.36956588109698063,-1.3205418607643795,-0.5903210390175868,0.29033787639762215,-0.536224975447936,0
1571237087000,-0.1083614902324818,-1.3205418607643795,-0.5204412304814636,-0.5596531532821185,-0.5422590702407296,0
1571237087250,0.022240705199767605,-1.5156360916728355,-0.5553811347495252,-0.18337354223284824,-0.5382368638991513,0
1571237087500,0.06577477034385075,-1.1254476298559235,-0.5204412304814636,0.15738405563577618,-0.5402487523503664,0
1571237087750,0.19637696577610014,-1.3205418607643795,-0.5553811347495252,0.9354007205137796,-0.5402487523503664,0
1571237088000,-0.1083614902324818,-1.6456989122784729,-0.5903210390175868,0.828834680971842,-0.5402487523503664,0
1571237088250,-0.23896368566473122,-1.5156360916728355,-0.7999604646259565,-0.6799205407651624,-0.5382368638991513,0
1571237088500,-0.06482742508839867,-1.5481517968242449,-0.66020084755371,0.24754230813712977,-0.536224975447936,0
1571237088750,-0.021293359944315533,-1.5156360916728355,-0.5553811347495252,-1.1785819448439436,-0.5382368638991513,0
1571237089000,-0.15189555537656493,-1.3855732710671982,-0.6951407518217716,-0.8509336613634146,-0.5382368638991513,0
1571237089250,-0.23896368566473122,-1.4506046813700169,-0.66020084755371,-0.6257071825537481,-0.536224975447936,0
1571237089500,-0.23896368566473122,-1.4180889762186075,-0.66020084755371,0.18876183394534668,-0.534213086996721,0
1571237089750,-0.28249775080881434,-1.4506046813700169,-0.5553811347495252,0.16592625404350292,-0.5382368638991513,0
1571237090000,-0.23896368566473122,-1.4506046813700169,-0.6252609432856484,0.9023314177670355,-0.536224975447936,0
1571237090250,-0.28249775080881434,-1.5156360916728355,-0.66020084755371,-0.21568165898286423,-0.5382368638991513,0
1571237090500,-0.3260318159528975,-1.5806675019756542,-0.6252609432856484,-0.01565889428708447,-0.536224975447936,0
1571237090750,-0.15189555537656493,-1.4831203865214262,-0.5204412304814636,-0.22007962251951566,-0.5382368638991513,0
1571237091000,-0.36956588109698063,-1.5481517968242449,-0.45056142194534043,0.12482221022018412,-0.5382368638991513,0
1571237091250,-0.6743043371055626,-1.5806675019756542,-0.6252609432856484,0.2245375757915686,-0.534213086996721,0
1571237091500,-0.804906532537812,-1.7107303225812915,-0.7650205603578949,-0.021325501151616074,-0.5402487523503664,0
1571237091750,-0.23896368566473122,-1.6456989122784729,-0.7300806560898333,0.9854698438541186,-0.534213086996721,0
1571237092000,0.06577477034385075,-1.4506046813700169,-1.2541792201107573,-0.0719020818231071,-0.5382368638991513,0
1571237092250,-0.1083614902324818,-1.4831203865214262,-1.0445397945023878,-0.3004270332852623,-0.534213086996721,0
1571237092500,-0.06482742508839867,-1.5156360916728355,-1.1493595073065725,-0.31040702746458665,-0.5402487523503664,0
1571237092750,0.28344509606426643,-1.3205418607643795,-1.0095998902343262,-0.5073004719515952,-0.5382368638991513,0
1571237093000,-0.06482742508839867,-1.2880261556129702,-0.9397200816982029,0.07652918753887747,-0.5382368638991513,0
1571237093250,-0.3260318159528975,-1.7757617328841102,-0.9746599859662645,-0.0990510490397436,-0.5382368638991513,0
1571237093500,-0.4130999462410638,-1.5481517968242449,-0.8698402731620797,0.28771601352000303,-0.5382368638991513,0
1571237093750,0.022240705199767605,-1.1254476298559235,-0.6252609432856484,0.12025509423981537,-0.5322027691063578,0
1571237094000,0.28344509606426643,-1.4180889762186075,-0.17104218780084757,0.13006593597542232,-0.534213086996721,0
1571237094250,-0.28249775080881434,-1.2555104504615608,-1.0445397945023878,0.194513017031737,-0.5322027691063578,0
1571237094500,-0.50016807652923,-1.6456989122784729,-1.2541792201107573,0.10198663031834035,-0.536224975447936,0
1571237094750,-0.19542962052064808,-1.4831203865214262,-1.0794796987704494,0.7191393212211332,-0.5442709586919448,0
1571237095000,0.06577477034385075,-1.6456989122784729,-1.0095998902343262,-0.5235391065484619,-0.5301908806551425,0
1571237095250,-0.4130999462410638,-1.1254476298559235,-0.9047801774301413,-0.7307508501022295,-0.5301908806551425,0
1571237095500,-0.36956588109698063,-1.7107303225812915,-0.6951407518217716,-0.2071394605751375,-0.5301908806551425,0
1571237095750,0.6317176172169315,-1.3205418607643795,-0.5204412304814636,-0.18540337155745656,-0.534213086996721,0
1571237096000,0.2399110309201833,-1.2880261556129702,-0.6252609432856484,0.22749774355662244,-0.5161108026183406,0
1571237096250,0.19637696577610014,-1.4506046813700169,-1.289119124378819,0.24551247881252142,-0.5201330089599189,0
1571237096500,-0.1083614902324818,-1.4180889762186075,-1.4288787414510653,0.7931435153474788,-0.5181226910695557,0
1571237096750,0.15284290063201703,-1.5481517968242449,-1.3240590286468805,1.097364185373153,-0.5241567858623492,0
1571237097000,0.06577477034385075,-1.5481517968242449,-1.114419603038511,0.002440417190673192,-0.5221448974111341,0
1571237097250,-0.021293359944315533,-1.4831203865214262,-0.7650205603578949,-1.8481718932991185,-0.5241567858623492,0
1571237097500,-0.4130999462410638,-1.7107303225812915,-0.48550132621340203,-1.072015905302006,-0.5221448974111341,0
1571237097750,-0.021293359944315533,-1.3205418607643795,-0.7650205603578949,-0.04678294393107896,-0.5221448974111341,0
1571237098000,0.06577477034385075,-1.4506046813700169,-0.8349003688940181,-0.1506425443735388,-0.5201330089599189,0
1571237098250,-0.021293359944315533,-1.1254476298559235,-0.66020084755371,0.3279742951247351,-0.5241567858623492,0
1571237098500,-0.8484405976818952,-2.003371668943976,-1.1842994115746341,0.13683203372411679,-0.5221448974111341,0
1571237098750,-0.021293359944315533,-1.7107303225812915,-1.0445397945023878,0.6221303947492265,-0.5281789922039275,0
1571237099000,-0.4130999462410638,-1.5156360916728355,-1.2192393158426957,0.6458963130915157,-0.5322027691063578,0
1571237099250,-0.1083614902324818,-1.7432460277327009,-0.8698402731620797,-0.4968130204411188,-0.5301908806551425,0
1571237099500,-0.6307702719614795,-1.7757617328841102,-0.17104218780084757,-1.400425374779263,-0.5322027691063578,0
1571237099750,-0.28249775080881434,-1.2229947453101515,-0.3806816134092172,0.349710384142416,-0.5281789922039275,0
1571237100000,-0.3260318159528975,-2.035887374095385,-0.8698402731620797,0.42523695026221786,-0.5261686743135643,0
1571237100250,-0.06482742508839867,-1.7107303225812915,-1.1842994115746341,-0.004579409223597303,-0.5221448974111341,0
1571237100500,-0.28249775080881434,-1.5481517968242449,-1.0794796987704494,0.2773131382313853,-0.5261686743135643,0
1571237100750,0.022240705199767605,-1.5481517968242449,-0.6951407518217716,-0.028260751344027887,-0.5100767078255471,0
1571237101000,-1.2402471839786433,-1.8733088483383382,-1.53369845425525,-0.18531879533559786,-0.5080648193743319,0
1571237101250,-0.50016807652923,-1.3855732710671982,-0.66020084755371,-0.30245686260987065,-0.5060529309231169,0
1571237101500,0.3269791612083496,-1.5481517968242449,-0.3806816134092172,0.44655015817060534,-0.5140989141671255,0
1571237101750,-0.5437021416733132,-1.8082774380355195,-1.0095998902343262,1.0137183019549179,-0.5100767078255471,0
1571237102000,-0.4566340113851469,-1.7107303225812915,-1.3240590286468805,-0.4418384762329764,-0.5120885962767622,0
1571237102250,-0.23896368566473122,-1.5481517968242449,-1.0445397945023878,-0.5008726790903354,-0.5140989141671255,0
1571237102500,0.10930883548793388,-1.3530575659157889,-1.0445397945023878,0.27164653136685374,-0.5120885962767622,0
1571237102750,-0.50016807652923,-1.3855732710671982,-0.7999604646259565,-0.2503579099449233,-0.5161108026183406,0
1571237103000,-0.50016807652923,-1.7432460277327009,-0.3457417091411556,-0.09321528973149464,-0.5140989141671255,0
1571237103250,0.06577477034385075,-2.1334344895496127,-0.8698402731620797,0.20965216074444085,-0.5140989141671255,0
1571237103500,-0.4566340113851469,-1.6131832071270635,-0.7999604646259565,0.14013050637660532,-0.5120885962767622,0
1571237103750,-0.06482742508839867,-1.4506046813700169,-0.8698402731620797,0.07001681845575904,-0.5161108026183406,0
1571237104000,0.10930883548793388,-1.3855732710671982,-0.9746599859662645,-0.5006189504247595,-0.5181226910695557,0
1571237104250,0.022240705199767605,-1.4180889762186075,-1.114419603038511,-1.0655035362188876,-0.5140989141671255,0
1571237104500,0.19637696577610014,-1.3530575659157889,-1.114419603038511,0.050987168537555895,-0.5161108026183406,0
1571237104750,0.3269791612083496,-1.3530575659157889,-0.9397200816982029,0.08041969374437677,-0.5181226910695557,0
1571237105000,-0.6307702719614795,-2.035887374095385,-1.2192393158426957,0.02231582932746315,-0.5161108026183406,0
1571237105250,-0.9355087279700615,-1.4506046813700169,-1.289119124378819,-0.2890092433343404,-0.5181226910695557,0
1571237105500,0.022240705199767605,-1.2880261556129702,-0.7300806560898333,0.19857267568095366,-0.5140989141671255,0
1571237105750,0.10930883548793388,-1.3205418607643795,-0.5903210390175868,-0.05177294102074112,-0.5161108026183406,0
1571237106000,0.06577477034385075,-2.1009187843982033,-1.0445397945023878,0.559459414351944,-0.5140989141671255,0
1571237106250,-0.4130999462410638,-1.5481517968242449,-0.9397200816982029,0.339645813741233,-0.5161108026183406,0
1571237106500,0.06577477034385075,-1.5156360916728355,-1.1842994115746341,-0.2574623125810525,-0.5161108026183406,0
1571237106750,-0.021293359944315533,-1.4831203865214262,-1.1842994115746341,-0.06911106650177065,-0.5161108026183406,0
1571237107000,-0.15189555537656493,-1.5481517968242449,-1.1493595073065725,0.22369181357298182,-0.5181226910695557,0
1571237107250,0.022240705199767605,-1.4506046813700169,-1.114419603038511,0.28450211708937323,-0.5161108026183406,0
1571237107500,0.15284290063201703,-1.3530575659157889,-0.8698402731620797,-0.19673658528651977,-0.5140989141671255,0
1571237107750,0.19637696577610014,-1.8082774380355195,-0.5903210390175868,-0.14193119352209468,-0.5100767078255471,0
1571237108000,0.10930883548793388,-1.0929319247045142,-0.48550132621340203,0.17666743421955536,-0.5120885962767622,0
1571237108250,0.45758135664059896,-1.7432460277327009,-0.9047801774301413,0.12693661576665113,-0.5100767078255471,0
1571237108500,0.022240705199767605,-1.4831203865214262,-1.2192393158426957,1.087891648524981,-0.5120885962767622,0
1571237108750,0.06577477034385075,-1.3205418607643795,-1.3939388371830037,2.305197209736972,-0.5120885962767622,0
1571237109000,-0.021293359944315533,-1.5156360916728355,-1.289119124378819,0.5789119453794407,-0.5181226910695557,0
1571237109250,-0.23896368566473122,-1.5156360916728355,-1.1493595073065725,-1.75767533591033,-0.5140989141671255,0
1571237109500,-0.3260318159528975,-1.5156360916728355,-1.0445397945023878,-2.935822106401752,-0.5161108026183406,0
1571237109750,-0.06482742508839867,-1.9383402586411569,-0.5204412304814636,-1.089523183226753,-0.5161108026183406,0
1571237110000,-0.1083614902324818,-1.3855732710671982,-0.6252609432856484,-1.6518704823651205,-0.5161108026183406,0
1571237110250,0.28344509606426643,-1.3205418607643795,-0.5903210390175868,0.053270726527740266,-0.5161108026183406,0
1571237110500,0.10930883548793388,-1.3530575659157889,-0.6252609432856484,-0.3460136168670912,-0.5100767078255471,0
1571237110750,-0.1083614902324818,-1.5156360916728355,-0.9047801774301413,0.22715943866918772,-0.5120885962767622,0
1571237111000,-0.23896368566473122,-1.6782146174298822,-1.2192393158426957,-0.20561708858168123,-0.5100767078255471,0
1571237111250,-0.06482742508839867,-1.4180889762186075,-1.114419603038511,0.6360008951340501,-0.5100767078255471,0
1571237111500,0.022240705199767605,-1.5156360916728355,-1.1493595073065725,0.09555883745708062,-0.5100767078255471,0
1571237111750,0.3269791612083496,-1.3855732710671982,-0.9397200816982029,-0.6871095196231501,-0.5140989141671255,0
1571237112000,-0.19542962052064808,-1.9383402586411569,-0.7999604646259565,-0.5634590832657591,-0.5100767078255471,0
1571237112250,-0.15189555537656493,-1.2555104504615608,-0.7650205603578949,0.7837555547211652,-0.5161108026183406,0
1571237112500,0.3705132263524327,-1.4180889762186075,-0.5204412304814636,0.10232493520577506,-0.5100767078255471,0
1571237112750,-0.021293359944315533,-1.7757617328841102,-0.9746599859662645,0.9629725688397095,-0.5140989141671255,0
1571237113000,-0.15189555537656493,-1.8407931431869289,-1.3589989329149421,0.5302806178106991,-0.5120885962767622,0
1571237113250,-0.3260318159528975,-1.6456989122784729,-1.1842994115746341,1.508742928493776,-0.5100767078255471,0
1571237113500,0.10930883548793388,-1.4180889762186075,-1.1493595073065725,0.866724828364531,-0.5140989141671255,0
1571237113750,-0.50016807652923,-1.5806675019756542,-1.0095998902343262,-2.6511385436254327,-0.5140989141671255,0
1571237114000,-0.50016807652923,-1.4506046813700169,-0.9397200816982029,-1.1309655319375065,-0.5181226910695557,0
1571237114250,-0.1083614902324818,-1.3205418607643795,-0.5553811347495252,-0.047882434815241806,-0.5120885962767622,0
1571237114500,-0.4130999462410638,-1.4506046813700169,-0.2059820920689092,0.9305798758678349,-0.5120885962767622,0
1571237114750,-0.4566340113851469,-1.4180889762186075,-1.0445397945023878,0.7308108398376311,-0.5140989141671255,0
1571237115000,-0.23896368566473122,-1.5481517968242449,-1.3240590286468805,1.0854389380910792,-0.5181226910695557,0
1571237115250,-0.4566340113851469,-1.5481517968242449,-1.289119124378819,0.5713000854121594,-0.5120885962767622,0
1571237115500,0.10930883548793388,-1.5156360916728355,-1.0095998902343262,-0.7106217092998635,-0.5181226910695557,0
1571237115750,-0.28249775080881434,-1.5806675019756542,-0.9397200816982029,-1.0822496281469063,-0.5161108026183406,0
1571237116000,-0.4130999462410638,-1.8407931431869289,-0.9746599859662645,-0.20637827457840938,-0.5201330089599189,0
1571237116250,-0.15189555537656493,-1.3530575659157889,-0.7300806560898333,-0.14531424239644194,-0.5140989141671255,0
1571237116500,0.19637696577610014,-1.3855732710671982,-0.45056142194534043,0.5878770248964609,-0.5181226910695557,0
1571237116750,0.10930883548793388,-1.5481517968242449,-1.3240590286468805,0.00979854849237841,-0.5140989141671255,0
1571237117000,-0.19542962052064808,-1.4180889762186075,-1.114419603038511,0.7611737034848974,-0.5161108026183406,0
1571237117250,0.19637696577610014,-1.5156360916728355,-1.0445397945023878,1.4161319655585207,-0.5120885962767622,0
1571237117500,-0.9790427931141445,-1.9383402586411569,-1.0794796987704494,0.3638346131928156,-0.5100767078255471,0
1571237117750,-0.4566340113851469,-1.2880261556129702,-0.6951407518217716,-2.4929810087496995,-0.5100767078255471,0
1571237118000,-0.021293359944315533,-1.4506046813700169,-0.48550132621340203,-0.9832108723503913,-0.5120885962767622,0
1571237118250,-0.5872362068173963,-1.3530575659157889,-1.1493595073065725,0.3467502163773622,-0.5161108026183406,0
1571237118500,-0.36956588109698063,-1.5481517968242449,-1.2192393158426957,0.4890919977655217,-0.5161108026183406,0
1571237118750,-0.28249775080881434,-1.5481517968242449,-1.0794796987704494,1.3943113003189809,-0.5161108026183406,0
1571237119000,0.5011154217846822,-1.6782146174298822,-0.9746599859662645,-0.7070695079817989,-0.5161108026183406,0
1571237119250,-0.5872362068173963,-1.8407931431869289,-0.9397200816982029,-1.4509173792288952,-0.5181226910695557,0
1571237119500,0.06577477034385075,-0.9628691040988767,-0.5903210390175868,-0.262367733448856,-0.5181226910695557,0
1571237119750,0.15284290063201703,-0.9628691040988767,-0.4156215176772788,0.6263592058421605,-0.5241567858623492,0
1571237120000,-0.021293359944315533,-1.0279005144016955,-1.2541792201107573,0.5840710949128202,-0.5181226910695557,0
1571237120250,0.3269791612083496,-1.2555104504615608,-1.289119124378819,1.7634019325102632,-0.5221448974111341,0
1571237120500,0.2399110309201833,-1.5156360916728355,-0.9746599859662645,2.08800547200388,-0.5201330089599189,0
1571237120750,0.3705132263524327,-1.4506046813700169,-1.2192393158426957,-2.6832775079317313,-0.5201330089599189,0
1571237121000,0.10930883548793388,-1.6782146174298822,-1.463818645719127,-2.1077363181834095,-0.5201330089599189,0
1571237121250,-0.1083614902324818,-1.6131832071270635,-1.3240590286468805,0.47725132670530646,-0.5181226910695557,0
1571237121500,-0.50016807652923,-1.6782146174298822,-1.114419603038511,0.12169289001141294,-0.5181226910695557,0
1571237121750,-0.804906532537812,-1.4831203865214262,-0.8349003688940181,0.4376696548754439,-0.5140989141671255,0
1571237122000,-0.6743043371055626,-1.7107303225812915,-0.7300806560898333,-0.24841265684217365,-0.5100767078255471,0
1571237122250,-0.36956588109698063,-1.4831203865214262,-0.7300806560898333,0.14621999435043034,-0.5120885962767622,0
1571237122500,-0.7613724673937289,-1.8082774380355195,-1.2541792201107573,0.030519722847755174,-0.5140989141671255,0
1571237122750,-0.23896368566473122,-1.6456989122784729,-1.1842994115746341,0.8158945190274639,-0.5120885962767622,0
1571237123000,-0.23896368566473122,-1.5806675019756542,-1.114419603038511,3.0712040511110428,-0.5120885962767622,0
1571237123250,0.41404729149651587,-1.3205418607643795,-0.9397200816982029,-1.1807809266122693,-0.5120885962767622,0
1571237123500,-0.6743043371055626,-1.8082774380355195,-1.0445397945023878,-2.3053909486671462,-0.5120885962767622,0
1571237123750,-0.28249775080881434,-1.2880261556129702,-0.5903210390175868,-0.3376405709030818,-0.5140989141671255,0
1571237124000,0.19637696577610014,-1.1904790401587422,-0.5903210390175868,0.5901605828866452,-0.5120885962767622,0
1571237124250,-0.23896368566473122,-1.2229947453101515,-1.114419603038511,0.10452391697410075,-0.5080648193743319,0
1571237124500,0.06577477034385075,-1.4180889762186075,-1.0445397945023878,0.7625269230346363,-0.5120885962767622,0
1571237124750,-0.1083614902324818,-1.4831203865214262,-1.0095998902343262,0.5254597731647543,-0.5100767078255471,0
1571237125000,0.6317176172169315,-2.0684030792467945,-0.9047801774301413,0.9068139575255456,-0.5140989141671255,0
1571237125250,-0.804906532537812,-2.035887374095385,-0.7999604646259565,-1.9675935185635756,-0.5140989141671255,0
1571237125500,-0.23896368566473122,-1.4506046813700169,-0.5204412304814636,-0.6689256319235339,-0.5100767078255471,0
1571237125750,0.5011154217846822,-1.4180889762186075,-0.310801804873094,0.371953930491249,-0.5120885962767622,0
1571237126000,-0.3260318159528975,-1.5481517968242449,-0.4156215176772788,0.17920472087531578,-0.5100767078255471,0
1571237126250,-0.06482742508839867,-1.6131832071270635,-0.4156215176772788,1.6725670702340403,-0.5060529309231169,0
1571237126500,-0.15189555537656493,-1.6131832071270635,-0.8698402731620797,2.091388520878227,-0.5120885962767622,0
1571237126750,-0.6307702719614795,-1.5806675019756542,-1.0445397945023878,-0.0002660219088045895,-0.5140989141671255,0
1571237127000,-0.15189555537656493,-0.995384809250286,-0.48550132621340203,-3.5554275077384463,-0.5080648193743319,0
1571237127250,-0.23896368566473122,-1.6456989122784729,-0.3806816134092172,-1.1927061738943432,-0.5100767078255471,0
1571237127500,0.19637696577610014,-1.4506046813700169,-1.0445397945023878,-0.6844030805236725,-0.5140989141671255,0
1571237127750,0.19637696577610014,-1.6131832071270635,-1.0794796987704494,0.7761436947538839,-0.5100767078255471,0
1571237128000,0.2399110309201833,-1.4506046813700169,-0.8698402731620797,-0.07443936847886753,-0.5080648193743319,0
1571237128250,0.28344509606426643,-1.3855732710671982,-1.0095998902343262,0.585424314462559,-0.5120885962767622,0
1571237128500,0.022240705199767605,-1.4506046813700169,-0.9746599859662645,-0.127806964471695,-0.5100767078255471,0
1571237128750,0.06577477034385075,-1.5156360916728355,-0.9397200816982029,0.2995566845802184,-0.5140989141671255,0
1571237129000,-0.4130999462410638,-1.6456989122784729,-0.8698402731620797,0.5723995762963222,-0.5100767078255471,0
1571237129250,-0.7613724673937289,-1.8082774380355195,-0.8349003688940181,-0.2591538370182261,-0.5120885962767622,0
1571237129500,-0.7178384022496457,-1.6456989122784729,-0.5553811347495252,0.12118543268026086,-0.5100767078255471,0
1571237129750,-0.9790427931141445,-1.7432460277327009,-0.6252609432856484,-0.278521791823864,-0.5100767078255471,0
1571237130000,0.10930883548793388,-1.4831203865214262,-1.0445397945023878,0.7800342009593834,-0.5100767078255471,0
1571237130250,-0.19542962052064808,-1.5156360916728355,-0.8698402731620797,0.8789883805340396,-0.5100767078255471,0
1571237130500,-0.021293359944315533,-1.4831203865214262,-0.8698402731620797,0.4680325185227102,-0.5100767078255471,0
1571237130750,0.06577477034385075,-1.6782146174298822,-0.9047801774301413,-1.7593668603475037,-0.5100767078255471,0
1571237131000,-0.1083614902324818,-1.4506046813700169,-0.8349003688940181,-0.20680115568770277,-0.5140989141671255,0
1571237131250,-0.8484405976818952,-1.8407931431869289,-0.7300806560898333,0.035086838828123926,-0.5100767078255471,0
1571237131500,-0.4566340113851469,-1.1579633350073328,-0.7300806560898333,0.25202484789563984,-0.5120885962767622,0
1571237131750,-0.06482742508839867,-1.5481517968242449,-0.13610228353278597,0.38971493708157195,-0.5100767078255471,0
1571237132000,-0.021293359944315533,-1.2229947453101515,-1.1842994115746341,-0.026484650684995593,-0.5120885962767622,0
1571237132250,-0.021293359944315533,-1.4831203865214262,-1.289119124378819,1.8577044198826922,-0.5120885962767622,0
1571237132500,0.19637696577610014,-1.2880261556129702,-1.1493595073065725,1.755536343877406,-0.5120885962767622,0
1571237132750,0.5881835520728484,-1.3855732710671982,-0.9397200816982029,-3.278778686038702,-0.5120885962767622,0
1571237133000,-0.3260318159528975,-1.7107303225812915,-1.0794796987704494,-1.7331482315713127,-0.5140989141671255,0
1571237133250,-0.19542962052064808,-1.1579633350073328,-0.7650205603578949,0.7307262636157724,-0.5100767078255471,0
1571237133500,-0.6743043371055626,-1.5481517968242449,-1.4288787414510653,-1.2979189938865419,-0.5140989141671255,0
1571237133750,0.28344509606426643,-1.3205418607643795,-1.3240590286468805,-0.7648350675112778,-0.5181226910695557,0
1571237134000,0.10930883548793388,-1.6131832071270635,-1.3589989329149421,-0.1300905224618794,-0.5201330089599189,0
1571237134250,0.28344509606426643,-1.4506046813700169,-1.5686383585233117,0.7753825087571558,-0.5402487523503664,0
1571237134500,-0.021293359944315533,-1.4506046813700169,-0.9047801774301413,0.4291274564677171,-0.5482931650335231,0
1571237134750,0.022240705199767605,-1.3855732710671982,-1.0445397945023878,0.9805644229863151,-0.5402487523503664,0
1571237135000,-0.19542962052064808,-1.7107303225812915,-0.8698402731620797,-1.0731153961861688,-0.5140989141671255,0
1571237135250,-0.021293359944315533,-1.4180889762186075,-0.66020084755371,0.5647031401071823,-0.5080648193743319,0
1571237135500,-0.28249775080881434,-1.1579633350073328,-0.7999604646259565,0.14740406145645188,-0.5120885962767622,0
1571237135750,-0.4566340113851469,-1.9708559637925664,-1.3589989329149421,-0.33916294289653803,-0.5120885962767622,0
1571237136000,-0.19542962052064808,-1.2880261556129702,-1.0445397945023878,0.5277433311549388,-0.5100767078255471,0
1571237136250,0.6752516823610146,-1.8082774380355195,-0.7650205603578949,0.06578800736282502,-0.5040426130327536,0
1571237136500,-0.23896368566473122,-1.9708559637925664,-1.114419603038511,-0.9127588795421102,-0.5060529309231169,0
1571237136750,-0.7178384022496457,-0.897837693796058,-0.7300806560898333,0.2943975350468388,-0.5040426130327536,0
1571237137000,0.28344509606426643,-1.9058245534897476,-0.9397200816982029,1.4050524804950335,-0.5060529309231169,0
1571237137250,-0.5872362068173963,-1.9708559637925664,-1.289119124378819,-0.8557545060093595,-0.5060529309231169,0
1571237137500,-0.021293359944315533,-1.5806675019756542,-1.0445397945023878,1.2958645780754765,-0.5060529309231169,0
1571237137750,0.28344509606426643,-1.3530575659157889,-1.0445397945023878,-0.10649375656330749,-0.5040426130327536,0
1571237138000,-0.8919746628259783,-1.2555104504615608,-0.8698402731620797,-0.7030944255544408,-0.5020307245815384,0
1571237138250,-1.0661109234023107,-1.6456989122784729,-0.6951407518217716,-0.44040068046137876,-0.5040426130327536,0
1571237138500,-0.5872362068173963,-1.7432460277327009,-0.5553811347495252,0.39115273285316954,-0.5000188361303234,0
1571237138750,-0.4130999462410638,-1.6456989122784729,-0.6252609432856484,0.06950936112460697,-0.5020307245815384,0
1571237139000,0.3705132263524327,-2.4911072462151154,-0.24092199633697078,0.47902742736433873,-0.5020307245815384,0
1571237139250,-0.28249775080881434,-1.5806675019756542,-0.7650205603578949,0.04887276299108888,-0.5000188361303234,0
1571237139500,-0.8484405976818952,-1.9058245534897476,-0.9397200816982029,-0.407500530158352,-0.5000188361303234,0
1571237139750,0.5011154217846822,-1.2880261556129702,-1.114419603038511,0.2930443154970999,-0.5060529309231169,0
1571237140000,0.2399110309201833,-1.4831203865214262,-1.0095998902343262,0.6936818784416703,-0.4879506465447363,0
1571237140250,0.10930883548793388,-1.3205418607643795,-1.1493595073065725,0.7081444123795048,-0.48392844020315784,0
1571237140500,0.45758135664059896,-1.3205418607643795,-1.0445397945023878,-1.3223615220037008,-0.48392844020315784,0
1571237140750,0.41404729149651587,-1.6456989122784729,-0.7999604646259565,-0.5544094275268803,-0.4879506465447363,0
1571237141000,-0.36956588109698063,-1.6456989122784729,-0.6951407518217716,-0.32571532362100786,-0.4859387580935212,0
1571237141250,-0.5437021416733132,-1.4180889762186075,-0.6951407518217716,0.42684389847753273,-0.49197285288631476,0
1571237141500,-0.4130999462410638,-1.5156360916728355,-0.3457417091411556,0.1047776456396768,-0.4879506465447363,0
1571237141750,-0.15189555537656493,-1.9708559637925664,-0.8698402731620797,0.3166410813956718,-0.49197285288631476,0
1571237142000,-0.021293359944315533,-1.4831203865214262,-0.66020084755371,0.8512473797643924,-0.4899625349959514,0
1571237142250,0.022240705199767605,-1.7107303225812915,-0.8698402731620797,1.417823489995694,-0.4899625349959514,0
1571237142500,0.15284290063201703,-1.4831203865214262,-0.9746599859662645,-0.5636282357094765,-0.49197285288631476,0
1571237142750,0.06577477034385075,-1.4180889762186075,-0.9047801774301413,-1.4621660167361,-0.49197285288631476,0
1571237143000,-0.50016807652923,-1.3855732710671982,-0.7650205603578949,0.02130091466515898,-0.49398474133752984,0
1571237143250,-0.7613724673937289,-1.6782146174298822,-0.7999604646259565,-0.04077803217911263,-0.49197285288631476,0
1571237143500,0.022240705199767605,-1.2229947453101515,-0.7650205603578949,0.47403743027467654,-0.49800851823996006,0
1571237143750,0.19637696577610014,-1.8082774380355195,-0.5553811347495252,0.36518783274255456,-0.49800851823996006,0
1571237144000,0.15284290063201703,-1.2229947453101515,-1.0794796987704494,0.8306107816308743,-0.49800851823996006,0
1571237144250,0.28344509606426643,-1.3205418607643795,-1.0794796987704494,2.219859801881563,-0.48392844020315784,0
1571237144500,-0.06482742508839867,-1.5481517968242449,-1.3240590286468805,-2.9926573274907855,-0.4879506465447363,0
1571237144750,-0.021293359944315533,-1.4506046813700169,-1.3240590286468805,-1.028036269935492,-0.49800851823996006,0
1571237145000,0.28344509606426643,-1.3530575659157889,-1.3240590286468805,-0.05701666677597932,-0.5020307245815384,0
1571237145250,0.28344509606426643,-1.3205418607643795,-1.289119124378819,0.0789818979727792,-0.5060529309231169,0
1571237145500,0.3269791612083496,-1.3530575659157889,-1.289119124378819,0.438430840872172,-0.5080648193743319,0
1571237145750,0.19637696577610014,-1.4180889762186075,-1.3240590286468805,0.48621640622232654,-0.5060529309231169,0
1571237146000,-0.3260318159528975,-1.5156360916728355,-0.8698402731620797,0.7358008369272933,-0.5100767078255471,0
1571237146250,-0.36956588109698063,-1.6782146174298822,-0.6252609432856484,-0.5822350045183863,-0.49800851823996006,0
1571237146500,0.022240705199767605,-1.2880261556129702,-0.6252609432856484,-0.3365410800189189,-0.4859387580935212,0
1571237146750,-0.06482742508839867,-1.1579633350073328,-0.5903210390175868,-0.5232853778828859,-0.4879506465447363,0
1571237147000,0.10930883548793388,-1.6456989122784729,-0.48550132621340203,0.5780661831608538,-0.48392844020315784,0
1571237147250,-0.021293359944315533,-1.5481517968242449,-0.9047801774301413,0.3586754636594361,-0.4819165517519428,0
1571237147500,0.022240705199767605,-1.4180889762186075,-1.0445397945023878,1.6495623378884792,-0.4859387580935212,0
1571237147750,-0.021293359944315533,-1.4831203865214262,-1.0794796987704494,-1.6062838987832917,-0.4879506465447363,0
1571237148000,0.19637696577610014,-1.4180889762186075,-1.1493595073065725,-1.0944286040945563,-0.4819165517519428,0
1571237148250,0.10930883548793388,-1.6782146174298822,-1.114419603038511,-0.5131362312598442,-0.4738705685079342,0
1571237148500,-0.06482742508839867,-1.3855732710671982,-0.9746599859662645,-0.09913562526160229,-0.47588245695914927,0
1571237148750,-0.15189555537656493,-1.5806675019756542,-0.7999604646259565,0.05741496139881562,-0.4718586800567191,0
1571237149000,0.022240705199767605,-1.5156360916728355,-0.66020084755371,-0.2259153818277646,-0.4718586800567191,0
1571237149250,-0.15189555537656493,-1.4506046813700169,-0.66020084755371,0.3102132885344121,-0.47789277484951254,0
1571237149500,0.28344509606426643,-1.3855732710671982,-0.45056142194534043,-0.048897349477545975,-0.47990466330072773,0
1571237149750,-0.021293359944315533,-1.7107303225812915,-0.7300806560898333,0.853192632867142,-0.47990466330072773,0
1571237150000,-0.021293359944315533,-1.5806675019756542,-0.9397200816982029,0.6530852919495036,-0.48392844020315784,0
1571237150250,0.15284290063201703,-1.4506046813700169,-1.0445397945023878,0.5265592640489173,-0.4718586800567191,0
1571237150500,-0.021293359944315533,-1.5481517968242449,-1.114419603038511,-0.28613365179114525,-0.46984836216635584,0
1571237150750,0.10930883548793388,-1.4831203865214262,-1.1842994115746341,-1.1823878748275842,-0.47789277484951254,0
1571237151000,0.10930883548793388,-1.3855732710671982,-1.114419603038511,-0.9230771786088693,-0.47990466330072773,0
1571237151250,-0.23896368566473122,-1.4180889762186075,-0.9746599859662645,-0.09972765881461304,-0.47990466330072773,0
1571237151500,-0.4566340113851469,-1.6782146174298822,-0.7650205603578949,0.5024550408191932,-0.4819165517519428,0
1571237151750,-0.3260318159528975,-1.4180889762186075,-0.6951407518217716,-0.047628706149665766,-0.4819165517519428,0
1571237152000,-0.4566340113851469,-1.5806675019756542,-0.6252609432856484,0.5155643552072888,-0.4819165517519428,0
1571237152250,-0.3260318159528975,-1.5156360916728355,-0.5204412304814636,0.33499412153900554,-0.47990466330072773,0
1571237152500,-0.3260318159528975,-1.5806675019756542,-0.6951407518217716,0.7697159018926243,-0.47990466330072773,0
1571237152750,-0.15189555537656493,-1.5156360916728355,-0.8349003688940181,0.06443478781308612,-0.47990466330072773,0
1571237153000,-0.06482742508839867,-1.5156360916728355,-1.1842994115746341,-0.4431916957827152,-0.4819165517519428,0
1571237153250,-0.1083614902324818,-1.5806675019756542,-1.114419603038511,-0.2460445226301306,-0.47588245695914927,0
1571237153500,0.06577477034385075,-1.4506046813700169,-1.0095998902343262,-0.4622213457009184,-0.4819165517519428,0
1571237153750,0.15284290063201703,-1.4506046813700169,-0.8698402731620797,0.246950274584119,-0.47990466330072773,0
1571237154000,-0.23896368566473122,-1.3855732710671982,-0.9047801774301413,-0.10311070768896027,-0.48392844020315784,0
1571237154250,-0.5437021416733132,-2.003371668943976,-0.7999604646259565,0.02620633553296246,-0.47990466330072773,0
1571237154500,-0.06482742508839867,-1.2229947453101515,-0.5903210390175868,-0.04627548659992687,-0.4859387580935212,0
1571237154750,-0.1083614902324818,-1.6782146174298822,-0.3457417091411556,-0.1664582978611121,-0.4819165517519428,0
1571237155000,-0.1083614902324818,-1.3530575659157889,-1.0095998902343262,0.4571221859029404,-0.48392844020315784,0
1571237155250,-0.021293359944315533,-1.7432460277327009,-1.2541792201107573,0.38074985756455176,-0.47990466330072773,0
1571237155500,-0.19542962052064808,-1.3205418607643795,-1.1493595073065725,0.3938591719526473,-0.48392844020315784,0
1571237155750,0.10930883548793388,-1.4831203865214262,-0.8698402731620797,-0.7172186546048405,-0.47990466330072773,0
1571237156000,-1.0225768582582277,-1.5806675019756542,-0.8349003688940181,-1.100264363402805,-0.47990466330072773,0
1571237156250,0.5446494869287652,-0.8653219886446487,-0.6951407518217716,-0.2116220003336476,-0.4819165517519428,0
1571237156500,1.8071373761071763,-1.7757617328841102,-0.9746599859662645,0.03466395771883052,-0.47588245695914927,0
1571237156750,0.28344509606426643,-0.7352591680390114,-1.1842994115746341,0.283487202427069,-0.4738705685079342,0
1571237157000,0.3269791612083496,-1.2555104504615608,-1.3240590286468805,0.8992020975582643,-0.4899625349959514,0
1571237157250,0.7187857475050978,-1.3530575659157889,-1.3240590286468805,1.1664629586316952,-0.49398474133752984,0
1571237157500,0.5881835520728484,-1.3530575659157889,-1.1493595073065725,-1.9130418554647266,-0.4879506465447363,0
1571237157750,0.10930883548793388,-1.5806675019756542,-1.3589989329149421,-0.020141434045594545,-0.47789277484951254,0
1571237158000,0.2399110309201833,-1.6782146174298822,-0.66020084755371,-0.6647813970524586,-0.4597904904711321,0
1571237158250,-0.23896368566473122,-1.2555104504615608,-0.5903210390175868,-0.4753306600890139,-0.4597904904711321,0
1571237158500,0.3269791612083496,-1.4506046813700169,-0.2758619006050324,-0.11808069895794675,-0.45375639567833864,0
1571237158750,-0.1083614902324818,-1.1904790401587422,-0.45056142194534043,-0.4511418606374313,-0.45777860201991694,0
1571237159000,0.2399110309201833,-1.9383402586411569,-0.66020084755371,0.27815890044997216,-0.45777860201991694,0
1571237159250,-0.06482742508839867,-1.8407931431869289,-1.2541792201107573,0.542036712649056,-0.4597904904711321,0
1571237159500,-0.28249775080881434,-1.4506046813700169,-1.114419603038511,2.2277253905144203,-0.45777860201991694,0
1571237159750,0.19637696577610014,-1.4180889762186075,-0.9746599859662645,-1.5524934216811708,-0.45777860201991694,0
1571237160000,-0.8919746628259783,-1.9708559637925664,-1.0794796987704494,-2.065532783475928,-0.4597904904711321,0
1571237160250,-0.23896368566473122,-1.4831203865214262,-0.7650205603578949,-0.4196795061060021,-0.46180237892234727,0
1571237160500,0.45758135664059896,-0.995384809250286,-0.48550132621340203,0.3924213761810497,-0.39542419507991505,0
1571237160750,0.19637696577610014,-1.6131832071270635,-0.4156215176772788,0.4236300020469029,-0.4215724627023042,0
1571237161000,0.5446494869287652,0.7604632689258184,-1.114419603038511,2.756918810684185,-0.45375639567833864,0
1571237161250,-1.3273153142668097,-1.2229947453101515,0.038597237807522056,1.6729899513433337,-0.4597904904711321,0
1571237161500,-1.4143834445549759,-2.1984658998524313,-0.3806816134092172,0.8419439953599375,-0.4436985239831149,0
1571237161750,-0.4566340113851469,-1.4831203865214262,-0.48550132621340203,-2.3328782207712173,-0.45375639567833864,0
1571237162000,-0.5872362068173963,-1.5806675019756542,0.3530563762200765,-2.855305543192288,-0.4497326187759083,0
1571237162250,0.45758135664059896,-0.8653219886446487,0.5976357060965077,-0.3739237700804558,-0.46180237892234727,0
1571237162500,-0.36956588109698063,-0.8653219886446487,0.4578760890242613,-0.0439919286097425,-0.4597904904711321,0
1571237162750,-0.5872362068173963,-1.7432460277327009,0.003657333539460452,0.3947895103930928,-0.4517445072271235,0
1571237163000,-0.8484405976818952,-1.8407931431869289,0.9120948445090622,-0.23800978155355593,-0.43967631764153653,0
1571237163250,1.371796724666345,-3.694188336817261,0.49281599329232295,1.5004544587516253,-0.45777860201991694,0
1571237163500,-2.2415306822925554,0.1751805762004503,-0.031282570728601154,-0.6260454874411827,-0.4658245852639256,0
1571237163750,-1.3273153142668097,-1.5156360916728355,-1.289119124378819,-0.24756689462358686,-0.4678364737151407,0
1571237164000,0.06577477034385075,-2.1009187843982033,-0.3806816134092172,-0.19648285662094372,-0.4718586800567191,0
1571237164250,-0.19542962052064808,-1.6131832071270635,-0.9746599859662645,2.3179682192376325,-0.46984836216635584,0
1571237164500,-1.5014515748431423,-1.3530575659157889,-0.9397200816982029,2.409987148619877,-0.4718586800567191,0
1571237164750,-0.36956588109698063,-1.8733088483383382,-0.9047801774301413,-1.6533928543585767,-0.4597904904711321,0
1571237165000,-0.15189555537656493,-1.6456989122784729,-0.9397200816982029,-2.6635712482386587,-0.4718586800567191,0
1571237165250,-0.6307702719614795,-1.9708559637925664,-0.66020084755371,-1.812226999009179,-0.4678364737151407,0
1571237165500,-0.7613724673937289,-1.7757617328841102,-0.8698402731620797,0.43513236821968343,-0.4718586800567191,0
1571237165750,-0.5437021416733132,-1.5481517968242449,-0.9047801774301413,-1.5488566441412477,-0.46984836216635584,0
1571237166000,-0.5437021416733132,-1.5481517968242449,-0.45056142194534043,0.42946576135515185,-0.4718586800567191,0
1571237166250,-0.8484405976818952,-1.6782146174298822,-0.6951407518217716,-0.4963055631099667,-0.46984836216635584,0
1571237166500,-0.6743043371055626,-1.6131832071270635,-0.7300806560898333,0.7008708572996583,-0.46984836216635584,0
1571237166750,-0.6307702719614795,-1.6131832071270635,-0.48550132621340203,-0.35548615371526343,-0.46984836216635584,0
1571237167000,-0.5872362068173963,-1.5481517968242449,-0.6951407518217716,0.5932899030954163,-0.4678364737151407,0
1571237167250,-0.5872362068173963,-1.6782146174298822,-0.48550132621340203,-0.09008596952272345,-0.46984836216635584,0
1571237167500,-0.23896368566473122,-1.4831203865214262,-0.4156215176772788,0.5969266806353396,-0.46984836216635584,0
1571237167750,-0.5872362068173963,-1.5806675019756542,-0.66020084755371,-0.10970765299393737,-0.46984836216635584,0
1571237168000,-0.6307702719614795,-1.6456989122784729,-0.66020084755371,0.38235680577986675,-0.4658245852639256,0
1571237168250,-0.6743043371055626,-1.6456989122784729,-0.66020084755371,-0.22693029649006877,-0.4658245852639256,0
1571237168500,-0.6743043371055626,-1.6456989122784729,-0.6951407518217716,0.3119048129715857,-0.4678364737151407,0
1571237168750,-0.6743043371055626,-1.6782146174298822,-0.6951407518217716,-0.05803158143828349,-0.4658245852639256,0
1571237169000,-0.6307702719614795,-1.6456989122784729,-0.6951407518217716,0.4153415323047522,-0.46984836216635584,0
1571237169250,-0.6743043371055626,-1.6456989122784729,-0.6951407518217716,-0.08704122553581094,-0.4678364737151407,0
1571237169500,-0.6743043371055626,-1.6782146174298822,-0.6951407518217716,0.2841638122019385,-0.4718586800567191,0
1571237169750,-0.6743043371055626,-1.6456989122784729,-0.6951407518217716,-0.08095173756198594,-0.4718586800567191,0
1571237170000,0.10930883548793388,-1.8733088483383382,0.4229361847561997,0.2646267049525833,-0.46984836216635584,0
1571237170250,-0.19542962052064808,-2.003371668943976,0.4578760890242613,0.006838380727324586,-0.4638126968127104,0
1571237170500,-1.2837812491227265,-0.7677748731904207,0.038597237807522056,0.3020093950141201,-0.45777860201991694,0
1571237170750,-1.457917509699059,-1.7432460277327009,0.10847704634364527,0.30302430967642424,-0.45375639567833864,0
1571237171000,-1.3273153142668097,-1.7432460277327009,-0.3806816134092172,1.3552370858202705,-0.4557682841295537,0
1571237171250,-0.4130999462410638,-1.8407931431869289,-0.2059820920689092,1.1221450183777466,-0.4557682841295537,0
1571237171500,-0.021293359944315533,-0.702743462887602,-1.0095998902343262,1.169676855062325,-0.4517445072271235,0
1571237171750,1.3282626595222617,-0.8653219886446487,-1.1493595073065725,0.3785508757962261,-0.43364222284874304,0
1571237172000,0.5011154217846822,-1.2880261556129702,-1.114419603038511,-2.6768497150704715,-0.41151616156793225,0
1571237172250,0.19637696577610014,-1.4180889762186075,-0.9047801774301413,-2.7403664576863407,-0.4215724627023042,0
1571237172500,0.45758135664059896,-1.1904790401587422,-0.8349003688940181,0.21202029495648386,-0.42961844594631277,0
1571237172750,0.2399110309201833,-1.3530575659157889,-0.66020084755371,3.6085167885792404,-0.43364222284874304,0
1571237173000,0.022240705199767605,-1.3855732710671982,-0.5903210390175868,1.0022159357821374,-0.4276081280559495,0
1571237173250,0.06577477034385075,-1.4180889762186075,-0.5204412304814636,-2.849131478996604,-0.42961844594631277,0
1571237173500,-0.5872362068173963,-1.6131832071270635,-0.10116237926472436,-2.132517151188003,-0.42961844594631277,0
1571237173750,-0.5437021416733132,-1.5156360916728355,-0.2059820920689092,3.5562486834705758,-0.43967631764153653,0
1571237174000,0.41404729149651587,-1.6131832071270635,-0.6951407518217716,0.24145282016330474,-0.43967631764153653,0
1571237174250,0.5011154217846822,-1.1579633350073328,-1.2192393158426957,-0.337048537350071,-0.45777860201991694,0
1571237174500,0.5881835520728484,-1.3205418607643795,-1.289119124378819,-4.646799074602862,-0.4276081280559495,0
1571237174750,0.5011154217846822,-1.1579633350073328,-0.8349003688940181,-1.7988639559555077,-0.4497326187759083,0
1571237175000,-0.021293359944315533,-1.5156360916728355,-0.8349003688940181,0.7389301571360645,-0.4517445072271235,0
1571237175250,-0.6743043371055626,-1.6456989122784729,-0.5553811347495252,0.6133344676759237,-0.4416882060927516,0
1571237175500,0.06577477034385075,-1.1904790401587422,-0.45056142194534043,0.8216457021138541,-0.37531002225031945,0
1571237175750,0.10930883548793388,-1.8407931431869289,-0.4156215176772788,1.678741134429724,-0.38134411704311294,0
1571237176000,-0.4130999462410638,-1.6782146174298822,-0.7999604646259565,2.2415958908992435,-0.3994479719823453,0
1571237176250,-0.021293359944315533,-1.4180889762186075,-1.0794796987704494,0.31824802961098675,-0.39743608353113014,0
1571237176500,-0.06482742508839867,-1.4180889762186075,-1.0095998902343262,0.22766689600033982,-0.4054820667751387,0
1571237176750,-0.15189555537656493,-1.5806675019756542,-0.8349003688940181,-1.099587753627936,-0.4034701783239236,0
1571237177000,0.15284290063201703,-1.4180889762186075,-0.6951407518217716,-2.017239760794621,-0.4074923846655021,0
1571237177250,-0.19542962052064808,-1.7107303225812915,-0.5553811347495252,-1.5944432277230765,-0.4054820667751387,0
1571237177500,-0.50016807652923,-1.4506046813700169,-0.6252609432856484,0.9781117125524134,-0.39542419507991505,0
1571237177750,-0.7178384022496457,-1.5481517968242449,-0.66020084755371,-0.08661834442651754,-0.3632418326647325,0
1571237178000,0.5881835520728484,-1.5481517968242449,-0.66020084755371,0.39343629084335385,-0.369275927457526,0
1571237178250,-0.23896368566473122,-1.4831203865214262,-0.8698402731620797,-0.33290430247899566,-0.4517445072271235,0
1571237178500,0.022240705199767605,-1.4506046813700169,-0.8349003688940181,3.167282639142504,-0.40950427311671717,0
1571237178750,0.10930883548793388,-1.3530575659157889,-0.7650205603578949,1.726188394892444,-0.4638126968127104,0
1571237179000,-0.4130999462410638,-1.4180889762186075,-1.1493595073065725,-1.5032700605594187,-0.41151616156793225,0
1571237179250,0.10930883548793388,-1.5481517968242449,-1.0794796987704494,-3.3461013586382116,-0.41755025636072574,0
1571237179500,0.2399110309201833,-1.3530575659157889,-1.2541792201107573,0.4838482720102835,-0.41151616156793225,0
1571237179750,-0.28249775080881434,-1.5806675019756542,-1.2192393158426957,1.3483018356278587,-0.4074923846655021,0
1571237180000,0.022240705199767605,-1.5481517968242449,-1.0095998902343262,-3.1694216311754277,-0.40145828987270854,0
1571237180250,-0.28249775080881434,-1.5806675019756542,-1.2541792201107573,0.10460849319595944,-0.4074923846655021,0
1571237180500,-0.5437021416733132,-1.6456989122784729,-1.7083979755955583,1.1851543036624637,-0.36525215055509574,0
1571237180750,-1.109644988546394,-1.6782146174298822,-1.9180374012039278,3.958239465964885,-0.36525215055509574,0
1571237181000,-0.6307702719614795,-1.7432460277327009,-1.1842994115746341,1.020568975925471,-0.4416882060927516,0
1571237181250,-0.804906532537812,-1.8733088483383382,-1.7083979755955583,0.09107629769857054,-0.41553836790951065,0
1571237181500,-0.50016807652923,-1.3205418607643795,-1.0095998902343262,-1.0072305193582565,-0.41755025636072574,0
1571237181750,0.15284290063201703,-2.1334344895496127,-1.1493595073065725,-1.8665249334424523,-0.41553836790951065,0
1571237182000,-1.1967131188345603,-1.6782146174298822,-1.463818645719127,-5.385995253647731,-0.41151616156793225,0
1571237182250,-0.4130999462410638,-1.5806675019756542,-1.1842994115746341,-2.832469963290444,-0.4195621448119408,0
1571237182500,0.06577477034385075,-1.9058245534897476,-1.114419603038511,-0.006017204995194875,-0.41553836790951065,0
1571237182750,-1.109644988546394,-1.9383402586411569,-1.0095998902343262,0.7818103016184156,-0.4135280500191474,0
1571237183000,-0.4130999462410638,-1.4506046813700169,-0.7999604646259565,1.134493146769114,-0.41553836790951065,0
1571237183250,-0.3260318159528975,-1.4506046813700169,-0.66020084755371,0.7706462403330697,-0.41151616156793225,0
1571237183500,-0.8484405976818952,-1.5806675019756542,-1.2541792201107573,1.8455254439350421,-0.4135280500191474,0
1571237183750,-0.8919746628259783,-1.5481517968242449,-1.3589989329149421,0.859282120840967,-0.40950427311671717,0
1571237184000,-0.4130999462410638,-1.7107303225812915,-1.114419603038511,1.8015458085685283,-0.40145828987270854,0
1571237184250,0.10930883548793388,-1.8082774380355195,-1.114419603038511,-0.6978506997992027,-0.3994479719823453,0
1571237184500,-0.7613724673937289,-1.9058245534897476,-1.0794796987704494,-1.2948742498996295,-0.39542419507991505,0
1571237184750,-0.5437021416733132,-1.5806675019756542,-0.8349003688940181,-0.040355151069819226,-0.37128781590874105,0
1571237185000,0.3269791612083496,-1.0604162195531048,-0.4156215176772788,1.2484173176127569,-0.33105789968869803,0
1571237185250,0.10930883548793388,-1.9058245534897476,-0.7650205603578949,0.060713434051304166,-0.30490963206630894,0
1571237185500,-0.4130999462410638,-1.5156360916728355,-1.0445397945023878,1.2258354663764892,-0.2707153811999111,0
1571237185750,-0.4130999462410638,-1.8082774380355195,-1.2541792201107573,0.7393530382453579,-0.2526115262606789,0
1571237186000,-0.19542962052064808,-1.5156360916728355,-1.114419603038511,2.4406883171545783,-0.23853144822387667,0
1571237186250,0.28344509606426643,-1.4180889762186075,-1.0445397945023878,-1.9806182567298123,-0.23853144822387667,0
1571237186500,-0.7178384022496457,-1.9708559637925664,-0.9746599859662645,-1.1713929659859559,-0.2365211303335134,0
1571237186750,-0.4130999462410638,-1.2555104504615608,-0.7650205603578949,-0.322755155855954,-0.2506012083703156,0
1571237187000,0.2399110309201833,-1.3205418607643795,-0.5553811347495252,-0.26735773053851813,-0.26266939795590255,0
1571237187250,-0.6307702719614795,-1.9058245534897476,-1.0794796987704494,0.25151739056448774,-0.27674947599270466,0
1571237187500,-0.6743043371055626,-1.8082774380355195,-1.289119124378819,0.1446976223569741,-0.2787613644439198,0
1571237187750,-0.36956588109698063,-1.4831203865214262,-1.1493595073065725,1.552637987638431,-0.2888176655782917,0
1571237188000,0.10930883548793388,-1.3205418607643795,-1.1842994115746341,1.4262811121815622,-0.29887553727351546,0
1571237188250,-1.0225768582582277,-1.5806675019756542,-0.9047801774301413,-2.2949880733785286,-0.3028977436150938,0
1571237188500,-0.5437021416733132,-1.6131832071270635,-0.9047801774301413,-1.4180172289258686,-0.31295561531031757,0
1571237188750,-0.28249775080881434,-1.6456989122784729,-0.6951407518217716,0.6105434523545872,-0.31496750376153265,0
1571237189000,-0.50016807652923,-1.3855732710671982,-0.6252609432856484,0.10418561208666605,-0.32301191644468935,0
1571237189250,-0.4566340113851469,-1.2880261556129702,-1.0095998902343262,0.4320876242327709,-0.3250238048959045,0
1571237189500,-0.1083614902324818,-1.5481517968242449,-1.3240590286468805,0.180473364203196,-0.3250238048959045,0
1571237189750,-0.23896368566473122,-1.4180889762186075,-1.114419603038511,0.013350749810442998,-0.32703569334711957,0
1571237190000,0.6317176172169315,-1.4180889762186075,-0.8349003688940181,0.11585713070316396,-0.3411157713839217,0
1571237190250,-0.5437021416733132,-2.1009187843982033,-1.0445397945023878,-0.6253688776663133,-0.3391038829327066,0
1571237190500,0.06577477034385075,-1.0929319247045142,-0.6252609432856484,0.10300154498064451,-0.3350816765911282,0
1571237190750,0.2399110309201833,-1.6131832071270635,-0.66020084755371,-0.03223583377138588,-0.3431276598351369,0
1571237191000,-0.021293359944315533,-1.7107303225812915,-1.3589989329149421,0.6949505217695505,-0.3411157713839217,0
1571237191250,-0.021293359944315533,-1.3530575659157889,-1.1493595073065725,0.5662255121006385,-0.3370919944814915,0
1571237191500,-0.021293359944315533,-1.5806675019756542,-1.0445397945023878,0.448495411273355,-0.3391038829327066,0
1571237191750,-0.5872362068173963,-1.4831203865214262,-0.9746599859662645,0.22876638688450265,-0.3431276598351369,0
1571237192000,-0.15189555537656493,-1.5156360916728355,-0.6252609432856484,-1.7318795882434324,-0.3391038829327066,0
1571237192250,0.022240705199767605,-1.3855732710671982,-0.5553811347495252,-0.35810801659288255,-0.3391038829327066,0
1571237192500,-0.1083614902324818,-1.8407931431869289,-0.7300806560898333,-0.17068710895404612,-0.3250238048959045,0
1571237192750,0.022240705199767605,-1.7432460277327009,-1.3240590286468805,0.5998022721785348,-0.30893183840788724,0
1571237193000,-0.23896368566473122,-1.5481517968242449,-1.0445397945023878,0.5475341670698701,-0.30088742572473054,0
1571237193250,-0.06482742508839867,-1.5481517968242449,-1.0445397945023878,2.0499461721674734,-0.2908295540295068,0
1571237193500,0.41404729149651587,-1.6131832071270635,-0.8349003688940181,-0.5740311109980942,-0.28479545923671323,0
1571237193750,-0.15189555537656493,-1.8082774380355195,-0.6951407518217716,-2.1683774692560833,-0.28278357078549815,0
1571237194000,-0.021293359944315533,-1.2555104504615608,-0.5204412304814636,-0.7261837341218607,-0.2868073476879284,0
1571237194250,-0.15189555537656493,-1.8407931431869289,-0.6951407518217716,0.46075896344286366,-0.2888176655782917,0
1571237194500,0.2399110309201833,-1.3530575659157889,-1.0095998902343262,0.36950122005734726,-0.2948517603710852,0
1571237194750,0.3705132263524327,-1.4180889762186075,-1.114419603038511,0.9582363004156235,-0.30088742572473054,0
1571237195000,-0.021293359944315533,-1.3855732710671982,-1.6035782627913733,1.080702669666993,-0.3028977436150938,0
1571237195250,-0.3260318159528975,-1.7757617328841102,-1.1493595073065725,1.5226134288785995,-0.31295561531031757,0
1571237195500,-0.3260318159528975,-1.6456989122784729,-1.1493595073065725,-3.386782521352237,-0.3169778216518959,0
1571237195750,-0.50016807652923,-1.2229947453101515,-1.0445397945023878,-1.918962190994834,-0.318989710103111,0
1571237196000,0.8929220080814304,-1.9708559637925664,-0.9397200816982029,0.269193820932952,-0.31295561531031757,0
1571237196250,-0.5872362068173963,-1.7432460277327009,-1.3240590286468805,0.043798189679568035,-0.3169778216518959,0
1571237196500,-0.4566340113851469,-1.5156360916728355,-1.1842994115746341,0.8488792455523494,-0.32100159855432614,0
1571237196750,0.19637696577610014,-1.5481517968242449,-1.0794796987704494,0.732417788052946,-0.32100159855432614,0
1571237197000,-0.5872362068173963,-1.8082774380355195,-1.289119124378819,-0.1261154400345214,-0.31295561531031757,0
1571237197250,-0.4130999462410638,-1.2555104504615608,-0.7650205603578949,-0.660129704850231,-0.3109437268591024,0
1571237197500,-0.19542962052064808,-1.4506046813700169,-0.6252609432856484,-0.06124547786891335,-0.3109437268591024,0
1571237197750,-0.7178384022496457,-1.4831203865214262,-1.8481575926678047,0.29752685525561,-0.3109437268591024,0
1571237198000,-0.4566340113851469,-1.5481517968242449,-1.2541792201107573,0.4620276067707439,-0.32100159855432614,0
1571237198250,-0.36956588109698063,-1.6456989122784729,-1.0794796987704494,0.8783963469810289,-0.32301191644468935,0
1571237198500,-1.5449856399872253,-1.6456989122784729,-1.1493595073065725,-0.013713641184334815,-0.3169778216518959,0
1571237198750,-0.50016807652923,-1.2880261556129702,-0.8349003688940181,-1.8851317022513618,-0.3169778216518959,0
1571237199000,0.8058538777932641,-1.1579633350073328,-0.6252609432856484,-0.447758811763084,-0.3169778216518959,0
1571237199250,-0.3260318159528975,-1.1904790401587422,-1.463818645719127,0.6211154800869223,-0.318989710103111,0
1571237199500,0.19637696577610014,-1.5806675019756542,-1.463818645719127,1.0475487906983902,-0.32100159855432614,0
1571237199750,-0.15189555537656493,-1.5156360916728355,-1.638518167059435,-0.17990591713664233,-0.32703569334711957,0
1571237200000,-0.50016807652923,-1.6782146174298822,-1.3589989329149421,0.5879616011183194,-0.32904758179833477,0
1571237200250,-0.36956588109698063,-1.7107303225812915,-0.9047801774301413,-2.0524234690878322,-0.32904758179833477,0
1571237200500,-0.36956588109698063,-1.7432460277327009,-0.7300806560898333,-0.04043972729167791,-0.32703569334711957,0
1571237200750,-0.36956588109698063,-0.8653219886446487,-0.8698402731620797,-0.023778211585517815,-0.32703569334711957,0
1571237201000,-0.1083614902324818,-2.3935601307608874,-1.0445397945023878,0.49864911083555263,-0.3250238048959045,0
1571237201250,-0.5437021416733132,-1.3205418607643795,-1.3589989329149421,0.5919366835456774,-0.33105789968869803,0
1571237201500,-0.19542962052064808,-1.4831203865214262,-1.1842994115746341,1.406997733597783,-0.3330697881399131,0
1571237201750,-1.2837812491227265,-1.8733088483383382,-1.1842994115746341,1.1690002452874555,-0.32703569334711957,0
1571237202000,-0.4566340113851469,-1.0279005144016955,-0.66020084755371,-2.043204660905236,-0.32904758179833477,0
1571237202250,-0.3260318159528975,-1.9708559637925664,-0.9047801774301413,-0.7613674424150718,-0.32301191644468935,0
1571237202500,-0.4130999462410638,-1.5156360916728355,-1.0794796987704494,-0.18946303020667324,-0.32301191644468935,0
1571237202750,-0.36956588109698063,-1.9058245534897476,-0.9397200816982029,0.7434126968945745,-0.32100159855432614,0
1571237203000,-0.50016807652923,-1.7107303225812915,-0.6252609432856484,-0.017265842502399403,-0.32100159855432614,0
1571237203250,0.10930883548793388,-1.3855732710671982,-0.3806816134092172,-0.39506782554512593,-0.318989710103111,0
1571237203500,-0.4130999462410638,-1.3855732710671982,-1.114419603038511,-0.8999032938195908,-0.32100159855432614,0
1571237203750,-0.19542962052064808,-1.6782146174298822,-1.2541792201107573,0.8324714585117652,-0.32301191644468935,0
1571237204000,-0.36956588109698063,-1.6131832071270635,-1.0445397945023878,1.062434205745518,-0.32301191644468935,0
1571237204250,-0.6307702719614795,-1.4506046813700169,-0.8698402731620797,0.36070529298404447,-0.3250238048959045,0
1571237204500,-0.50016807652923,-1.4506046813700169,-0.5553811347495252,-1.5159564938382206,-0.3250238048959045,0
1571237204750,-0.5872362068173963,-1.9708559637925664,-0.48550132621340203,0.050987168537555895,-0.32703569334711957,0
1571237205000,-0.19542962052064808,-1.5156360916728355,-1.0794796987704494,0.07263868133337814,-0.32301191644468935,0
1571237205250,0.06577477034385075,-1.7432460277327009,-1.1493595073065725,0.7264974525228384,-0.32301191644468935,0
1571237205500,0.3269791612083496,-1.3530575659157889,-0.9746599859662645,0.6153642970005321,-0.32703569334711957,0
1571237205750,0.7623198126491809,-1.5481517968242449,-0.7650205603578949,0.0728078337770955,-0.32703569334711957,0
1571237206000,-0.19542962052064808,-1.9708559637925664,-0.6252609432856484,-0.8040784344537056,-0.32301191644468935,0
1571237206250,-0.021293359944315533,-1.0604162195531048,-0.6252609432856484,-0.0619220876437828,-0.32301191644468935,0
1571237206500,-0.15189555537656493,-1.7107303225812915,-0.45056142194534043,0.2018711483334422,-0.32100159855432614,0
1571237206750,-0.3260318159528975,-1.5481517968242449,-0.9047801774301413,0.10393188342109,-0.32703569334711957,0
1571237207000,-0.23896368566473122,-1.7432460277327009,-1.0794796987704494,0.8690083863547153,-0.3250238048959045,0
1571237207250,-0.28249775080881434,-1.5806675019756542,-1.0794796987704494,0.09606629478823268,-0.32703569334711957,0
1571237207500,0.19637696577610014,-1.4180889762186075,-0.9746599859662645,-1.0752298017326358,-0.32703569334711957,0
1571237207750,-0.4130999462410638,-1.7107303225812915,-0.7999604646259565,-0.8879780465375168,-0.32904758179833477,0
1571237208000,-0.5872362068173963,-1.7107303225812915,-0.9397200816982029,0.20965216074444085,-0.32904758179833477,0
1571237208250,-0.6743043371055626,-1.4180889762186075,-0.6951407518217716,0.21904012137075438,-0.33105789968869803,0
1571237208500,-0.4566340113851469,-1.5156360916728355,-0.6951407518217716,0.18563251373657552,-0.32703569334711957,0
1571237208750,-0.7613724673937289,-1.6782146174298822,-0.7999604646259565,0.32196938337276876,-0.33105789968869803,0
1571237209000,-0.4566340113851469,-1.6456989122784729,-0.8698402731620797,1.0856080905347965,-0.3330697881399131,0
1571237209250,-0.5872362068173963,-1.8082774380355195,-0.9047801774301413,-0.3555707299371221,-0.33105789968869803,0
1571237209500,-0.28249775080881434,-1.6782146174298822,-0.8698402731620797,-0.9696786768530024,-0.3350816765911282,0
1571237209750,-0.36956588109698063,-1.5806675019756542,-0.9047801774301413,-0.306601097480946,-0.3350816765911282,0
1571237210000,-0.1083614902324818,-1.5481517968242449,-0.9047801774301413,0.17590624822282724,-0.3350816765911282,0
1571237210250,-0.28249775080881434,-1.5806675019756542,-0.9746599859662645,-0.1988509908329868,-0.3330697881399131,0
1571237210500,-0.19542962052064808,-1.5806675019756542,-0.9397200816982029,-0.09084715551945158,-0.33105789968869803,0
1571237210750,-0.19542962052064808,-1.5481517968242449,-0.9397200816982029,0.1800504830939026,-0.3330697881399131,0
1571237211000,-0.23896368566473122,-1.5806675019756542,-0.9397200816982029,-0.2044330214756597,-0.3350816765911282,0
1571237211250,-0.23896368566473122,-1.5481517968242449,-0.9047801774301413,0.18715488573003178,-0.3350816765911282,0
1571237211500,-0.28249775080881434,-1.5806675019756542,-0.9397200816982029,-0.12636916870009746,-0.3391038829327066,0
1571237211750,-0.3260318159528975,-1.5806675019756542,-0.9397200816982029,0.295412449709143,-0.3411157713839217,0
1571237212000,-0.28249775080881434,-1.5806675019756542,-0.9397200816982029,-0.11664290318634918,-0.3411157713839217,0
1571237212250,-0.15189555537656493,-1.5156360916728355,-0.9047801774301413,0.258875521866193,-0.3370919944814915,0
1571237212500,-0.23896368566473122,-1.5806675019756542,-0.9397200816982029,-0.07604631669418246,-0.3411157713839217,0
1571237212750,-0.3260318159528975,-1.5806675019756542,-0.9397200816982029,0.2695321258203867,-0.34513797772550014,0
1571237213000,-0.15189555537656493,-1.5806675019756542,-1.0095998902343262,0.023161591546049957,-0.3431276598351369,0
1571237213250,-0.19542962052064808,-1.6131832071270635,-0.9397200816982029,0.10646917007685042,-0.3411157713839217,0
1571237213500,-0.3260318159528975,-1.5806675019756542,-1.0095998902343262,0.03728582059644962,-0.3431276598351369,0
1571237213750,-0.28249775080881434,-1.5481517968242449,-1.0095998902343262,-0.002380427455271606,-0.34513797772550014,0
1571237214000,-0.23896368566473122,-1.5481517968242449,-0.9746599859662645,0.05995224805457604,-0.34513797772550014,0
1571237214250,-0.28249775080881434,-1.5806675019756542,-0.9746599859662645,-0.4491120313128229,-0.34916175462793037,0
1571237214500,-0.19542962052064808,-1.5806675019756542,-0.9746599859662645,0.034748533940689205,-0.34513797772550014,0
1571237214750,-0.1083614902324818,-1.5806675019756542,-0.9397200816982029,-0.15690118479108117,-0.3471498661767152,0
1571237215000,-0.5872362068173963,-1.5806675019756542,-1.0445397945023878,0.08760867260236462,-0.3471498661767152,0
1571237215250,-0.50016807652923,-1.6456989122784729,-0.9047801774301413,-0.1716174473944916,-0.3471498661767152,0
1571237215500,-1.109644988546394,-1.5806675019756542,-0.8698402731620797,0.12033967046167404,-0.3531839609695087,0
1571237215750,-0.15189555537656493,-1.5481517968242449,-0.5204412304814636,-0.17263236205679577,-0.35117207251829363,0
1571237216000,0.022240705199767605,-1.5156360916728355,-1.0095998902343262,0.3190092156077149,-0.3531839609695087,0
1571237216250,-0.19542962052064808,-1.6456989122784729,-1.2541792201107573,-0.202234039707334,-0.3531839609695087,0
1571237216500,-0.23896368566473122,-1.6782146174298822,-1.2192393158426957,0.5008480926038783,-0.3531839609695087,0
1571237216750,-0.19542962052064808,-1.5806675019756542,-1.2541792201107573,0.24221400616003289,-0.3531839609695087,0
1571237217000,-0.19542962052064808,-1.4831203865214262,-1.2541792201107573,-0.657254113307036,-0.357207737871939,0
1571237217250,-0.1083614902324818,-1.5156360916728355,-1.114419603038511,-0.20976132345275658,-0.357207737871939,0
1571237217500,-0.28249775080881434,-1.4506046813700169,-0.9047801774301413,0.6205234465339116,-0.357207737871939,0
1571237217750,-0.5437021416733132,-1.8733088483383382,-0.5903210390175868,-0.17364727671909994,-0.35921805576230226,0
1571237218000,-0.50016807652923,-1.6131832071270635,-0.6951407518217716,-0.09194664640361441,-0.35921805576230226,0
1571237218250,-0.15189555537656493,-1.4831203865214262,-0.7300806560898333,-0.041116337066547354,-0.35921805576230226,0
1571237218500,-0.5437021416733132,-1.5806675019756542,-0.66020084755371,0.22648282889431828,-0.357207737871939,0
1571237218750,-0.5437021416733132,-1.5156360916728355,-0.5553811347495252,0.782486911393285,-0.357207737871939,0
1571237219000,-0.5437021416733132,-1.2555104504615608,-0.8349003688940181,1.2121341184353829,-0.357207737871939,0
1571237219250,0.06577477034385075,-2.035887374095385,-1.2192393158426957,1.2490093511657676,-0.357207737871939,0
1571237219500,-0.4566340113851469,-1.5806675019756542,-1.1842994115746341,0.42599813625894595,-0.357207737871939,0
1571237219750,0.3705132263524327,-1.3855732710671982,-1.0794796987704494,-2.7394361192458954,-0.35921805576230226,0
1571237220000,-0.23896368566473122,-1.4506046813700169,-0.9047801774301413,-2.6979937705351418,-0.357207737871939,0
1571237220250,-0.7613724673937289,-1.9708559637925664,-0.5204412304814636,-0.00424110433616258,-0.357207737871939,0
1571237220500,-0.19542962052064808,-1.4831203865214262,-0.6252609432856484,0.1331952561841935,-0.3551958494207238,0
1571237220750,0.10930883548793388,-1.4180889762186075,-0.48550132621340203,-0.07604631669418246,-0.36122994421351734,0
1571237221000,-0.4566340113851469,-1.6782146174298822,-0.5553811347495252,0.4693011618505904,-0.35921805576230226,0
1571237221250,-0.3260318159528975,-1.4831203865214262,-0.6252609432856484,0.3917447664061803,-0.3632418326647325,0
1571237221500,-0.3260318159528975,-1.4180889762186075,-1.1493595073065725,1.875550002694874,-0.35921805576230226,0
1571237221750,-0.06482742508839867,-1.5156360916728355,-1.114419603038511,0.504907751253095,-0.35921805576230226,0
1571237222000,-0.15189555537656493,-1.5806675019756542,-1.0095998902343262,-2.4964486338459055,-0.357207737871939,0
1571237222250,-0.3260318159528975,-1.6456989122784729,-0.9397200816982029,-1.3427443914716428,-0.357207737871939,0
1571237222500,-0.5872362068173963,-1.7107303225812915,-0.9397200816982029,0.3334717495455493,-0.3551958494207238,0
1571237222750,-0.7178384022496457,-1.8407931431869289,-0.6252609432856484,0.1744684524512297,-0.35117207251829363,0
1571237223000,-0.36956588109698063,-1.4506046813700169,-0.5553811347495252,0.7738601367636996,-0.35117207251829363,0
1571237223250,-0.7613724673937289,-1.7432460277327009,-0.5204412304814636,0.383879177773323,-0.3471498661767152,0
1571237223500,-0.5437021416733132,-1.6782146174298822,-0.7650205603578949,0.9244903878940098,-0.34916175462793037,0
1571237223750,-0.19542962052064808,-1.5806675019756542,-1.2541792201107573,0.5918521073238189,-0.34916175462793037,0
1571237224000,-0.1083614902324818,-1.5806675019756542,-1.2192393158426957,0.6419212306641576,-0.35117207251829363,0
1571237224250,-0.06482742508839867,-1.5156360916728355,-1.2541792201107573,-1.477220584226945,-0.35117207251829363,0
1571237224500,-0.06482742508839867,-1.5481517968242449,-1.2192393158426957,-0.5149969081407352,-0.35117207251829363,0
1571237224750,-0.15189555537656493,-1.5156360916728355,-1.2192393158426957,-0.07993682289968176,-0.3551958494207238,0
1571237225000,-0.23896368566473122,-1.5156360916728355,-1.114419603038511,0.1908762394918137,-0.357207737871939,0
1571237225250,-0.3260318159528975,-1.6456989122784729,-1.0095998902343262,0.5338328191287638,-0.3531839609695087,0
1571237225500,-0.5872362068173963,-1.8082774380355195,-0.7999604646259565,-0.11292154942456722,-0.357207737871939,0
1571237225750,-0.7178384022496457,-1.6131832071270635,-0.7300806560898333,-0.3004270332852623,-0.35921805576230226,0
1571237226000,-0.7613724673937289,-1.6456989122784729,-0.8349003688940181,0.05817614739554375,-0.3551958494207238,0
1571237226250,-0.5437021416733132,-1.4506046813700169,-0.6951407518217716,0.2786663577811242,-0.357207737871939,0
1571237226500,-0.8484405976818952,-1.6782146174298822,-0.5204412304814636,0.7582135357198436,-0.357207737871939,0
1571237226750,-0.804906532537812,-1.8407931431869289,-0.6951407518217716,0.7402833766858034,-0.35921805576230226,0
1571237227000,-0.06482742508839867,-1.6782146174298822,-1.3589989329149421,1.3862765592424064,-0.3551958494207238,0
1571237227250,-0.4130999462410638,-1.6131832071270635,-1.1493595073065725,0.8665556759208135,-0.35921805576230226,0
1571237227500,-0.1083614902324818,-1.5156360916728355,-1.114419603038511,-2.5692687608662297,-0.357207737871939,0
1571237227750,-0.021293359944315533,-1.4831203865214262,-0.9397200816982029,-2.1588203561860526,-0.36122994421351734,0
1571237228000,-0.7178384022496457,-1.4506046813700169,-0.9746599859662645,-0.7292284781087732,-0.357207737871939,0
1571237228250,-0.6307702719614795,-1.6782146174298822,-0.8698402731620797,0.2943975350468388,-0.36122994421351734,0
1571237228500,-0.3260318159528975,-1.4506046813700169,-0.66020084755371,-0.13558797688269364,-0.3632418326647325,0
1571237228750,0.28344509606426643,-1.6131832071270635,-0.6951407518217716,0.5099823245646158,-0.36122994421351734,0
1571237229000,0.10930883548793388,-1.4180889762186075,-1.3939388371830037,0.17100082735502375,-0.36525215055509574,0
1571237229250,-0.23896368566473122,-1.6782146174298822,-1.2541792201107573,0.8509090748769577,-0.3632418326647325,0
1571237229500,-0.3260318159528975,-1.4831203865214262,-1.1493595073065725,1.091613002286763,-0.3632418326647325,0
1571237229750,0.3269791612083496,-1.4180889762186075,-1.0445397945023878,-0.24536791285526116,-0.36122994421351734,0
1571237230000,-0.6743043371055626,-1.5806675019756542,-1.0095998902343262,-1.575159849139297,-0.36525215055509574,0
1571237230250,-0.6743043371055626,-1.5806675019756542,-0.9047801774301413,-0.44116186645810695,-0.36122994421351734,0
1571237230500,-0.3260318159528975,-1.4831203865214262,-0.7999604646259565,0.8909136278161136,-0.3672640390063108,0
1571237230750,0.10930883548793388,-1.8733088483383382,-0.6951407518217716,0.5668175456536493,-0.3632418326647325,0
1571237231000,-0.3260318159528975,-1.6131832071270635,-1.3939388371830037,0.4444357526241383,-0.3672640390063108,0
1571237231250,0.06577477034385075,-1.7107303225812915,-1.1493595073065725,0.5344248526817745,-0.3672640390063108,0
1571237231500,-0.36956588109698063,-1.0604162195531048,0.7723352274368158,0.2773131382313853,-0.3330697881399131,0
1571237231750,-1.457917509699059,0.07763346074622228,-0.17104218780084757,-0.24748231840172816,-0.3411157713839217,0
1571237232000,-1.0225768582582277,0.6954318586229997,1.715712642674479,-1.0881699636770141,-0.35117207251829363,0
1571237232250,-1.0225768582582277,1.020588910137093,1.0518544615813086,2.6636312379740605,-0.357207737871939,0
1571237232500,-1.109644988546394,1.0856203204399117,1.1566741743854934,1.7380290659526592,-0.36525215055509574,0
1571237232750,-0.5872362068173963,1.378261666802596,1.191614078653555,-0.3875405417997034,-0.3672640390063108,0
1571237233000,-0.3260318159528975,1.3132302564997773,0.8771549402410006,-0.4502115221969858,-0.3672640390063108,0
1571237233250,-1.8932581611398904,0.8905260895314557,1.5410131213341711,-1.6149106734128773,-0.3632418326647325,0
1571237233500,-1.3273153142668097,2.2561857058906485,-0.5903210390175868,-0.923161754830728,-0.3531839609695087,0
1571237233750,-0.5437021416733132,0.7929789740772277,0.2831765676839533,-1.4874543070718453,-0.3551958494207238,0
1571237234000,-1.8497240959958072,0.7279475637744091,1.3313736957258016,0.0623203822666191,-0.369275927457526,0
1571237234250,-1.4143834445549759,0.630400448320181,1.3663135999938631,-0.055917175891816474,-0.38737821183590637,0
1571237234500,-2.7639394640215533,0.33775910195749703,0.21329675914783008,-0.532504186065482,-0.38335600549432813,0
1571237234750,-1.1531790536904771,-0.6702277577361927,0.8072751317048774,-0.574623144551105,-0.3773219107015346,0
1571237235000,0.45758135664059896,1.6058716028624613,1.3313736957258016,-0.15571711768505964,-0.3672640390063108,0
1571237235250,0.7187857475050978,0.7604632689258184,-0.24092199633697078,-0.10683206145074223,-0.37531002225031945,0
1571237235500,0.8058538777932641,0.7279475637744091,1.0867943658493702,-0.20764691790628956,-0.4195621448119408,0
1571237235750,-0.19542962052064808,1.5083244874082333,0.6675155146326309,0.1348867806213671,-0.38134411704311294,0
1571237236000,1.9812736366835089,1.0856203204399117,-0.9397200816982029,0.7569448923919635,-0.3914019887383367,0
1571237236250,0.7623198126491809,0.9555574998342745,-0.24092199633697078,0.4307344046830321,-0.3330697881399131,0
1571237236500,0.5881835520728484,0.27272769165467836,0.003657333539460452,-0.49951945954059657,-0.3471498661767152,0
1571237236750,1.2411945292340956,0.6629161534715904,-1.0095998902343262,-0.6242693867821505,-0.4235843511535193,0
1571237237000,1.3282626595222617,1.5083244874082333,-0.310801804873094,2.716998833966888,-0.4235843511535193,0
1571237237250,0.7623198126491809,1.2156831410455493,-0.031282570728601154,-0.8893312660872558,-0.41553836790951065,0
1571237237500,1.2847285943781785,0.8580103843800464,-0.13610228353278597,-1.2766057859781546,-0.41151616156793225,0
1571237237750,0.6752516823610146,0.8905260895314557,0.2831765676839533,-0.8829034732259959,-0.4054820667751387,0
1571237238000,2.0683417669716753,0.33775910195749703,-0.031282570728601154,-0.7515566006794648,-0.40145828987270854,0
1571237238250,0.5881835520728484,1.020588910137093,-0.7999604646259565,0.9776888314431199,-0.3914019887383367,0
1571237238500,1.0235242035136798,1.2481988461969586,1.2265539829216165,0.7977106313278475,-0.37531002225031945,0
1571237238750,0.15284290063201703,1.6383873080138707,-0.10116237926472436,1.467385156004881,-0.37128781590874105,0
1571237239000,-0.7613724673937289,1.6058716028624613,1.191614078653555,0.11441933493156639,-0.3793322285918978,0
1571237239250,-0.28249775080881434,1.8334815389223267,0.2831765676839533,-2.2217450652489106,-0.35921805576230226,0
1571237239500,0.7623198126491809,1.280714551348368,0.3879962804881381,-1.4129426556143476,-0.3551958494207238,0
1571237239750,0.41404729149651587,1.2481988461969586,0.4229361847561997,-1.0190711904184717,-0.318989710103111,0
1571237240000,-2.372132877724805,0.7604632689258184,0.9819746530451854,0.49881826327927,-0.34513797772550014,0
1571237240250,0.8929220080814304,1.2156831410455493,1.2614938871896781,0.4681170947445689,-0.3672640390063108,0
1571237240500,1.2847285943781785,1.6058716028624613,0.07353714207558366,2.2141086187951724,-0.3672640390063108,0
1571237240750,-0.06482742508839867,1.768450128619508,0.3181164719520149,0.4335254200043685,-0.3672640390063108,0
1571237241000,0.7187857475050978,1.6058716028624613,0.2831765676839533,0.10029510588116672,-0.369275927457526,0
1571237241250,0.7187857475050978,1.2156831410455493,-0.17104218780084757,-2.1418205355924576,-0.37329813379910437,0
1571237241500,0.7623198126491809,0.532853332865953,1.1566741743854934,1.6112493093864968,-0.39542419507991505,0
1571237241750,0.10930883548793388,0.7279475637744091,-0.17104218780084757,-0.2972977130764911,-0.4034701783239236,0
1571237242000,2.329546157836174,0.5978847431687717,-0.031282570728601154,0.5964192233041875,-0.4235843511535193,0
1571237242250,1.5894670503867605,0.4027905122603157,-0.031282570728601154,-0.21551250653914686,-0.3893901002871215,0
1571237242500,1.067058268657763,0.630400448320181,-0.2758619006050324,0.029251079519874962,-0.37531002225031945,0
1571237242750,0.9799901383695966,0.6629161534715904,0.10847704634364527,0.7290347391785988,-0.35117207251829363,0
1571237243000,0.6752516823610146,0.43530621741172504,0.3530563762200765,-0.18616455755418468,-0.34513797772550014,0
1571237243250,0.5446494869287652,0.3052433968060877,0.3879962804881381,0.2554078967699871,-0.34513797772550014,0
1571237243500,0.6317176172169315,0.532853332865953,0.5277558975603845,-1.3292967721961124,-0.34916175462793037,0
1571237243750,-0.19542962052064808,0.3052433968060877,1.6108929298702943,0.21396554805923354,-0.357207737871939,0
1571237244000,-1.4143834445549759,0.14266487104904096,1.4361934085299863,1.13026433567618,-0.36525215055509574,0
1571237244250,-0.36956588109698063,0.37027480710890637,0.8072751317048774,0.28839262329487253,-0.36525215055509574,0
1571237244500,-0.06482742508839867,0.27272769165467836,0.9120948445090622,-2.2247898092358236,-0.36122994421351734,0
1571237244750,-0.15189555537656493,0.20769628135185966,0.9819746530451854,0.5057535134716818,-0.3531839609695087,0
1571237245000,-0.36956588109698063,0.20769628135185966,0.3530563762200765,0.37381460737213995,-0.3471498661767152,0
1571237245250,0.7623198126491809,0.532853332865953,-0.13610228353278597,1.0488174340262704,-0.3411157713839217,0
1571237245500,1.110592333801846,0.5653690380173624,-0.6951407518217716,-0.4670421903468632,-0.37329813379910437,0
1571237245750,1.067058268657763,0.5653690380173624,-0.031282570728601154,0.47953488469549077,-0.40145828987270854,0
1571237246000,1.2411945292340956,0.27272769165467836,0.1783568548797685,-0.3773913951766617,-0.3773219107015346,0
1571237246250,1.415330789810428,0.4027905122603157,0.1783568548797685,2.8529973987156465,-0.3551958494207238,0
1571237246500,0.41404729149651587,0.27272769165467836,0.7723352274368158,-1.138746544348505,-0.357207737871939,0
1571237246750,0.5011154217846822,0.4678219225631344,0.4578760890242613,0.17362269023264285,-0.36122994421351734,0
1571237247000,0.9364560732255135,0.532853332865953,0.5277558975603845,0.2202241884767759,-0.36122994421351734,0
1571237247250,1.2411945292340956,0.5978847431687717,0.5976357060965077,1.0140566068423527,-0.3632418326647325,0
1571237247500,-1.2402471839786433,-0.24752359076787114,1.0518544615813086,-1.3356399888355135,-0.369275927457526,0
1571237247750,-4.853574590937543,0.14266487104904096,0.4229361847561997,0.5068530043558447,-0.37128781590874105,0
1571237248000,-2.5462691383011373,0.5653690380173624,0.7723352274368158,0.3848940924356271,-0.369275927457526,0
1571237248250,-2.2415306822925554,0.240211986503269,1.471133312798048,-1.4424597570430273,-0.37329813379910437,0
1571237248500,-1.762655965707641,0.20769628135185966,1.0867943658493702,-0.056340057001109875,-0.3773219107015346,0
1571237248750,-2.110928486860306,0.3052433968060877,1.016914557313247,-0.712059505071461,-0.3773219107015346,0
1571237249000,-2.1544625520043894,-0.01991365470800574,1.2614938871896781,2.1540595012755093,-0.3793322285918978,0
1571237249250,-2.02386035657214,0.20769628135185966,0.9120948445090622,0.5915138024363841,-0.37531002225031945,0
1571237249500,-2.7639394640215533,-0.5401649371305552,0.7723352274368158,-0.5999960111087091,-0.3773219107015346,0
1571237249750,0.19637696577610014,0.4678219225631344,1.4361934085299863,0.17599082444468592,-0.38134411704311294,0
1571237250000,-2.3285988125807218,-0.2150078856164618,0.842215035972939,-0.8518639998038602,-0.4215724627023042,0
1571237250250,-2.9816097897419684,0.045117755594812944,0.5976357060965077,0.5062609708028339,-0.42961844594631277,0
1571237250500,-3.0251438548860516,-0.08494506501082442,0.842215035972939,-0.3392475191183967,-0.4356525407391063,0
1571237250750,-3.0251438548860516,0.0126020504434036,0.842215035972939,1.2791184861474578,-0.4356525407391063,0
1571237251000,-2.72040539887747,-0.01991365470800574,0.7024554189006925,-0.4850569256027622,-0.40950427311671717,0
1571237251250,-2.807473529165636,-0.01991365470800574,0.6675155146326309,-0.839177566525058,-0.38536789394554316,0
1571237251500,-2.3285988125807218,-0.4751335268277365,1.3663135999938631,0.2688555160455173,-0.3914019887383367,0
1571237251750,-2.6333372685893037,0.33775910195749703,0.6675155146326309,-0.1361800104357044,-0.39341230662869986,0
1571237252000,-3.242814180606467,0.240211986503269,0.3181164719520149,0.8240984125477558,-0.39341230662869986,0
1571237252250,-3.5040185714709664,0.14266487104904096,0.5976357060965077,-1.0480808345159993,-0.39341230662869986,0
1571237252500,-2.6333372685893037,0.27272769165467836,1.0518544615813086,0.907236838634839,-0.39743608353113014,0
1571237252750,-2.676871333733387,0.27272769165467836,1.0867943658493702,0.4358089779945529,-0.3994479719823453,0
1571237253000,-1.9803262914280568,0.33775910195749703,0.9120948445090622,0.13336440862791085,-0.4034701783239236,0
1571237253250,-1.9367922262839736,0.4678219225631344,1.1217342701174318,0.01368905469787772,-0.40145828987270854,0
1571237253500,-1.8932581611398904,-0.2150078856164618,0.3879962804881381,-0.3161582105509769,-0.3914019887383367,0
1571237253750,-1.0225768582582277,0.5653690380173624,1.191614078653555,1.1742439710426937,-0.38737821183590637,0
1571237254000,-0.36956588109698063,0.7604632689258184,0.9819746530451854,0.40189391302922195,-0.38335600549432813,0
1571237254250,0.7623198126491809,0.532853332865953,-0.06622247499666276,-1.014504074438103,-0.38737821183590637,0
1571237254500,0.19637696577610014,-0.1499764753136431,0.24823666341589168,0.4074759436718949,-0.3893901002871215,0
1571237254750,1.4588648549545111,-0.6051963474333739,-0.031282570728601154,-0.8303816394517554,-0.38134411704311294,0
1571237255000,-0.15189555537656493,-0.1499764753136431,0.4229361847561997,0.9473259677958537,-0.38737821183590637,0
1571237255250,0.8929220080814304,0.045117755594812944,-1.0095998902343262,-0.38914749001501836,-0.38335600549432813,0
1571237255500,1.371796724666345,-0.5401649371305552,-1.0445397945023878,-1.799540565730377,-0.36525215055509574,0
1571237255750,0.3269791612083496,-0.24752359076787114,1.2265539829216165,-0.07858360334994287,-0.3893901002871215,0
1571237256000,-2.3285988125807218,0.240211986503269,1.016914557313247,-0.6785673212154235,-0.37531002225031945,0
1571237256250,-1.3273153142668097,0.33775910195749703,1.2614938871896781,1.2745513701670892,-0.37531002225031945,0
1571237256500,-1.8932581611398904,0.43530621741172504,1.2265539829216165,-0.5377479118207202,-0.3773219107015346,0
1571237256750,-1.8497240959958072,0.8905260895314557,0.9819746530451854,-1.5723688338179609,-0.3793322285918978,0
1571237257000,-1.9367922262839736,0.7929789740772277,0.9470347487771238,2.522388947470064,-0.3793322285918978,0
1571237257250,-1.6320537702753917,0.6629161534715904,1.2964337914577397,0.6017475252812844,-0.37329813379910437,0
1571237257500,-2.1979966171484726,0.37027480710890637,1.4361934085299863,1.275650861051252,-0.37531002225031945,0
1571237257750,-2.7639394640215533,0.4027905122603157,1.0867943658493702,-0.11156832987482834,-0.3773219107015346,0
1571237258000,-2.676871333733387,0.240211986503269,0.9120948445090622,0.33313344465811456,-0.37531002225031945,0
1571237258250,-2.2415306822925554,0.11014916589763163,1.1566741743854934,-0.10480223212613389,-0.37128781590874105,0
1571237258500,-2.4592010080129714,-0.01991365470800574,1.2265539829216165,-1.6055227127865634,-0.37531002225031945,0
1571237258750,-3.242814180606467,0.240211986503269,0.6675155146326309,0.7041693299521468,-0.37329813379910437,0
1571237259000,-3.9828932880558807,-0.5401649371305552,0.6325756103645693,-0.8935600771801898,-0.3914019887383367,0
1571237259250,-1.1967131188345603,0.11014916589763163,0.3879962804881381,0.678119853619673,-0.3893901002871215,0
1571237259500,-1.5014515748431423,0.045117755594812944,0.9470347487771238,0.18859268150162933,-0.38737821183590637,0
1571237259750,-0.5437021416733132,0.11014916589763163,1.3663135999938631,0.633379032256431,-0.3793322285918978,0
1571237260000,-0.1083614902324818,-0.41010211652491785,1.4012535042619247,-0.24333808353065284,-0.3893901002871215,0
1571237260250,0.3705132263524327,0.43530621741172504,0.842215035972939,0.03644005837786282,-0.45777860201991694,0
1571237260500,-0.9790427931141445,0.1751805762004503,1.016914557313247,0.1306579695284331,-0.40145828987270854,0
1571237260750,-1.5014515748431423,-0.3450707062220992,1.3313736957258016,-1.185601771258214,-0.3914019887383367,0
1571237261000,-0.9790427931141445,0.0126020504434036,0.5976357060965077,0.059106485835989236,-0.38134411704311294,0
1571237261250,-1.1531790536904771,-1.1904790401587422,1.5759530256022327,-1.0422450752077503,-0.32703569334711957,0
1571237261500,-1.2402471839786433,-0.3775864113735085,1.016914557313247,0.06638004091583577,-0.33105789968869803,0
1571237261750,-1.6320537702753917,-0.01991365470800574,1.2265539829216165,0.3702624060540754,-0.3431276598351369,0
1571237262000,-3.5910867017591324,0.9230417946828652,-0.2059820920689092,0.521061809628103,-0.3471498661767152,0
1571237262250,-2.72040539887747,0.7279475637744091,0.6675155146326309,0.32805887134659373,-0.35117207251829363,0
1571237262500,-2.2850647474366386,0.43530621741172504,1.0518544615813086,-0.8214165599347352,-0.33105789968869803,0
1571237262750,-2.2415306822925554,-0.2800392959192805,0.9470347487771238,2.0074043325725572,-0.3330697881399131,0
1571237263000,-2.2850647474366386,-0.6377120525847833,1.3663135999938631,-0.6662191928240561,-0.33105789968869803,0
1571237263250,-2.72040539887747,0.20769628135185966,0.842215035972939,0.9410673273783112,-0.3330697881399131,0
1571237263500,-1.5885197051313085,0.07763346074622228,0.9819746530451854,-1.0381854165585336,-0.3350816765911282,0
1571237263750,-2.02386035657214,0.630400448320181,1.645832834138356,-0.34212311066159184,-0.3370919944814915,0
1571237264000,-1.5885197051313085,0.630400448320181,0.49281599329232295,0.44079897508421506,-0.3330697881399131,0
1571237264250,-1.4143834445549759,0.4027905122603157,1.5759530256022327,-0.280128740039179,-0.34916175462793037,0
1571237264500,-1.6755878354194749,0.532853332865953,0.6325756103645693,1.1169012926225084,-0.38335600549432813,0
1571237264750,-2.9380757245978852,0.9230417946828652,0.842215035972939,-0.16603541675181868,-0.37329813379910437,0
1571237265000,-2.110928486860306,0.43530621741172504,1.4361934085299863,0.025275997092516975,-0.3672640390063108,0
1571237265250,-2.2415306822925554,-0.01991365470800574,1.2265539829216165,-0.40817713993322147,-0.35117207251829363,0
1571237265500,-1.7191219005635578,-0.08494506501082442,1.0867943658493702,-0.8798587292390835,-0.3551958494207238,0
1571237265750,-1.370849379410893,0.14266487104904096,0.9470347487771238,0.3706852871633688,-0.3250238048959045,0
1571237266000,-0.28249775080881434,0.240211986503269,1.7855924512106023,-0.36918750165636965,-0.32301191644468935,0
1571237266250,-0.23896368566473122,-0.31255500107068984,1.0867943658493702,0.3362627648668858,-0.32904758179833477,0
1571237266500,-0.36956588109698063,-0.05242935985941508,0.3530563762200765,-0.49266878557004345,-0.32100159855432614,0
1571237266750,-0.8919746628259783,-2.1009187843982033,0.21329675914783008,1.6996314612288181,-0.3350816765911282,0
1571237267000,-1.0225768582582277,-1.6131832071270635,-0.4156215176772788,1.0726679285904184,-0.3411157713839217,0
1571237267250,-0.23896368566473122,-1.6782146174298822,-0.48550132621340203,-1.4119277409520437,-0.3391038829327066,0
1571237267500,-0.6743043371055626,-1.6456989122784729,-0.5204412304814636,-0.9954744245199,-0.3350816765911282,0
1571237267750,-0.6743043371055626,-1.5481517968242449,-0.310801804873094,-1.1739302526417161,-0.3350816765911282,0
1571237268000,1.1541263989459292,-1.0279005144016955,-0.5903210390175868,-0.6060854990825341,-0.32703569334711957,0
1571237268250,1.763603310963093,-0.7677748731904207,-1.2192393158426957,-0.40657019171790654,-0.33105789968869803,0
1571237268500,-2.067394421716223,1.3132302564997773,0.4578760890242613,0.919415814582489,-0.3531839609695087,0
1571237268750,-2.02386035657214,0.37027480710890637,0.7024554189006925,0.4542465943597453,-0.3431276598351369,0
1571237269000,-1.109644988546394,1.1506517307427304,1.2265539829216165,0.6385381817898105,-0.3370919944814915,0
1571237269250,-1.0661109234023107,1.18316743589414,1.0867943658493702,0.7685318347866027,-0.3330697881399131,0
1571237269500,-1.1967131188345603,1.3132302564997773,0.9120948445090622,-1.1181099462149868,-0.34916175462793037,0
1571237269750,-0.9790427931141445,1.5408401925596427,1.0867943658493702,1.9859219722204522,-0.3531839609695087,0
1571237270000,-0.9790427931141445,1.6383873080138707,0.6675155146326309,-2.4705683099571494,-0.34513797772550014,0
1571237270250,-1.6755878354194749,1.3457459616511867,0.4578760890242613,0.3829488393328775,-0.3471498661767152,0
1571237270500,-1.457917509699059,0.33775910195749703,0.7373953231687541,-0.08044428023083386,-0.35117207251829363,0
1571237270750,2.024807701827592,-1.4180889762186075,1.016914557313247,0.6862391709181064,-0.3531839609695087,0
1571237271000,0.8058538777932641,-0.7352591680390114,-0.2758619006050324,-0.473723711873699,-0.34916175462793037,0
1571237271250,-0.5872362068173963,-1.0929319247045142,-0.2758619006050324,1.0225142290282208,-0.3370919944814915,0
1571237271500,-0.28249775080881434,-1.8733088483383382,-0.7300806560898333,-0.8743612748182692,-0.32301191644468935,0
1571237271750,0.06577477034385075,-1.2229947453101515,-0.8349003688940181,0.488753692878087,-0.3370919944814915,0
1571237272000,-0.021293359944315533,-1.5156360916728355,-0.9746599859662645,-0.3265610858395946,-0.3370919944814915,0
1571237272250,0.022240705199767605,-1.4506046813700169,-0.9746599859662645,0.9001324359987097,-0.3370919944814915,0
1571237272500,0.15284290063201703,-1.3530575659157889,-1.0095998902343262,-0.20527878369424654,-0.3411157713839217,0
1571237272750,0.15284290063201703,-1.4180889762186075,-0.9397200816982029,-3.467806541892853,-0.3411157713839217,0
1571237273000,0.28344509606426643,-1.3205418607643795,-1.0794796987704494,0.5273204500456454,-0.3431276598351369,0
1571237273250,0.41404729149651587,-1.3530575659157889,-0.9047801774301413,-0.12679204980939085,-0.3411157713839217,0
1571237273500,0.3269791612083496,-1.7432460277327009,-0.5553811347495252,1.2792030623693165,-0.34513797772550014,0
1571237273750,0.41404729149651587,-0.9303533989474674,-0.66020084755371,0.14410558880396332,-0.3391038829327066,0
1571237274000,0.10930883548793388,-1.2880261556129702,-0.5903210390175868,1.004668646216039,-0.34513797772550014,0
1571237274250,-0.1083614902324818,-1.4506046813700169,-0.66020084755371,0.2706316167045496,-0.3391038829327066,0
1571237274500,-0.021293359944315533,-1.3855732710671982,-0.7650205603578949,1.1718758368306508,-0.3471498661767152,0
1571237274750,0.15284290063201703,-1.2555104504615608,-0.5903210390175868,0.12262322845185843,-0.34513797772550014,0
1571237275000,-0.3260318159528975,-1.4506046813700169,-0.7999604646259565,0.14182203081377895,-0.3471498661767152,0
1571237275250,-0.06482742508839867,-1.3530575659157889,-0.8349003688940181,-0.5222704632205817,-0.3471498661767152,0
1571237275500,-0.15189555537656493,-1.4831203865214262,-0.9397200816982029,-2.161865100172965,-0.34513797772550014,0
1571237275750,0.15284290063201703,-1.5806675019756542,-1.0794796987704494,-0.08129004244942066,-0.3471498661767152,0
1571237276000,-0.021293359944315533,-1.3855732710671982,-0.7300806560898333,-0.19986590549529096,-0.34513797772550014,0
1571237276250,-0.28249775080881434,-1.1579633350073328,-1.0445397945023878,0.6695776552119463,-0.34513797772550014,0
1571237276500,0.7623198126491809,-1.1579633350073328,-0.5903210390175868,0.4240528831561963,-0.3391038829327066,0
1571237276750,0.3705132263524327,-1.0279005144016955,-0.2758619006050324,-0.4156198474567854,-0.3250238048959045,0
1571237277000,0.06577477034385075,-1.3205418607643795,-0.48550132621340203,1.3876297787921452,-0.32904758179833477,0
1571237277250,0.5446494869287652,-1.3530575659157889,-0.8698402731620797,0.3867547693165181,-0.32904758179833477,0
1571237277500,0.5446494869287652,-1.3530575659157889,-0.7999604646259565,-0.12129459538857662,-0.33105789968869803,0
1571237277750,0.5446494869287652,-1.1254476298559235,-0.8349003688940181,1.608289141621443,-0.3330697881399131,0
1571237278000,0.3705132263524327,-1.3205418607643795,-0.9746599859662645,-2.0340704289444984,-0.3330697881399131,0
1571237278250,0.3269791612083496,-1.3530575659157889,-0.9746599859662645,-0.9398232705368881,-0.3350816765911282,0
1571237278500,0.19637696577610014,-1.4831203865214262,-0.9397200816982029,-0.489877770248707,-0.3431276598351369,0
1571237278750,0.19637696577610014,-1.4831203865214262,-1.0445397945023878,-0.08222038088986615,-0.3391038829327066,0
1571237279000,0.06577477034385075,-1.4506046813700169,-1.0445397945023878,-1.0019867936030182,-0.3411157713839217,0
1571237279250,0.10930883548793388,-1.4180889762186075,-1.0794796987704494,0.7173632205621009,-0.3370919944814915,0
1571237279500,0.06577477034385075,-1.4506046813700169,-1.0794796987704494,0.03263412839422219,-0.34513797772550014,0
1571237279750,0.10930883548793388,-1.4180889762186075,-1.0794796987704494,0.2675868727176371,-0.3411157713839217,0
1571237280000,0.06577477034385075,-1.4506046813700169,-0.9746599859662645,-0.020564315154887946,-0.3431276598351369,0
1571237280250,0.022240705199767605,-1.4506046813700169,-0.9746599859662645,-0.7370940667416306,-0.3431276598351369,0
1571237280500,-0.021293359944315533,-1.4506046813700169,-0.9746599859662645,0.2992183796927836,-0.34513797772550014,0
1571237280750,-0.021293359944315533,-1.4506046813700169,-0.9746599859662645,-0.01844990960842093,-0.34513797772550014,0
1571237281000,-0.06482742508839867,-1.4831203865214262,-0.9397200816982029,0.671522908314696,-0.3411157713839217,0
1571237281250,-0.021293359944315533,-1.5156360916728355,-0.9397200816982029,-0.14421475151227905,-0.34513797772550014,0
1571237281500,-0.021293359944315533,-1.4831203865214262,-0.9397200816982029,0.22969672532494814,-0.3411157713839217,0
1571237281750,-0.06482742508839867,-1.4831203865214262,-0.9397200816982029,0.18081166909063073,-0.3431276598351369,0
1571237282000,-0.021293359944315533,-1.4506046813700169,-0.9397200816982029,-0.27090993185658274,-0.3411157713839217,0
1571237282250,-0.7613724673937289,-1.6782146174298822,-0.8349003688940181,0.2729151746947339,-0.3391038829327066,0
1571237282500,-0.1083614902324818,-1.4831203865214262,-0.7300806560898333,-0.24291520242135942,-0.3391038829327066,0
1571237282750,-0.15189555537656493,-1.3855732710671982,-0.5903210390175868,0.46185845432702655,-0.3370919944814915,0
1571237283000,0.06577477034385075,-1.5481517968242449,-0.5903210390175868,0.6990947566406258,-0.3350816765911282,0
1571237283250,-0.15189555537656493,-1.3855732710671982,-0.6252609432856484,1.116732140178791,-0.3350816765911282,0
1571237283500,-0.7178384022496457,-1.7107303225812915,-0.6252609432856484,-0.18345811845470691,-0.3370919944814915,0
1571237283750,-0.4566340113851469,-1.5156360916728355,-0.7650205603578949,-1.599010343703445,-0.3370919944814915,0
1571237284000,-0.23896368566473122,-1.6782146174298822,-0.7999604646259565,0.07449935821426913,-0.3370919944814915,0
1571237284250,-0.1083614902324818,-1.4831203865214262,-0.9397200816982029,-0.10607087545401409,-0.3350816765911282,0
1571237284500,0.19637696577610014,-1.3530575659157889,-1.1842994115746341,-0.23488046134478477,-0.3391038829327066,0
1571237284750,0.28344509606426643,-1.3205418607643795,-1.1493595073065725,-0.08315071933031164,-0.3391038829327066,0
1571237285000,0.06577477034385075,-1.4831203865214262,-0.8349003688940181,-0.33095904937624604,-0.3411157713839217,0
1571237285250,0.19637696577610014,-1.4506046813700169,-0.9397200816982029,0.44223677085581264,-0.3471498661767152,0
1571237285500,-0.021293359944315533,-1.4831203865214262,-1.0445397945023878,0.0085299051644982,-0.3551958494207238,0
1571237285750,0.06577477034385075,-1.4506046813700169,-1.114419603038511,0.34556614927134066,-0.3350816765911282,0
1571237286000,-0.1083614902324818,-1.4506046813700169,-1.0095998902343262,-0.07452394470072621,-0.3250238048959045,0
1571237286250,-0.23896368566473122,-1.3530575659157889,-0.9047801774301413,-0.23665656200381704,-0.32301191644468935,0
1571237286500,0.06577477034385075,-1.9383402586411569,-0.7300806560898333,-0.007539576988651126,-0.3250238048959045,0
1571237286750,-0.6743043371055626,-1.4831203865214262,-0.8698402731620797,-0.24452215063667435,-0.3370919944814915,0
1571237287000,-0.15189555537656493,-1.3205418607643795,-0.7300806560898333,0.5621658534514219,-0.3391038829327066,0
1571237287250,0.5881835520728484,-1.8407931431869289,-0.7650205603578949,0.30302430967642424,-0.3391038829327066,0
1571237287500,-0.6307702719614795,-1.7432460277327009,-1.3240590286468805,0.5484645055103156,-0.3431276598351369,0
1571237287750,-0.50016807652923,-1.5806675019756542,-1.0794796987704494,1.79181954305478,-0.3370919944814915,0
1571237288000,-0.28249775080881434,-1.6456989122784729,-0.9746599859662645,2.263416556138784,-0.3411157713839217,0
1571237288250,0.2399110309201833,-1.4831203865214262,-0.8349003688940181,-0.2561090930313136,-0.3350816765911282,0
1571237288500,-0.50016807652923,-1.4831203865214262,-0.5204412304814636,-3.1673072256289605,-0.32703569334711957,0
1571237288750,-0.50016807652923,-1.4506046813700169,-0.48550132621340203,-2.0517468593129626,-0.318989710103111,0
1571237289000,-0.3260318159528975,-1.5481517968242449,-0.310801804873094,-0.33375006469758245,-0.30893183840788724,0
1571237289250,-0.23896368566473122,-1.4831203865214262,-0.3806816134092172,-0.2455370652989785,-0.30490963206630894,0
1571237289500,-0.6743043371055626,-1.4506046813700169,-0.8698402731620797,0.41669475185449106,-0.29887553727351546,0
1571237289750,-0.36956588109698063,-1.5806675019756542,-1.0095998902343262,0.1953587792503238,-0.2948517603710852,0
1571237290000,-0.19542962052064808,-1.7107303225812915,-1.1493595073065725,0.1747221811168057,-0.2928414424807219,0
1571237290250,-0.15189555537656493,-1.4180889762186075,-1.0445397945023878,-0.4866638738180771,-0.2948517603710852,0
1571237290500,0.06577477034385075,-1.4506046813700169,-1.0794796987704494,-0.641353783597604,-0.29887553727351546,0
1571237290750,-0.6743043371055626,-1.7432460277327009,-0.9397200816982029,0.19806521834980156,-0.3028977436150938,0
1571237291000,-0.5872362068173963,-1.9058245534897476,-0.6252609432856484,0.22707486244732905,-0.30490963206630894,0
1571237291250,-0.5437021416733132,-1.8082774380355195,-0.7650205603578949,0.25701484498530197,-0.30893183840788724,0
1571237291500,-0.3260318159528975,-1.6456989122784729,-0.7300806560898333,0.5217384194029725,-0.3109437268591024,0
1571237291750,-0.28249775080881434,-1.5806675019756542,-0.7650205603578949,0.006246347174313821,-0.3109437268591024,0
1571237292000,-0.23896368566473122,-1.5481517968242449,-0.7999604646259565,0.9048687044227959,-0.3109437268591024,0
1571237292250,-0.28249775080881434,-1.5481517968242449,-0.7999604646259565,-0.48328082494372987,-0.3109437268591024,0
1571237292500,-0.23896368566473122,-1.5806675019756542,-0.8698402731620797,-0.07883733201551893,-0.31295561531031757,0
1571237292750,-0.23896368566473122,-1.5806675019756542,-0.8349003688940181,-0.001111784127391396,-0.30893183840788724,0
1571237293000,-0.36956588109698063,-1.5156360916728355,-0.7999604646259565,0.506768428133986,-0.3169778216518959,0
1571237293250,-0.3260318159528975,-1.5806675019756542,-0.8349003688940181,0.035171415049982606,-0.31496750376153265,0
1571237293500,-0.28249775080881434,-1.4831203865214262,-0.9397200816982029,-0.3583617452584586,-0.31295561531031757,0
1571237293750,0.06577477034385075,-1.5481517968242449,-1.1493595073065725,0.008191600277063477,-0.3169778216518959,0
1571237294000,0.10930883548793388,-1.4506046813700169,-1.0445397945023878,-0.1677269411889923,-0.3169778216518959,0
1571237294250,0.19637696577610014,-1.3855732710671982,-0.9047801774301413,0.4228688160501748,-0.318989710103111,0
1571237294500,0.022240705199767605,-1.5806675019756542,-1.0445397945023878,-0.06564344140556475,-0.31496750376153265,0
1571237294750,-0.021293359944315533,-1.3855732710671982,-0.9047801774301413,0.16787150714625257,-0.318989710103111,0
1571237295000,-0.7178384022496457,-1.7757617328841102,-0.7650205603578949,0.1258371248824883,-0.32100159855432614,0
1571237295250,-0.4130999462410638,-1.2555104504615608,-0.66020084755371,-0.44133101890182425,-0.32301191644468935,0
1571237295500,0.15284290063201703,-1.4831203865214262,-0.3457417091411556,-0.2342038515699153,-0.32100159855432614,0
1571237295750,-0.19542962052064808,-1.2880261556129702,-1.0095998902343262,-0.07959851801224704,-0.318989710103111,0
1571237296000,0.10930883548793388,-1.6131832071270635,-1.114419603038511,1.0730062334778532,-0.318989710103111,0
1571237296250,-0.1083614902324818,-1.5481517968242449,-1.0794796987704494,0.6232298856333893,-0.32301191644468935,0
1571237296500,0.06577477034385075,-1.3855732710671982,-0.8698402731620797,-0.08695664931395226,-0.3250238048959045,0
1571237296750,-0.28249775080881434,-1.7432460277327009,-1.0445397945023878,-1.1298660410533434,-0.3250238048959045,0
1571237297000,-0.5437021416733132,-1.6131832071270635,-0.9047801774301413,-0.681865793867912,-0.32703569334711957,0
1571237297250,-0.5437021416733132,-1.2555104504615608,-0.66020084755371,-0.18760235332578226,-0.32301191644468935,0
1571237297500,0.06577477034385075,-2.2309816050038407,-1.0445397945023878,0.15738405563577618,-0.3250238048959045,0
1571237297750,-0.7178384022496457,-1.7757617328841102,-1.2541792201107573,0.6581598652610244,-0.3250238048959045,0
1571237298000,-0.15189555537656493,-1.5481517968242449,-1.0095998902343262,0.6286427638323449,-0.3250238048959045,0
1571237298250,0.6752516823610146,-1.5156360916728355,-0.9047801774301413,1.4378680545762015,-0.32100159855432614,0
1571237298500,-0.36956588109698063,-2.035887374095385,-0.7300806560898333,-2.1350544378437633,-0.3250238048959045,0
1571237298750,-0.3260318159528975,-0.80029057834183,-0.5204412304814636,-1.5395532597367927,-0.3250238048959045,0
1571237299000,-0.50016807652923,-1.6131832071270635,-0.8698402731620797,-0.2707407794128654,-0.3250238048959045,0
1571237299250,0.5011154217846822,-1.7432460277327009,-0.8349003688940181,1.082563346547884,-0.32904758179833477,0
1571237299500,-0.021293359944315533,-1.5806675019756542,-1.1493595073065725,1.8586347583231377,-0.32904758179833477,0
1571237299750,0.022240705199767605,-1.4831203865214262,-1.0794796987704494,2.023558390947565,-0.32904758179833477,0
1571237300000,-0.1083614902324818,-1.4831203865214262,-1.114419603038511,-2.382524463002263,-0.32703569334711957,0
1571237300250,-0.19542962052064808,-1.6131832071270635,-1.2192393158426957,-1.8920669524437737,-0.33105789968869803,0
1571237300500,-0.5437021416733132,-1.6456989122784729,-1.0794796987704494,-0.14100085508164922,-0.32703569334711957,0
1571237300750,-0.4566340113851469,-1.5806675019756542,-1.0794796987704494,-0.18498049044816314,-0.32904758179833477,0
1571237301000,-0.3260318159528975,-1.6456989122784729,-0.8698402731620797,0.39056069930015874,-0.32703569334711957,0
1571237301250,-0.36956588109698063,-1.5481517968242449,-0.8698402731620797,0.13700118616783413,-0.32904758179833477,0
1571237301500,-0.28249775080881434,-1.5806675019756542,-0.8698402731620797,0.5795885551543101,-0.32703569334711957,0
1571237301750,-0.3260318159528975,-1.5806675019756542,-0.8698402731620797,0.006669228283607225,-0.32904758179833477,0
1571237302000,-0.23896368566473122,-1.5806675019756542,-0.8698402731620797,0.4996640254978568,-0.32904758179833477,0
1571237302250,-0.23896368566473122,-1.5481517968242449,-0.8349003688940181,0.23155740220583912,-0.32904758179833477,0
1571237302500,-0.28249775080881434,-1.5481517968242449,-0.8349003688940181,0.2595521316410624,-0.32904758179833477,0
1571237302750,-0.06482742508839867,-1.5806675019756542,-0.8698402731620797,0.059698519389000004,-0.3250238048959045,0
1571237303000,-0.4130999462410638,-1.6131832071270635,-0.9397200816982029,0.09750409055983025,-0.32703569334711957,0
1571237303250,-0.4130999462410638,-1.5806675019756542,-0.9047801774301413,-0.06572801762742342,-0.32904758179833477,0
1571237303500,-0.3260318159528975,-1.5806675019756542,-0.9397200816982029,-0.15757779456595064,-0.32904758179833477,0
1571237303750,-0.15189555537656493,-1.5481517968242449,-0.9047801774301413,-0.1245084918192065,-0.32904758179833477,0
1571237304000,-0.15189555537656493,-1.5481517968242449,-0.9047801774301413,-0.3411927722211464,-0.32703569334711957,0
1571237304250,-0.19542962052064808,-1.5481517968242449,-0.9397200816982029,0.1655879491560682,-0.32703569334711957,0
1571237304500,-0.23896368566473122,-1.5481517968242449,-0.9397200816982029,0.03846988770247115,-0.33105789968869803,0
1571237304750,-0.23896368566473122,-1.4831203865214262,-0.9397200816982029,0.10528510297082888,-0.33105789968869803,0
1571237305000,0.10930883548793388,-2.1334344895496127,-0.6951407518217716,0.05851445228297847,-0.33105789968869803,0
1571237305250,-0.28249775080881434,-0.08494506501082442,0.5277558975603845,0.2728305984728753,-0.33105789968869803,0
1571237305500,-1.5449856399872253,0.6954318586229997,0.21329675914783008,0.12346899067044523,-0.3330697881399131,0
1571237305750,-1.1531790536904771,1.18316743589414,1.3663135999938631,0.5238528249494394,-0.34916175462793037,0
1571237306000,-1.457917509699059,1.3457459616511867,1.0518544615813086,1.6002544005448682,-0.3531839609695087,0
1571237306250,-0.7178384022496457,1.378261666802596,1.0518544615813086,1.5586428993903976,-0.3531839609695087,0
1571237306500,-1.109644988546394,1.5083244874082333,0.842215035972939,0.19595081280333457,-0.3551958494207238,0
1571237306750,-0.8919746628259783,1.475808782256824,0.9120948445090622,-1.1653880542339894,-0.3330697881399131,0
1571237307000,-0.8919746628259783,1.5408401925596427,0.7373953231687541,-0.35303344328136166,-0.32904758179833477,0
1571237307250,-0.7613724673937289,1.4107773719540053,0.5626958018284461,-1.2005717625272005,-0.32301191644468935,0
1571237307500,-0.804906532537812,1.4107773719540053,0.7024554189006925,-2.006921461727862,-0.3169778216518959,0
1571237307750,-0.7613724673937289,1.280714551348368,0.842215035972939,0.11492679226271849,-0.3109437268591024,0
1571237308000,-0.28249775080881434,1.378261666802596,0.7723352274368158,-0.1793984598054902,-0.3109437268591024,0
1571237308250,-0.9355087279700615,1.3132302564997773,0.8771549402410006,-0.44843542153795346,-0.3109437268591024,0
1571237308500,-0.6307702719614795,1.3457459616511867,0.4229361847561997,-1.3536547240914125,-0.31295561531031757,0
1571237308750,-0.5872362068173963,1.378261666802596,1.0518544615813086,-1.2113129427032532,-0.31496750376153265,0
1571237309000,-0.06482742508839867,1.7034187183166893,0.4578760890242613,0.17429930000751231,-0.32100159855432614,0
1571237309250,-0.28249775080881434,1.1506517307427304,0.2831765676839533,-1.588945773302262,-0.3250238048959045,0
1571237309500,0.3269791612083496,-0.8653219886446487,0.038597237807522056,-0.4283908569574461,-0.2868073476879284,0
1571237309750,1.5459329852426775,-0.995384809250286,-0.7300806560898333,-0.3209790551969217,-0.3109437268591024,0
1571237310000,-0.3260318159528975,-1.8733088483383382,-3.315633571926392,1.9123406592034,-0.29686364882230026,0
1571237310250,0.5011154217846822,-1.4831203865214262,-1.289119124378819,-0.8346104505446894,-0.2948517603710852,0
1571237310500,0.15284290063201703,-1.6131832071270635,-1.6734580713274967,1.8303863002223384,-0.2707153811999111,0
1571237310750,0.10930883548793388,-1.2880261556129702,-1.0445397945023878,-0.36242140390767524,-0.2526115262606789,0
1571237311000,-0.021293359944315533,-1.3855732710671982,-0.5204412304814636,1.017693384382276,-0.254623414711894,0
1571237311250,0.3269791612083496,-1.2229947453101515,-0.5553811347495252,3.3594398152054263,-0.254623414711894,0
1571237311500,0.45758135664059896,-1.9708559637925664,-1.114419603038511,-0.29163110621195953,-0.2586471916143242,0
1571237311750,-0.19542962052064808,-1.4180889762186075,-1.289119124378819,-2.481563218798778,-0.2586471916143242,0
1571237312000,-0.06482742508839867,-1.3530575659157889,-1.2192393158426957,-1.5196778476000026,-0.26065750950468747,0
1571237312250,0.3269791612083496,-1.5156360916728355,-1.114419603038511,0.5159872363165822,-0.256635303163109,0
1571237312500,-0.06482742508839867,-1.3205418607643795,-0.9746599859662645,-0.48226591028142574,-0.254623414711894,0
1571237312750,-0.5872362068173963,-1.7432460277327009,-0.8349003688940181,-0.517957075905789,-0.2526115262606789,0
1571237313000,-0.15189555537656493,-1.2880261556129702,-0.6951407518217716,0.49721131506395505,-0.23853144822387667,0
1571237313250,0.15284290063201703,-1.0604162195531048,-0.5903210390175868,-0.2856261944599932,-0.23853144822387667,0
1571237313500,-0.4130999462410638,-1.5481517968242449,-1.0445397945023878,2.1314776500392414,-0.2506012083703156,0
1571237313750,-0.28249775080881434,-1.6456989122784729,-1.1493595073065725,2.4202208714647773,-0.2506012083703156,0
1571237314000,-0.19542962052064808,-1.5156360916728355,-1.0095998902343262,-1.2985956036614115,-0.2445671135775221,0
1571237314250,0.2399110309201833,-1.4831203865214262,-0.9397200816982029,-0.3371331135719297,-0.23853144822387667,0
1571237314500,-1.109644988546394,-1.8733088483383382,-1.289119124378819,-3.497577371987109,-0.2365211303335134,0
1571237314750,-0.1083614902324818,-1.1904790401587422,-0.7300806560898333,0.9630571450615683,-0.23853144822387667,0
1571237315000,0.06577477034385075,-1.1904790401587422,-0.4156215176772788,0.7865465700425017,-0.2284751470895049,0
1571237315250,-0.36956588109698063,-1.5806675019756542,-1.2541792201107573,1.057359632433997,-0.2284751470895049,0
1571237315500,-0.28249775080881434,-1.3530575659157889,-1.114419603038511,0.5690165274219751,-0.21037129215027245,0
1571237315750,0.2399110309201833,-1.4506046813700169,-0.9047801774301413,-0.3909235906740506,-0.2063490858086941,0
1571237316000,-1.109644988546394,-1.8733088483383382,-0.9746599859662645,0.7556762490640831,-0.20232687946711583,0
1571237316250,0.06577477034385075,-1.1904790401587422,-0.6252609432856484,-1.7409292439823112,-0.20232687946711583,0
1571237316500,0.022240705199767605,-1.3855732710671982,-0.45056142194534043,0.8903215942631029,-0.20836097425990927,0
1571237316750,-0.6307702719614795,-1.3530575659157889,-1.4288787414510653,0.28534787930795996,-0.21037129215027245,0
1571237317000,-0.36956588109698063,-1.6456989122784729,-1.289119124378819,1.4960564952149737,-0.21640695750391786,0
1571237317250,0.022240705199767605,-1.7757617328841102,-1.3589989329149421,-0.03232040999324456,-0.21238318060148761,0
1571237317500,-0.06482742508839867,-1.3855732710671982,-0.66020084755371,-1.2082681987163404,-0.21841727539428113,0
1571237317750,-0.23896368566473122,-1.4180889762186075,-0.3457417091411556,-0.6953134131434423,-0.21640695750391786,0
1571237318000,-0.15189555537656493,-1.7432460277327009,-0.8349003688940181,-0.02445482136038726,-0.21640695750391786,0
1571237318250,0.19637696577610014,-1.2555104504615608,-1.6734580713274967,1.0278425310053176,-0.22646325863828973,0
1571237318500,-0.06482742508839867,-1.3530575659157889,-1.463818645719127,0.4395303317563348,-0.22646325863828973,0
1571237318750,0.9799901383695966,-1.2880261556129702,-1.1493595073065725,-0.9593603777862434,-0.2304870355407199,0
1571237319000,-0.28249775080881434,-1.8733088483383382,-0.7300806560898333,0.1454588083537022,-0.20836097425990927,0
1571237319250,-0.021293359944315533,-1.3530575659157889,-0.6951407518217716,-0.6269758258816283,-0.20836097425990927,0
1571237319500,-0.28249775080881434,-2.0684030792467945,-1.2541792201107573,0.7153333912374925,-0.22646325863828973,0
1571237319750,-0.50016807652923,-1.4506046813700169,-1.1842994115746341,0.11391187760041432,-0.2365211303335134,0
1571237320000,-0.15189555537656493,-1.6782146174298822,-1.2541792201107573,0.48900742154366306,-0.2345092418822984,0
1571237320250,0.10930883548793388,-1.3530575659157889,-1.0445397945023878,1.0493248913574225,-0.24255522512630692,0
1571237320500,-0.50016807652923,-1.8407931431869289,-1.114419603038511,-0.5692102663521493,-0.24657743146788536,0
1571237320750,-0.50016807652923,-1.3530575659157889,-0.7999604646259565,-0.25771604124662856,-0.24255522512630692,0
1571237321000,0.06577477034385075,-1.5806675019756542,-0.5204412304814636,-0.24088537309675107,-0.24657743146788536,0
1571237321250,-0.5437021416733132,-1.4180889762186075,-1.2192393158426957,2.002160606817319,-0.2506012083703156,0
1571237321500,-0.06482742508839867,-1.5806675019756542,-1.1842994115746341,1.2578898544609292,-0.2506012083703156,0
1571237321750,0.06577477034385075,-1.5156360916728355,-1.0794796987704494,-2.792127105463853,-0.2526115262606789,0
1571237322000,0.5011154217846822,-1.5481517968242449,-0.9397200816982029,-0.9362710692188235,-0.2526115262606789,0
1571237322250,-0.9355087279700615,-1.8407931431869289,-1.0794796987704494,-1.1620050053596422,-0.24858931991910044,0
1571237322500,-0.3260318159528975,-1.2555104504615608,-0.6951407518217716,0.09995680099373201,-0.2526115262606789,0
1571237322750,-0.23896368566473122,-1.7757617328841102,-0.9746599859662645,-0.07131004827009634,-0.2506012083703156,0
1571237323000,0.022240705199767605,-1.3855732710671982,-1.2192393158426957,0.5655489023257692,-0.254623414711894,0
1571237323250,0.15284290063201703,-1.4831203865214262,-1.2192393158426957,0.45255506992257166,-0.2506012083703156,0
1571237323500,0.15284290063201703,-1.3855732710671982,-1.114419603038511,0.865117880149216,-0.254623414711894,0
1571237323750,0.3269791612083496,-1.2555104504615608,-0.9047801774301413,-0.8759682230335842,-0.256635303163109,0
1571237324000,-0.23896368566473122,-1.4506046813700169,-0.9047801774301413,-0.6821195225334881,-0.254623414711894,0
1571237324250,0.10930883548793388,-1.5481517968242449,-0.66020084755371,0.0256143019799517,-0.254623414711894,0
1571237324500,0.10930883548793388,-1.5806675019756542,-0.6951407518217716,-0.1979206523925413,-0.256635303163109,0
1571237324750,-0.4130999462410638,-1.5806675019756542,-1.2541792201107573,0.2804424584401565,-0.2586471916143242,0
1571237325000,0.15284290063201703,-1.4180889762186075,-1.2192393158426957,0.4941665710770426,-0.254623414711894,0
1571237325250,-0.021293359944315533,-1.4831203865214262,-1.0445397945023878,1.3628489457875517,-0.2445671135775221,0
1571237325500,0.3269791612083496,-1.4506046813700169,-1.114419603038511,0.4219384776097293,-0.256635303163109,0
1571237325750,0.06577477034385075,-1.5156360916728355,-1.1842994115746341,-1.1280899403943112,-0.256635303163109,0
1571237326000,0.5881835520728484,-1.4831203865214262,-0.10116237926472436,-1.433579253747866,-0.256635303163109,0
1571237326250,0.06577477034385075,-1.0929319247045142,-0.48550132621340203,0.10224035898391638,-0.254623414711894,0
1571237326500,-0.4566340113851469,-1.1579633350073328,-1.1493595073065725,0.8337401018396455,-0.2586471916143242,0
1571237326750,-0.1083614902324818,-1.5806675019756542,-0.9397200816982029,0.6082598943644029,-0.26065750950468747,0
1571237327000,-0.3260318159528975,-1.5481517968242449,-1.114419603038511,1.0006089875668225,-0.26065750950468747,0
1571237327250,-0.15189555537656493,-1.4506046813700169,-1.1842994115746341,-1.9340167584856793,-0.26266939795590255,0
1571237327500,-0.50016807652923,-1.7107303225812915,-0.8349003688940181,-1.7088748558978712,-0.26065750950468747,0
1571237327750,-0.50016807652923,-1.6782146174298822,-0.7999604646259565,-0.7769294672370691,-0.26065750950468747,0
1571237328000,-0.3260318159528975,-1.5481517968242449,-0.7650205603578949,0.3294120908963326,-0.2586471916143242,0
1571237328250,-0.23896368566473122,-1.4831203865214262,-0.6252609432856484,-0.012022116747161202,-0.26266939795590255,0
1571237328500,-0.021293359944315533,-1.6782146174298822,-0.7650205603578949,1.0231908388030901,-0.26065750950468747,0
1571237328750,-0.23896368566473122,-1.5481517968242449,-1.0445397945023878,-0.2053633599161052,-0.23853144822387667,0
1571237329000,-0.23896368566473122,-1.6131832071270635,-1.2192393158426957,0.796019106890674,-0.2586471916143242,0
1571237329250,-0.021293359944315533,-1.4506046813700169,-1.1493595073065725,-0.7858945467540892,-0.26468128640711763,0
1571237329500,0.15284290063201703,-1.5156360916728355,-1.0095998902343262,-0.04043972729167791,-0.26870349274869604,0
1571237329750,-0.3260318159528975,-1.6131832071270635,-0.7999604646259565,-0.3694412303219457,-0.26870349274869604,0
1571237330000,-0.4566340113851469,-1.7107303225812915,-0.66020084755371,0.5937973604265684,-0.26870349274869604,0
1571237330250,-0.50016807652923,-1.5806675019756542,-0.7300806560898333,0.40197848925108065,-0.26065750950468747,0
1571237330500,-0.06482742508839867,-1.2880261556129702,-0.5553811347495252,0.3525859756856111,-0.24657743146788536,0
1571237330750,-0.4130999462410638,-1.7432460277327009,-0.7300806560898333,0.6046231168244796,-0.24858931991910044,0
1571237331000,-0.28249775080881434,-1.9383402586411569,-1.1842994115746341,0.07822071197605107,-0.24858931991910044,0
1571237331250,0.06577477034385075,-1.3530575659157889,-1.1493595073065725,0.6280507302793341,-0.2506012083703156,0
1571237331500,0.2399110309201833,-1.4506046813700169,-1.0095998902343262,-0.534618591611949,-0.2506012083703156,0
1571237331750,-0.15189555537656493,-1.5481517968242449,-0.6951407518217716,-1.5255981831301104,-0.24858931991910044,0
1571237332000,0.15284290063201703,-1.3530575659157889,-0.48550132621340203,-1.4484646687949936,-0.24054333667509192,0
1571237332250,-0.1083614902324818,-1.5156360916728355,-0.3806816134092172,0.5948122750888726,-0.2284751470895049,0
1571237332500,-0.7613724673937289,-1.7107303225812915,-0.5553811347495252,0.5268129927144933,-0.21439506905270278,0
1571237332750,-0.7613724673937289,-1.5806675019756542,-0.5204412304814636,1.157497879114675,-0.20433719735747893,0
1571237333000,-0.9355087279700615,-1.6782146174298822,-0.4156215176772788,1.0728370810341357,-0.18623491297909858,0
1571237333250,-0.6307702719614795,-1.5806675019756542,-0.5204412304814636,0.1707470986894477,-0.1761770412838749,0
1571237333500,-0.8919746628259783,-1.7107303225812915,-0.5204412304814636,-1.328620162421243,-0.1761770412838749,0
1571237333750,-0.7178384022496457,-1.6782146174298822,-0.5204412304814636,-0.12687662603124955,-0.16813105803986614,0
1571237334000,-0.6307702719614795,-1.5481517968242449,-0.48550132621340203,1.4738975250879993,-0.16612074014950284,0
1571237334250,-0.7178384022496457,-1.6782146174298822,-0.5553811347495252,1.600592705432303,-0.16612074014950284,0
1571237334500,-0.7613724673937289,-1.6131832071270635,-0.7650205603578949,-1.1473733189780906,-0.1761770412838749,0
1571237334750,0.06577477034385075,-1.4831203865214262,-0.9746599859662645,-2.9835230955300474,-0.17215483494229636,0
1571237335000,-0.19542962052064808,-1.5806675019756542,-1.0445397945023878,-0.07173292937938976,-0.18824680143031364,0
1571237335250,-0.021293359944315533,-1.5156360916728355,-1.0445397945023878,-0.21762691208561388,-0.19025711932067693,0
1571237335500,-0.19542962052064808,-1.5156360916728355,-0.9397200816982029,-0.01286787896574801,-0.20031499101590058,0
1571237335750,-0.5437021416733132,-1.8407931431869289,-0.5903210390175868,0.1607671045101234,-0.20031499101590058,0
1571237336000,-0.28249775080881434,-1.4180889762186075,-0.5903210390175868,-0.36242140390767524,-0.1983031025646856,0
1571237336250,-0.1083614902324818,-1.3855732710671982,-0.5204412304814636,0.4471421917236161,-0.19025711932067693,0
1571237336500,-0.021293359944315533,-1.8407931431869289,-0.5204412304814636,-0.05414107523278418,-0.17215483494229636,0
1571237336750,-0.23896368566473122,-1.4506046813700169,-0.8349003688940181,1.2657554430937865,-0.16410885169828787,0
1571237337000,-0.021293359944315533,-1.5481517968242449,-1.0794796987704494,1.5706527228943301,-0.16612074014950284,0
1571237337250,-0.06482742508839867,-1.4180889762186075,-1.0445397945023878,2.260371812151871,-0.14198279041747708,0
1571237337500,-0.4130999462410638,-1.3855732710671982,-0.7650205603578949,-2.0852390431690004,-0.12991460083189005,0
1571237337750,-0.021293359944315533,-1.8733088483383382,-0.13610228353278597,-2.4887521976567655,-0.11985672913666637,0
1571237338000,0.06577477034385075,-1.5156360916728355,-0.5204412304814636,-0.5411309606950675,-0.12388050603909662,0
1571237338250,0.10930883548793388,-1.1254476298559235,-0.5204412304814636,0.6788810396164011,-0.10376633320950099,0
1571237338500,-0.1083614902324818,-1.5806675019756542,-0.7300806560898333,0.5407680693211756,-0.10778853955107942,0
1571237338750,-0.19542962052064808,-1.4180889762186075,-1.0445397945023878,1.3358691310146327,-0.11382263434387285,0
1571237339000,-0.23896368566473122,-1.8407931431869289,-1.2192393158426957,1.9483701297151979,-0.1399709019662619,0
1571237339250,-0.23896368566473122,-1.4506046813700169,-1.1842994115746341,-0.6097222766224575,-0.15204066211270084,0
1571237339500,0.7187857475050978,-1.5481517968242449,-0.9047801774301413,-2.186730509399417,-0.15807475690549436,0
1571237339750,-0.7178384022496457,-1.9708559637925664,-0.9746599859662645,-0.8176106299510945,-0.1480168852102706,0
1571237340000,-0.4566340113851469,-1.1254476298559235,-0.9047801774301413,0.19544335547218247,-0.14399467886869224,0
1571237340250,-0.3260318159528975,-1.5806675019756542,-0.5204412304814636,-0.18980133509410796,-0.15002877366148568,0
1571237340500,0.6752516823610146,-1.1904790401587422,-1.2192393158426957,0.7400296480202273,-0.1540509800030641,0
1571237340750,0.3269791612083496,-1.4180889762186075,-1.0095998902343262,1.0554143793312474,-0.15807475690549436,0
1571237341000,0.28344509606426643,-1.5156360916728355,-1.2192393158426957,1.2342085123404984,-0.1620969632470727,0
1571237341250,-0.5437021416733132,-1.4831203865214262,-1.114419603038511,-1.4725688920247175,-0.16008664535670933,0
1571237341500,-0.7178384022496457,-1.8733088483383382,-1.0445397945023878,-1.042583380095185,-0.1560628684542792,0
1571237341750,-0.3260318159528975,-1.3855732710671982,-0.8349003688940181,-0.3175960063225745,-0.1540509800030641,0
1571237342000,-0.15189555537656493,-1.4180889762186075,-0.6252609432856484,0.6983335706438977,-0.16410885169828787,0
1571237342250,-0.1083614902324818,-1.3530575659157889,-0.8349003688940181,0.7209999981020242,-0.16813105803986614,0
1571237342500,0.06577477034385075,-1.3855732710671982,-1.2541792201107573,0.2705470404826909,-0.1761770412838749,0
1571237342750,0.2399110309201833,-1.3855732710671982,-1.114419603038511,0.016987527350366266,-0.1761770412838749,0
1571237343000,0.19637696577610014,-1.7432460277327009,-0.9397200816982029,-0.15715491345665722,-0.1761770412838749,0
1571237343250,-0.28249775080881434,-1.5156360916728355,-0.7650205603578949,-0.7135818770649173,-0.17416672339351152,0
1571237343500,-0.5872362068173963,-1.4180889762186075,-0.7650205603578949,0.2870394037451336,-0.16612074014950284,0
1571237343750,-0.4130999462410638,-1.6782146174298822,-0.3806816134092172,0.3633271558616636,-0.16410885169828787,0
1571237344000,-0.5437021416733132,-1.6131832071270635,-1.0794796987704494,-0.02200211092648552,-0.16612074014950284,0
1571237344250,-0.06482742508839867,-1.5481517968242449,-1.2541792201107573,0.9436046140340716,-0.1761770412838749,0
1571237344500,-0.15189555537656493,-1.6131832071270635,-1.1842994115746341,1.5994086383262816,-0.1701429464910814,0
1571237344750,-0.021293359944315533,-1.4506046813700169,-1.0794796987704494,-1.9781655462959107,-0.16410885169828787,0
1571237345000,0.10930883548793388,-1.4180889762186075,-0.9397200816982029,-1.480941937988727,-0.16813105803986614,0
1571237345250,-0.15189555537656493,-1.5156360916728355,-0.9746599859662645,-0.5776678885380174,-0.16813105803986614,0
1571237345500,-0.50016807652923,-1.6456989122784729,-0.9746599859662645,0.10266324009320979,-0.1761770412838749,0
1571237345750,-0.6307702719614795,-1.6782146174298822,-0.9047801774301413,-0.09642918616212451,-0.17416672339351152,0
1571237346000,-0.3260318159528975,-1.3530575659157889,-0.7300806560898333,0.46329625009862413,-0.1781889297350899,0
1571237346250,-0.021293359944315533,-1.4506046813700169,-0.5204412304814636,0.03178836617563539,-0.17416672339351152,0
1571237346500,-0.23896368566473122,-1.6131832071270635,-0.8349003688940181,0.3683171529513257,-0.1781889297350899,0
1571237346750,-0.19542962052064808,-1.5481517968242449,-1.0794796987704494,0.790690804913577,-0.1781889297350899,0
1571237347000,-0.15189555537656493,-1.4831203865214262,-1.1842994115746341,0.48579352511303314,-0.19025711932067693,0
1571237347250,-0.06482742508839867,-1.4831203865214262,-1.1842994115746341,-0.07520055447559566,-0.19025711932067693,0
1571237347500,0.3269791612083496,-1.4506046813700169,-0.9746599859662645,-1.7773815956034027,-0.1922690077718921,0
1571237347750,-0.4566340113851469,-1.6456989122784729,-0.9746599859662645,-0.10869273833163319,-0.18824680143031364,0
1571237348000,-0.28249775080881434,-1.4831203865214262,-0.7300806560898333,0.3994412025953202,-0.1781889297350899,0
1571237348250,0.10930883548793388,-1.2880261556129702,-0.5553811347495252,0.1419911832574963,-0.18221113607666833,0
1571237348500,0.3705132263524327,-1.9058245534897476,-0.8349003688940181,0.55523060325901,-0.18422302452788342,0
1571237348750,-0.06482742508839867,-1.6456989122784729,-1.4987585499871885,0.28585533663911206,-0.18623491297909858,0
1571237349000,-0.1083614902324818,-1.3855732710671982,-1.2192393158426957,0.7596513314914412,-0.18422302452788342,0
1571237349250,0.15284290063201703,-1.3855732710671982,-0.9746599859662645,0.9726142581315992,-0.18824680143031364,0
1571237349500,-0.28249775080881434,-1.3530575659157889,-0.9047801774301413,-1.2839639172798596,-0.19025711932067693,0
1571237349750,0.10930883548793388,-1.7107303225812915,-0.6252609432856484,-2.181486783644179,-0.19025711932067693,0
1571237350000,0.28344509606426643,-1.1579633350073328,-0.6252609432856484,-0.45858456816099513,-0.1922690077718921,0
1571237350250,0.5011154217846822,-1.6131832071270635,-1.0095998902343262,0.6273741205044646,-0.19025711932067693,0
1571237350500,0.19637696577610014,-1.4180889762186075,-1.2541792201107573,0.39267510484662577,-0.19629121411347045,0
1571237350750,0.10930883548793388,-1.5156360916728355,-1.1842994115746341,0.793904701344207,-0.1922690077718921,0
1571237351000,0.10930883548793388,-1.5806675019756542,-1.2541792201107573,0.853192632867142,-0.19629121411347045,0
1571237351250,0.06577477034385075,-1.4831203865214262,-1.2541792201107573,-0.2548404497034334,-0.19428089622310707,0
1571237351500,0.06577477034385075,-1.4506046813700169,-1.2192393158426957,-1.2381236050324547,-0.18824680143031364,0
1571237351750,0.10930883548793388,-1.2880261556129702,-0.9746599859662645,-0.5485736682186313,-0.17215483494229636,0
1571237352000,-0.9790427931141445,-1.8082774380355195,-1.1842994115746341,0.2521940003393572,-0.18221113607666833,0
1571237352250,-1.457917509699059,-1.3530575659157889,-0.5903210390175868,-0.033589053321124766,-0.11382263434387285,0
1571237352500,-1.1531790536904771,-2.0684030792467945,-0.5204412304814636,-0.21001505211833263,-0.07761649502626013,0
1571237352750,-0.50016807652923,-1.7107303225812915,0.07353714207558366,-0.24875096172960837,-0.07962838347747503,0
1571237353000,-0.8919746628259783,-1.3855732710671982,-0.13610228353278597,3.48545838577486,-0.053480115855086066,0
1571237353250,-0.8484405976818952,-1.4831203865214262,-0.031282570728601154,0.505415208584247,-0.08365058981905364,0
1571237353500,-0.6307702719614795,-1.5806675019756542,0.14341695061170687,-0.34305344910203733,-0.03135405457427536,0
1571237353750,-1.370849379410893,-1.4506046813700169,-0.24092199633697078,-0.2616911236739865,-0.01727397653747325,0
1571237354000,-1.6755878354194749,-1.7757617328841102,-0.13610228353278597,-0.6255380301100307,0.03502412926815675,0
1571237354250,-1.1967131188345603,-1.8407931431869289,-0.9047801774301413,-1.5573142663271156,0.05111452519532222,0
1571237354500,-0.50016807652923,-1.6131832071270635,-0.48550132621340203,-1.0584837098046171,0.061172396890546064,0
1571237354750,-0.804906532537812,-1.5806675019756542,-0.5204412304814636,-3.3344298400217136,0.075252474927348,0
1571237355000,-0.9790427931141445,-1.6131832071270635,-0.06622247499666276,1.993872137075168,0.07927468126892644,0
1571237355250,-0.9790427931141445,-1.4831203865214262,-0.66020084755371,1.0871304625282527,0.05715019054896745,0
1571237355500,-1.1967131188345603,-1.3855732710671982,-0.4156215176772788,-0.4688182910058955,0.049104207304959034,0
1571237355750,-1.2837812491227265,-1.5806675019756542,-0.5204412304814636,-0.5777524647598762,0.049104207304959034,0
1571237356000,-0.6743043371055626,-1.4831203865214262,-0.5204412304814636,-0.6661346166021974,0.061172396890546064,0
1571237356250,-0.4566340113851469,-1.6131832071270635,-0.3806816134092172,0.15315524454284216,0.07726436337856325,0
1571237356500,-0.4130999462410638,-1.3855732710671982,-0.5553811347495252,-0.7409845729471298,0.07726436337856325,0
1571237356750,-1.2402471839786433,-1.5806675019756542,-0.13610228353278597,1.0519467542350416,0.0531264136465373,0
1571237357000,-1.4143834445549759,-1.6131832071270635,-0.5903210390175868,-0.4727087972113948,0.03904633560973519,0
1571237357250,-1.1967131188345603,-1.5806675019756542,-0.3806816134092172,2.0283792355935097,0.02094405123135464,0
1571237357500,-1.109644988546394,-1.7107303225812915,-0.48550132621340203,-0.4063164630523305,0.0068639731945527045,0
1571237357750,-1.0225768582582277,-1.6782146174298822,-0.5553811347495252,0.756268282617094,-0.001182010049456064,0
1571237358000,-1.0661109234023107,-1.6782146174298822,-0.4156215176772788,-1.189323125019996,-0.011239881744679735,0
1571237358250,-1.1967131188345603,-1.6456989122784729,-0.3806816134092172,-0.3358644702440495,-0.02733027767184503,0
1571237358500,-1.1967131188345603,-1.6131832071270635,-0.3806816134092172,0.2005179287837033,-0.03135405457427536,0
1571237358750,-1.109644988546394,-1.6131832071270635,-0.3457417091411556,-0.14463763262157248,-0.03135405457427536,0
1571237359000,-1.0661109234023107,-1.6456989122784729,-0.3806816134092172,-0.02487770246968066,-0.03940003781828395,0
1571237359250,-1.0225768582582277,-1.6131832071270635,-0.24092199633697078,0.33364090198926666,-0.05146822740387099,0
1571237359500,-0.9790427931141445,-1.6131832071270635,-0.310801804873094,0.476574716930437,-0.05951421064787958,0
1571237359750,-1.0225768582582277,-1.6456989122784729,-0.3806816134092172,-1.1636119535749572,-0.06957051178225136,0
1571237360000,-1.2402471839786433,-1.6456989122784729,-0.3457417091411556,-0.7732081134752872,-0.06957051178225136,0
1571237360250,-1.1531790536904771,-1.4180889762186075,-0.310801804873094,-0.8435755300617094,-0.07560617713589676,0
1571237360500,-0.9355087279700615,-1.6782146174298822,-0.3457417091411556,0.6512246150686126,-0.07761649502626013,0
1571237360750,-0.8484405976818952,-1.8733088483383382,-0.3457417091411556,-0.42576899407982705,-0.07962838347747503,0
1571237361000,-0.804906532537812,-1.6456989122784729,-0.3806816134092172,1.0833245325446121,-0.08365058981905364,0
1571237361250,-0.5872362068173963,-1.4831203865214262,-0.06622247499666276,0.7186318638899811,-0.08365058981905364,0
1571237361500,-1.8061900308517242,-2.035887374095385,-1.2192393158426957,0.7763128471976013,-0.07158240023346661,0
1571237361750,-1.370849379410893,-1.5481517968242449,-0.8349003688940181,-1.0925679272136652,-0.05951421064787958,0
1571237362000,-1.1967131188345603,-1.8082774380355195,-0.7650205603578949,0.6231453094115306,-0.08164027192869028,0
1571237362250,-1.1531790536904771,-1.7757617328841102,-0.45056142194534043,-0.10590172301029674,-0.07560617713589676,0
1571237362500,-1.1967131188345603,-1.6456989122784729,-0.3806816134092172,3.414160630747993,-0.05951421064787958,0
1571237362750,-1.1967131188345603,-1.5806675019756542,-0.2758619006050324,-0.6949751082560075,-0.05549043374544925,0
1571237363000,-1.2402471839786433,-1.6456989122784729,-0.3806816134092172,-2.75964983627012,-0.06152609909909466,0
1571237363250,-1.2402471839786433,-1.6456989122784729,-0.3806816134092172,-1.3244759275501679,-0.06756019389188818,0
1571237363500,-1.2837812491227265,-1.6456989122784729,-0.3806816134092172,0.7216766078768936,-0.07560617713589676,0
1571237363750,-1.2837812491227265,-1.6456989122784729,-0.3806816134092172,-0.206209122134692,-0.08164027192869028,0
1571237364000,-1.2837812491227265,-1.6782146174298822,-0.3806816134092172,0.6768512102917928,-0.07962838347747503,0
1571237364250,-1.2837812491227265,-1.6456989122784729,-0.3457417091411556,-0.11029968654694812,-0.08566247827026854,0
1571237364500,-1.2402471839786433,-1.6456989122784729,-0.3457417091411556,0.7203233883271547,-0.0876743667214838,0
1571237364750,-1.0225768582582277,-1.6131832071270635,-0.4156215176772788,-0.00424110433616258,-0.09773066785585557,0
1571237365000,-1.2837812491227265,-1.6456989122784729,-0.3457417091411556,0.7006171286340822,-0.06152609909909466,0
1571237365250,-1.370849379410893,-1.6456989122784729,-0.45056142194534043,-0.11275239698084986,-0.05146822740387099,0
1571237365500,-1.2402471839786433,-1.5806675019756542,-0.310801804873094,0.3521630945763177,-0.05951421064787958,0
1571237365750,-1.1967131188345603,-1.9383402586411569,-0.24092199633697078,1.6645323291574656,-0.06756019389188818,0
1571237366000,-0.8484405976818952,-1.7757617328841102,0.21329675914783008,2.2694214678907496,-0.025319959781481844,0
1571237366250,-0.4130999462410638,-0.9628691040988767,0.1783568548797685,0.7023086530712557,-0.001182010049456064,0
1571237366500,-0.1083614902324818,-1.6456989122784729,0.038597237807522056,-0.17500049626883885,0.02094405123135464,0
1571237366750,-0.5437021416733132,-1.2880261556129702,0.3181164719520149,-1.4627580502891107,0.03904633560973519,0
1571237367000,-0.6743043371055626,-1.3855732710671982,0.038597237807522056,-6.421208209197982,0.03301224081694167,0
1571237367250,-0.50016807652923,-1.4831203865214262,0.4229361847561997,3.0869352283767575,0.03502412926815675,0
1571237367500,-0.021293359944315533,-1.2229947453101515,-0.10116237926472436,2.1291940920490573,0.022954369121718,0
1571237367750,-0.06482742508839867,-1.2880261556129702,-0.17104218780084757,-1.567040531840864,0.014909956438561299,0
1571237368000,0.15284290063201703,-1.1579633350073328,-0.06622247499666276,-0.06183751142192411,0.018932162780139563,0
1571237368250,-0.9790427931141445,-1.9708559637925664,-0.48550132621340203,0.3999486599264723,0.012898067987346046,0
1571237368500,-0.7613724673937289,-1.5806675019756542,-0.2758619006050324,0.6271203918388886,0.002840196292122374,0
1571237368750,-0.7613724673937289,-1.5481517968242449,-0.3457417091411556,1.582577970176404,0.0008298784017591881,0
1571237369000,-0.8484405976818952,-1.5156360916728355,-0.66020084755371,1.6605572467301075,0.004852084743337452,0
1571237369250,-0.021293359944315533,-1.3530575659157889,-0.310801804873094,0.2071148740886804,-0.001182010049456064,0
1571237369500,-0.06482742508839867,-1.5156360916728355,-0.3806816134092172,-0.9091221020021869,-0.003193898500671142,0
1571237369750,-0.1083614902324818,-1.3855732710671982,-0.4156215176772788,0.5889765157806237,-0.009227993293464484,0
1571237370000,-0.9355087279700615,-1.6782146174298822,-0.031282570728601154,-1.2662029106895367,0.002840196292122374,0
1571237370250,-0.9790427931141445,-1.3205418607643795,-0.2758619006050324,0.669154774102653,-0.011239881744679735,0
1571237370500,-0.9355087279700615,-1.4506046813700169,-0.13610228353278597,-0.1978360761706826,-0.021296182879051516,0
1571237370750,-0.8919746628259783,-1.2880261556129702,0.003657333539460452,0.4832562384572728,-0.04342224415986239,0
1571237371000,-1.2837812491227265,-1.7432460277327009,-0.13610228353278597,0.7880689420359579,-0.03738814936706888,0
1571237371250,0.2399110309201833,-1.1579633350073328,-0.06622247499666276,-0.7171340783829819,-0.029342166123060284,0
1571237371500,0.10930883548793388,-1.4506046813700169,-0.2758619006050324,-0.16409016364906903,-0.025319959781481844,0
1571237371750,0.19637696577610014,-2.035887374095385,-0.3806816134092172,-0.34719768397311274,-0.02330807133026677,0
1571237372000,-1.5014515748431423,-1.3530575659157889,-0.6252609432856484,0.8221531594450062,-0.02733027767184503,0
1571237372250,-1.370849379410893,-1.3205418607643795,-0.310801804873094,-0.4593457541577233,-0.025319959781481844,0
1571237372500,-1.8497240959958072,-1.5156360916728355,-0.3806816134092172,-1.8444505395373365,-0.02733027767184503,0
1571237372750,-0.23896368566473122,-1.4180889762186075,-0.13610228353278597,0.4435054141836928,-0.029342166123060284,0
1571237373000,-0.23896368566473122,-1.4180889762186075,-0.13610228353278597,1.1888756574242456,-0.03336594302549044,0
1571237373250,-0.5872362068173963,-1.6131832071270635,-0.5903210390175868,0.9880917067317377,-0.0353762609158538,0
1571237373500,-0.4566340113851469,-1.4506046813700169,-0.3806816134092172,1.2987401696186718,-0.0353762609158538,0
1571237373750,-0.6307702719614795,-1.4506046813700169,-0.5553811347495252,-2.082109722960229,-0.03738814936706888,0
1571237374000,-0.8484405976818952,-2.0684030792467945,-0.3457417091411556,-0.7514720244576063,-0.0353762609158538,0
1571237374250,-0.804906532537812,-1.3855732710671982,-0.06622247499666276,-0.6780598638842714,-0.03940003781828395,0
1571237374500,-1.0225768582582277,-1.6131832071270635,0.10847704634364527,-1.0260064406108838,-0.0353762609158538,0
1571237374750,-0.021293359944315533,-1.1904790401587422,0.038597237807522056,0.8522622944266965,-0.04141035570864732,0
1571237375000,-0.19542962052064808,-1.4506046813700169,-0.310801804873094,0.3411681857346892,-0.03940003781828395,0
1571237375250,-0.23896368566473122,-1.5481517968242449,-0.4156215176772788,1.9005845643650432,-0.03940003781828395,0
1571237375500,-0.15189555537656493,-1.4831203865214262,-0.3806816134092172,-1.0126433975572122,-0.03940003781828395,0
1571237375750,-0.5872362068173963,-1.3530575659157889,-0.3457417091411556,-0.2845267035758303,-0.03738814936706888,0
1571237376000,-0.9355087279700615,-1.4180889762186075,-0.66020084755371,-0.9137737942044144,-0.03738814936706888,0
1571237376250,-1.1967131188345603,-1.3855732710671982,-0.3806816134092172,-0.6129361730530872,-0.03738814936706888,0
1571237376500,-0.804906532537812,-1.3530575659157889,0.4229361847561997,0.8601278830595539,-0.03940003781828395,0
1571237376750,-0.5437021416733132,-1.9383402586411569,-0.45056142194534043,0.5584444996896399,-0.04543413261107747,0
1571237377000,-0.15189555537656493,-1.4831203865214262,-0.45056142194534043,1.1001552006944897,-0.0353762609158538,0
1571237377250,0.28344509606426643,-1.3205418607643795,-0.2059820920689092,0.7645567523592447,-0.03336594302549044,0
1571237377500,0.2399110309201833,-1.4506046813700169,-0.3806816134092172,0.4808881042452297,-0.03336594302549044,0
1571237377750,0.022240705199767605,-1.2555104504615608,-0.45056142194534043,-0.9592758015643846,-0.0353762609158538,0
1571237378000,-0.50016807652923,-1.3855732710671982,-0.06622247499666276,-1.8151025905523743,-0.0353762609158538,0
1571237378250,-0.6307702719614795,-1.1904790401587422,-0.17104218780084757,0.5153952027635714,-0.03940003781828395,0
1571237378500,-0.8484405976818952,-1.2229947453101515,0.07353714207558366,0.05513140340863125,-0.03940003781828395,0
1571237378750,-0.6743043371055626,-1.9708559637925664,-0.031282570728601154,0.6092748090267069,-0.04543413261107747,0
1571237379000,-0.6307702719614795,-1.5806675019756542,-0.10116237926472436,0.9837783194169449,-0.049456338952655735,0
1571237379250,-0.3260318159528975,-1.2555104504615608,-0.2059820920689092,1.0215838905877752,-0.049456338952655735,0
1571237379500,-0.3260318159528975,-1.3530575659157889,-0.2758619006050324,-1.0707472619741258,-0.053480115855086066,0
1571237379750,-0.19542962052064808,-1.4180889762186075,-0.13610228353278597,-1.456583986093427,-0.053480115855086066,0
1571237380000,-0.23896368566473122,-1.3205418607643795,-0.031282570728601154,-0.35320259572507906,-0.053480115855086066,0
1571237380250,-0.50016807652923,-1.4180889762186075,-0.13610228353278597,-0.8885700800905276,-0.049456338952655735,0
1571237380500,-0.7178384022496457,-1.1904790401587422,-0.310801804873094,0.526897568936352,-0.053480115855086066,0
1571237380750,-0.804906532537812,-1.2555104504615608,0.038597237807522056,0.02891277463244024,-0.05549043374544925,0
1571237381000,-0.7178384022496457,-1.9708559637925664,-0.06622247499666276,-0.48260421516886043,-0.0735942886846817,0
1571237381250,-0.6743043371055626,-1.6782146174298822,-0.3457417091411556,0.8130189274842687,-0.057502322196664506,0
1571237381500,-0.19542962052064808,-1.5806675019756542,-0.5553811347495252,-0.40809256371136277,-0.057502322196664506,0
1571237381750,0.15284290063201703,-1.4180889762186075,0.3181164719520149,0.6665329112250339,-0.05951421064787958,0
1571237382000,-0.28249775080881434,-1.4180889762186075,-0.10116237926472436,-0.4403161042395201,-0.06152609909909466,0
1571237382250,-0.8484405976818952,-1.4831203865214262,-0.5903210390175868,-0.5937373706911668,-0.057502322196664506,0
1571237382500,-1.3273153142668097,-1.8733088483383382,-0.6252609432856484,0.7865465700425017,-0.05951421064787958,0
1571237382750,-0.3260318159528975,-1.6456989122784729,0.24823666341589168,0.41035153521509,-0.12388050603909662,0
1571237383000,-1.5449856399872253,-1.2555104504615608,-0.2059820920689092,0.986146453628988,-0.09169657306306206,0
1571237383250,-0.28249775080881434,-1.4180889762186075,-0.9397200816982029,-0.42221679276176244,-0.1379605840758988,0
1571237383500,0.06577477034385075,-1.6131832071270635,-0.9746599859662645,-0.1742393102721107,-0.11985672913666637,0
1571237383750,-0.4566340113851469,-1.5156360916728355,-1.0095998902343262,2.058826675462635,-0.10376633320950099,0
1571237384000,-0.15189555537656493,-1.5156360916728355,-0.9397200816982029,1.1300951832324624,-0.09572034996549239,0
1571237384250,-0.4130999462410638,-1.5156360916728355,-0.9746599859662645,-1.1302043459407782,-0.0876743667214838,0
1571237384500,0.15284290063201703,-1.3205418607643795,-1.0095998902343262,1.4957181903275392,-0.0876743667214838,0
1571237384750,0.2399110309201833,-1.2555104504615608,-1.1842994115746341,-0.7502033811297261,-0.04543413261107747,0
1571237385000,0.9364560732255135,-1.1254476298559235,-1.0445397945023878,-4.6233714611480075,-0.06152609909909466,0
1571237385250,0.41404729149651587,-1.3530575659157889,-1.0445397945023878,0.08701663904935387,-0.06756019389188818,0
1571237385500,0.5881835520728484,-1.1579633350073328,-1.2541792201107573,1.5453644325585845,-0.0735942886846817,0
1571237385750,-0.06482742508839867,-1.8407931431869289,-0.24092199633697078,-3.2841915642376573,-0.07761649502626013,0
1571237386000,-0.4130999462410638,-1.5156360916728355,-0.5553811347495252,-1.9596433537088596,-0.08365058981905364,0
1571237386250,-0.804906532537812,-1.6456989122784729,-0.6951407518217716,0.6316029315973987,-0.0876743667214838,0
1571237386500,0.10930883548793388,-1.7432460277327009,-1.2541792201107573,-0.1283144218028471,-0.0876743667214838,0
1571237386750,0.2399110309201833,-1.4506046813700169,-1.1493595073065725,1.6046523640815198,-0.08968625517269888,0
1571237387000,0.2399110309201833,-1.3205418607643795,-1.0445397945023878,0.45382371325045184,-0.09169657306306206,0
1571237387250,-0.50016807652923,-1.5156360916728355,-0.6252609432856484,0.5775587258297017,-0.09572034996549239,0
1571237387500,0.10930883548793388,-1.2555104504615608,-0.5553811347495252,-0.2520494343820969,-0.10376633320950099,0
1571237387750,0.19637696577610014,-1.1579633350073328,-0.4156215176772788,-0.14100085508164922,-0.11382263434387285,0
1571237388000,-0.5872362068173963,-1.1904790401587422,0.2831765676839533,0.5978570190757851,-0.12388050603909662,0
1571237388250,-0.4130999462410638,-0.6702277577361927,0.5277558975603845,-0.08340444799588767,-0.0655483054406731,0
1571237388500,-0.804906532537812,-0.31255500107068984,0.07353714207558366,0.6026778637217299,-0.09572034996549239,0
1571237388750,-0.36956588109698063,-0.995384809250286,0.3879962804881381,0.851331955986251,-0.07158240023346661,0
1571237389000,-0.4130999462410638,-0.6702277577361927,0.21329675914783008,1.4939420896685067,-0.057502322196664506,0
1571237389250,0.5446494869287652,-1.0929319247045142,-0.310801804873094,0.8411828093632093,-0.04543413261107747,0
1571237389500,-0.1083614902324818,-0.9628691040988767,-0.9397200816982029,1.7437802490390495,-0.04744602106229255,0
1571237389750,0.28344509606426643,-1.2555104504615608,-0.6252609432856484,-0.05853903876943557,-0.06957051178225136,0
1571237390000,0.06577477034385075,-1.3855732710671982,-0.5204412304814636,-2.6902127581241433,-0.10376633320950099,0
1571237390250,0.19637696577610014,-1.3205418607643795,-0.45056142194534043,-2.70704342627402,-0.11985672913666637,0
1571237390500,0.2399110309201833,-1.3530575659157889,-0.45056142194534043,-2.2441577640414616,-0.12991460083189005,0
1571237390750,0.19637696577610014,-1.3205418607643795,-0.45056142194534043,-0.05346446545791473,-0.12589082392945988,0
1571237391000,0.15284290063201703,-1.3205418607643795,-0.5204412304814636,-0.15495593168833152,-0.1319264892831053,0
1571237391250,0.10930883548793388,-1.3205418607643795,-0.48550132621340203,0.5647031401071823,-0.12991460083189005,0
1571237391500,0.10930883548793388,-1.3530575659157889,-0.5204412304814636,-0.7454671127056399,-0.1319264892831053,0
1571237391750,0.15284290063201703,-1.3530575659157889,-0.5204412304814636,0.44468948128971436,-0.1319264892831053,0
1571237392000,0.10930883548793388,-1.3530575659157889,-0.5204412304814636,-0.29146195376824213,-0.1319264892831053,0
1571237392250,0.10930883548793388,-1.3530575659157889,-0.5204412304814636,0.8811873623023654,-0.1339368071734684,0
1571237392500,0.10930883548793388,-1.3530575659157889,-0.5204412304814636,0.09818070033469971,-0.1339368071734684,0
1571237392750,0.06577477034385075,-1.3855732710671982,-0.5204412304814636,0.5334099380194705,-0.12790271238067505,0
1571237393000,0.06577477034385075,-1.3530575659157889,-0.5204412304814636,0.21887096892703703,-0.12790271238067505,0
1571237393250,0.10930883548793388,-1.3530575659157889,-0.5204412304814636,-0.5358872349398293,-0.12790271238067505,0
1571237393500,0.15284290063201703,-1.3530575659157889,-0.5204412304814636,0.6004788819534043,-0.12991460083189005,0
1571237393750,0.15284290063201703,-1.3205418607643795,-0.48550132621340203,0.06544970247539028,-0.12991460083189005,0
1571237394000,0.15284290063201703,-1.3530575659157889,-0.5204412304814636,0.714149324131471,-0.1339368071734684,0
1571237394250,0.10930883548793388,-1.3530575659157889,-0.5204412304814636,0.144190165025822,-0.1339368071734684,0
1571237394500,0.10930883548793388,-1.3530575659157889,-0.5204412304814636,-0.5001114930936074,-0.12790271238067505,0
1571237394750,0.10930883548793388,-1.3530575659157889,-0.5204412304814636,0.23138824976212177,-0.13594869562468356,0
1571237395000,0.15284290063201703,-1.3530575659157889,-0.5204412304814636,-0.08230495711172484,-0.1339368071734684,0
1571237395250,0.022240705199767605,-1.4506046813700169,-0.5903210390175868,0.383879177773323,-0.1399709019662619,0
1571237395500,-0.15189555537656493,-1.3855732710671982,-0.5903210390175868,-0.029191089784473375,-0.1399709019662619,0
1571237395750,0.10930883548793388,-1.3530575659157889,-0.4156215176772788,-0.23538791867593684,-0.1399709019662619,0
1571237396000,-0.15189555537656493,-1.1904790401587422,-0.2758619006050324,0.25007959479289016,-0.14198279041747708,0
1571237396250,1.415330789810428,-2.3935601307608874,-0.6252609432856484,0.3224768407039208,-0.1399709019662619,0
1571237396500,-0.6743043371055626,-1.5156360916728355,-1.53369845425525,0.6746522285234672,-0.1399709019662619,0
1571237396750,0.15284290063201703,-1.5481517968242449,-1.289119124378819,-0.007708729432368488,-0.1399709019662619,0
1571237397000,0.5881835520728484,-1.2555104504615608,-1.1842994115746341,-0.7096067946375594,-0.1399709019662619,0
1571237397250,0.2399110309201833,-1.6782146174298822,-1.3240590286468805,-0.1389710257570409,-0.13594869562468356,0
1571237397500,0.28344509606426643,-1.4831203865214262,-0.9746599859662645,-1.0458818527476736,-0.1399709019662619,0
1571237397750,0.5446494869287652,-1.2229947453101515,-0.6252609432856484,-0.2315819886922962,-0.1379605840758988,0
1571237398000,-0.6743043371055626,-1.8407931431869289,-1.0445397945023878,0.2811190682150259,-0.14198279041747708,0
1571237398250,-0.19542962052064808,-1.7107303225812915,-1.0445397945023878,0.12431475288903203,-0.1399709019662619,0
1571237398500,0.06577477034385075,-1.6782146174298822,-0.6252609432856484,0.6950350979914092,-0.14198279041747708,0
1571237398750,0.15284290063201703,-1.1904790401587422,-0.5204412304814636,-0.19995048171714963,-0.1560628684542792,0
1571237399000,0.15284290063201703,-1.2555104504615608,-0.24092199633697078,-0.4287291618448809,-0.15002877366148568,0
1571237399250,0.28344509606426643,-1.2229947453101515,-0.2059820920689092,0.49137555575570613,-0.15002877366148568,0
1571237399500,0.3705132263524327,-1.3530575659157889,-0.4156215176772788,0.42168474894415325,-0.15002877366148568,0
1571237399750,0.06577477034385075,-1.3855732710671982,-0.5553811347495252,1.306352029585953,-0.15204066211270084,0
1571237400000,0.15284290063201703,-1.4180889762186075,-0.5204412304814636,1.0324096469856863,-0.15002877366148568,0
1571237400250,0.2399110309201833,-1.1904790401587422,-0.13610228353278597,-2.6221288995279055,-0.14198279041747708,0
1571237400500,0.10930883548793388,-1.0604162195531048,-0.13610228353278597,-0.5056089475144215,-0.1339368071734684,0
1571237400750,-0.3260318159528975,-1.4180889762186075,-0.8349003688940181,-0.4667884616812872,-0.1339368071734684,0
1571237401000,0.41404729149651587,-1.1904790401587422,-1.3939388371830037,0.9685545994823824,-0.1379605840758988,0
1571237401250,0.10930883548793388,-1.1904790401587422,-0.66020084755371,1.8111029216385592,-0.1379605840758988,0
1571237401500,0.8493879429373472,-0.6702277577361927,-0.24092199633697078,0.7816411491746982,-0.15204066211270084,0
1571237401750,0.45758135664059896,-2.035887374095385,-0.6252609432856484,-2.6193378842065687,-0.1560628684542792,0
1571237402000,0.15284290063201703,-1.3530575659157889,-0.8349003688940181,-1.294705097455912,-0.1480168852102706,0
1571237402250,-0.1083614902324818,-1.6456989122784729,-1.3240590286468805,0.09133002636414658,-0.14198279041747708,0
1571237402500,0.10930883548793388,-1.4506046813700169,-1.0445397945023878,0.13260322263118274,-0.1480168852102706,0
1571237402750,0.8058538777932641,-1.4506046813700169,-0.8349003688940181,0.5992948148473827,-0.14399467886869224,0
1571237403000,0.41404729149651587,-1.6782146174298822,-0.6951407518217716,-0.1016729119173627,-0.14399467886869224,0
1571237403250,0.5446494869287652,-0.702743462887602,-0.8698402731620797,-0.26549705365762716,-0.14198279041747708,0
1571237403500,0.10930883548793388,-1.8733088483383382,-1.2192393158426957,0.06908648001531356,-0.15204066211270084,0
1571237403750,-0.19542962052064808,-1.6456989122784729,-1.3240590286468805,0.10587713652383965,-0.15002877366148568,0
1571237404000,0.3269791612083496,-1.2555104504615608,-1.1842994115746341,1.4579126191567089,-0.15002877366148568,0
1571237404250,-0.1083614902324818,-1.5156360916728355,-1.463818645719127,0.6483490235254175,-0.15002877366148568,0
1571237404500,0.3705132263524327,-1.2555104504615608,-1.4288787414510653,-1.9858619824850505,-0.15002877366148568,0
1571237404750,-0.15189555537656493,-1.5156360916728355,-0.7300806560898333,-0.593399065803732,-0.1560628684542792,0
1571237405000,-0.28249775080881434,-1.4506046813700169,-0.7650205603578949,-0.4023413806249725,-0.1540509800030641,0
1571237405250,0.10930883548793388,-1.1904790401587422,-0.4156215176772788,0.5806880460384729,-0.1560628684542792,0
1571237405500,0.8493879429373472,-1.9383402586411569,-0.5903210390175868,0.22132367936093875,-0.15807475690549436,0
1571237405750,0.06577477034385075,-1.3205418607643795,-1.3240590286468805,0.9145103937146855,-0.16008664535670933,0
1571237406000,0.3705132263524327,-1.2880261556129702,-1.0095998902343262,0.44435117640227967,-0.16008664535670933,0
1571237406250,0.45758135664059896,-1.3205418607643795,-1.114419603038511,0.6023395588342952,-0.1620969632470727,0
1571237406500,0.45758135664059896,-1.5481517968242449,-1.2541792201107573,-1.1230153670827905,-0.1620969632470727,0
1571237406750,-0.021293359944315533,-1.3205418607643795,-1.0445397945023878,-0.6621595341748395,-0.16410885169828787,0
1571237407000,-0.50016807652923,-1.6782146174298822,-0.8698402731620797,-0.03570345886759179,-0.16008664535670933,0
1571237407250,-0.06482742508839867,-1.2555104504615608,-0.6252609432856484,0.03872361636804719,-0.14198279041747708,0
1571237407500,-0.28249775080881434,-1.3855732710671982,-0.7999604646259565,0.4665947227511127,-0.12388050603909662,0
1571237407750,-0.15189555537656493,-1.5156360916728355,-0.7999604646259565,0.3606207167621858,-0.09370846151427732,0
1571237408000,-0.19542962052064808,-1.5481517968242449,-0.9397200816982029,0.9137492077179573,-0.07761649502626013,0
1571237408250,-0.15189555537656493,-1.5156360916728355,-0.9047801774301413,0.29169109594736103,-0.06957051178225136,0
1571237408500,-0.1083614902324818,-1.5156360916728355,-0.9047801774301413,-1.775943799831805,-0.06756019389188818,0
1571237408750,-0.1083614902324818,-1.5156360916728355,-0.9047801774301413,-0.4071622252709173,-0.06957051178225136,0
1571237409000,-0.1083614902324818,-1.5156360916728355,-0.9047801774301413,-0.2754770478369515,-0.07962838347747503,0
1571237409250,-0.1083614902324818,-1.5156360916728355,-0.9047801774301413,0.3693320676136299,-0.08566247827026854,0
1571237409500,-0.1083614902324818,-1.5156360916728355,-0.9047801774301413,0.07686749242631218,-0.08566247827026854,0
1571237409750,-0.1083614902324818,-1.5156360916728355,-0.8698402731620797,0.5275741787112214,-0.08566247827026854,0
1571237410000,-0.15189555537656493,-1.5156360916728355,-0.9047801774301413,0.04971852520967568,-0.07962838347747503,0
1571237410250,-0.23896368566473122,-1.5806675019756542,-0.9047801774301413,-0.10463307968241652,-0.07560617713589676,0
1571237410500,-0.50016807652923,-1.8733088483383382,-0.7300806560898333,0.14241406436678972,-0.07560617713589676,0
1571237410750,-0.5437021416733132,-1.4180889762186075,-0.5204412304814636,-0.165697111864384,-0.0735942886846817,0
1571237411000,-0.6743043371055626,-1.5481517968242449,-0.2758619006050324,0.38971493708157195,-0.0735942886846817,0
1571237411250,-1.0225768582582277,-1.5156360916728355,-0.45056142194534043,0.31055159342184685,-0.07761649502626013,0
1571237411500,-0.7178384022496457,-1.4831203865214262,-0.310801804873094,1.315909142655984,-0.08164027192869028,0
1571237411750,-0.23896368566473122,-1.5806675019756542,-0.5903210390175868,2.029394150255814,-0.0876743667214838,0
1571237412000,0.06577477034385075,-1.2880261556129702,-1.114419603038511,-0.91918667240337,-0.09169657306306206,0
1571237412250,0.6317176172169315,-1.2229947453101515,-1.0445397945023878,-1.612035081869682,-0.09773066785585557,0
1571237412500,0.5881835520728484,-1.2229947453101515,-0.9397200816982029,0.37398375981585735,-0.1098004280022945,0
1571237412750,0.6752516823610146,-1.1579633350073328,-0.6951407518217716,-2.0145333216951435,-0.11181074589265787,0
1571237413000,0.5446494869287652,-1.2555104504615608,-0.4156215176772788,-1.0493494778438797,-0.10778853955107942,0
1571237413250,0.10930883548793388,-1.4831203865214262,-0.6252609432856484,0.14089169237333343,-0.1017544447582859,0
1571237413500,-0.19542962052064808,-1.4180889762186075,-0.66020084755371,0.21269690473135333,-0.09169657306306206,0
1571237413750,0.2399110309201833,-1.1904790401587422,-0.45056142194534043,1.128657387460865,-0.08164027192869028,0
1571237414000,-0.28249775080881434,-1.4180889762186075,-0.66020084755371,0.4453660910645838,-0.0735942886846817,0
1571237414250,-0.021293359944315533,-1.3205418607643795,-0.9746599859662645,-0.9065848153464265,-0.0655483054406731,0
1571237414500,0.2399110309201833,-1.3530575659157889,-1.0095998902343262,0.7034081439554186,-0.06353641698945785,0
1571237414750,0.15284290063201703,-1.3530575659157889,-1.2192393158426957,-0.6847413854111072,-0.06957051178225136,0
1571237415000,0.10930883548793388,-1.6131832071270635,-1.2541792201107573,-0.8329189261075157,-0.0735942886846817,0
1571237415250,-0.06482742508839867,-1.3205418607643795,-1.1493595073065725,-0.26490502010461636,-0.08365058981905364,0
1571237415500,0.19637696577610014,-1.3530575659157889,-1.114419603038511,0.5877924486746021,-0.0876743667214838,0
1571237415750,0.6752516823610146,-1.1579633350073328,-0.8698402731620797,-0.4914001422421632,-0.09169657306306206,0
1571237416000,-0.4130999462410638,-1.5806675019756542,-0.9047801774301413,0.7106816990352651,-0.09572034996549239,0
1571237416250,-0.1083614902324818,-1.6456989122784729,-0.6252609432856484,0.005908042286879099,-0.1017544447582859,0
1571237416500,-0.23896368566473122,-1.8407931431869289,-0.7300806560898333,0.6711000272054025,-0.10376633320950099,0
1571237416750,-0.36956588109698063,-1.5481517968242449,-0.9746599859662645,-0.03511142531458103,-0.1098004280022945,0
1571237417000,-0.19542962052064808,-1.5481517968242449,-0.9047801774301413,1.0905980876244588,-0.11181074589265787,0
1571237417250,-0.06482742508839867,-1.5156360916728355,-0.9746599859662645,0.8149641805870184,-0.1098004280022945,0
1571237417500,-0.021293359944315533,-1.5156360916728355,-1.0095998902343262,-0.6887164678384652,-0.11985672913666637,0
1571237417750,-0.06482742508839867,-1.5156360916728355,-1.0445397945023878,-1.037001349452512,-0.1178464112463031,0
1571237418000,-0.1083614902324818,-1.5156360916728355,-1.0095998902343262,-0.2482435043984563,-0.11985672913666637,0
1571237418250,-0.06482742508839867,-1.4831203865214262,-1.0095998902343262,0.2385772286201096,-0.11985672913666637,0
1571237418500,-0.06482742508839867,-1.4831203865214262,-0.9746599859662645,-0.09482223794680956,-0.12186861758788153,0
1571237418750,-0.06482742508839867,-1.5156360916728355,-0.9746599859662645,0.202716910552029,-0.12186861758788153,0
1571237419000,-0.06482742508839867,-1.5156360916728355,-0.9746599859662645,-0.15081169681725617,-0.12388050603909662,0
1571237419250,-0.06482742508839867,-1.4831203865214262,-0.9397200816982029,0.30175566634854406,-0.12388050603909662,0
1571237419500,-0.06482742508839867,-1.4831203865214262,-0.9397200816982029,0.009967700936095772,-0.11181074589265787,0
1571237419750,-0.021293359944315533,-1.4831203865214262,-0.9746599859662645,0.28137279688060196,-0.10577665109986435,0
1571237420000,-0.06482742508839867,-1.4831203865214262,-1.0095998902343262,0.00218668852509715,-0.08968625517269888,0
1571237420250,-0.021293359944315533,-1.4831203865214262,-1.0445397945023878,0.022738710436756553,-0.07761649502626013,0
1571237420500,0.10930883548793388,-1.3855732710671982,-1.0445397945023878,-0.14353814173740964,-0.07560617713589676,0
1571237420750,0.15284290063201703,-1.4506046813700169,-1.114419603038511,-0.1629060965430475,-0.08566247827026854,0
1571237421000,0.10930883548793388,-1.3855732710671982,-1.0445397945023878,0.28898465684788327,-0.08968625517269888,0
1571237421250,0.06577477034385075,-1.4506046813700169,-1.0445397945023878,0.23713943284851205,-0.09773066785585557,0
1571237421500,0.022240705199767605,-1.4506046813700169,-1.0794796987704494,0.6088519279174136,-0.10376633320950099,0
1571237421750,0.15284290063201703,-1.4180889762186075,-1.114419603038511,-0.1454833948401593,-0.1098004280022945,0
1571237422000,0.10930883548793388,-1.4180889762186075,-1.114419603038511,-0.6275678594346391,-0.11583452279508802,0
1571237422250,0.10930883548793388,-1.4180889762186075,-1.0794796987704494,-0.5845185625085706,-0.1178464112463031,0
1571237422500,0.06577477034385075,-1.4506046813700169,-1.0095998902343262,-0.3975205359790277,-0.12186861758788153,0
1571237422750,0.06577477034385075,-1.4506046813700169,-1.0095998902343262,0.25506959188255235,-0.12388050603909662,0
1571237423000,0.022240705199767605,-1.4506046813700169,-0.9397200816982029,-0.1655279594206666,-0.12790271238067505,0
1571237423250,-0.06482742508839867,-1.4831203865214262,-0.9746599859662645,0.06739495557813993,-0.12991460083189005,0
1571237423500,-0.021293359944315533,-1.4831203865214262,-0.9047801774301413,-0.3021185577224359,-0.1339368071734684,0
1571237423750,-0.021293359944315533,-1.4831203865214262,-0.8698402731620797,0.23739316151408807,-0.13594869562468356,0
1571237424000,-0.06482742508839867,-1.4831203865214262,-0.9047801774301413,0.10249408764949242,-0.13594869562468356,0
1571237424250,-0.06482742508839867,-1.4831203865214262,-0.9047801774301413,-0.1488664437145065,-0.1379605840758988,0
1571237424500,-0.06482742508839867,-1.4831203865214262,-0.9047801774301413,0.24102993905401138,-0.13594869562468356,0
1571237424750,-0.021293359944315533,-1.4831203865214262,-0.9047801774301413,0.05826072361740243,-0.1399709019662619,0
1571237425000,-0.021293359944315533,-1.4831203865214262,-0.9047801774301413,0.3865856168728008,-0.13594869562468356,0
1571237425250,-0.19542962052064808,-1.4831203865214262,-0.9047801774301413,-0.010668897197422313,-0.1379605840758988,0
1571237425500,-0.15189555537656493,-1.5156360916728355,-1.0095998902343262,-0.12298611982575022,-0.14399467886869224,0
1571237425750,0.06577477034385075,-1.4506046813700169,-1.0445397945023878,0.03897734503362324,-0.14600656731990733,0
1571237426000,0.10930883548793388,-1.4180889762186075,-1.114419603038511,-0.07655377402533455,-0.14600656731990733,0
1571237426250,0.45758135664059896,-1.3205418607643795,-0.9397200816982029,0.3863318882072247,-0.15204066211270084,0
1571237426500,0.3705132263524327,-1.4831203865214262,-1.0095998902343262,0.06925563245903092,-0.15204066211270084,0
1571237426750,-0.23896368566473122,-1.5481517968242449,-1.0095998902343262,-0.22041792740695035,-0.15002877366148568,0
1571237427000,-0.06482742508839867,-1.5156360916728355,-0.7999604646259565,0.394197476840082,-0.1540509800030641,0
1571237427250,-0.28249775080881434,-1.4831203865214262,-0.8349003688940181,0.12253865222999974,-0.15204066211270084,0
1571237427500,-0.19542962052064808,-1.5481517968242449,-0.8698402731620797,-0.5207480912271254,-0.1540509800030641,0
1571237427750,-0.15189555537656493,-1.4831203865214262,-0.8349003688940181,-0.40039612752222287,-0.15002877366148568,0
1571237428000,-0.6307702719614795,-1.6456989122784729,-1.0445397945023878,-0.16206033432446068,-0.15204066211270084,0
1571237428250,-0.4130999462410638,-1.5806675019756542,-0.8698402731620797,0.176498281775838,-0.14399467886869224,0
1571237428500,-0.28249775080881434,-1.6456989122784729,-0.9746599859662645,-0.057524124107131404,-0.14600656731990733,0
1571237428750,0.28344509606426643,-1.2555104504615608,-0.9047801774301413,-0.01176838808158516,-0.1379605840758988,0
1571237429000,-0.021293359944315533,-1.5481517968242449,-1.0445397945023878,0.20339352032689845,-0.1379605840758988,0
1571237429250,0.15284290063201703,-1.4506046813700169,-1.114419603038511,-0.20773149412814826,-0.1399709019662619,0
1571237429500,-0.1083614902324818,-1.5481517968242449,-0.9047801774301413,0.4551769328001908,-0.1379605840758988,0
1571237429750,-0.6307702719614795,-1.8407931431869289,-0.9397200816982029,0.02747497886084267,-0.1379605840758988,0
1571237430000,-0.50016807652923,-1.6131832071270635,-0.7650205603578949,-0.31878007342859604,-0.1379605840758988,0
1571237430250,-0.4130999462410638,-1.4831203865214262,-0.9047801774301413,0.00480855140271625,-0.14198279041747708,0
1571237430500,-0.50016807652923,-1.6131832071270635,-0.9047801774301413,-0.2140747107675493,-0.1379605840758988,0
1571237430750,-0.36956588109698063,-1.6456989122784729,-0.8698402731620797,0.2696167020422454,-0.14399467886869224,0
1571237431000,-0.15189555537656493,-1.5156360916728355,-0.9397200816982029,0.0627432633759125,-0.1399709019662619,0
1571237431250,-0.06482742508839867,-1.4506046813700169,-1.0095998902343262,0.1940055597005849,-0.14399467886869224,0
1571237431500,0.28344509606426643,-1.3530575659157889,-1.0445397945023878,-0.2559399405875962,-0.14399467886869224,0
1571237431750,0.10930883548793388,-1.4180889762186075,-1.2192393158426957,0.042275817686111786,-0.15002877366148568,0
1571237432000,0.2399110309201833,-1.4180889762186075,-1.2541792201107573,-0.00931567764768342,-0.14600656731990733,0
1571237432250,0.28344509606426643,-1.3205418607643795,-1.289119124378819,0.32755141401544163,-0.14600656731990733,0
1571237432500,1.415330789810428,-0.897837693796058,-0.3457417091411556,0.18563251373657552,-0.1540509800030641,0
1571237432750,-0.50016807652923,-1.4831203865214262,-1.0445397945023878,-0.18371184712028296,-0.15204066211270084,0
1571237433000,-0.9790427931141445,-1.7107303225812915,-1.2192393158426957,-0.13820983976031276,-0.1560628684542792,0
1571237433250,-0.8919746628259783,-1.7757617328841102,-1.3939388371830037,-0.32689939072702934,-0.1540509800030641,0
1571237433500,-0.8484405976818952,-1.7757617328841102,-1.3240590286468805,0.5143802881012672,-0.15807475690549436,0
1571237433750,-0.19542962052064808,-1.2229947453101515,-0.7650205603578949,-1.124706891519964,-0.16008664535670933,0
1571237434000,0.6752516823610146,-1.2229947453101515,-0.6951407518217716,0.3957198488335383,-0.1480168852102706,0
1571237434250,0.06577477034385075,-1.2880261556129702,-0.66020084755371,0.17937387331903315,-0.12991460083189005,0
1571237434500,0.06577477034385075,-1.4831203865214262,-0.8349003688940181,0.7929743629037614,-0.1319264892831053,0
1571237434750,-0.4130999462410638,-1.3530575659157889,-1.114419603038511,2.1327462933671217,-0.15204066211270084,0
1571237435000,0.7187857475050978,-1.2555104504615608,-1.0794796987704494,1.4574051618255568,-0.1560628684542792,0
1571237435250,0.19637696577610014,-1.3530575659157889,-1.53369845425525,-1.6777508062538768,-0.15002877366148568,0
1571237435500,0.06577477034385075,-1.6131832071270635,-1.4288787414510653,-4.885134867800624,-0.1399709019662619,0
1571237435750,0.7187857475050978,-1.0929319247045142,-1.3240590286468805,-0.3669039436661853,-0.1480168852102706,0
1571237436000,-0.23896368566473122,-1.2880261556129702,-0.6951407518217716,0.2141347005029509,-0.15002877366148568,0
1571237436250,0.3705132263524327,-1.6131832071270635,-0.48550132621340203,1.6981936654572207,-0.15204066211270084,0
1571237436500,0.28344509606426643,-1.4180889762186075,-1.2541792201107573,-0.4271222136295659,-0.15204066211270084,0
1571237436750,0.19637696577610014,-1.2555104504615608,-1.2541792201107573,0.19781148968422552,-0.15002877366148568,0
1571237437000,-0.28249775080881434,-1.4180889762186075,-0.5903210390175868,1.474827863528445,-0.1480168852102706,0
1571237437250,-0.6307702719614795,-1.5156360916728355,-0.5204412304814636,-2.277227066788205,-0.14399467886869224,0
1571237437500,0.15284290063201703,-1.9058245534897476,-0.5553811347495252,-0.5396931649234699,-0.15002877366148568,0
1571237437750,-0.1083614902324818,-1.5481517968242449,-0.48550132621340203,-0.2617756998958452,-0.15002877366148568,0
1571237438000,0.022240705199767605,-1.6131832071270635,-0.5204412304814636,0.919669543248065,-0.15204066211270084,0
1571237438250,-0.1083614902324818,-1.4180889762186075,-0.45056142194534043,0.5167484223133103,-0.1560628684542792,0
1571237438500,0.19637696577610014,-1.3530575659157889,-0.310801804873094,-0.1837964233421416,-0.16410885169828787,0
1571237438750,0.15284290063201703,-1.3855732710671982,-0.45056142194534043,-0.5204097863396907,-0.16612074014950284,0
1571237439000,0.10930883548793388,-1.4831203865214262,-0.5204412304814636,0.6867466282492585,-0.16813105803986614,0
1571237439250,-0.021293359944315533,-1.4506046813700169,-0.5553811347495252,0.8487100931086319,-0.16612074014950284,0
1571237439500,0.022240705199767605,-1.4506046813700169,-0.5553811347495252,0.07796698331047504,-0.16813105803986614,0
1571237439750,0.022240705199767605,-1.3855732710671982,-0.5553811347495252,-0.6535327595452539,-0.17215483494229636,0
1571237440000,0.022240705199767605,-1.3855732710671982,-0.5903210390175868,-0.2637209529985949,-0.17416672339351152,0
1571237440250,0.06577477034385075,-1.3855732710671982,-0.5553811347495252,0.23942299083869642,-0.1761770412838749,0
1571237440500,0.06577477034385075,-1.3855732710671982,-0.5553811347495252,-0.3235163418526821,-0.1761770412838749,0
1571237440750,0.022240705199767605,-1.4180889762186075,-0.5903210390175868,0.1656725253779269,-0.1781889297350899,0
1571237441000,0.06577477034385075,-1.4180889762186075,-0.5553811347495252,-0.019464824270725097,-0.17416672339351152,0
1571237441250,0.06577477034385075,-1.4180889762186075,-0.5903210390175868,0.2746912753537662,-0.17416672339351152,0
1571237441500,0.022240705199767605,-1.4180889762186075,-0.5903210390175868,-0.07427021603515016,-0.1781889297350899,0
1571237441750,0.022240705199767605,-1.4180889762186075,-0.5553811347495252,0.30209397123597875,-0.18020081818630504,0
1571237442000,0.06577477034385075,-1.3855732710671982,-0.5903210390175868,0.0163954937973555,-0.18020081818630504,0
1571237442250,0.022240705199767605,-1.4180889762186075,-0.5903210390175868,-0.31082990857388,-0.18221113607666833,0
1571237442500,0.022240705199767605,-1.4180889762186075,-0.5903210390175868,0.273422632025886,-0.18020081818630504,0
1571237442750,0.022240705199767605,-1.4180889762186075,-0.5903210390175868,-0.0636981883028151,-0.18221113607666833,0
1571237443000,0.022240705199767605,-1.4180889762186075,-0.5903210390175868,0.08608630060890837,-0.18221113607666833,0
1571237443250,0.022240705199767605,-1.4180889762186075,-0.5903210390175868,0.07644461131701878,-0.18422302452788342,0
1571237443500,-0.021293359944315533,-1.4180889762186075,-0.5903210390175868,-0.15740864212223327,-0.18623491297909858,0
1571237443750,0.022240705199767605,-1.4180889762186075,-0.5903210390175868,0.2132043620625054,-0.18623491297909858,0
1571237444000,0.022240705199767605,-1.4180889762186075,-0.5903210390175868,-0.003818223226869178,-0.18623491297909858,0
1571237444250,0.022240705199767605,-1.4180889762186075,-0.5903210390175868,-0.25264146793510767,-0.18824680143031364,0
1571237444500,0.022240705199767605,-1.4180889762186075,-0.5903210390175868,0.06553427869724897,-0.19025711932067693,0
1571237444750,0.022240705199767605,-1.4180889762186075,-0.5903210390175868,-0.12298611982575022,-0.18824680143031364,0
1571237445000,0.022240705199767605,-1.4180889762186075,-0.5903210390175868,0.23054248754353496,-0.18824680143031364,0
1571237445250,0.022240705199767605,-1.4180889762186075,-0.5903210390175868,0.006584652061748544,-0.18623491297909858,0
1571237445500,0.022240705199767605,-1.4180889762186075,-0.5903210390175868,-0.28765602378460153,-0.19025711932067693,0
1571237445750,0.06577477034385075,-1.4180889762186075,-0.5903210390175868,0.1936672548131502,-0.19025711932067693,0
1571237446000,0.022240705199767605,-1.4180889762186075,-0.5903210390175868,0.0020175360813797887,-0.1922690077718921,0
1571237446250,-0.021293359944315533,-1.4180889762186075,-0.5903210390175868,-0.05887734365687029,-0.19025711932067693,0
1571237446500,-0.06482742508839867,-1.3855732710671982,-0.48550132621340203,-0.08856359752926721,-0.1922690077718921,0
1571237446750,0.2399110309201833,-1.4180889762186075,-0.5204412304814636,-0.20324895436963816,-0.19025711932067693,0
1571237447000,0.022240705199767605,-1.3855732710671982,-0.5553811347495252,0.3805807051208344,-0.1922690077718921,0
1571237447250,0.10930883548793388,-1.4506046813700169,-0.5553811347495252,0.17666743421955536,-0.18824680143031364,0
1571237447500,-0.021293359944315533,-1.4506046813700169,-0.5903210390175868,0.6676324021091966,-0.1781889297350899,0
1571237447750,-0.06482742508839867,-1.4506046813700169,-0.5903210390175868,-0.5882399162703525,-0.16008664535670933,0
1571237448000,-0.1083614902324818,-1.4506046813700169,-0.5903210390175868,-1.2209546319951425,-0.14600656731990733,0
1571237448250,-0.15189555537656493,-1.4831203865214262,-0.5903210390175868,0.36950122005734726,-0.1379605840758988,0
1571237448500,-0.1083614902324818,-1.4831203865214262,-0.5903210390175868,0.24940298501802075,-0.12991460083189005,0
1571237448750,-0.06482742508839867,-1.4506046813700169,-0.5903210390175868,0.521315538293679,-0.1339368071734684,0
1571237449000,-0.06482742508839867,-1.4506046813700169,-0.5903210390175868,-0.0496585354742741,-0.1379605840758988,0
1571237449250,-0.06482742508839867,-1.4506046813700169,-0.6252609432856484,-0.07875275579366024,-0.1399709019662619,0
1571237449500,-0.06482742508839867,-1.4506046813700169,-0.6252609432856484,-0.137617806207302,-0.14600656731990733,0
1571237449750,-0.021293359944315533,-1.4506046813700169,-0.5903210390175868,-0.08932478352599534,-0.15204066211270084,0
1571237450000,0.022240705199767605,-1.4180889762186075,-0.6252609432856484,0.15137914388380985,-0.16008664535670933,0
1571237450250,0.022240705199767605,-1.4506046813700169,-0.6252609432856484,-0.4492811837565403,-0.16008664535670933,0
1571237450500,-0.021293359944315533,-1.4180889762186075,-0.66020084755371,-0.15487135546647285,-0.16612074014950284,0
1571237450750,-0.06482742508839867,-1.4180889762186075,-0.66020084755371,-0.25120367216351014,-0.16612074014950284,0
1571237451000,-0.021293359944315533,-1.4180889762186075,-0.6252609432856484,0.14562796079741958,-0.1701429464910814,0
1571237451250,-0.021293359944315533,-1.4506046813700169,-0.6252609432856484,-0.22422385739059097,-0.16813105803986614,0
1571237451500,-0.06482742508839867,-1.4506046813700169,-0.6252609432856484,0.13835440571757304,-0.17416672339351152,0
1571237451750,-0.021293359944315533,-1.4506046813700169,-0.6252609432856484,0.019101932896833287,-0.17215483494229636,0
1571237452000,-0.021293359944315533,-1.4506046813700169,-0.6252609432856484,0.32526785602525726,-0.1761770412838749,0
1571237452250,-0.021293359944315533,-1.4506046813700169,-0.6252609432856484,0.1345484757339324,-0.17416672339351152,0
1571237452500,-0.06482742508839867,-1.4506046813700169,-0.6252609432856484,-0.4807435382879695,-0.1761770412838749,0
1571237452750,-0.06482742508839867,-1.4506046813700169,-0.6252609432856484,0.0916683312515813,-0.18020081818630504,0
1571237453000,-0.06482742508839867,-1.4180889762186075,-0.6252609432856484,-0.04272328528186228,-0.18020081818630504,0
1571237453250,-0.021293359944315533,-1.4180889762186075,-0.5903210390175868,0.18859268150162933,-0.18221113607666833,0
1571237453500,-0.021293359944315533,-1.4506046813700169,-0.6252609432856484,0.0002414354223474945,-0.18422302452788342,0
1571237453750,-0.021293359944315533,-1.4180889762186075,-0.6252609432856484,-0.2377560528879799,-0.18422302452788342,0
1571237454000,-0.06482742508839867,-1.4506046813700169,-0.6252609432856484,0.1516328725493859,-0.18623491297909858,0
1571237454250,-0.06482742508839867,-1.4831203865214262,-0.6252609432856484,0.22318435624182972,-0.18422302452788342,0
1571237454500,-0.06482742508839867,-1.4506046813700169,-0.6252609432856484,0.1266828871010751,-0.18221113607666833,0
1571237454750,-0.021293359944315533,-1.4506046813700169,-0.6252609432856484,0.03787785414946039,-0.18824680143031364,0
1571237455000,-0.021293359944315533,-1.4506046813700169,-0.6252609432856484,-0.4115601888075687,-0.18824680143031364,0
1571237455250,-0.021293359944315533,-1.4506046813700169,-0.6252609432856484,0.21218944740020126,-0.18422302452788342,0
1571237455500,-0.06482742508839867,-1.4506046813700169,-0.6252609432856484,-0.04255413283814493,-0.18824680143031364,0
1571237455750,-0.06482742508839867,-1.4506046813700169,-0.6252609432856484,-0.06124547786891335,-0.19025711932067693,0
1571237456000,-0.021293359944315533,-1.4506046813700169,-0.6252609432856484,-0.030882614221646988,-0.19025711932067693,0
1571237456250,-0.021293359944315533,-1.4180889762186075,-0.5903210390175868,-0.1787218500306208,-0.18422302452788342,0
1571237456500,-0.021293359944315533,-1.4180889762186075,-0.5903210390175868,0.37922748557109554,-0.19025711932067693,0
1571237456750,-0.021293359944315533,-1.4506046813700169,-0.6252609432856484,0.06984766601204169,-0.18422302452788342,0
1571237457000,-0.021293359944315533,-1.4180889762186075,-0.6252609432856484,-0.3286754913860616,-0.18824680143031364,0
1571237457250,0.022240705199767605,-1.3855732710671982,-0.5903210390175868,0.020286000002854812,-0.18824680143031364,0
1571237457500,0.022240705199767605,-1.4180889762186075,-0.5903210390175868,-0.023862787807376492,-0.19025711932067693,0
1571237457750,0.022240705199767605,-1.4180889762186075,-0.5903210390175868,0.3044621054480218,-0.19025711932067693,0
1571237458000,-0.021293359944315533,-1.4180889762186075,-0.6252609432856484,0.13167288419073725,-0.1922690077718921,0
1571237458250,-0.06482742508839867,-1.4180889762186075,-0.6252609432856484,-0.3203024454220523,-0.1922690077718921,0
1571237458500,-0.06482742508839867,-1.5481517968242449,-0.66020084755371,0.19814979457166026,-0.1922690077718921,0
1571237458750,0.06577477034385075,-1.6131832071270635,-0.3457417091411556,-0.02842990378774525,-0.19629121411347045,0
1571237459000,0.19637696577610014,-0.8653219886446487,-0.5553811347495252,0.1795430257627505,-0.18824680143031364,0
1571237459250,-0.7613724673937289,-1.8733088483383382,-0.5903210390175868,0.12516051510761886,-0.18824680143031364,0
1571237459500,-1.8061900308517242,-1.8733088483383382,-0.5204412304814636,0.020793457334006896,-0.20232687946711583,0
1571237459750,-1.5885197051313085,-1.7432460277327009,-1.3589989329149421,1.0564292939935516,-0.20232687946711583,0
1571237460000,-2.1979966171484726,-1.6456989122784729,-1.5686383585233117,1.1780499010263346,-0.20232687946711583,0
1571237460250,-1.5014515748431423,-1.6456989122784729,-1.4288787414510653,-1.6050152554554113,-0.20031499101590058,0
1571237460500,-2.5898032034452205,-1.4831203865214262,-1.53369845425525,-0.32106363141878036,-0.19629121411347045,0
1571237460750,-2.1979966171484726,-1.2555104504615608,-2.1276768268122974,-1.1795968595062478,-0.20232687946711583,0
1571237461000,-2.110928486860306,-1.6131832071270635,-1.6734580713274967,-0.5780061934254522,-0.1983031025646856,0
1571237461250,-2.372132877724805,-1.7757617328841102,-1.0095998902343262,1.036469305634903,-0.19025711932067693,0
1571237461500,-1.5449856399872253,-1.8082774380355195,-1.1842994115746341,1.169169397731173,-0.19629121411347045,0
1571237461750,-0.50016807652923,-2.165950194701022,-0.7999604646259565,-0.07401648736957413,-0.20433719735747893,0
1571237462000,-0.4130999462410638,-1.7432460277327009,-0.66020084755371,-0.23555707111965418,-0.2063490858086941,0
1571237462250,-0.3260318159528975,-1.2229947453101515,-0.17104218780084757,-1.1077070709263692,-0.19025711932067693,0
1571237462500,-0.36956588109698063,-0.9628691040988767,0.21329675914783008,-0.06065344431590259,-0.1922690077718921,0
1571237462750,-1.6320537702753917,-1.6131832071270635,-0.13610228353278597,0.5174250320881798,-0.18221113607666833,0
1571237463000,-0.8484405976818952,-1.3855732710671982,0.4578760890242613,3.4944234652918804,-0.18824680143031364,0
1571237463250,-0.9790427931141445,-1.4180889762186075,0.1783568548797685,0.018171594456387795,-0.18623491297909858,0
1571237463500,-0.8919746628259783,-1.3855732710671982,0.21329675914783008,-0.46458947991296146,-0.18221113607666833,0
1571237463750,-1.0225768582582277,-1.3855732710671982,0.21329675914783008,-1.7250289142728792,-0.18623491297909858,0
1571237464000,-1.2837812491227265,-1.3855732710671982,0.1783568548797685,-0.4206944207683062,-0.18221113607666833,0
1571237464250,-1.3273153142668097,-1.3855732710671982,0.1783568548797685,-1.2386310623636068,-0.1922690077718921,0
1571237464500,-0.5437021416733132,-1.4831203865214262,-0.17104218780084757,0.06595715980654236,-0.19629121411347045,0
1571237464750,-1.3273153142668097,-1.6456989122784729,0.6325756103645693,-0.24841265684217365,-0.21841727539428113,0
1571237465000,-0.7178384022496457,-1.3530575659157889,0.21329675914783008,0.8274814614221032,-0.21439506905270278,0
1571237465250,-0.5872362068173963,-1.2555104504615608,0.07353714207558366,-0.35362547683437245,-0.21439506905270278,0
1571237465500,-1.0225768582582277,-1.6782146174298822,0.21329675914783008,0.2777360193406787,-0.21640695750391786,0
1571237465750,-0.50016807652923,-1.5481517968242449,0.3181164719520149,1.4526688934014707,-0.21037129215027245,0
1571237466000,-0.06482742508839867,-1.1904790401587422,0.6675155146326309,0.030012265516603093,-0.20836097425990927,0
1571237466250,0.06577477034385075,-0.6702277577361927,0.7024554189006925,-0.5932299133600147,-0.2063490858086941,0
1571237466500,0.5011154217846822,-0.8328062834932394,-0.6252609432856484,-0.13524967199525892,-0.22445137018707464,0
1571237466750,0.06577477034385075,-1.0929319247045142,0.24823666341589168,0.40578441923472125,-0.21640695750391786,0
1571237467000,0.45758135664059896,-0.6702277577361927,-0.7999604646259565,0.9637337548364378,-0.22244105229671138,0
1571237467250,0.3705132263524327,-1.3855732710671982,-0.7650205603578949,1.3324860821402853,-0.2204291638454962,0
1571237467500,0.45758135664059896,-1.1254476298559235,-0.5903210390175868,1.0968567280420012,-0.20433719735747893,0
1571237467750,0.6752516823610146,-1.0604162195531048,-0.9047801774301413,-2.046503133557725,-0.20232687946711583,0
1571237468000,0.5881835520728484,-0.7352591680390114,-0.8698402731620797,-2.0412594078024866,-0.1983031025646856,0
1571237468250,1.1976604640900124,-1.1904790401587422,-0.7999604646259565,0.6393839440083973,-0.19025711932067693,0
1571237468500,0.41404729149651587,-1.3530575659157889,-1.3240590286468805,0.024091929986495442,-0.14600656731990733,0
1571237468750,0.3705132263524327,-0.995384809250286,-1.1842994115746341,1.2323478354596074,-0.13594869562468356,0
1571237469000,0.28344509606426643,-1.5156360916728355,-1.114419603038511,0.7052688208363096,-0.1379605840758988,0
1571237469250,0.5446494869287652,-1.3205418607643795,-0.9746599859662645,-0.8885700800905276,-0.15002877366148568,0
1571237469500,-0.021293359944315533,-1.5481517968242449,-1.0794796987704494,0.5905834639959385,-0.1540509800030641,0
1571237469750,0.41404729149651587,-1.1579633350073328,-0.9047801774301413,0.8005016466491839,-0.15204066211270084,0
1571237470000,0.3269791612083496,-0.8653219886446487,-0.6252609432856484,-2.2203072694773134,-0.15807475690549436,0
1571237470250,0.5881835520728484,-1.3855732710671982,-0.6252609432856484,-0.6060854990825341,-0.1560628684542792,0
1571237470500,0.28344509606426643,-1.0604162195531048,-0.5553811347495252,0.24424383548464124,-0.15807475690549436,0
1571237470750,0.41404729149651587,-1.3855732710671982,-1.1493595073065725,0.921530220128956,-0.15807475690549436,0
1571237471000,0.45758135664059896,-1.2555104504615608,-1.3240590286468805,0.7716611549953738,-0.16008664535670933,0
1571237471250,0.3269791612083496,-1.3855732710671982,-1.2541792201107573,-0.9361019167751061,-0.1540509800030641,0
1571237471500,0.45758135664059896,-1.2555104504615608,-1.114419603038511,0.15383185431771157,-0.14198279041747708,0
1571237471750,-0.36956588109698063,-1.2229947453101515,-0.5553811347495252,-0.5170267374653434,-0.14198279041747708,0
1571237472000,-0.06482742508839867,-1.1579633350073328,-0.3457417091411556,0.6075832845895335,-0.12991460083189005,0
1571237472250,0.19637696577610014,-1.1904790401587422,-1.0095998902343262,-0.0780761460187908,-0.12790271238067505,0
1571237472500,0.6752516823610146,-1.4506046813700169,-1.0794796987704494,1.7265266997798787,-0.12388050603909662,0
1571237472750,0.19637696577610014,-1.4180889762186075,-0.9397200816982029,1.8182073242746886,-0.12589082392945988,0
1571237473000,-0.15189555537656493,-1.6782146174298822,-0.8698402731620797,-1.3372469370508284,-0.12991460083189005,0
1571237473250,-0.6307702719614795,-0.5401649371305552,-0.5903210390175868,-1.445927382139233,-0.12991460083189005,0
1571237473500,0.7623198126491809,-1.8407931431869289,-0.9746599859662645,-0.7392084722880976,-0.1319264892831053,0
1571237473750,0.022240705199767605,-1.3205418607643795,-1.2541792201107573,0.8128497750405513,-0.1399709019662619,0
1571237474000,0.19637696577610014,-1.3530575659157889,-1.1842994115746341,0.5959117659730354,-0.14399467886869224,0
1571237474250,0.2399110309201833,-1.4180889762186075,-1.1842994115746341,1.8907737226294363,-0.14399467886869224,0
1571237474500,-0.1083614902324818,-1.4180889762186075,-0.8698402731620797,-1.1121896106848794,-0.14399467886869224,0
1571237474750,-0.6307702719614795,-2.035887374095385,-0.7650205603578949,-1.0154344128785486,-0.1379605840758988,0
1571237475000,-0.021293359944315533,-1.4180889762186075,0.10847704634364527,0.24246773482560893,-0.12991460083189005,0
1571237475250,-0.5872362068173963,-1.2229947453101515,-0.3457417091411556,-0.010668897197422313,-0.11382263434387285,0
1571237475500,-0.06482742508839867,-1.2555104504615608,-0.3806816134092172,0.5438973895299469,-0.10577665109986435,0
1571237475750,0.10930883548793388,-1.4831203865214262,-0.5553811347495252,0.7062837354986138,-0.08164027192869028,0
1571237476000,-0.19542962052064808,-1.3855732710671982,-0.2059820920689092,2.3057892432899827,-0.05549043374544925,0
1571237476250,-0.19542962052064808,-1.4831203865214262,-0.8349003688940181,0.6719457894239894,-0.07761649502626013,0
1571237476500,-0.06482742508839867,-1.4831203865214262,-0.48550132621340203,-2.6395516012307936,-0.07560617713589676,0
1571237476750,-0.1083614902324818,-1.4180889762186075,-0.48550132621340203,0.27460669913190755,-0.06353641698945785,0
1571237477000,-0.06482742508839867,-1.3855732710671982,-0.45056142194534043,-2.904275175648464,-0.053480115855086066,0
1571237477250,-0.06482742508839867,-1.4831203865214262,-0.4156215176772788,-0.4540174521806264,-0.029342166123060284,0
1571237477500,-0.1083614902324818,-1.4180889762186075,-0.48550132621340203,-0.7976506415924459,0.02094405123135464,0
1571237477750,-0.06482742508839867,-1.4180889762186075,-0.4156215176772788,0.41669475185449106,0.08128656972014152,0
1571237478000,-0.06482742508839867,-1.4180889762186075,-0.45056142194534043,-0.3345958269161693,0.1416306587697803,0
1571237478250,-0.06482742508839867,-1.4180889762186075,-0.45056142194534043,0.682348664712607,0.1778352275265412,0
1571237478500,-0.021293359944315533,-1.3855732710671982,-0.48550132621340203,-0.05997683454103314,0.1778352275265412,0
1571237478750,-0.021293359944315533,-1.3855732710671982,-0.45056142194534043,0.7297113489534683,0.17582490963617783,0
1571237479000,-0.021293359944315533,-1.3855732710671982,-0.48550132621340203,0.1292201737568355,0.15369884835536715,0
1571237479250,0.022240705199767605,-1.3855732710671982,-0.5204412304814636,0.6748213809671845,0.13760688186734996,0
1571237479500,0.19637696577610014,-1.3530575659157889,-0.5553811347495252,0.6679707069966314,0.11749270903775433,0
1571237479750,0.19637696577610014,-1.2880261556129702,-0.6252609432856484,0.371953930491249,0.10743483734253066,0
1571237480000,0.10930883548793388,-1.3855732710671982,-0.5204412304814636,-0.17609998715300168,0.10140074254973715,0
1571237480250,0.022240705199767605,-1.4831203865214262,-0.6252609432856484,0.47564437848999147,0.08933255296415012,0
1571237480500,-0.021293359944315533,-1.7432460277327009,-0.4156215176772788,3.0099708664853577,0.08128656972014152,0
1571237480750,-0.19542962052064808,-1.3530575659157889,-0.2758619006050324,-0.20071166771387774,0.0672064916833394,0
1571237481000,-0.1083614902324818,-1.0604162195531048,-0.45056142194534043,-3.6448245742430716,0.07123026858576974,0
1571237481250,0.45758135664059896,-1.2555104504615608,-0.9397200816982029,-1.2644268100305045,0.07726436337856325,0
1571237481500,0.41404729149651587,-1.2229947453101515,-1.0095998902343262,-0.3375559946812231,0.08732066451293503,0
1571237481750,0.3705132263524327,-1.1904790401587422,-1.2192393158426957,0.6891147624613015,0.09335475930572855,0
1571237482000,0.45758135664059896,-1.3205418607643795,-1.0794796987704494,-0.21111454300249546,0.09536664775694363,0
1571237482250,0.3269791612083496,-1.3205418607643795,-1.0095998902343262,-0.4475896593193667,0.09536664775694363,0
1571237482500,0.2399110309201833,-1.3205418607643795,-0.9047801774301413,0.4696394667380252,0.08531034662257167,0
1571237482750,-0.06482742508839867,-1.5806675019756542,-1.0095998902343262,-0.1424386508532468,0.08732066451293503,0
1571237483000,0.022240705199767605,-1.4180889762186075,-0.7999604646259565,0.31985497782630173,0.07324058647613292,0
1571237483250,0.022240705199767605,-1.1254476298559235,-0.7650205603578949,0.15806066541064562,0.06921838013455449,0
1571237483500,0.6752516823610146,-1.6456989122784729,-0.66020084755371,-0.2136518296582559,0.0672064916833394,0
1571237483750,-0.1083614902324818,-1.4831203865214262,-0.66020084755371,0.8335709493959281,0.06519460323212432,0
1571237484000,-0.28249775080881434,-1.5481517968242449,-1.0794796987704494,1.4952953092182457,0.06519460323212432,0
1571237484250,0.28344509606426643,-1.4180889762186075,-0.9397200816982029,0.4864701348879026,0.07324058647613292,0
1571237484500,0.3705132263524327,-1.6782146174298822,-0.8349003688940181,-2.273336560582706,0.075252474927348,0
1571237484750,-0.5872362068173963,-1.5156360916728355,-0.66020084755371,-1.264003928921211,0.06519460323212432,0
1571237485000,-0.23896368566473122,-1.7107303225812915,-0.8349003688940181,0.291183638616209,0.0672064916833394,0
1571237485250,-0.19542962052064808,-1.4506046813700169,-0.9746599859662645,0.15129456766195115,0.059160508439330815,0
1571237485500,-0.19542962052064808,-1.0279005144016955,-0.5903210390175868,0.9145949699365442,0.059160508439330815,0
1571237485750,0.6752516823610146,-1.2229947453101515,-0.2758619006050324,1.0636182728515395,0.049104207304959034,0
1571237486000,0.5881835520728484,-1.7432460277327009,-0.8349003688940181,1.4529226220670468,0.03904633560973519,0
1571237486250,-0.28249775080881434,-1.5481517968242449,-1.2192393158426957,-1.1506717916305789,0.031000352365726593,0
1571237486500,0.3269791612083496,-1.3530575659157889,-1.0095998902343262,-1.0013101838281488,0.026978146024148157,0
1571237486750,-0.021293359944315533,-1.2555104504615608,-0.9047801774301413,-0.7217011943633506,0.03301224081694167,0
1571237487000,-0.06482742508839867,-1.1579633350073328,-0.10116237926472436,-0.12501594915035857,0.03703444715852011,0
1571237487250,0.9364560732255135,-2.165950194701022,-0.48550132621340203,0.3452278443839059,0.03301224081694167,0
1571237487500,-0.5872362068173963,-1.7107303225812915,-1.1493595073065725,0.41677932807634976,0.024966257572933078,0
1571237487750,0.022240705199767605,-1.4831203865214262,-1.0794796987704494,0.8101433359410736,0.028990034475363233,0
1571237488000,0.06577477034385075,-1.3855732710671982,-1.2192393158426957,2.0364139766700844,0.022954369121718,0
1571237488250,0.5011154217846822,-1.6782146174298822,-1.3240590286468805,-2.5875372247877046,0.02094405123135464,0
1571237488500,-0.804906532537812,-1.6782146174298822,-0.7650205603578949,-0.9018485469223404,0.024966257572933078,0
1571237488750,-1.5014515748431423,-1.6782146174298822,-1.289119124378819,-0.25078079105421675,0.031000352365726593,0
1571237489000,-0.5437021416733132,-1.6456989122784729,-0.6951407518217716,0.005738889843161737,0.03502412926815675,0
1571237489250,0.3705132263524327,-1.5806675019756542,-0.7300806560898333,0.6048768454900556,0.03703444715852011,0
1571237489500,-0.021293359944315533,-1.3855732710671982,-0.66020084755371,1.1828707456722793,0.03904633560973519,0
1571237489750,-0.06482742508839867,-1.2229947453101515,-0.5903210390175868,0.030435146625896494,0.04307011251216552,0
1571237490000,-0.23896368566473122,-2.035887374095385,-0.6951407518217716,-0.5540711226394456,0.0450804304025287,0
1571237490250,0.15284290063201703,-1.5806675019756542,-1.289119124378819,0.034833110162547885,0.049104207304959034,0
1571237490500,0.10930883548793388,-1.3855732710671982,-1.1493595073065725,-0.48032065717867606,0.0450804304025287,0
1571237490750,0.19637696577610014,-1.4180889762186075,-1.114419603038511,-1.5224688629213392,0.05715019054896745,0
1571237491000,-0.15189555537656493,-1.6131832071270635,-0.9746599859662645,-0.07342445381656336,0.0672064916833394,0
1571237491250,0.022240705199767605,-1.6782146174298822,-0.7650205603578949,0.07128546178363926,0.0832984581713566,0
1571237491500,-0.06482742508839867,-0.8328062834932394,-1.114419603038511,0.29033787639762215,0.08933255296415012,0
1571237491750,0.5011154217846822,-1.3855732710671982,-1.0445397945023878,0.38514782110120316,0.08933255296415012,0
1571237492000,0.10930883548793388,-1.6782146174298822,-1.3589989329149421,0.2598058603066385,0.10140074254973715,0
1571237492250,0.3269791612083496,-1.3205418607643795,-1.3939388371830037,1.4974097147647127,0.10341263100095222,0
1571237492500,0.06577477034385075,-1.5156360916728355,-0.7650205603578949,1.0242057534653943,0.10743483734253066,0
1571237492750,-0.28249775080881434,-1.8733088483383382,-0.5204412304814636,-2.3722061639355037,0.10140074254973715,0
1571237493000,-0.021293359944315533,-0.8653219886446487,-0.3806816134092172,-0.048559044590111254,0.09134444141536519,0
1571237493250,-0.021293359944315533,-0.9303533989474674,-1.289119124378819,0.24390553059720652,0.08531034662257167,0
1571237493500,0.3269791612083496,-1.3530575659157889,-0.9746599859662645,1.0257281254588506,0.07324058647613292,0
1571237493750,0.45758135664059896,-2.0684030792467945,-1.2192393158426957,0.7699696305582002,0.07123026858576974,0
1571237494000,-0.19542962052064808,-1.4831203865214262,-0.48550132621340203,2.6548353109007574,0.07123026858576974,0
1571237494250,0.2399110309201833,-1.4506046813700169,-0.8349003688940181,-0.6763683394470977,0.06921838013455449,0
1571237494500,0.28344509606426643,-1.4180889762186075,-1.0794796987704494,-0.9587683442332325,0.0672064916833394,0
1571237494750,-0.06482742508839867,-1.3530575659157889,-0.9047801774301413,-4.4099010771766975,0.06519460323212432,0
1571237495000,0.45758135664059896,-1.7107303225812915,-0.9047801774301413,-0.6533636071015366,0.0672064916833394,0
1571237495250,-0.23896368566473122,-1.1254476298559235,-0.2758619006050324,0.18588624240215154,0.07324058647613292,0
1571237495500,-0.50016807652923,-2.1009187843982033,-0.66020084755371,-0.520832667448984,0.0672064916833394,0
1571237495750,0.3705132263524327,-1.5481517968242449,-0.9397200816982029,0.3893766321941372,0.061172396890546064,0
1571237496000,0.28344509606426643,-1.4506046813700169,-0.8698402731620797,0.2386618048419683,0.061172396890546064,0
1571237496250,0.7187857475050978,-1.4831203865214262,-0.7300806560898333,2.3654154797003524,0.061172396890546064,0
1571237496500,-0.50016807652923,-1.8407931431869289,-0.66020084755371,-1.368370986694823,0.059160508439330815,0
1571237496750,-0.1083614902324818,-1.1254476298559235,-0.45056142194534043,-0.6953134131434423,0.061172396890546064,0
1571237497000,-0.3260318159528975,-1.7757617328841102,-0.7650205603578949,-0.05329531301419737,0.06318428534176097,0
1571237497250,-0.19542962052064808,-1.7107303225812915,-1.114419603038511,0.552862469046967,0.06921838013455449,0
1571237497500,0.3269791612083496,-1.5481517968242449,-0.9397200816982029,1.2010546333718957,0.07324058647613292,0
1571237497750,0.19637696577610014,-1.6782146174298822,-0.5903210390175868,0.36628732362671734,0.07927468126892644,0
1571237498000,-0.5872362068173963,-1.6131832071270635,-0.6951407518217716,-1.348749303223609,0.0832984581713566,0
1571237498250,-0.5437021416733132,-1.4180889762186075,-0.5553811347495252,-0.4736391356518403,0.08128656972014152,0
1571237498500,-0.4566340113851469,-1.7107303225812915,-0.8698402731620797,0.9988328869077902,0.07927468126892644,0
1571237498750,-0.1083614902324818,-1.5156360916728355,-0.7650205603578949,-0.4309281436132066,0.07726436337856325,0
1571237499000,0.10930883548793388,-1.4831203865214262,-1.2541792201107573,0.8839783776237018,0.07927468126892644,0
1571237499250,0.15284290063201703,-1.4506046813700169,-1.0445397945023878,-0.20680115568770277,0.09134444141536519,0
1571237499500,0.19637696577610014,-1.4180889762186075,-0.7999604646259565,-0.8184563921696812,0.10743483734253066,0
1571237499750,0.10930883548793388,-1.3855732710671982,-0.8349003688940181,-0.8997341413758734,0.12352680383054784,0
1571237500000,-0.06482742508839867,-1.4831203865214262,-0.7999604646259565,0.14089169237333343,0.13559499341613487,0
1571237500250,-0.4566340113851469,-1.4506046813700169,-0.5204412304814636,0.008699057608215561,0.14364097666014347,0
1571237500500,0.45758135664059896,-1.1579633350073328,-0.13610228353278597,0.33127276777722364,0.13559499341613487,0
1571237500750,1.415330789810428,-0.6702277577361927,-1.289119124378819,0.079827660191366,0.13358467552577152,0
1571237501000,2.3730802229802572,-1.1254476298559235,-0.7650205603578949,0.708059836157646,0.07927468126892644,0
1571237501250,0.10930883548793388,-1.2229947453101515,-0.45056142194534043,1.4371068685794735,0.09536664775694363,0
1571237501500,-0.4130999462410638,-1.5156360916728355,0.2831765676839533,1.310327112013311,0.08933255296415012,0
1571237501750,-1.0661109234023107,-0.995384809250286,0.8072751317048774,0.35317800923862186,0.08128656972014152,0
1571237502000,-0.6307702719614795,-0.9303533989474674,0.7373953231687541,-4.19685357431468,0.08933255296415012,0
1571237502250,-0.23896368566473122,-0.80029057834183,0.3879962804881381,-1.4082909634121203,0.08732066451293503,0
1571237502500,-0.7178384022496457,-1.0279005144016955,0.10847704634364527,0.8301033242997221,0.09536664775694363,0
1571237502750,0.3269791612083496,-1.1579633350073328,0.4229361847561997,-0.1987664146111281,0.10944672579374573,0
1571237503000,-0.36956588109698063,-1.2555104504615608,-0.13610228353278597,0.55523060325901,0.1054245194521673,0
1571237503250,-0.5872362068173963,-1.1579633350073328,0.10847704634364527,1.0781653830112325,0.11347050269617606,0
1571237503500,-0.9790427931141445,-1.1579633350073328,0.14341695061170687,-0.8575306066683918,0.1315727870745566,0
1571237503750,-0.5437021416733132,-1.3205418607643795,0.10847704634364527,-0.14827441016149576,0.12956089862334136,0
1571237504000,-0.5437021416733132,-1.3530575659157889,0.14341695061170687,1.0336782903135666,0.1476647535625738,0
1571237504250,-0.4130999462410638,-1.2880261556129702,0.038597237807522056,1.7986702170253333,0.15369884835536715,0
1571237504500,-0.4130999462410638,-1.2880261556129702,0.14341695061170687,1.7749888749049025,0.15168695990415207,0
1571237504750,-0.36956588109698063,-1.2880261556129702,0.10847704634364527,0.23291062175557803,0.15772105469694558,0
1571237505000,-0.36956588109698063,-1.2555104504615608,0.07353714207558366,-2.5937112889833887,0.15168695990415207,0
1571237505250,-0.4130999462410638,-1.2880261556129702,0.07353714207558366,-2.2387448858425056,0.14364097666014347,0
1571237505500,-0.36956588109698063,-1.3205418607643795,0.07353714207558366,0.11450391115342509,0.13760688186734996,0
1571237505750,-0.36956588109698063,-1.2880261556129702,0.07353714207558366,-1.3317494826300142,0.1315727870745566,0
1571237506000,-0.3260318159528975,-1.3205418607643795,0.07353714207558366,-0.8184563921696812,0.127550580732978,0
1571237506250,-0.4566340113851469,-1.2880261556129702,0.07353714207558366,-0.41993323477157807,0.1255386922817631,0
1571237506500,-0.28249775080881434,-1.2555104504615608,0.1783568548797685,0.5888073633369063,0.11749270903775433,0
1571237506750,-0.3260318159528975,-1.3205418607643795,0.1783568548797685,0.17210031823918662,0.11950459748896958,0
1571237507000,0.022240705199767605,-1.1254476298559235,0.07353714207558366,1.122314170821464,0.11548082058653926,0
1571237507250,0.15284290063201703,-0.9628691040988767,0.038597237807522056,1.3698687722018221,0.09939042465937378,0
1571237507500,0.8493879429373472,-1.0604162195531048,-0.3457417091411556,1.9558128372387618,0.08531034662257167,0
1571237507750,1.067058268657763,-0.7677748731904207,-0.7300806560898333,-0.9839720583471194,0.08128656972014152,0
1571237508000,0.6317176172169315,-0.5726806422819646,-0.2758619006050324,-2.9919807177159154,0.0973785362081587,0
1571237508250,-0.5437021416733132,-0.5726806422819646,0.842215035972939,0.1161954355905987,0.1255386922817631,0
1571237508500,-1.370849379410893,-1.6456989122784729,0.7373953231687541,-0.14193119352209468,0.12151491537933277,0
1571237508750,-1.109644988546394,-1.0279005144016955,0.2831765676839533,0.981917642536054,0.14565286511135855,0
1571237509000,-1.0661109234023107,-1.1579633350073328,0.3879962804881381,-0.127553235806119,0.15772105469694558,0
1571237509250,-0.804906532537812,-1.2229947453101515,0.49281599329232295,-0.16713490763598154,0.16576703794095418,0
1571237509500,-0.7613724673937289,-1.1579633350073328,0.4578760890242613,0.8989483688926883,0.16777892639216926,0
1571237509750,-0.5437021416733132,-1.0604162195531048,0.4229361847561997,0.42396830693433757,0.1718011327337477,0
1571237510000,-0.36956588109698063,-1.0929319247045142,0.3879962804881381,2.2723816356558038,0.17582490963617783,0
1571237510250,-0.3260318159528975,-1.0929319247045142,0.3879962804881381,-1.185348042592638,0.17381302118496278,0
1571237510500,-0.36956588109698063,-1.0604162195531048,0.3530563762200765,-0.10429477479498181,0.17582490963617783,0
1571237510750,-0.36956588109698063,-1.0929319247045142,0.3879962804881381,-0.47440032164856843,0.1718011327337477,0
1571237511000,-0.4130999462410638,-1.0929319247045142,0.3530563762200765,0.07433020577055177,0.17582490963617783,0
1571237511250,-0.3260318159528975,-1.0929319247045142,0.3879962804881381,-1.1296123123877673,0.1718011327337477,0
1571237511500,-0.28249775080881434,-1.0604162195531048,0.3530563762200765,0.8123423177093992,0.16979081484338432,0
1571237511750,-0.28249775080881434,-1.0604162195531048,0.3530563762200765,-0.09270783240034254,0.1718011327337477,0
1571237512000,-0.3260318159528975,-1.0604162195531048,0.3879962804881381,-0.6080307521852838,0.16777892639216926,0
1571237512250,-0.3260318159528975,-1.0929319247045142,0.3879962804881381,0.13615542394924732,0.16979081484338432,0
1571237512500,-0.28249775080881434,-1.0604162195531048,0.3879962804881381,-0.15419474569160338,0.16576703794095418,0
1571237512750,-0.6307702719614795,-1.1254476298559235,0.1783568548797685,0.6282198827230515,0.1637551494897391,0
1571237513000,-0.4130999462410638,-1.1254476298559235,0.24823666341589168,-0.6145431212684022,0.16174483159937575,0
1571237513250,-0.5437021416733132,-1.0929319247045142,0.21329675914783008,-0.19377641752146593,0.16174483159937575,0
1571237513500,-0.021293359944315533,-0.9628691040988767,0.2831765676839533,0.355799872116241,0.15973294314816067,0
1571237513750,0.022240705199767605,-0.9303533989474674,0.14341695061170687,-0.9002415987070255,0.15772105469694558,0
1571237514000,-0.4130999462410638,-0.8653219886446487,0.3181164719520149,1.2622032417757216,0.17582490963617783,0
1571237514250,-0.50016807652923,-1.1254476298559235,0.2831765676839533,0.1638118484970359,0.19191530556334332,0
1571237514500,-0.6743043371055626,-1.2229947453101515,0.2831765676839533,1.0044994937723217,0.20599538360014544,0
1571237514750,-0.804906532537812,-1.2555104504615608,0.3530563762200765,-2.7176154540063555,0.22007546163694755,0
1571237515000,-0.06482742508839867,-1.0279005144016955,0.10847704634364527,-1.839545118669533,0.22812144488095612,0
1571237515250,-0.15189555537656493,-1.2555104504615608,0.3879962804881381,0.6996022139717779,0.22812144488095612,0
1571237515500,-0.4130999462410638,-1.2555104504615608,0.3879962804881381,0.16837896447740464,0.22812144488095612,0
1571237515750,-0.15189555537656493,-1.2229947453101515,0.1783568548797685,1.7252580564519984,0.23214522178338629,0
1571237516000,-0.36956588109698063,-1.2229947453101515,0.003657333539460452,0.18994590105136822,0.21001916050257557,0
1571237516250,-0.3260318159528975,-1.2880261556129702,0.10847704634364527,-0.15800067567524403,0.20398506570978206,0
1571237516500,-0.4566340113851469,-1.4180889762186075,0.003657333539460452,0.04202208902053574,0.19593908246577366,0
1571237516750,-0.50016807652923,-1.3855732710671982,0.003657333539460452,0.8344167116145149,0.1939271940145584,0
1571237517000,-0.50016807652923,-1.3855732710671982,-0.031282570728601154,1.908111848110466,0.18990498767298014,0
1571237517250,-0.5437021416733132,-1.3855732710671982,0.003657333539460452,0.3821030771142907,0.19191530556334332,0
1571237517500,-0.50016807652923,-1.3855732710671982,0.003657333539460452,-1.4362856928473435,0.18990498767298014,0
1571237517750,-0.5437021416733132,-1.4180889762186075,-0.031282570728601154,-1.0637274355598552,0.1878930992217649,0
1571237518000,-0.5872362068173963,-1.4180889762186075,-0.031282570728601154,0.27908923889041765,0.1858812107705498,0
1571237518250,-0.5437021416733132,-1.4831203865214262,0.003657333539460452,0.09606629478823268,0.18387089288018663,0
1571237518500,-0.7613724673937289,-1.2229947453101515,0.14341695061170687,0.5890610920024822,0.18185900442897138,0
1571237518750,-0.6743043371055626,-1.2229947453101515,0.07353714207558366,0.2623431469623989,0.1778352275265412,0
1571237519000,-0.5872362068173963,-1.3530575659157889,0.1783568548797685,0.7260745714135449,0.16576703794095418,0
1571237519250,-0.4566340113851469,-1.2555104504615608,0.1783568548797685,0.7125423759161561,0.17582490963617783,0
1571237519500,-0.5872362068173963,-1.3530575659157889,0.07353714207558366,2.5006528584523826,0.17381302118496278,0
1571237519750,-0.6307702719614795,-1.4506046813700169,-0.031282570728601154,-1.1630199200219464,0.18185900442897138,0
1571237520000,-0.50016807652923,-1.4831203865214262,-0.031282570728601154,-2.0700998994562965,0.2080072720513605,0
1571237520250,-0.28249775080881434,-1.3855732710671982,0.10847704634364527,-0.14091627885979052,0.24019120502739488,0
1571237520500,-0.15189555537656493,-1.0279005144016955,0.24823666341589168,-0.16611999297367736,0.27840766223537106,0
1571237520750,-0.06482742508839867,-1.2229947453101515,0.1783568548797685,-0.29450669775515464,0.31461380155298385,0
1571237521000,0.15284290063201703,-1.2229947453101515,0.3879962804881381,-0.679751388321445,0.3186360078945623,0
1571237521250,-1.762655965707641,-0.8328062834932394,-0.06622247499666276,-0.18810981065693436,0.3427739576265881,0
1571237521500,-1.0225768582582277,-0.7352591680390114,0.5626958018284461,0.05597716562721805,0.37898009694420093,0
1571237521750,0.2399110309201833,-1.0604162195531048,0.9120948445090622,0.8975951493429494,0.35886592411460544,0
1571237522000,0.2399110309201833,-1.0279005144016955,-0.031282570728601154,-0.8114365657554108,0.3387517512850097,0
1571237522250,0.9799901383695966,-0.7677748731904207,-0.66020084755371,-1.3868931792818742,0.3367398628337946,0
1571237522500,0.9364560732255135,-0.9303533989474674,-0.6951407518217716,1.2185619112966426,0.3568540356633902,0
1571237522750,0.9364560732255135,-0.995384809250286,-0.5553811347495252,3.0772935390848675,0.4011061582250116,0
1571237523000,0.6317176172169315,-1.0279005144016955,-0.5204412304814636,-1.6900143584233855,0.44334639233541795,0
1571237523250,0.41404729149651587,-1.1904790401587422,-0.45056142194534043,-2.516154893538978,0.46144867671379847,0
1571237523500,-0.021293359944315533,-1.4506046813700169,-0.6951407518217716,-0.437694241361901,0.4835747379946092,0
1571237523750,0.10930883548793388,-1.3205418607643795,-0.5903210390175868,0.6001405770659695,0.4755287547506006,0
1571237524000,-0.021293359944315533,-1.3530575659157889,-0.5903210390175868,0.27858178155926555,0.46346056516501355,0
1571237524250,0.19637696577610014,-1.4180889762186075,-0.5204412304814636,0.6026778637217299,0.455414581921005,0
1571237524500,0.10930883548793388,-1.4180889762186075,-0.48550132621340203,-0.3514264950660468,0.44334639233541795,0
1571237524750,0.19637696577610014,-1.3205418607643795,-0.4156215176772788,0.11771780758405494,0.4252425373961855,0
1571237525000,0.2399110309201833,-1.3205418607643795,-0.6951407518217716,0.05538513207420728,0.4212203310546074,0
1571237525250,0.19637696577610014,-1.3530575659157889,-0.3457417091411556,-0.20908471367788714,0.4171965541521771,0
1571237525500,1.5459329852426775,-0.9628691040988767,-1.0794796987704494,0.18292607463709773,0.4171965541521771,0
1571237525750,-0.1083614902324818,-1.1579633350073328,0.07353714207558366,-0.002126698789695564,0.4011061582250116,0
1571237526000,0.06577477034385075,-0.6377120525847833,0.3181164719520149,0.5500714537256305,0.4272544258474006,0
1571237526250,0.2399110309201833,-0.2800392959192805,0.2831765676839533,0.0715391904492153,0.37696820849298585,0
1571237526500,-1.5885197051313085,-1.3855732710671982,0.5626958018284461,1.6120950716050837,0.3568540356633902,0
1571237526750,0.3705132263524327,-1.1904790401587422,0.4229361847561997,1.9464248766124483,0.3427739576265881,0
1571237527000,-0.6307702719614795,-1.1904790401587422,0.49281599329232295,-1.4323951866418443,0.3327160859313644,0
1571237527250,-0.9790427931141445,-1.1254476298559235,0.3530563762200765,-1.522215134255763,0.3266819911385709,0
1571237527500,-0.6307702719614795,-0.5076492319791459,0.5626958018284461,-0.5128825025942682,0.33070576804100105,0
1571237527750,-0.6743043371055626,-1.4831203865214262,0.10847704634364527,-0.9481117402790388,0.340762069175373,0
1571237528000,-0.15189555537656493,-0.6702277577361927,0.7024554189006925,-0.8808736439013877,0.35484214721217494,0
1571237528250,-0.1083614902324818,-1.0604162195531048,0.49281599329232295,-0.35354090061251375,0.37495632004177076,0
1571237528500,-0.4566340113851469,-1.1904790401587422,0.21329675914783008,-0.10979222921579605,0.3890363980785729,0
1571237528750,-0.36956588109698063,-1.1904790401587422,0.24823666341589168,0.20119453855857278,0.39507206343221807,0
1571237529000,-0.23896368566473122,-1.2229947453101515,0.3181164719520149,0.36890918650433646,0.3890363980785729,0
1571237529250,-0.7178384022496457,-1.1254476298559235,0.10847704634364527,0.5763746587236802,0.37898009694420093,0
1571237529500,-0.3260318159528975,-1.1254476298559235,0.3530563762200765,1.2754817086075345,0.37495632004177076,0
1571237529750,-0.4566340113851469,-1.1579633350073328,0.2831765676839533,-0.9570768197960589,0.36691190735861384,0
1571237530000,-0.4130999462410638,-1.1904790401587422,0.3530563762200765,0.21193571873462522,0.37898009694420093,0
1571237530250,-0.3260318159528975,-1.1254476298559235,0.24823666341589168,0.8104816408285083,0.36691190735861384,0
1571237530500,-0.4130999462410638,-1.1579633350073328,0.21329675914783008,0.16871726936483938,0.38300230328577933,0
1571237530750,-0.4566340113851469,-1.1904790401587422,0.2831765676839533,-0.10708579011631826,0.40512836456659,0
1571237531000,-0.4130999462410638,-1.1579633350073328,0.3879962804881381,-0.05921564854430501,0.4171965541521771,0
1571237531250,-0.50016807652923,-1.1579633350073328,0.1783568548797685,2.6341141365453806,0.4513923755794265,0
1571237531500,0.022240705199767605,-1.2880261556129702,0.4578760890242613,1.5346232523825323,0.4875969443361876,0
1571237531750,-0.1083614902324818,-0.897837693796058,0.3879962804881381,-0.4981662399908577,0.5016770223729896,0
1571237532000,-0.19542962052064808,-0.8653219886446487,0.1783568548797685,-3.843155814501678,0.5077126877266349,0
1571237532250,-0.23896368566473122,-1.1579633350073328,0.10847704634364527,-1.6174479600686376,0.4875969443361876,0
1571237532500,-0.28249775080881434,-1.0604162195531048,0.21329675914783008,-0.5092457250543448,0.4875969443361876,0
1571237532750,-0.5872362068173963,-1.1579633350073328,0.4229361847561997,0.3395612375193743,0.46144867671379847,0
1571237533000,-0.5437021416733132,-1.1254476298559235,0.4229361847561997,0.7245521994200887,0.4272544258474006,0
1571237533250,-0.5872362068173963,-1.1579633350073328,0.3879962804881381,2.353574808640137,0.4151862362618139,0
1571237533500,-0.50016807652923,-1.1579633350073328,0.4229361847561997,-2.1251590198862975,0.4011061582250116,0
1571237533750,-0.5437021416733132,-1.0929319247045142,0.2831765676839533,-1.239138519694759,0.39104828652978796,0
1571237534000,-0.19542962052064808,-1.0929319247045142,0.3879962804881381,1.1444731409484383,0.429266314298616,0
1571237534250,-0.28249775080881434,-1.0604162195531048,0.5277558975603845,0.2656416196148874,0.4071402530178051,0
1571237534500,-0.15189555537656493,-0.995384809250286,0.4229361847561997,-0.4662810043501351,0.40512836456659,0
1571237534750,-0.23896368566473122,-1.0604162195531048,0.49281599329232295,0.3833717204421709,0.403116476115375,0
1571237535000,-1.457917509699059,-1.2555104504615608,0.1783568548797685,0.13928474415801853,0.41116245935938356,0
1571237535250,-1.6320537702753917,-1.4180889762186075,0.1783568548797685,1.1568212693398054,0.4171965541521771,0
1571237535500,-1.0661109234023107,-1.4180889762186075,0.10847704634364527,-1.109652324029119,0.403116476115375,0
1571237535750,-0.6743043371055626,-1.2880261556129702,0.1783568548797685,0.9642412121675898,0.39507206343221807,0
1571237536000,0.5881835520728484,-1.0604162195531048,-0.45056142194534043,1.0042457651067456,0.3850141917369944,0
1571237536250,-0.8484405976818952,-1.5806675019756542,-0.8698402731620797,-2.7445952687792747,0.3890363980785729,0
1571237536500,1.2411945292340956,-0.9628691040988767,-1.7433378798636199,-1.0321805048065673,0.429266314298616,0
1571237536750,0.7187857475050978,-1.3530575659157889,-1.6734580713274967,-0.9757681648268274,0.39104828652978796,0
1571237537000,0.41404729149651587,-1.2880261556129702,-1.638518167059435,1.7694068442622297,0.37696820849298585,0
1571237537250,0.5446494869287652,-1.1254476298559235,-1.1493595073065725,1.975434520709976,0.393060174981003,0
1571237537500,1.0235242035136798,-1.3205418607643795,-0.8349003688940181,1.9908273930882556,0.40512836456659,0
1571237537750,0.45758135664059896,-1.1254476298559235,-0.66020084755371,-1.4543850043251012,0.4252425373961855,0
1571237538000,0.19637696577610014,-1.1904790401587422,-0.7300806560898333,-5.411283543983476,0.4393226154329876,0
1571237538250,-0.19542962052064808,-1.3855732710671982,-0.7300806560898333,-0.09541427149982033,0.455414581921005,0
1571237538500,-0.15189555537656493,-1.3855732710671982,-1.3240590286468805,0.22512960934457937,0.4513923755794265,0
1571237538750,0.022240705199767605,-1.3530575659157889,-1.1493595073065725,1.1150406157416173,0.44736859867699635,0
1571237539000,0.8058538777932641,-1.3530575659157889,-1.1493595073065725,0.9604352821839491,0.45742647037222006,0
1571237539250,0.2399110309201833,-1.2229947453101515,-0.9047801774301413,-1.5299961466667618,0.4513923755794265,0
1571237539500,0.41404729149651587,-1.4506046813700169,-0.66020084755371,0.10570798408012229,0.4453567102257811,0
1571237539750,-0.1083614902324818,-1.3855732710671982,-0.5553811347495252,0.3246758224722465,0.4353004090914095,0
1571237540000,-0.23896368566473122,-1.3205418607643795,-0.66020084755371,0.601832101503143,0.4252425373961855,0
1571237540250,-0.06482742508839867,-1.7432460277327009,-0.7650205603578949,0.083802742618724,0.431276632188979,0
1571237540500,0.15284290063201703,-1.5156360916728355,-1.114419603038511,0.984285776748097,0.4373122975426244,0
1571237540750,0.5011154217846822,-1.5156360916728355,-1.2541792201107573,1.649054880557327,0.429266314298616,0
1571237541000,0.3269791612083496,-1.2880261556129702,-1.2541792201107573,-1.721730441620391,0.4212203310546074,0
1571237541250,0.5881835520728484,-1.2880261556129702,-1.0445397945023878,-1.186447533476801,0.4212203310546074,0
1571237541500,-1.3273153142668097,-1.2555104504615608,-1.0445397945023878,-0.4530871137401809,0.41920844260339213,0
1571237541750,0.6317176172169315,-1.0604162195531048,-0.5903210390175868,0.3995257788171789,0.4151862362618139,0
1571237542000,0.5881835520728484,-0.8653219886446487,-0.5553811347495252,0.2504178996803249,0.4071402530178051,0
1571237542250,-0.021293359944315533,-2.1334344895496127,-1.2541792201107573,0.6491947857440044,0.40512836456659,0
1571237542500,0.3705132263524327,-1.6456989122784729,-1.3240590286468805,1.5126334346992754,0.39708238132258145,0
1571237542750,0.19637696577610014,-1.5156360916728355,-1.3589989329149421,1.0158327075013849,0.4011061582250116,0
1571237543000,0.3269791612083496,-1.3205418607643795,-1.3939388371830037,-0.8194713068319854,0.39708238132258145,0
1571237543250,0.28344509606426643,-1.3205418607643795,-1.3589989329149421,-2.10257716865003,0.4011061582250116,0
1571237543500,0.10930883548793388,-1.3530575659157889,-0.9397200816982029,-0.3580234403710238,0.403116476115375,0
1571237543750,-0.7613724673937289,-1.2880261556129702,-0.8698402731620797,-0.22676114404635142,0.4071402530178051,0
1571237544000,-0.50016807652923,-1.5156360916728355,-0.5553811347495252,0.514972321654278,0.40512836456659,0
1571237544250,-0.5872362068173963,-1.6782146174298822,-1.1842994115746341,0.24796518924642316,0.403116476115375,0
1571237544500,-0.1083614902324818,-1.5481517968242449,-0.9746599859662645,0.5323950233571662,0.403116476115375,0
1571237544750,-0.15189555537656493,-1.4831203865214262,-1.114419603038511,0.2732534795821686,0.4011061582250116,0
1571237545000,0.10930883548793388,-1.3855732710671982,-1.0445397945023878,0.814541299477725,0.403116476115375,0
1571237545250,0.06577477034385075,-1.6456989122784729,-1.2192393158426957,-0.9807581619164896,0.40915214146902035,0
1571237545500,-0.3260318159528975,-1.4831203865214262,-0.9746599859662645,-0.12865272669028183,0.4071402530178051,0
1571237545750,-1.1967131188345603,-2.003371668943976,-0.7650205603578949,0.10553883163640493,0.4171965541521771,0
1571237546000,-0.23896368566473122,-1.3530575659157889,-0.5553811347495252,0.07323071488638891,0.4011061582250116,0
1571237546250,-0.5437021416733132,-1.7432460277327009,-0.9047801774301413,0.43115728579232543,0.39708238132258145,0
1571237546500,-0.06482742508839867,-1.5481517968242449,-1.0095998902343262,0.48063437557965366,0.3890363980785729,0
1571237546750,-0.15189555537656493,-1.5481517968242449,-1.0095998902343262,0.7955116495595218,0.393060174981003,0
1571237547000,0.15284290063201703,-1.3530575659157889,-1.114419603038511,0.6327024224815616,0.3890363980785729,0
1571237547250,-0.021293359944315533,-1.4180889762186075,-1.0445397945023878,-2.012757221036111,0.4071402530178051,0
1571237547500,-0.06482742508839867,-1.4831203865214262,-1.1842994115746341,-1.0298123705945244,0.44334639233541795,0
1571237547750,-0.06482742508839867,-1.4831203865214262,-1.0794796987704494,-0.24595994640827193,0.4896088327874025,0
1571237548000,-0.06482742508839867,-1.4180889762186075,-0.9397200816982029,0.19307522126013943,0.5358728438002391,0
1571237548250,0.022240705199767605,-1.6131832071270635,-0.9397200816982029,-0.09203122262547311,0.5660433177642066,0
1571237548500,-0.36956588109698063,-1.6456989122784729,-0.8698402731620797,0.25490043943883495,0.5680552062154217,0
1571237548750,-0.3260318159528975,-1.4506046813700169,-0.66020084755371,0.023753625099060722,0.5579973345201982,0
1571237549000,0.022240705199767605,-1.5156360916728355,-0.3806816134092172,0.29566617837471904,0.5278268605562306,0
1571237549250,-0.19542962052064808,-1.3530575659157889,-0.5204412304814636,0.20305521543946373,0.5117348940682134,0
1571237549500,-1.0225768582582277,-1.2880261556129702,-1.2541792201107573,0.8050687626295527,0.4976548160314111,0
1571237549750,-0.15189555537656493,-1.4831203865214262,-1.289119124378819,1.0149023690609396,0.4896088327874025,0
1571237550000,-0.06482742508839867,-1.5156360916728355,-1.1842994115746341,-1.3978035119016439,0.4835747379946092,0
1571237550250,0.19637696577610014,-1.2880261556129702,-0.9397200816982029,-1.2183327691175234,0.4795525316530309,0
1571237550500,0.2399110309201833,-1.3855732710671982,-0.7650205603578949,-0.22219402806598265,0.4795525316530309,0
1571237550750,-0.8484405976818952,-2.035887374095385,-0.310801804873094,0.5104052056739092,0.4835747379946092,0
1571237551000,-0.15189555537656493,-1.5481517968242449,-0.7999604646259565,0.09750409055983025,0.4171965541521771,0
1571237551250,0.3269791612083496,-0.9303533989474674,-0.3806816134092172,0.0973349381161129,0.3850141917369944,0
1571237551500,0.15284290063201703,-0.897837693796058,-0.4156215176772788,0.05335530274959895,0.35484214721217494,0
1571237551750,0.9364560732255135,-1.2229947453101515,-0.5204412304814636,0.08853901104281012,0.36691190735861384,0
1571237552000,1.415330789810428,-0.9628691040988767,-0.8698402731620797,1.626050148211766,0.4171965541521771,0
1571237552250,1.110592333801846,-0.995384809250286,-0.9746599859662645,2.90661872337405,0.4212203310546074,0
1571237552500,0.5446494869287652,-1.1904790401587422,-1.1842994115746341,0.4904452173152606,0.4171965541521771,0
1571237552750,0.5011154217846822,-1.0929319247045142,-1.289119124378819,-0.8149887670734753,0.32869387958978596,0
1571237553000,0.5446494869287652,-1.1579633350073328,-1.1842994115746341,-3.400145564405909,0.37696820849298585,0
1571237553250,-0.021293359944315533,-1.4180889762186075,-1.0095998902343262,-2.177004243885669,0.42323221950582246,0
1571237553500,-0.5872362068173963,-1.8733088483383382,-0.6951407518217716,-1.5125734449638735,0.4332885206401941,0
1571237553750,-0.36956588109698063,-1.4831203865214262,-0.5204412304814636,-0.7685564212730598,0.4171965541521771,0
1571237554000,-0.19542962052064808,-1.3205418607643795,-0.48550132621340203,-0.43118187227878263,0.39909426977379653,0
1571237554250,-0.1083614902324818,-1.3530575659157889,-0.3806816134092172,0.9633108737271442,0.39507206343221807,0
1571237554500,-0.06482742508839867,-1.4506046813700169,-0.5204412304814636,0.2237763897948405,0.39708238132258145,0
1571237554750,-0.06482742508839867,-1.4180889762186075,-0.5204412304814636,0.828834680971842,0.393060174981003,0
1571237555000,-0.06482742508839867,-1.4506046813700169,-0.48550132621340203,0.4965347052890856,0.3890363980785729,0
1571237555250,-0.021293359944315533,-1.4180889762186075,-0.5204412304814636,0.8197004490111045,0.39507206343221807,0
1571237555500,-0.021293359944315533,-1.4180889762186075,-0.48550132621340203,-0.019041943161431697,0.393060174981003,0
1571237555750,-0.06482742508839867,-1.4180889762186075,-0.5204412304814636,0.4428288044088234,0.393060174981003,0
1571237556000,-0.021293359944315533,-1.4180889762186075,-0.48550132621340203,0.0570766565113809,0.39507206343221807,0
1571237556250,-0.021293359944315533,-1.4506046813700169,-0.5204412304814636,0.44807253016406157,0.39708238132258145,0
1571237556500,-0.06482742508839867,-1.4180889762186075,-0.5204412304814636,0.11543424959387057,0.39507206343221807,0
1571237556750,-0.021293359944315533,-1.4180889762186075,-0.48550132621340203,0.19045335838252034,0.393060174981003,0
1571237557000,-0.50016807652923,-1.9383402586411569,-0.17104218780084757,0.15755320807949355,0.3890363980785729,0
1571237557250,1.5023989200985943,-0.702743462887602,-0.310801804873094,0.07881274552906184,0.5016770223729896,0
1571237557500,-1.0225768582582277,-1.5481517968242449,0.3181164719520149,0.19908013301210575,0.41920844260339213,0
1571237557750,-3.373416376038717,-1.9058245534897476,0.8771549402410006,0.3588446161031535,0.37898009694420093,0
1571237558000,-0.7613724673937289,-1.4506046813700169,0.24823666341589168,2.167422544329181,0.403116476115375,0
1571237558250,0.9799901383695966,-0.3775864113735085,-1.813217688399743,1.8886593170829693,0.39507206343221807,0
1571237558500,1.110592333801846,-0.80029057834183,-1.813217688399743,-0.4588382968265712,0.39104828652978796,0
1571237558750,0.7187857475050978,-0.897837693796058,-1.7083979755955583,-2.0569060088463424,0.38300230328577933,0
1571237559000,0.7187857475050978,-0.897837693796058,-1.6734580713274967,-1.5190858140469918,0.3850141917369944,0
1571237559250,0.6752516823610146,-1.0279005144016955,-1.4987585499871885,0.42684389847753273,0.39104828652978796,0
1571237559500,0.8058538777932641,-1.0604162195531048,-1.638518167059435,1.2336164787874877,0.3890363980785729,0
1571237559750,1.1976604640900124,-0.995384809250286,-1.5686383585233117,-2.331947882330772,0.4011061582250116,0
1571237560000,-0.06482742508839867,-0.995384809250286,-0.7650205603578949,-1.8195005540890257,0.40512836456659,0
1571237560250,0.8929220080814304,-0.995384809250286,0.5976357060965077,-1.1742685575291507,0.41920844260339213,0
1571237560500,-0.7613724673937289,-1.1904790401587422,-0.3457417091411556,-0.13034425112745546,0.403116476115375,0
1571237560750,-1.2837812491227265,-1.0604162195531048,-0.3457417091411556,0.6094439614704243,0.4011061582250116,0
1571237561000,-0.7613724673937289,-1.6131832071270635,0.14341695061170687,-0.21466674432056007,0.4252425373961855,0
1571237561250,0.45758135664059896,-1.4506046813700169,-0.4156215176772788,-1.6714921658363346,0.46144867671379847,0
1571237561500,0.6752516823610146,-0.6377120525847833,-0.06622247499666276,-0.6712091899137183,0.5881693790450174,0
1571237561750,0.9799901383695966,-1.2880261556129702,-0.7650205603578949,3.3967379290451047,0.7028218917906496,0
1571237562000,0.28344509606426643,-1.5156360916728355,-1.3240590286468805,1.4850615863733452,0.8134506276338512,0
1571237562250,0.7187857475050978,-0.7677748731904207,-0.5204412304814636,-2.8465941923408433,0.7833869518078093,0
1571237562500,1.067058268657763,-0.8328062834932394,-1.1493595073065725,-0.21432843943312535,0.7813766339174457,0
1571237562750,0.5881835520728484,-1.2555104504615608,-1.463818645719127,1.161219232876457,0.9724636316398819,0
1571237563000,0.45758135664059896,-1.3205418607643795,-1.3240590286468805,-0.03511142531458103,0.9603938714934432,0
1571237563250,0.022240705199767605,-1.3205418607643795,-1.3240590286468805,0.08938477326139692,1.1052184287638944,0
1571237563500,0.10930883548793388,-1.5481517968242449,-1.53369845425525,0.8967493871243626,1.2057892929118725,0
1571237563750,0.15284290063201703,-1.4180889762186075,-1.2192393158426957,2.453628479098956,1.4109563686711106,0
1571237564000,0.10930883548793388,-1.3205418607643795,-1.114419603038511,-2.5948107798675513,1.636393102784277,0
1571237564250,-0.06482742508839867,-1.6782146174298822,-1.114419603038511,-1.448126363907559,1.7248973479075203,0
1571237564500,-0.50016807652923,-1.5156360916728355,-1.0095998902343262,3.945637608907942,1.753057503981124,0
1571237564750,0.3269791612083496,-1.3205418607643795,-0.66020084755371,0.2053387734296481,1.6323708964426988,0
1571237565000,-0.4130999462410638,-1.7432460277327009,-1.463818645719127,-4.450497663668864,1.555936411465895,0
1571237565250,0.022240705199767605,-1.4506046813700169,-1.1493595073065725,-1.7605509274535254,1.6021988519178794,0
1571237565500,0.022240705199767605,-1.5156360916728355,-1.3240590286468805,1.2826706874655225,1.7309314427003133,0
1571237565750,-0.36956588109698063,-1.5156360916728355,-0.8349003688940181,0.7463728646596284,1.8294919889579284,0
1571237566000,-0.021293359944315533,-1.5806675019756542,-0.4156215176772788,-0.4153661187912093,1.8415601785435156,0
1571237566250,-0.6307702719614795,-1.0929319247045142,-0.3806816134092172,-0.37375461763673845,1.8677084461659041,0
1571237566500,-0.804906532537812,-1.4831203865214262,-0.66020084755371,0.5871158388997327,1.8938582843491452,0
1571237566750,-0.6743043371055626,-1.5481517968242449,-0.9397200816982029,0.6919903540044966,1.8113881340186961,0
1571237567000,-0.021293359944315533,-1.5156360916728355,-1.2541792201107573,0.10427018830852472,1.6886912085899073,0
1571237567250,-0.06482742508839867,-1.4506046813700169,-1.0445397945023878,0.6901296771236057,1.5780624727467054,0
1571237567500,0.5011154217846822,-1.4506046813700169,-0.7650205603578949,-0.6701942752514141,1.4634099600010733,0
1571237567750,-1.109644988546394,-1.1579633350073328,-0.9746599859662645,0.5192857089690707,1.40910153630508,0
1571237568000,-0.6743043371055626,-1.5156360916728355,-0.8349003688940181,-0.00669381477006432,1.5499023166731012,0
1571237568250,-0.23896368566473122,-1.5481517968242449,-0.17104218780084757,0.22622910022874226,1.7067934929682878,0
1571237568500,-0.7178384022496457,-2.26349731015525,0.10847704634364527,0.35410834767906735,1.8294919889579284,0
1571237568750,-0.1083614902324818,-1.1904790401587422,-1.0794796987704494,0.552608740381391,1.8677084461659041,0
1571237569000,0.28344509606426643,-1.3205418607643795,-1.2541792201107573,1.9026143936896518,1.9220184404227494,0
1571237569250,0.19637696577610014,-1.2229947453101515,-1.638518167059435,1.0578670897651492,1.8757544294099127,0
1571237569500,0.6317176172169315,-1.2880261556129702,-1.6035782627913733,-3.4844680575990132,1.7912739611891004,0
1571237569750,0.5881835520728484,-0.995384809250286,-1.813217688399743,-2.1313330840819815,1.6464509744795008,0
1571237570000,0.06577477034385075,-2.523622951366525,-0.9047801774301413,0.39588900127725557,1.4412838987202627,0
1571237570250,0.022240705199767605,-0.7352591680390114,-1.6035782627913733,0.061982077379184375,1.3487574472554416,0
1571237570500,0.28344509606426643,-1.3530575659157889,-1.4288787414510653,0.8602970355032712,1.1596823379842205,0
1571237570750,-0.23896368566473122,-0.7677748731904207,-0.9746599859662645,2.643079216062401,1.2421509177538184,0
1571237571000,-0.021293359944315533,-1.9383402586411569,-0.7999604646259565,-1.344520492130675,1.268300755937059,0
1571237571250,-0.15189555537656493,-1.4831203865214262,-1.2541792201107573,-1.20894480849121,1.228070839717016,0
1571237571500,-0.15189555537656493,-1.5481517968242449,-1.1842994115746341,-1.578965779122938,1.1979003657530487,0
1571237571750,0.022240705199767605,-1.4831203865214262,-1.0794796987704494,0.5638573778885955,1.1677283212282292,0
1571237572000,-0.7178384022496457,-1.5481517968242449,-1.114419603038511,0.24009960061356586,1.1355443882521947,0
1571237572250,-0.5872362068173963,-1.6456989122784729,-0.9397200816982029,0.3239146364755184,1.1355443882521947,0
1571237572500,-0.3260318159528975,-1.4831203865214262,-0.7650205603578949,0.035086838828123926,1.18583060560661,0
1571237572750,-0.5437021416733132,-1.6131832071270635,-0.7999604646259565,0.15146372010566853,1.3226091796330521,0
1571237573000,-0.15189555537656493,-1.5481517968242449,-0.8349003688940181,0.30852176409723847,1.5237524784898604,0
1571237573250,-0.06482742508839867,-1.4831203865214262,-1.1842994115746341,-0.01718126628054072,1.6987475097242792,0
1571237573500,-0.021293359944315533,-1.5156360916728355,-1.289119124378819,0.176498281775838,1.7731716768107197,0
1571237573750,0.10930883548793388,-1.5156360916728355,-1.114419603038511,-0.2582234985777806,1.7510456155299094,0
1571237574000,0.15284290063201703,-1.3205418607643795,-0.9746599859662645,-0.0667429322897276,1.7027712866267093,0
1571237574250,-0.28249775080881434,-1.6131832071270635,-1.1842994115746341,-0.28909381955619906,1.6182908184058966,0
1571237574500,-0.06482742508839867,-1.3855732710671982,-0.9047801774301413,0.11644916425617473,1.5237524784898604,0
1571237574750,-0.06482742508839867,-1.3530575659157889,-0.8349003688940181,0.0111517680421173,1.4292157091346758,0
1571237575000,-0.28249775080881434,-1.8407931431869289,-1.3240590286468805,0.09310612702317887,1.344735240913863,0
1571237575250,-0.15189555537656493,-1.3530575659157889,-1.4288787414510653,-0.2420694402027726,1.292437135108233,0
1571237575500,0.15284290063201703,-1.3855732710671982,-1.463818645719127,0.07348444355196496,1.2622650905834139,0
1571237575750,0.15284290063201703,-1.3855732710671982,-1.4987585499871885,0.30344719078571764,1.2341049345098094,0
1571237576000,-0.23896368566473122,-1.5156360916728355,-0.9746599859662645,-0.2079006465718656,1.2119804437898505,0
1571237576250,-0.4566340113851469,-1.5481517968242449,-0.9746599859662645,-0.6087919381820119,1.181808399265031,0
1571237576500,-0.36956588109698063,-1.4831203865214262,-0.7999604646259565,0.32873548112146317,1.1435903714962035,0
1571237576750,-0.15189555537656493,-1.4831203865214262,-0.6252609432856484,-0.24240774509020732,1.1194539923250293,0
1571237577000,-0.4566340113851469,-1.4831203865214262,-1.0794796987704494,0.31427294718362875,1.1315221819106163,0
1571237577250,-0.4566340113851469,-1.7107303225812915,-1.3240590286468805,0.31393464229619406,1.1456022599474187,0
1571237577500,-0.23896368566473122,-1.6456989122784729,-1.289119124378819,1.2802179770316207,1.1596823379842205,0
1571237577750,0.06577477034385075,-1.4506046813700169,-1.114419603038511,-0.7261837341218607,1.1677283212282292,0
1571237578000,-0.19542962052064808,-1.3855732710671982,-0.7650205603578949,-1.3447742207962512,1.1536482431914272,0
1571237578250,-0.4566340113851469,-1.7757617328841102,-0.3457417091411556,-0.44006237557394406,1.1355443882521947,0
1571237578500,-0.9790427931141445,-1.8082774380355195,-0.48550132621340203,0.37322257381912916,1.1114080090810208,0
1571237578750,-0.6743043371055626,-1.3530575659157889,-0.7300806560898333,0.33913835641008094,1.0731899813121926,0
1571237579000,-0.28249775080881434,-1.7107303225812915,-0.5553811347495252,0.6089365041392722,1.0369854125554316,0
1571237579250,-0.50016807652923,-1.6131832071270635,-0.7300806560898333,0.12194661867698897,1.0349735241042166,0
1571237579500,0.06577477034385075,-1.3530575659157889,-1.289119124378819,0.7914519909103052,1.0148593512746211,0
1571237579750,-0.06482742508839867,-1.3855732710671982,-1.0794796987704494,0.542797898645784,1.0068133680306124,0
1571237580000,-0.06482742508839867,-1.3855732710671982,-1.0794796987704494,-1.973344701649966,1.012847462823406,0
1571237580250,0.15284290063201703,-1.4506046813700169,-0.9397200816982029,-0.3072777072558154,0.9987673847866042,0
1571237580500,-1.5014515748431423,-1.6131832071270635,-0.9047801774301413,-0.7738847232501566,0.9907214015425952,0
1571237580750,0.10930883548793388,-1.3530575659157889,-0.6951407518217716,-0.08425021021447447,1.0148593512746211,0
1571237581000,0.5011154217846822,-0.995384809250286,-0.2059820920689092,-0.10141918325178666,0.9947436078841737,0
1571237581250,-0.36956588109698063,-1.2229947453101515,-1.289119124378819,0.4778433602583172,1.0027895911281823,0
1571237581500,0.2399110309201833,-1.2555104504615608,-1.1493595073065725,1.0920358833960562,0.9967554963353886,0
1571237581750,0.2399110309201833,-1.4180889762186075,-1.2192393158426957,1.946763181499883,0.9987673847866042,0
1571237582000,-0.06482742508839867,-1.3855732710671982,-0.9746599859662645,-0.8017103002416626,1.0007792732378191,0
1571237582250,-0.28249775080881434,-1.8407931431869289,-0.66020084755371,-1.7432973781943544,0.98870951309138,0
1571237582500,-0.28249775080881434,-1.4506046813700169,-0.8349003688940181,-0.417311371893959,0.9967554963353886,0
1571237582750,-0.4130999462410638,-1.3855732710671982,-0.8349003688940181,0.7276815196288599,0.9826754182985866,0
1571237583000,0.5446494869287652,-1.5481517968242449,-0.3806816134092172,0.39715764460513586,0.9504930558834039,0
1571237583250,-0.50016807652923,-1.0929319247045142,-1.0445397945023878,0.4011327270324938,0.9404351841881802,0
1571237583500,-0.19542962052064808,-1.4506046813700169,-1.1842994115746341,-0.1240010344880544,0.9323892009441715,0
1571237583750,-0.021293359944315533,-1.4831203865214262,-1.2192393158426957,0.11162831961022993,0.9344010893953871,0
1571237584000,0.15284290063201703,-1.3530575659157889,-1.114419603038511,-0.03494227287086366,0.9484811674321891,0
1571237584250,-0.4130999462410638,-1.3855732710671982,-0.9047801774301413,-1.4247833266745629,0.9726191171642146,0
1571237584500,-0.50016807652923,-1.6456989122784729,-0.6951407518217716,-0.03714125463918936,0.98870951309138,0
1571237584750,-0.4566340113851469,-1.7757617328841102,-0.6252609432856484,-0.06107632542519599,0.962561245468991,0
1571237585000,-0.5437021416733132,-1.7107303225812915,-0.6951407518217716,0.6042002357151861,0.9444589610906107,0
1571237585250,-0.6743043371055626,-1.5806675019756542,-0.8349003688940181,0.4232071209376095,0.9344010893953871,0
1571237585500,0.022240705199767605,-1.5481517968242449,-0.6951407518217716,1.203845648693232,0.9303788830538083,0
1571237585750,-0.15189555537656493,-1.4506046813700169,-0.9746599859662645,0.4878233544376415,0.9203210113585845,0
1571237586000,0.022240705199767605,-1.4506046813700169,-1.1493595073065725,-0.9590220728988086,0.9022187269802041,0
1571237586250,0.022240705199767605,-1.4831203865214262,-0.9746599859662645,-0.8083918217684983,0.8941727437361956,0
1571237586500,0.10930883548793388,-1.4180889762186075,-0.9047801774301413,0.4156798371921869,0.8921608552849807,0
1571237586750,0.5011154217846822,-1.8407931431869289,-0.8698402731620797,-0.08205122844614879,0.886126760492187,0
1571237587000,-0.50016807652923,-1.7432460277327009,-0.9397200816982029,0.34987953658613336,0.886126760492187,0
1571237587250,0.10930883548793388,-1.2555104504615608,-0.66020084755371,-0.3914310480052027,0.8640006992113765,0
1571237587500,0.8929220080814304,-1.2229947453101515,-0.8698402731620797,0.3250141273596812,0.8619888107601612,0
1571237587750,0.06577477034385075,-1.3530575659157889,-1.1493595073065725,0.11974763690866327,0.9002068385289892,0
1571237588000,-0.28249775080881434,-1.6131832071270635,-1.2541792201107573,1.054484040890802,0.9203210113585845,0
1571237588250,-0.06482742508839867,-1.5156360916728355,-1.2192393158426957,-0.8643812806389449,0.9042290448705677,0
1571237588500,0.022240705199767605,-1.4506046813700169,-1.1493595073065725,0.1468120279034411,0.9122750281145763,0
1571237588750,0.06577477034385075,-1.4831203865214262,-1.0095998902343262,0.1485881285624734,0.9122750281145763,0
1571237589000,0.022240705199767605,-1.8407931431869289,-1.0794796987704494,0.4698086191817425,0.9183091229073697,0
1571237589250,0.41404729149651587,-1.2555104504615608,-0.8349003688940181,0.008868210051932921,0.910263139663361,0
1571237589500,0.06577477034385075,-1.2555104504615608,-0.7300806560898333,-0.48065896206611075,0.884114872040972,0
1571237589750,0.19637696577610014,-1.4180889762186075,-0.5903210390175868,-0.11224493964969778,0.8619888107601612,0
1571237590000,-0.4130999462410638,-1.3855732710671982,-0.8698402731620797,0.22411469468227524,0.8740585709065999,0
1571237590250,-0.021293359944315533,-1.4831203865214262,-0.9047801774301413,0.9169631041485873,0.872046682455385,0
1571237590500,-0.23896368566473122,-1.6131832071270635,-1.114419603038511,0.6295731022727904,0.8559547159673675,0
1571237590750,0.15284290063201703,-1.4180889762186075,-1.0095998902343262,-1.0633891306724206,0.8418746379305655,0
1571237591000,0.15284290063201703,-1.3855732710671982,-1.0095998902343262,-1.7427899208632023,0.8298064483449785,0
1571237591250,-0.5872362068173963,-1.6456989122784729,-0.8698402731620797,-0.2116220003336476,0.8257842420034001,0
1571237591500,0.06577477034385075,-1.3530575659157889,-0.66020084755371,-0.14810525771777838,0.811702593405746,0
1571237591750,-0.15189555537656493,-1.2229947453101515,-0.45056142194534043,0.3196012491607257,0.8137144818569613,0
1571237592000,-0.7178384022496457,-1.7107303225812915,-0.7300806560898333,0.16440388205004666,0.8137144818569613,0
1571237592250,-0.6307702719614795,-1.8082774380355195,-0.7999604646259565,0.8937892193593087,0.833828654686557,0
1571237592500,-0.36956588109698063,-1.5806675019756542,-1.0794796987704494,0.943520037812213,0.8579666044185831,0
1571237592750,0.06577477034385075,-1.4180889762186075,-1.0445397945023878,-1.2419295350160953,0.8941727437361956,0
1571237593000,0.2399110309201833,-1.2880261556129702,-0.9047801774301413,-0.8318194352233529,0.9444589610906107,0
1571237593250,0.022240705199767605,-1.4180889762186075,-0.7300806560898333,0.11602628314688133,0.9685953402617847,0
1571237593500,-0.3260318159528975,-1.6131832071270635,-1.0095998902343262,0.29295973927524127,0.98870951309138,0
1571237593750,-0.8484405976818952,-2.003371668943976,-1.114419603038511,-0.027499565347299762,0.9866991952010171,0
1571237594000,-0.28249775080881434,-1.8407931431869289,-0.2758619006050324,0.26784060138321314,1.024915652408993,0
1571237594250,1.2411945292340956,-1.3855732710671982,-0.24092199633697078,0.15713032697020013,0.9484811674321891,0
1571237594500,-0.4130999462410638,-1.1579633350073328,-1.3939388371830037,1.83030172400048,0.9987673847866042,0
1571237594750,0.5011154217846822,-1.4180889762186075,-0.7650205603578949,0.6886918813520081,0.9545152622249824,0
1571237595000,-0.3260318159528975,-1.4831203865214262,-0.17104218780084757,-0.095498847721679,1.0812359645562013,0
1571237595250,-0.9355087279700615,-1.3855732710671982,-0.13610228353278597,-0.9026943091409273,1.199910683643412,0
1571237595500,-1.0661109234023107,-1.5156360916728355,-0.3806816134092172,-3.029786288886746,1.1898543825090397,0
1571237595750,-1.5014515748431423,-1.3530575659157889,-0.45056142194534043,0.5729070336274743,1.1757743044722377,0
1571237596000,-1.0225768582582277,-2.003371668943976,-0.2758619006050324,3.1356511321673572,1.2361168229610247,0
1571237596250,-0.4566340113851469,-1.7107303225812915,-0.3806816134092172,1.1780499010263346,1.2019225720946267,0
1571237596500,-0.7178384022496457,-1.6456989122784729,-0.17104218780084757,0.5049923274749537,1.2562309957906201,0
1571237596750,-0.4566340113851469,-1.8733088483383382,-0.13610228353278597,-0.19284607908102044,1.2019225720946267,0
1571237597000,-1.2402471839786433,-1.8733088483383382,-0.5553811347495252,-0.7738847232501566,1.2341049345098094,0
1571237597250,-0.804906532537812,-1.8082774380355195,-0.7300806560898333,-0.32199396985922585,1.199910683643412,0
1571237597500,-1.3273153142668097,-1.4831203865214262,-0.2758619006050324,-0.48209675783770833,1.252208789449042,0
1571237597750,-1.6320537702753917,-1.4180889762186075,-0.3457417091411556,-0.6794130834340103,1.292437135108233,0
1571237598000,-1.3273153142668097,-1.7432460277327009,-0.4156215176772788,-1.2728844322163726,1.252208789449042,0
1571237598250,-1.109644988546394,-1.6456989122784729,-0.2758619006050324,-3.164008752976472,1.2079566668874204,0
1571237598500,-1.0225768582582277,-1.5481517968242449,0.10847704634364527,-5.423293367487409,1.1898543825090397,0
1571237598750,-0.6743043371055626,-1.5156360916728355,-0.13610228353278597,-0.516096399024898,1.1093961206298057,0
1571237599000,-0.7613724673937289,-1.5481517968242449,-0.13610228353278597,1.3173469384275815,1.1154302154225992,0
1571237599250,-0.8919746628259783,-1.4831203865214262,0.038597237807522056,-0.38644105091554054,1.117442103873814,0
1571237599500,-0.9355087279700615,-1.4831203865214262,0.003657333539460452,0.25067162834590095,1.0993398194954336,0
1571237599750,-0.8919746628259783,-1.7107303225812915,-0.3806816134092172,0.16787150714625257,1.077213758214623,0
1571237600000,-0.8919746628259783,-1.5481517968242449,-0.3806816134092172,0.49814165350440054,1.0591099032753908,0
1571237600250,-1.457917509699059,-1.4506046813700169,-0.5204412304814636,1.2743822177233717,1.0550876969338123,0
1571237600500,-1.457917509699059,-1.3530575659157889,-0.2758619006050324,3.3463305008173307,1.0229037639577778,0
1571237600750,-0.7613724673937289,-1.3205418607643795,-0.3806816134092172,1.0349469336414467,1.024915652408993,0
1571237601000,-0.36956588109698063,-1.4180889762186075,-0.2758619006050324,-0.9921759518674114,1.051063920031382,0
1571237601250,-0.19542962052064808,-1.5156360916728355,-0.5204412304814636,1.2889293278830647,1.0349735241042166,0
1571237601500,-0.23896368566473122,-1.4506046813700169,-0.4156215176772788,-1.072269633967582,1.0148593512746211,0
1571237601750,-0.5437021416733132,-1.5156360916728355,-0.310801804873094,-0.09998138748018909,1.0148593512746211,0
1571237602000,-1.1531790536904771,-1.6131832071270635,-0.4156215176772788,-0.9162265046383161,1.0027895911281823,0
1571237602250,-1.2402471839786433,-1.5156360916728355,-0.4156215176772788,0.7873923322610884,1.1254880871178226,0
1571237602500,-0.9790427931141445,-1.5156360916728355,-0.031282570728601154,-0.5099223348292142,1.1536482431914272,0
1571237602750,-1.762655965707641,-1.7757617328841102,-0.13610228353278597,1.308973892463572,1.129510293459401,0
1571237603000,-1.1967131188345603,-1.5481517968242449,-0.2758619006050324,1.5313247797300436,1.1375562767034098,0
1571237603250,-0.5872362068173963,-1.4506046813700169,0.038597237807522056,2.5370206338516152,1.091293836251425,0
1571237603500,-0.7178384022496457,-1.5806675019756542,-0.2059820920689092,-0.5515338359836852,1.0450298252385888,0
1571237603750,-0.6743043371055626,-1.5481517968242449,-0.24092199633697078,-1.1145577448969224,1.0289394293114233,0
1571237604000,-0.8484405976818952,-1.5156360916728355,0.07353714207558366,-1.7564912688043084,0.98870951309138,0
1571237604250,-1.0661109234023107,-1.5481517968242449,-0.2758619006050324,-1.3213466073413966,0.9726191171642146,0
1571237604500,-1.4143834445549759,-1.4831203865214262,0.038597237807522056,-0.13119001334604224,0.9766413235057932,0
1571237604750,-1.4143834445549759,-1.6131832071270635,-0.5903210390175868,-0.0884790213074085,0.9645731339202063,0
1571237605000,-1.4143834445549759,-1.8082774380355195,-0.8349003688940181,0.35326258546048056,0.9484811674321891,0
1571237605250,-1.0225768582582277,-1.7432460277327009,-0.45056142194534043,0.7029006866242665,0.9464692789809738,0
1571237605500,-0.804906532537812,-1.6782146174298822,-0.3457417091411556,0.44130643241536716,0.910263139663361,0
1571237605750,-0.5437021416733132,-1.7107303225812915,-0.2059820920689092,-0.49782793510342294,0.9002068385289892,0
1571237606000,-0.804906532537812,-1.4180889762186075,0.038597237807522056,-0.570901790789323,0.8941727437361956,0
1571237606250,-0.8919746628259783,-1.5156360916728355,0.21329675914783008,-1.1603980571443273,0.8921608552849807,0
1571237606500,-0.6307702719614795,-1.9058245534897476,0.1783568548797685,1.620721846234669,0.8901489668337654,0
1571237606750,-0.8919746628259783,-1.8407931431869289,0.038597237807522056,-0.49013149891428304,0.8780807772481783,0
1571237607000,-1.370849379410893,-1.5806675019756542,-0.17104218780084757,0.9180625950327501,0.872046682455385,0
1571237607250,-1.457917509699059,-1.5806675019756542,-0.13610228353278597,-0.2437609646399462,0.8660125876625914,0
1571237607500,-1.2837812491227265,-2.361044425609478,0.003657333539460452,0.626190053398443,0.8760688887969631,0
1571237607750,-0.50016807652923,-1.5806675019756542,-0.45056142194534043,0.6238219191864002,0.8740585709065999,0
1571237608000,-0.5872362068173963,-1.7432460277327009,-0.3806816134092172,-0.6236773532291396,0.8700347940041697,0
1571237608250,-0.7178384022496457,-2.361044425609478,-1.0445397945023878,0.8604661879469886,0.8559547159673675,0
1571237608500,-1.5449856399872253,-2.003371668943976,-0.17104218780084757,-0.9882008694400534,0.8479087327233592,0
1571237608750,-1.9367922262839736,-1.2880261556129702,-0.5553811347495252,0.5267284164926347,0.8519325096257894,0
1571237609000,-0.15189555537656493,-0.6051963474333739,-0.8349003688940181,0.4030779801352435,0.8619888107601612,0
1571237609250,-0.8919746628259783,-1.4831203865214262,-0.2059820920689092,1.6734974086744858,0.8318183367961934,0
1571237609500,-0.7178384022496457,-1.5156360916728355,-0.45056142194534043,0.2944821112686975,0.8298064483449785,0
1571237609750,-0.7613724673937289,-1.6131832071270635,-0.48550132621340203,-0.18675659110719545,0.8257842420034001,0
1571237610000,-0.7178384022496457,-1.6131832071270635,-0.5903210390175868,-0.8273368954648428,0.8177382587593914,0
1571237610250,-1.0225768582582277,-1.8733088483383382,-0.6252609432856484,-0.7425915211624448,0.793600309027366,0
1571237610500,-0.8484405976818952,-1.2555104504615608,0.10847704634364527,-0.32013329297833487,0.7915884205761504,0
1571237610750,-0.4130999462410638,-1.6456989122784729,-0.3457417091411556,-1.407529777415392,0.7835424373321422,0
1571237611000,-0.5872362068173963,-1.3855732710671982,-0.2758619006050324,-0.2956061886393175,0.7795202309905634,0
1571237611250,-0.36956588109698063,-1.4506046813700169,-0.2059820920689092,-1.1107518149132816,0.761417946612183,0
1571237611500,-0.36956588109698063,-1.4831203865214262,0.038597237807522056,1.0501706535760094,0.7654401529537614,0
1571237611750,-0.3260318159528975,-1.3530575659157889,0.14341695061170687,-0.8737692412652585,0.7694623592953399,0
1571237612000,0.15284290063201703,-1.4506046813700169,-0.24092199633697078,-0.41866459144369783,0.7754980246489853,0
1571237612250,0.45758135664059896,-1.9708559637925664,-0.48550132621340203,-0.0867874968702349,0.7473378685753811,0
1571237612500,0.15284290063201703,-1.2229947453101515,-0.24092199633697078,2.122427994300363,0.7493481864657443,0
1571237612750,1.067058268657763,-0.8328062834932394,-0.48550132621340203,0.05800699495182639,0.7634282645025465,0
1571237613000,0.5011154217846822,-0.897837693796058,-0.8349003688940181,1.5614339147117338,0.7754980246489853,0
1571237613250,1.0235242035136798,-1.0929319247045142,-1.114419603038511,0.7213383029894588,0.7775083425393485,0
1571237613500,1.5023989200985943,-0.9628691040988767,-1.1493595073065725,-1.4400916228309841,0.7795202309905634,0
1571237613750,0.7187857475050978,-0.995384809250286,-1.3240590286468805,0.31731769117054126,0.793600309027366,0
1571237614000,-0.28249775080881434,-1.3205418607643795,-0.8698402731620797,-3.337559160230485,0.7976225153689441,0
1571237614250,0.45758135664059896,-1.2880261556129702,-0.24092199633697078,-0.45672389128010416,0.8177382587593914,0
1571237614500,-0.5437021416733132,-1.1254476298559235,-0.310801804873094,-0.4294057716197503,0.7835424373321422,0
1571237614750,0.022240705199767605,-1.4831203865214262,-1.3589989329149421,0.6529161395057863,0.7835424373321422,0
1571237615000,0.5446494869287652,-1.5156360916728355,-0.9746599859662645,0.43969948420005217,0.7875662142345724,0
1571237615250,0.15284290063201703,-1.3855732710671982,-1.0794796987704494,1.6821241833040712,0.7795202309905634,0
1571237615500,0.5446494869287652,-1.1904790401587422,-0.8349003688940181,-1.0682099753183654,0.7674520414049764,0
1571237615750,1.0235242035136798,-2.165950194701022,-0.7650205603578949,0.2083835174165606,0.7634282645025465,0
1571237616000,-0.6307702719614795,-1.3530575659157889,-0.6951407518217716,-0.6896468062789107,0.755382281258538,0
1571237616250,0.8058538777932641,-1.7432460277327009,-0.3806816134092172,0.6992639090843432,0.7473378685753811,0
1571237616500,-0.6307702719614795,-1.2555104504615608,-0.9746599859662645,0.2827260164303409,0.7453259801241658,0
1571237616750,0.022240705199767605,-1.7432460277327009,-1.2192393158426957,0.2910990623943503,0.7493481864657443,0
1571237617000,0.06577477034385075,-1.6131832071270635,-1.1493595073065725,0.8773814323187247,0.7392918853313725,0
1571237617250,0.19637696577610014,-1.5156360916728355,-0.9746599859662645,-0.4728779496551122,0.731245902087364,0
1571237617500,-0.36956588109698063,-1.5481517968242449,-0.9047801774301413,0.08498680972474554,0.7272236957457855,0
1571237617750,-0.36956588109698063,-1.5156360916728355,-0.7300806560898333,-0.05151921235516507,0.7211880303921401,0
1571237618000,-0.4130999462410638,-1.5156360916728355,-0.45056142194534043,0.5360318008970895,0.705097634464975,0
1571237618250,-1.1967131188345603,-1.7432460277327009,-0.6951407518217716,0.053693607637033666,0.697051651220966,0
1571237618500,-0.4566340113851469,-2.035887374095385,-0.8349003688940181,0.2395921432824138,0.705097634464975,0
1571237618750,-0.06482742508839867,-1.6456989122784729,-1.2192393158426957,0.5361163771189482,0.7030857460137594,0
1571237619000,-0.28249775080881434,-1.4831203865214262,-1.114419603038511,0.2080452125291259,0.697051651220966,0
1571237619250,0.19637696577610014,-1.3855732710671982,-0.9746599859662645,-0.6980198522429201,0.6990619691113296,0
1571237619500,0.19637696577610014,-1.2880261556129702,-0.7999604646259565,-0.453594571071333,0.6890056679769574,0
1571237619750,-0.4566340113851469,-1.5806675019756542,-1.0095998902343262,0.1779360775474356,0.6809596847329488,0
1571237620000,-0.4566340113851469,-1.6782146174298822,-0.9397200816982029,-0.05608632833553383,0.6809596847329488,0
1571237620250,-0.3260318159528975,-1.9058245534897476,-0.66020084755371,0.2005179287837033,0.6769374783913704,0
1571237620500,1.371796724666345,-0.6702277577361927,-0.2758619006050324,-0.16510507831137322,0.731245902087364,0
1571237620750,0.45758135664059896,-0.4751335268277365,-0.310801804873094,0.13547881417437788,0.7573941697097529,0
1571237621000,-0.7613724673937289,-1.6782146174298822,0.10847704634364527,0.2526168814486506,0.6749255899401555,0
1571237621250,-0.6307702719614795,-1.0604162195531048,0.3879962804881381,1.1067521459994667,0.6427416569641209,0
1571237621500,-0.7613724673937289,-1.4180889762186075,0.038597237807522056,3.0378810196987223,0.6407313390737578,0
1571237621750,-0.50016807652923,-1.3530575659157889,0.07353714207558366,0.2822185590991888,0.6387194506225425,0
1571237622000,-0.9790427931141445,-1.4180889762186075,0.21329675914783008,-3.456811633051225,0.6527995286593448,0
1571237622250,-0.7178384022496457,-1.0929319247045142,0.1783568548797685,-1.9040767759477064,0.6246393725857404,0
1571237622500,-0.7613724673937289,-1.3530575659157889,0.038597237807522056,-0.08864817375112588,0.568319060438532,0
1571237622750,0.06577477034385075,-0.8653219886446487,-0.2758619006050324,-0.8311428254484834,0.6063816026830271,0
1571237623000,-0.3260318159528975,-1.1904790401587422,-1.114419603038511,1.2495168084969197,0.6345417587566315,0
1571237623250,0.9799901383695966,-1.2555104504615608,-1.0445397945023878,0.2433980732660544,0.6667241211718141,0
1571237623500,0.45758135664059896,-1.3855732710671982,-0.9047801774301413,-1.770953802742143,0.7009183720382115,0
1571237623750,0.28344509606426643,-1.3530575659157889,-1.3939388371830037,-0.7897850529595886,0.6928723887942033,0
1571237624000,0.3269791612083496,-1.1579633350073328,-0.5553811347495252,3.270550206031953,0.6928723887942033,0
1571237624250,-0.15189555537656493,-1.5156360916728355,-0.5553811347495252,1.4542758416167856,0.6425861714397882,0
1571237624500,-0.021293359944315533,-1.4180889762186075,-1.0445397945023878,-0.8452670544988831,0.5480494020846036,0
1571237624750,0.06577477034385075,-1.4180889762186075,-0.8698402731620797,-0.8466202740486221,0.5319574355965866,0
1571237625000,-0.1083614902324818,-1.6782146174298822,-0.45056142194534043,0.6242448002956935,0.527935229255008,0
1571237625250,-0.06482742508839867,-1.5806675019756542,-0.9397200816982029,-0.5698022999051602,0.6868382940014096,0
1571237625500,-0.7613724673937289,-1.7107303225812915,-1.1842994115746341,-3.362339993235078,0.6928723887942033,0
1571237625750,-0.5437021416733132,-1.7432460277327009,-0.66020084755371,-1.4719768584717068,0.6808041992086162,0
1571237626000,-0.4566340113851469,-1.6456989122784729,-0.5204412304814636,1.235646308112096,0.6767819928670379,0
1571237626250,-0.1083614902324818,-1.3855732710671982,-0.10116237926472436,1.2627952753287324,0.6546559315862271,0
1571237626500,1.110592333801846,-0.9303533989474674,-0.6252609432856484,0.07077800445248716,0.6365520766469946,0
1571237626750,-2.5462691383011373,-1.3205418607643795,0.6675155146326309,-2.986906144404395,0.6184497922686142,0
1571237627000,-0.50016807652923,-1.3205418607643795,0.14341695061170687,0.6042848119370449,0.5963237309878036,0
1571237627250,-0.06482742508839867,-1.5156360916728355,0.1783568548797685,3.6647599761152634,0.5822436529510011,0
1571237627500,0.28344509606426643,-1.1254476298559235,-0.06622247499666276,-1.124453162854388,0.6023578257805972,0
1571237627750,0.5446494869287652,-0.6702277577361927,-0.3457417091411556,-0.7063928982069294,0.5842555414022166,0
1571237628000,-0.1083614902324818,-1.2555104504615608,0.07353714207558366,0.5825487229193639,0.5882777477437947,0
1571237628250,-0.23896368566473122,-1.3205418607643795,-0.5553811347495252,2.164716105229703,0.5923015246462252,0
1571237628500,-0.19542962052064808,-1.4180889762186075,-0.48550132621340203,-1.948902173532807,0.5983356194390185,0
1571237628750,-0.06482742508839867,-1.4180889762186075,-0.3806816134092172,-0.5526333268678479,0.5923015246462252,0
1571237629000,-0.15189555537656493,-1.3530575659157889,-0.3457417091411556,0.7835864022774478,0.5923015246462252,0
1571237629250,-0.15189555537656493,-1.3855732710671982,-0.5553811347495252,0.35952122587802293,0.5822436529510011,0
1571237629500,0.3705132263524327,-1.2229947453101515,-0.8698402731620797,-1.7848243031269666,0.6023578257805972,0
1571237629750,-0.1083614902324818,-1.2229947453101515,-0.7650205603578949,0.13700118616783413,0.5822436529510011,0
1571237630000,-0.5872362068173963,-1.3855732710671982,-0.031282570728601154,-1.098741991409349,0.5762095581582076,0
1571237630250,-2.2415306822925554,-1.6456989122784729,0.10847704634364527,0.2852633030861013,0.5621294801214057,0
1571237630500,-1.457917509699059,-1.7757617328841102,-0.9397200816982029,0.11653374047803342,0.5621294801214057,0
1571237630750,-1.457917509699059,-1.6456989122784729,-0.3457417091411556,1.4885292114695512,0.5923015246462252,0
1571237631000,-1.2837812491227265,-1.4506046813700169,-0.17104218780084757,1.316416599987136,0.5782214466094231,0
1571237631250,-1.6755878354194749,-1.5156360916728355,0.10847704634364527,2.4101563010635942,0.527935229255008,0
1571237631500,-1.1967131188345603,-1.6456989122784729,-0.10116237926472436,-1.042075922764033,0.49172908993739517,0
1571237631750,-1.1967131188345603,-1.4506046813700169,-0.06622247499666276,-0.9152961661978707,0.42535090609496307,0
1571237632000,-0.9790427931141445,-1.4506046813700169,0.07353714207558366,0.41677932807634976,0.5098313743157757,0
1571237632250,-0.7613724673937289,-1.3530575659157889,0.003657333539460452,-1.935369978035418,0.5118432627669907,0
1571237632500,-0.8919746628259783,-1.4180889762186075,-0.13610228353278597,-1.1039857171645873,0.4937409783886104,0
1571237632750,-0.804906532537812,-1.4506046813700169,-0.06622247499666276,-0.04636006282178555,0.5178773575597841,0
1571237633000,-0.6743043371055626,-1.4506046813700169,-0.17104218780084757,1.416554846667814,0.5098313743157757,0
1571237633250,-0.4566340113851469,-1.5156360916728355,-0.2758619006050324,0.08752409638050594,0.4474769673757736,0
1571237633500,-0.8919746628259783,-1.5481517968242449,-0.17104218780084757,-1.135025190586723,0.513855151218206,0
1571237633750,-1.1531790536904771,-1.5806675019756542,0.038597237807522056,0.19933386167768177,0.5078210564254125,0
1571237634000,-0.6307702719614795,-1.2229947453101515,-0.06622247499666276,-0.743860164490325,0.49977507318140374,0
1571237634250,-1.0661109234023107,-1.4506046813700169,-0.2758619006050324,0.8887992222696467,0.4897172014861801,0
1571237634500,-0.8919746628259783,-1.6456989122784729,-0.45056142194534043,-1.6289503262414182,0.4937409783886104,0
1571237634750,-0.8484405976818952,-1.5481517968242449,-0.2059820920689092,-0.7179798406015687,0.487705313034965,0
1571237635000,-0.804906532537812,-1.5156360916728355,-0.13610228353278597,0.051410049646849296,0.4897172014861801,0
1571237635250,-0.8484405976818952,-1.5481517968242449,-0.13610228353278597,-0.11359815919943668,0.5078210564254125,0
1571237635500,-0.8484405976818952,-1.5806675019756542,-0.2059820920689092,0.9962956002520297,0.5118432627669907,0
1571237635750,-0.23896368566473122,-1.5156360916728355,-0.3457417091411556,0.22394554223855784,0.5178773575597841,0
1571237636000,-0.28249775080881434,-1.5481517968242449,0.07353714207558366,-0.14023966908492108,0.5058091679741971,0
1571237636250,-0.9355087279700615,-1.1579633350073328,0.10847704634364527,0.6157026018879668,0.5339693240478015,0
1571237636500,-0.7178384022496457,-1.7432460277327009,-0.24092199633697078,0.2022094532208769,0.5299455471453711,0
1571237636750,-0.6743043371055626,-1.6131832071270635,0.003657333539460452,0.3294120908963326,0.5259233408037931,0
1571237637000,0.022240705199767605,-0.9303533989474674,-0.3457417091411556,0.04861903432551283,0.487705313034965,0
1571237637250,-0.19542962052064808,-2.165950194701022,-0.310801804873094,1.584438647057295,0.45351106216856707,0
1571237637500,0.3269791612083496,-1.5156360916728355,-0.8698402731620797,-0.8052625015597272,0.487705313034965,0
1571237637750,0.41404729149651587,-1.3205418607643795,-0.9397200816982029,-0.5271758840883851,0.5198892460109995,0
1571237638000,0.3705132263524327,-1.3530575659157889,-1.114419603038511,0.71228864725058,0.5219011344622146,0
1571237638250,-0.06482742508839867,-1.2229947453101515,-0.9047801774301413,0.7994867319868798,0.5017853910717671,0
1571237638500,0.10930883548793388,-0.9628691040988767,-0.5903210390175868,1.3932963856566767,0.4957512962789736,0
1571237638750,0.28344509606426643,-1.1579633350073328,-0.3457417091411556,-2.853698594976973,0.44144287258298004,0
1571237639000,0.6752516823610146,-1.1254476298559235,-1.114419603038511,-1.2837101886142837,0.5078210564254125,0
1571237639250,0.28344509606426643,-1.1254476298559235,-1.2192393158426957,-0.6721395283541637,0.5219011344622146,0
1571237639500,0.41404729149651587,-1.2555104504615608,-1.0095998902343262,0.3023476999015548,0.4856949951446016,0
1571237639750,0.6752516823610146,-1.1579633350073328,-1.1493595073065725,0.4309035571267494,0.5037972795229821,0
1571237640000,0.2399110309201833,-1.2229947453101515,-0.9397200816982029,-0.3240237991838342,0.5058091679741971,0
1571237640250,0.3705132263524327,-1.1254476298559235,-0.7300806560898333,-0.5193948716773865,0.5058091679741971,0
1571237640500,0.06577477034385075,-1.3855732710671982,-0.310801804873094,-0.48116641939726285,0.5098313743157757,0
1571237640750,0.5881835520728484,-2.035887374095385,-1.1493595073065725,0.4786045462550453,0.5078210564254125,0
1571237641000,0.8929220080814304,-1.6456989122784729,-1.2541792201107573,0.7390147333579231,0.5078210564254125,0
1571237641250,0.5446494869287652,-1.1579633350073328,-1.5686383585233117,1.570398994228754,0.49977507318140374,0
1571237641500,0.5011154217846822,-1.2880261556129702,-1.4288787414510653,-1.265610877136526,0.4897172014861801,0
1571237641750,0.3705132263524327,-1.2229947453101515,-1.4288787414510653,-0.683980199414379,0.487705313034965,0
1571237642000,0.6317176172169315,-1.6131832071270635,-0.7999604646259565,0.0017638074158037465,0.48167121824217146,0
1571237642250,-0.28249775080881434,-1.4831203865214262,-0.9047801774301413,-0.45384829973690904,0.47966090035180814,0
1571237642500,0.06577477034385075,-1.1579633350073328,-0.6951407518217716,0.4994102968322807,0.4736252349981627,0
1571237642750,-0.15189555537656493,-1.0604162195531048,-1.114419603038511,0.289576690400894,0.4716149171077995,0
1571237643000,0.45758135664059896,-1.4180889762186075,-1.0095998902343262,0.5638573778885955,0.46960302865658443,0
1571237643250,0.3269791612083496,-1.3530575659157889,-0.9746599859662645,0.5559917892557381,0.46960302865658443,0
1571237643500,-0.6307702719614795,-1.6782146174298822,-0.9397200816982029,0.3106361696437055,0.46960302865658443,0
1571237643750,-0.36956588109698063,-1.2229947453101515,-0.66020084755371,-0.47050981544306913,0.4716149171077995,0
1571237644000,0.19637696577610014,-1.4506046813700169,-0.17104218780084757,-0.050081416583567503,0.4716149171077995,0
1571237644250,-0.8919746628259783,-1.4180889762186075,-1.3240590286468805,-0.06149920653448939,0.49172908993739517,0
1571237644500,0.022240705199767605,-1.5156360916728355,-1.114419603038511,0.5834790613598093,0.46356893386379094,0
1571237644750,0.19637696577610014,-1.2229947453101515,-1.0095998902343262,0.9617039255118293,0.465580822315006,0
1571237645000,-0.1083614902324818,-1.2555104504615608,-0.9047801774301413,-0.42568441785796834,0.465580822315006,0
1571237645250,0.022240705199767605,-1.6456989122784729,-0.9047801774301413,-0.344744973539211,0.465580822315006,0
1571237645500,0.45758135664059896,-1.7757617328841102,-0.6252609432856484,-1.0780208170539722,0.4736252349981627,0
1571237645750,0.5881835520728484,-0.2800392959192805,-0.3806816134092172,0.02087803355586558,0.4937409783886104,0
1571237646000,0.8058538777932641,-0.7677748731904207,-0.2758619006050324,0.4058689954565799,0.44546507892455867,0
1571237646250,1.1541263989459292,-1.5156360916728355,-1.463818645719127,0.7796113198500898,0.42334058820459985,0
1571237646500,0.06577477034385075,-1.6456989122784729,-1.0445397945023878,1.7680536247124907,0.4293746829973932,0
1571237646750,-0.19542962052064808,-1.5156360916728355,-1.0794796987704494,-1.2552080018479084,0.5339693240478015,0
1571237647000,0.06577477034385075,-1.4506046813700169,-0.9746599859662645,-1.3367394797196763,0.47966090035180814,0
1571237647250,0.06577477034385075,-1.4180889762186075,-0.7650205603578949,1.5587274756122562,0.41127082805816095,0
1571237647500,0.19637696577610014,-1.2555104504615608,-0.45056142194534043,0.8465111113403063,0.3831106719845567,0
1571237647750,0.28344509606426643,-1.3205418607643795,-0.5903210390175868,-1.730949249802987,0.36702027605739124,0
1571237648000,0.15284290063201703,-1.2880261556129702,-0.48550132621340203,-1.8171324198769827,0.360984610703746,0
1571237648250,0.022240705199767605,-1.3855732710671982,-0.48550132621340203,-1.3820723346359294,0.3529401980205891,0
1571237648500,-0.06482742508839867,-1.4180889762186075,-0.48550132621340203,0.14283694547608308,0.33684823153257193,0
1571237648750,0.10930883548793388,-1.3855732710671982,-0.5204412304814636,-0.6301051460903995,0.3267903598373483,0
1571237649000,-0.021293359944315533,-1.4180889762186075,-0.5204412304814636,0.4767438693741543,0.3167340587029765,0
1571237649250,0.022240705199767605,-1.4180889762186075,-0.5204412304814636,0.10570798408012229,0.31271028180054616,0
1571237649500,0.022240705199767605,-1.3855732710671982,-0.5204412304814636,1.0695386083816472,0.3066761870077526,0
1571237649750,-0.06482742508839867,-1.4506046813700169,-0.5204412304814636,-0.3956598590981367,0.30064209221495913,0
1571237650000,-0.23896368566473122,-1.4506046813700169,-0.3806816134092172,0.5129424923296697,0.2946079974221656,0
1571237650250,-0.021293359944315533,-1.9383402586411569,-1.0794796987704494,0.10993679517305632,0.3710424823989697,0
1571237650500,0.3705132263524327,-0.8328062834932394,-0.2059820920689092,0.5433053559769361,0.14173902746855765,0
1571237650750,-2.8945416594538025,-1.9383402586411569,-1.3589989329149421,0.5097285958990397,0.3911566552285653,0
1571237651000,0.15284290063201703,-1.2880261556129702,-0.8698402731620797,0.8916748138128417,0.26845972979977667,0
1571237651250,-0.8484405976818952,-1.9058245534897476,-1.1842994115746341,-0.31818803987558525,0.21616162399414648,0
1571237651500,-0.28249775080881434,-1.5806675019756542,-1.114419603038511,-3.8289470092294198,0.487705313034965,0
1571237651750,0.3705132263524327,-1.2555104504615608,-1.2192393158426957,1.623682013999723,-0.2002066223171233,0
1571237652000,0.15284290063201703,-1.4180889762186075,-1.0445397945023878,1.6441494596895236,0.1939271940145584,0
1571237652250,-0.021293359944315533,-1.6456989122784729,-1.0445397945023878,-0.5116984354882466,-0.12790271238067505,0
1571237652500,-0.1083614902324818,-1.5481517968242449,-0.7999604646259565,-2.3396443185199116,0.4353004090914095,0
1571237652750,0.15284290063201703,-1.6131832071270635,-0.6252609432856484,-1.773829394285338,0.5258149721050155,0
1571237653000,0.022240705199767605,-1.4506046813700169,-0.48550132621340203,0.8038001193016725,0.2824314391378014,0
1571237653250,-0.23896368566473122,-1.5156360916728355,-0.5553811347495252,0.5419521364271972,0.5137467825194285,0
1571237653500,-0.28249775080881434,-1.5481517968242449,-0.6252609432856484,0.4577142194559512,0.5057007992754201,0
1571237653750,-0.4130999462410638,-1.6456989122784729,-0.5903210390175868,0.5349323100129266,0.49966670448262657,0
1571237654000,-0.36956588109698063,-1.5481517968242449,-0.6252609432856484,-0.704109340216745,0.49162072123861794,0
1571237654250,-0.36956588109698063,-1.5481517968242449,-0.5903210390175868,0.04286785123912255,0.49564292758019607,0
1571237654500,-0.36956588109698063,-1.5481517968242449,-0.5903210390175868,0.2804424584401565,0.5077126877266349,0
1571237654750,-0.3260318159528975,-1.5481517968242449,-0.5903210390175868,0.2451741739250867,0.519780877312222,0
1571237655000,-0.3260318159528975,-1.5481517968242449,-0.5903210390175868,0.303362614563859,0.5419069385930327,0
1571237655250,-0.3260318159528975,-1.5481517968242449,-0.5903210390175868,-0.24756689462358686,0.5600092229714131,0
1571237655500,-0.3260318159528975,-1.5481517968242449,-0.6252609432856484,0.16474218693748138,0.5720774125570001,0
1571237655750,-0.3260318159528975,-1.5481517968242449,-0.6252609432856484,0.06553427869724897,0.5720774125570001,0
1571237656000,-0.28249775080881434,-1.5156360916728355,-0.6252609432856484,0.13962304904545322,0.5700670946666371,0
1571237656250,-0.28249775080881434,-1.5481517968242449,-0.6252609432856484,-0.25018875750120595,0.5539751281786196,0
1571237656500,-0.28249775080881434,-1.5481517968242449,-0.6252609432856484,0.24593535992181484,0.5459291449346111,0
1571237656750,-0.28249775080881434,-1.5156360916728355,-0.6252609432856484,0.12380729555787996,0.5338609553490241,0
1571237657000,-0.23896368566473122,-1.5481517968242449,-0.6252609432856484,-0.14996593459866936,0.24421341136897332,0
1571237657250,-0.23896368566473122,-1.5156360916728355,-0.6252609432856484,0.2700395831515388,0.5157571004097917,0
1571237657500,-0.19542962052064808,-1.5156360916728355,-0.6252609432856484,-0.010838049641139673,0.5238030836538005,0
1571237657750,-0.19542962052064808,-1.5156360916728355,-0.6252609432856484,0.3750832507000202,0.519780877312222,0
1571237658000,-0.19542962052064808,-1.5156360916728355,-0.6252609432856484,0.06925563245903092,0.517768988861007,0
1571237658250,-0.19542962052064808,-1.4831203865214262,-0.6252609432856484,0.22225401780138423,0.5077126877266349,0
1571237658500,-0.15189555537656493,-1.5156360916728355,-0.6252609432856484,0.025529725758093015,0.5057007992754201,0
1571237658750,-0.19542962052064808,-1.5156360916728355,-0.6252609432856484,-0.19986590549529096,0.5016770223729896,0
1571237659000,-0.19542962052064808,-1.5156360916728355,-0.6252609432856484,0.13928474415801853,0.49162072123861794,0
1571237659250,-0.19542962052064808,-1.4831203865214262,-0.6252609432856484,-0.10945392432836132,0.48558662644582445,0
1571237659500,-0.19542962052064808,-1.5156360916728355,-0.66020084755371,0.1326877988530414,0.48558662644582445,0
1571237659750,-0.15189555537656493,-1.4831203865214262,-0.6252609432856484,-0.0527032794611866,0.4755287547506006,0
1571237660000,-0.19542962052064808,-1.4831203865214262,-0.6252609432856484,-0.16831897474200308,0.4735168662993855,0
1571237660250,-0.15189555537656493,-1.4831203865214262,-0.66020084755371,0.07137003800549793,0.467482771506592,0
1571237660500,-0.15189555537656493,-1.4831203865214262,-0.6252609432856484,-0.1314437420116183,0.46547245361622863,0
1571237660750,-0.15189555537656493,-1.4831203865214262,-0.66020084755371,0.1047776456396768,0.45742647037222006,0
1571237661000,-0.1083614902324818,-1.4831203865214262,-0.6252609432856484,-0.003987375670586539,0.455414581921005,0
1571237661250,-0.15189555537656493,-1.4831203865214262,-0.6252609432856484,-0.26109909012097576,0.4513923755794265,0
1571237661500,-0.1083614902324818,-1.4831203865214262,-0.6252609432856484,0.06824071779672676,0.44736859867699635,0
1571237661750,-0.1083614902324818,-1.4831203865214262,-0.6252609432856484,-0.10311070768896027,0.44334639233541795,0
1571237662000,-0.1083614902324818,-1.4831203865214262,-0.6252609432856484,0.2159953773838419,0.44334639233541795,0
1571237662250,-0.1083614902324818,-1.4831203865214262,-0.66020084755371,0.029251079519874962,0.44736859867699635,0
1571237662500,-0.06482742508839867,-1.4831203865214262,-0.6252609432856484,-0.22490046716546044,0.44736859867699635,0
1571237662750,-0.1083614902324818,-1.4831203865214262,-0.66020084755371,0.033733619278385044,0.45742647037222006,0
1571237663000,-0.1083614902324818,-1.4831203865214262,-0.66020084755371,-0.0824741095554422,0.467482771506592,0
1571237663250,-0.1083614902324818,-1.4831203865214262,-0.66020084755371,0.2036472489924745,0.4694946599578071,0
1571237663500,-0.1083614902324818,-1.4831203865214262,-0.66020084755371,-0.01980312915815982,0.4715065484090222,0
1571237663750,-0.1083614902324818,-1.4831203865214262,-0.66020084755371,0.11120543850093653,0.4715065484090222,0
1571237664000,-0.1083614902324818,-1.4506046813700169,-0.6951407518217716,-0.004833137889173346,0.46346056516501355,0
1571237664250,-0.06482742508839867,-1.4831203865214262,-0.6951407518217716,-0.24545248907711983,0.4594367882625834,0
1571237664500,0.022240705199767605,-1.4180889762186075,-0.66020084755371,0.08135003218482226,0.4513923755794265,0
1571237664750,0.06577477034385075,-1.4180889762186075,-0.66020084755371,-0.08577258220793074,0.44938048712821144,0
1571237665000,0.2399110309201833,-1.4180889762186075,-0.66020084755371,0.2499950185710315,0.4393226154329876,0
1571237665250,-0.28249775080881434,-0.9628691040988767,-0.9047801774301413,0.016987527350366266,0.4373122975426244,0
1571237665500,0.9799901383695966,-2.1009187843982033,-0.5553811347495252,-0.5722550103390619,0.39909426977379653,0
1571237665750,0.41404729149651587,-1.1904790401587422,-1.7083979755955583,0.4179633951823713,0.44133450388420303,0
1571237666000,0.28344509606426643,-1.4180889762186075,-1.2541792201107573,0.14621999435043034,0.44334639233541795,0
1571237666250,0.10930883548793388,-1.4506046813700169,-1.3589989329149421,0.5956580373074594,0.4332885206401941,0
1571237666500,0.19637696577610014,-1.3855732710671982,-1.3939388371830037,0.23747773773594677,0.4332885206401941,0
1571237666750,0.15284290063201703,-1.3855732710671982,-1.1842994115746341,-0.7389547436225216,0.4332885206401941,0
1571237667000,0.06577477034385075,-1.4506046813700169,-1.2541792201107573,-0.5605834917225639,0.4373122975426244,0
1571237667250,-0.15189555537656493,-1.4180889762186075,-0.9047801774301413,-0.12154832405415265,0.4373122975426244,0
1571237667500,0.10930883548793388,-1.5481517968242449,-0.2758619006050324,0.24052248172285925,0.4252425373961855,0
1571237667750,-0.3260318159528975,-1.8082774380355195,-0.6252609432856484,-0.03223583377138588,0.42323221950582246,0
1571237668000,-0.19542962052064808,-1.1904790401587422,-0.3806816134092172,0.016818374906648902,0.41920844260339213,0
1571237668250,-0.19542962052064808,-1.4506046813700169,-0.45056142194534043,0.375929012918607,0.40915214146902035,0
1571237668500,-0.15189555537656493,-1.4831203865214262,-0.5903210390175868,0.22225401780138423,0.40915214146902035,0
1571237668750,-0.06482742508839867,-1.4180889762186075,-0.5553811347495252,0.8029543570830857,0.4071402530178051,0
1571237669000,-0.23896368566473122,-1.5481517968242449,-0.66020084755371,-1.3155954242550063,0.40512836456659,0
1571237669250,-0.19542962052064808,-1.5481517968242449,-0.66020084755371,-0.9916684945362593,0.4011061582250116,0
1571237669500,-0.19542962052064808,-1.5156360916728355,-0.6252609432856484,-0.2437609646399462,0.39507206343221807,0
1571237669750,-0.15189555537656493,-1.4506046813700169,-0.6252609432856484,0.4163564469670563,0.39104828652978796,0
1571237670000,-0.19542962052064808,-1.4831203865214262,-0.6252609432856484,0.050987168537555895,0.3890363980785729,0
1571237670250,-0.19542962052064808,-1.4831203865214262,-0.6252609432856484,0.15298609209912478,0.3890363980785729,0
1571237670500,-0.15189555537656493,-1.4831203865214262,-0.6252609432856484,-0.17119456628519822,0.38099198539541596,0
1571237670750,-0.15189555537656493,-1.4831203865214262,-0.5903210390175868,0.18411014174311927,0.37898009694420093,0
1571237671000,-0.1083614902324818,-1.4831203865214262,-0.6252609432856484,-0.04492226705018798,0.37495632004177076,0
1571237671250,-0.15189555537656493,-1.4831203865214262,-0.6252609432856484,0.24948756123987945,0.37495632004177076,0
1571237671500,-0.15189555537656493,-1.5156360916728355,-0.6252609432856484,0.034494805275113165,0.3689222252489772,0
1571237671750,-0.15189555537656493,-1.6782146174298822,-0.5204412304814636,-0.26287519078000804,0.3729460021514074,0
1571237672000,-0.06482742508839867,-1.0929319247045142,-0.5204412304814636,0.08980765437069031,0.37696820849298585,0
1571237672250,0.28344509606426643,-1.8733088483383382,-0.6951407518217716,0.012758716257432232,0.3246716732482077,0
1571237672500,0.10930883548793388,-1.4506046813700169,-0.8349003688940181,-0.0005197505743806315,0.4071402530178051,0
1571237672750,-0.021293359944315533,-1.3205418607643795,-1.3589989329149421,0.5260518067177652,0.4151862362618139,0
1571237673000,0.15284290063201703,-1.4180889762186075,-1.3589989329149421,0.6228915807459545,0.42323221950582246,0
1571237673250,0.19637696577610014,-1.4180889762186075,-1.3589989329149421,-0.8602370457678696,0.39909426977379653,0
1571237673500,0.3705132263524327,-1.3530575659157889,-1.3589989329149421,-0.725337971903274,0.41116245935938356,0
1571237673750,-0.021293359944315533,-1.3530575659157889,-1.2541792201107573,-0.2393630011032948,0.40915214146902035,0
1571237674000,-0.15189555537656493,-1.6456989122784729,-0.9047801774301413,0.5634344967793021,0.41116245935938356,0
1571237674250,-0.36956588109698063,-1.2880261556129702,-1.114419603038511,0.414072888976872,0.42323221950582246,0
1571237674500,-0.15189555537656493,-1.2555104504615608,-0.7999604646259565,-0.09017054574458214,0.4594367882625834,0
1571237674750,0.6752516823610146,-1.9383402586411569,-0.5553811347495252,-0.4049632435025916,0.4815628495433941,0
1571237675000,-0.06482742508839867,-1.4506046813700169,-1.2541792201107573,-0.09930477770531965,0.4976548160314111,0
1571237675250,-0.06482742508839867,-1.4831203865214262,-1.114419603038511,0.8844858349548539,0.5137467825194285,0
1571237675500,-0.021293359944315533,-1.5481517968242449,-1.0095998902343262,0.8413519618069268,0.5137467825194285,0
1571237675750,0.19637696577610014,-1.7107303225812915,-1.1493595073065725,-1.6533928543585767,0.5157571004097917,0
1571237676000,-0.804906532537812,-1.7107303225812915,-0.9746599859662645,-0.7922377633934903,0.5057007992754201,0
1571237676250,-0.9790427931141445,-1.4831203865214262,-0.7300806560898333,-0.3549786963841113,0.4875969443361876,0
1571237676500,-0.9355087279700615,-1.6131832071270635,-0.5903210390175868,0.4619430305488852,0.4815628495433941,0
1571237676750,-0.8919746628259783,-1.7757617328841102,-0.9397200816982029,0.4092520443309272,0.4694946599578071,0
1571237677000,-0.50016807652923,-1.5156360916728355,-0.9047801774301413,0.9631417212834269,0.4694946599578071,0
1571237677250,0.022240705199767605,-1.4831203865214262,-1.1493595073065725,0.2421294299381742,0.467482771506592,0
1571237677500,0.06577477034385075,-1.5156360916728355,-0.9746599859662645,-0.2854570420162758,0.46144867671379847,0
1571237677750,0.022240705199767605,-1.4180889762186075,-0.9397200816982029,-0.5763146689882785,0.4594367882625834,0
1571237678000,-0.28249775080881434,-1.3205418607643795,-1.0794796987704494,-0.2013882774887472,0.46547245361622863,0
1571237678250,-0.28249775080881434,-1.3205418607643795,-1.114419603038511,0.40916746810906846,0.4835747379946092,0
1571237678500,-0.28249775080881434,-1.5481517968242449,-0.8698402731620797,0.2395921432824138,0.5057007992754201,0
1571237678750,-0.06482742508839867,-1.2229947453101515,-0.66020084755371,0.3639191894146743,0.5318490668978091,0
1571237679000,-0.4130999462410638,-2.165950194701022,-0.48550132621340203,-0.2118757289992236,0.5419069385930327,0
1571237679250,0.10930883548793388,-1.8407931431869289,-1.3589989329149421,-0.21102996678063682,0.5419069385930327,0
1571237679500,-0.15189555537656493,-1.6131832071270635,-0.9397200816982029,0.3493720792549812,0.5419069385930327,0
1571237679750,0.06577477034385075,-1.5156360916728355,-1.114419603038511,0.7514474379711492,0.5358728438002391,0
1571237680000,-0.23896368566473122,-1.6131832071270635,-1.114419603038511,-0.6354334480674962,0.519780877312222,0
1571237680250,-0.3260318159528975,-1.5806675019756542,-0.9397200816982029,-0.6086227857382946,0.5097230056169981,0
1571237680500,-0.3260318159528975,-1.6131832071270635,-0.9746599859662645,-0.256278245475031,0.5117348940682134,0
1571237680750,-0.3260318159528975,-1.5806675019756542,-0.9746599859662645,0.2696167020422454,0.5378831616906026,0
1571237681000,-0.28249775080881434,-1.5806675019756542,-0.9746599859662645,0.024853115983223567,0.5821352842522239,0
1571237681250,0.28344509606426643,-1.5156360916728355,-1.0095998902343262,0.21616452982755924,0.6143176466674066,0
1571237681500,-0.4130999462410638,-1.6456989122784729,-0.8698402731620797,-0.04103176084468867,0.6123073287770433,0
1571237681750,-0.3260318159528975,-1.5481517968242449,-0.9746599859662645,-0.2879943286720363,0.12151491537933277,0
1571237682000,-0.15189555537656493,-1.5156360916728355,-1.0095998902343262,0.2808653395494499,0.7209241761690296,0
1571237682250,-0.06482742508839867,-1.6131832071270635,-1.0095998902343262,0.162204900281721,0.7129865616237986,0
1571237682500,-0.28249775080881434,-1.5806675019756542,-0.9746599859662645,-0.4526642326308875,0.7693068737710074,0
1571237682750,-0.28249775080881434,-1.5806675019756542,-0.9397200816982029,-0.022509568257637603,0.8517770241014565,0
1571237683000,-0.28249775080881434,-1.5806675019756542,-0.9746599859662645,0.005823466065020418,0.9221774142854668,0
1571237683250,-0.3260318159528975,-1.5806675019756542,-0.9397200816982029,-0.05701666677597932,0.9402796986638476,0
1571237683500,-0.28249775080881434,-1.5806675019756542,-0.9047801774301413,0.17066252246758906,0.9261996206270453,0
1571237683750,-0.15189555537656493,-1.5156360916728355,-0.9746599859662645,0.15653829341718936,0.9040735593462348,0
1571237684000,-0.19542962052064808,-1.5156360916728355,-0.9047801774301413,0.11644916425617473,0.8658571021382587,0
1571237684250,-0.15189555537656493,-1.5156360916728355,-0.9397200816982029,-0.04492226705018798,0.8316628512718609,0
1571237684500,-0.28249775080881434,-1.5806675019756542,-0.9047801774301413,-0.08695664931395226,0.8075249015398351,0
1571237684750,-0.3260318159528975,-1.6131832071270635,-0.9746599859662645,0.11678746914360946,0.7874107287102394,0
1571237685000,-0.23896368566473122,-1.5806675019756542,-0.9047801774301413,-0.020310586489311905,0.7773528570150157,0
1571237685250,-0.23896368566473122,-1.5806675019756542,-0.9047801774301413,-0.226338262937058,0.7693068737710074,0
1571237685500,-0.19542962052064808,-1.5806675019756542,-0.9047801774301413,-0.2641438341078883,0.7512045893926267,0
1571237685750,-0.23896368566473122,-1.5806675019756542,-0.9047801774301413,0.02476853976136489,0.7331023050142462,0
1571237686000,-0.28249775080881434,-1.5806675019756542,-0.9047801774301413,-0.055917175891816474,0.7170103385262288,0
1571237686250,-0.3260318159528975,-1.6131832071270635,-0.8698402731620797,0.08650918171820178,0.6989064835869967,0
1571237686500,-0.36956588109698063,-1.5806675019756542,-0.8698402731620797,-0.07266326781983523,0.6848264055501944,0
1571237686750,-0.3260318159528975,-1.5156360916728355,-0.7999604646259565,0.05479309852119652,0.6808041992086162,0
1571237687000,0.022240705199767605,-1.9383402586411569,-0.4156215176772788,-0.011599235637867798,0.6747701044158225,0
1571237687250,-0.23896368566473122,-1.7757617328841102,-0.5553811347495252,0.1769211628851314,0.6606900263790206,0
1571237687500,-0.06482742508839867,-1.3205418607643795,-0.48550132621340203,-0.0039027994487278585,0.6586781379278052,0
1571237687750,-0.28249775080881434,-1.6456989122784729,-0.3457417091411556,-0.019041943161431697,0.6425861714397882,0
1571237688000,-0.15189555537656493,-1.6131832071270635,-0.7999604646259565,0.30471583411359787,0.6285060934029861,0
1571237688250,-0.15189555537656493,-1.5156360916728355,-1.1493595073065725,0.3029397334545656,0.6204616807198292,0
1571237688500,0.10930883548793388,-1.4506046813700169,-1.0095998902343262,-0.01709669005868204,0.6244838870614077,0
1571237688750,0.10930883548793388,-1.4180889762186075,-0.9047801774301413,-1.2684018924578626,0.6124156974758206,0
1571237689000,-0.5437021416733132,-1.2880261556129702,-0.7999604646259565,-0.8558390822312182,0.6023578257805972,0
1571237689250,-0.3260318159528975,-1.4506046813700169,-0.5204412304814636,0.0715391904492153,0.5963237309878036,0
1571237689500,-0.021293359944315533,-1.5156360916728355,-0.45056142194534043,0.045489714116741645,0.5762095581582076,0
1571237689750,0.06577477034385075,-1.5156360916728355,-0.7300806560898333,0.28120364443688467,0.5500612905358186,0
1571237690000,-0.1083614902324818,-1.2555104504615608,-0.4156215176772788,0.26378094273399644,0.5359812124990165,0
1571237690250,-0.36956588109698063,-1.8407931431869289,-0.3457417091411556,0.5850014333532657,0.540003418840595,0
1571237690500,-0.06482742508839867,-1.6456989122784729,-0.7999604646259565,-0.2857953469037105,0.5480494020846036,0
1571237690750,-0.021293359944315533,-1.4831203865214262,-1.1493595073065725,1.973320115163509,0.5721857812557777,0
1571237691000,-0.15189555537656493,-1.5806675019756542,-0.9746599859662645,1.4582509240441435,0.5882777477437947,0
1571237691250,0.15284290063201703,-1.3855732710671982,-0.9397200816982029,-2.9182302522551464,0.5943118425365882,0
1571237691500,-0.021293359944315533,-1.5481517968242449,-1.0445397945023878,-2.1227063094523957,0.5943118425365882,0
1571237691750,-0.6307702719614795,-1.3205418607643795,-0.7999604646259565,-0.48471862071532745,0.6285060934029861,0
1571237692000,-0.7613724673937289,-1.4831203865214262,-0.5903210390175868,0.23265689309000195,0.6506321546837968,0
1571237692250,-0.5872362068173963,-1.5481517968242449,-0.5553811347495252,0.5017784310443238,0.6888501824526249,0
1571237692500,-0.4566340113851469,-1.3855732710671982,-0.5553811347495252,0.28678567507955754,0.719022226977444,0
1571237692750,-0.28249775080881434,-1.7107303225812915,-0.7300806560898333,0.9140029363835334,0.7431586061486181,0
1571237693000,-0.28249775080881434,-1.6131832071270635,-1.114419603038511,1.0456035375956405,0.7451704945998333,0
1571237693250,-0.15189555537656493,-1.3855732710671982,-0.9746599859662645,0.7671786152368638,0.7371245113558247,0
1571237693500,-0.19542962052064808,-1.5806675019756542,-1.0794796987704494,0.1751450622260991,0.719022226977444,0
1571237693750,-0.6307702719614795,-1.4506046813700169,-1.0794796987704494,-2.877464513319262,0.6928723887942033,0
1571237694000,-0.8484405976818952,-1.6131832071270635,-0.8349003688940181,-0.12510052537221725,0.6727582159646077,0
1571237694250,-0.7178384022496457,-1.6782146174298822,-0.6951407518217716,0.003539908074836041,0.6566662494765904,0
1571237694500,-0.5872362068173963,-1.3855732710671982,-0.5903210390175868,0.5362009533408069,0.6506321546837968,0
1571237694750,0.6752516823610146,-2.1009187843982033,-0.5553811347495252,0.6539310541680904,0.6385639650982098,0
1571237695000,-0.36956588109698063,-1.3855732710671982,-0.9397200816982029,0.42802796558355427,0.6405758535494247,0
1571237695250,0.10930883548793388,-1.4506046813700169,-1.0794796987704494,1.209427679335905,0.6425861714397882,0
1571237695500,-0.1083614902324818,-1.5481517968242449,-1.0794796987704494,0.6472495326412546,0.6365520766469946,0
1571237695750,0.19637696577610014,-1.4506046813700169,-0.9047801774301413,-1.904922538166293,0.6285060934029861,0
1571237696000,0.19637696577610014,-1.3855732710671982,-0.9397200816982029,-0.655900893757297,0.6124156974758206,0
1571237696250,0.06577477034385075,-1.4506046813700169,-1.0445397945023878,-0.4530871137401809,0.616437903817399,0
1571237696500,0.022240705199767605,-1.4506046813700169,-1.0445397945023878,0.30945210253768396,0.6204616807198292,0
1571237696750,-0.021293359944315533,-1.5156360916728355,-1.0794796987704494,0.1235535668923039,0.6405758535494247,0
1571237697000,-0.15189555537656493,-1.4831203865214262,-1.114419603038511,0.30251685234527215,0.6586781379278052,0
1571237697250,-0.1083614902324818,-1.4831203865214262,-1.114419603038511,0.09099172147671185,0.6727582159646077,0
1571237697500,0.3269791612083496,-1.4831203865214262,-1.0794796987704494,0.33803886552591805,0.678792310757401,0
1571237697750,-0.06482742508839867,-1.5806675019756542,-1.1842994115746341,0.05580801318350068,0.6647122327205988,0
1571237698000,0.19637696577610014,-1.4180889762186075,-1.2192393158426957,0.404008318575689,0.6425861714397882,0
1571237698250,0.45758135664059896,-1.3205418607643795,-0.8698402731620797,0.1992492854558231,0.6305179818542012,0
1571237698500,-0.021293359944315533,-1.7757617328841102,-0.5204412304814636,0.5033853792596388,0.6124156974758206,0
1571237698750,-0.06482742508839867,-1.1254476298559235,-1.0794796987704494,0.0776286784230403,0.6063816026830271,0
1571237699000,0.10930883548793388,-1.4180889762186075,-0.7300806560898333,-0.9459127585107131,0.6466099483422182,0
1571237699250,0.19637696577610014,-1.1904790401587422,-0.5553811347495252,-0.0850959724330613,0.7250563217702377,0
1571237699500,-1.109644988546394,-1.4180889762186075,-1.3939388371830037,0.2763827997909399,0.8598230073454651,0
1571237699750,-0.6307702719614795,-1.6131832071270635,-0.9047801774301413,0.5415292553179039,0.9905659160182624,0
1571237700000,-0.6307702719614795,-1.6131832071270635,-1.0095998902343262,1.589005763037664,1.1474586628743009,0
1571237700250,-0.6307702719614795,-1.6782146174298822,-1.114419603038511,0.7285272818474468,1.2741793652055198,0
1571237700500,-0.36956588109698063,-1.6456989122784729,-0.9047801774301413,-2.6477554947510855,1.3465900732798937,0
1571237700750,0.41404729149651587,-1.1904790401587422,-0.5903210390175868,-0.989384936546075,1.3184299172062892,0
1571237701000,0.2399110309201833,-1.8082774380355195,-0.6252609432856484,-0.6676569885956537,1.2721674767543045,0
1571237701250,-1.109644988546394,-1.5806675019756542,-1.289119124378819,0.1953587792503238,1.1997551981190788,0
1571237701500,0.19637696577610014,-1.3205418607643795,-1.114419603038511,0.11678746914360946,1.1394126796302921,0
1571237701750,-0.4130999462410638,-1.7107303225812915,-0.66020084755371,0.3234071791443663,1.0991843339711007,0
1571237702000,-0.19542962052064808,-1.5156360916728355,-0.4156215176772788,0.22504503312272073,1.0690122894462817,0
1571237702250,-0.7613724673937289,-1.4831203865214262,-0.48550132621340203,-0.5868021204987549,1.0790685905806534,0
1571237702500,-0.6743043371055626,-1.6456989122784729,-0.6252609432856484,0.5036391079252148,1.0730344957878601,0
1571237702750,-0.5872362068173963,-1.6456989122784729,-0.9397200816982029,0.41009780654951394,1.0891264622758772,0
1571237703000,-0.3260318159528975,-1.5806675019756542,-0.9047801774301413,0.9347241107389102,1.0991843339711007,0
1571237703250,-0.36956588109698063,-1.6131832071270635,-0.8698402731620797,-0.18988591131596663,1.1253326015934901,0
1571237703500,-0.36956588109698063,-1.9708559637925664,-1.0794796987704494,-0.8043321631192817,1.1353889027278619,0
1571237703750,0.7623198126491809,-1.1254476298559235,-0.7300806560898333,0.22496045690086203,1.1836648021919134,0
1571237704000,0.6752516823610146,-0.995384809250286,-1.1842994115746341,-0.09516054283424429,1.211824958265518,0
1571237704250,0.022240705199767605,-1.7432460277327009,-0.66020084755371,0.5611509387891177,1.2057892929118725,0
1571237704500,-0.021293359944315533,-1.4506046813700169,-0.9397200816982029,1.3170932097620056,1.1474586628743009,0
1571237704750,-0.15189555537656493,-1.6131832071270635,-0.7300806560898333,2.4907574404949173,1.1132644120079032,0
1571237705000,0.15284290063201703,-1.1254476298559235,-0.7300806560898333,-1.9198925294352798,1.1052184287638944,0
1571237705250,0.10930883548793388,-1.3530575659157889,-0.7999604646259565,0.49129097953384737,1.085104255934299,0
1571237705500,0.022240705199767605,-1.3530575659157889,-1.1842994115746341,-2.8448180916818115,1.1192985068006964,0
1571237705750,0.8929220080814304,-1.3205418607643795,-1.463818645719127,-0.23259690335460037,1.1695847241551116,0
1571237706000,0.9799901383695966,-1.4180889762186075,-1.289119124378819,0.4065456052314494,1.2701555883030897,0
1571237706250,0.2399110309201833,-1.1904790401587422,-0.7650205603578949,0.8038001193016725,1.2419954322294855,0
1571237706500,0.2399110309201833,-1.0929319247045142,-0.6951407518217716,-0.9369476789936929,1.215847164607096,0
1571237706750,1.067058268657763,-1.6782146174298822,-0.6951407518217716,1.1328016223319404,1.2078011813630876,0
1571237707000,0.06577477034385075,-1.4180889762186075,-1.0445397945023878,0.99756424357991,1.1876870085334919,0
1571237707250,0.15284290063201703,-1.3530575659157889,-1.1493595073065725,-1.871092049422821,1.189698896984707,0
1571237707500,0.3705132263524327,-1.2555104504615608,-1.3589989329149421,-0.4820121816158497,1.2782015715470982,0
1571237707750,-0.15189555537656493,-1.5806675019756542,-1.0794796987704494,0.3032780383420003,1.4632544744767408,0
1571237708000,-0.15189555537656493,-1.5481517968242449,-0.8698402731620797,-0.03198210510580984,1.6826571137971138,0
1571237708250,0.15284290063201703,-1.3855732710671982,-0.66020084755371,0.5820412655882118,1.952188914386717,0
1571237708500,0.10930883548793388,-1.5481517968242449,-0.7650205603578949,-0.1536872883604513,2.076899298827573,0
1571237708750,-0.06482742508839867,-1.4831203865214262,-1.0445397945023878,0.7600742126007347,2.0728755219251425,0
1571237709000,-0.021293359944315533,-1.4831203865214262,-1.1493595073065725,0.0684944464623028,2.0306352878147362,0
1571237709250,0.19637696577610014,-1.3530575659157889,-0.9047801774301413,0.8847395636204299,1.9602348976307258,0
1571237709500,0.28344509606426643,-1.4831203865214262,-0.7999604646259565,-1.2344868274925314,1.8677084461659041,0
1571237709750,-0.8919746628259783,-1.4831203865214262,-0.7650205603578949,0.12363814311416259,1.765125693566711,0
1571237710000,-0.36956588109698063,-1.1254476298559235,-0.6951407518217716,-0.09050885063201684,1.6665651473090966,0
1571237710250,-0.23896368566473122,-1.4506046813700169,-0.9397200816982029,0.7908599573572944,1.5981766455763011,0
1571237710500,-0.23896368566473122,-1.5156360916728355,-0.9746599859662645,0.20136369100229012,1.5639823947099034,0
1571237710750,-0.06482742508839867,-1.5156360916728355,-1.0095998902343262,1.1331399272193752,1.5378325565266624,0
1571237711000,-0.021293359944315533,-1.4831203865214262,-0.9746599859662645,-0.8287746912364403,1.5197302721482822,0
1571237711250,-0.06482742508839867,-1.5481517968242449,-1.0095998902343262,-0.8660728050761186,1.507662082562695,0
1571237711500,-0.15189555537656493,-1.5806675019756542,-0.9047801774301413,-0.35108819017861204,1.4795019264890907,0
1571237711750,-0.23896368566473122,-1.3855732710671982,-0.6252609432856484,0.3647649516332611,1.455363976757065,0
1571237712000,-0.5437021416733132,-1.5806675019756542,-0.6951407518217716,0.035848024824852054,1.4191578374394518,0
1571237712250,-0.5872362068173963,-1.6782146174298822,-0.8349003688940181,0.3360936124231684,1.3829516981218395,0
1571237712500,-0.6307702719614795,-1.5806675019756542,-0.5204412304814636,0.20939843207886477,1.326631385974631,0
1571237712750,-0.6743043371055626,-1.7107303225812915,-0.5553811347495252,0.8246904461007667,1.2904252466570179,0
1571237713000,-0.7178384022496457,-1.6456989122784729,-0.5903210390175868,0.46042065855542896,1.2823808339738614,0
1571237713250,-0.804906532537812,-1.6456989122784729,-0.5903210390175868,0.5656334785476278,1.2743348507298526,0
1571237713500,-0.804906532537812,-1.6456989122784729,-0.5903210390175868,1.0222605003626448,1.2803689455226461,0
1571237713750,-0.7613724673937289,-1.6456989122784729,-0.5553811347495252,-2.0669705792475255,1.2783570570714309,0
1571237714000,-0.7613724673937289,-1.6456989122784729,-0.5553811347495252,-0.7008108675642565,1.2823808339738614,0
1571237714250,-0.7613724673937289,-1.6782146174298822,-0.5553811347495252,-0.16409016364906903,1.2723229622786374,0
1571237714500,-0.7613724673937289,-1.6782146174298822,-0.5553811347495252,0.10942933784190423,1.2582428842418352,0
1571237714750,-0.7613724673937289,-1.6456989122784729,-0.5903210390175868,0.2263982526724596,1.2421509177538184,0
1571237715000,-0.7613724673937289,-1.6456989122784729,-0.5903210390175868,-0.3305361682669526,1.226060521826653,0
1571237715250,-0.7613724673937289,-1.6456989122784729,-0.5903210390175868,0.28602448908282946,1.2139907616802137,0
1571237715500,-0.7613724673937289,-1.6782146174298822,-0.7300806560898333,-0.19470675596191145,1.199910683643412,0
1571237715750,-0.804906532537812,-1.6782146174298822,-0.8349003688940181,0.003201603187401318,1.1838202877162463,0
1571237716000,-0.8484405976818952,-1.7757617328841102,-1.114419603038511,-0.022594144479496283,1.1435903714962035,0
1571237716250,-1.1531790536904771,-1.6456989122784729,-1.2192393158426957,1.074359453027592,1.091293836251425,0
1571237716500,-0.8484405976818952,-1.7432460277327009,-1.1842994115746341,0.5614892436765524,1.0631336801778213,0
1571237716750,-0.8919746628259783,-1.6782146174298822,-1.2541792201107573,-0.09110088418502761,1.0631336801778213,0
1571237717000,-0.6743043371055626,-1.6782146174298822,-1.114419603038511,-0.20079624393573645,1.0611217917266056,0
1571237717250,-0.6307702719614795,-1.6782146174298822,-1.0445397945023878,0.3250141273596812,1.065143998068184,0
1571237717500,-0.6307702719614795,-1.6782146174298822,-1.0794796987704494,-1.296565774336803,1.0752018697634078,0
1571237717750,-0.6307702719614795,-1.7107303225812915,-1.0095998902343262,-1.0907072503327744,1.0752018697634078,0
1571237718000,-0.5872362068173963,-1.6782146174298822,-0.9047801774301413,0.20965216074444085,1.0752018697634078,0
1571237718250,-0.5437021416733132,-1.6456989122784729,-0.8698402731620797,-0.1231552722694676,1.0711796634218294,0
1571237718500,-0.50016807652923,-1.6456989122784729,-0.7650205603578949,0.6310954742662467,1.0671558865193993,0
1571237718750,-0.5437021416733132,-1.6456989122784729,-0.7650205603578949,0.12169289001141294,1.065143998068184,0
1571237719000,-0.4566340113851469,-1.6131832071270635,-0.7300806560898333,-0.1755079535999909,1.0631336801778213,0
1571237719250,-0.4130999462410638,-1.6131832071270635,-0.7300806560898333,0.24272146349118498,1.0611217917266056,0
1571237719500,-0.36956588109698063,-1.5806675019756542,-0.6951407518217716,-0.04534514815948139,1.0490536021410186,0
1571237719750,-0.3260318159528975,-1.5806675019756542,-0.7300806560898333,0.36163563142448996,1.0430195073482251,0
1571237720000,-0.28249775080881434,-1.5481517968242449,-0.7300806560898333,0.1620357478380036,1.0430195073482251,0
1571237720250,-0.28249775080881434,-1.5481517968242449,-0.7650205603578949,-0.11799612273608806,1.038995730445795,0
1571237720500,-0.23896368566473122,-1.5481517968242449,-0.7300806560898333,0.3677251193983149,1.0369854125554316,0
1571237720750,-0.23896368566473122,-1.5481517968242449,-0.7300806560898333,0.09868815766585179,1.0369854125554316,0
1571237721000,-0.15189555537656493,-1.5156360916728355,-0.7300806560898333,-0.23792520533169725,1.0329616356530018,0
1571237721250,-0.23896368566473122,-1.5481517968242449,-0.7999604646259565,0.2725768698072992,1.0289394293114233,0
1571237721500,-0.19542962052064808,-1.5481517968242449,-0.8349003688940181,0.016987527350366266,1.0309497472017866,0
1571237721750,-0.06482742508839867,-1.4831203865214262,-0.7300806560898333,0.20474673987663733,1.0229037639577778,0
1571237722000,-0.19542962052064808,-1.5156360916728355,-0.7300806560898333,0.07889732175092051,1.0168696691649841,0
1571237722250,-0.23896368566473122,-1.5481517968242449,-0.7300806560898333,-0.2070548843532788,1.0108355743721908,0
1571237722500,-0.23896368566473122,-1.5156360916728355,-0.7300806560898333,0.236885704182936,1.0088236859209756,0
1571237722750,-0.3260318159528975,-1.5156360916728355,-0.7300806560898333,0.13860813438314906,0.9967554963353886,0
1571237723000,-0.28249775080881434,-1.5481517968242449,-0.7300806560898333,0.2553233205481284,0.9987673847866042,0
1571237723250,-0.3260318159528975,-1.5806675019756542,-0.7650205603578949,-0.08035970400897517,1.038995730445795,0
1571237723500,-0.28249775080881434,-1.5806675019756542,-0.7650205603578949,-0.3243621040712689,1.1717505275698077,0
1571237723750,-0.3260318159528975,-1.5806675019756542,-0.7650205603578949,0.0492110678785236,1.3749057148778305,0
1571237724000,-0.28249775080881434,-1.5481517968242449,-0.7300806560898333,-0.05447938012021889,1.586106885429862,0
1571237724250,-0.28249775080881434,-1.5481517968242449,-0.7650205603578949,0.10308612120250318,1.7369655374931068,0
1571237724500,-0.23896368566473122,-1.5481517968242449,-0.7300806560898333,0.0025249934125318725,1.8375379722019372,0
1571237724750,-0.23896368566473122,-1.5481517968242449,-0.7300806560898333,-0.2273531775993622,1.877766317861128,0
1571237725000,-0.23896368566473122,-1.5481517968242449,-0.7300806560898333,0.16837896447740464,1.8455839554459457,0
1571237725250,-0.23896368566473122,-1.5481517968242449,-0.7300806560898333,-0.11165290609668702,1.7932858496403152,0
1571237725500,-0.23896368566473122,-1.5481517968242449,-0.7300806560898333,0.13903101549244246,1.7168513646635115,0
1571237725750,-0.23896368566473122,-1.5481517968242449,-0.7300806560898333,-0.0746085209225849,1.648462862930716,0
1571237726000,-0.19542962052064808,-1.5156360916728355,-0.7650205603578949,-0.1258617113689454,1.586106885429862,0
1571237726250,-0.15189555537656493,-1.4831203865214262,-0.7650205603578949,-0.00787788187608585,1.533810350185084,0
1571237726500,0.022240705199767605,-1.4506046813700169,-0.7300806560898333,-0.20950759478718056,1.4935820045258927,0
1571237726750,0.022240705199767605,-1.5156360916728355,-0.8349003688940181,0.14309067414165913,1.4593861830986434,0
1571237727000,0.06577477034385075,-1.3205418607643795,-0.8698402731620797,-0.07841445090622552,1.4332379154762542,0
1571237727250,0.022240705199767605,-1.3855732710671982,-1.1842994115746341,0.3806652813426931,1.4231816143418823,0
1571237727500,0.06577477034385075,-1.4831203865214262,-1.289119124378819,-0.007116695879357724,1.4191578374394518,0
1571237727750,0.3269791612083496,-1.3530575659157889,-1.1842994115746341,0.3435363199467323,1.3950214582682778,0
1571237728000,0.15284290063201703,-1.4506046813700169,-1.114419603038511,0.02629091175482114,1.4412838987202627,0
1571237728250,0.022240705199767605,-1.4180889762186075,-0.9746599859662645,-0.08145919489313803,1.6021988519178794,0
1571237728500,0.022240705199767605,-1.4506046813700169,-0.9397200816982029,0.0361017534904281,1.835526083750722,0
1571237728750,-0.021293359944315533,-1.4506046813700169,-0.9397200816982029,-0.20950759478718056,2.0970134716571684,0
1571237729000,-0.021293359944315533,-1.4831203865214262,-1.0095998902343262,-0.33484955558174534,2.338385116173167,0
1571237729250,-0.021293359944315533,-1.4831203865214262,-1.0095998902343262,-0.27877552048944004,2.5559344936883615,0
1571237729500,-0.021293359944315533,-1.4831203865214262,-1.0095998902343262,0.24246773482560893,2.666563229531563,0
1571237729750,0.022240705199767605,-1.4831203865214262,-1.0095998902343262,-0.44192305245483504,2.6484609451531838,0
1571237730000,0.022240705199767605,-1.4831203865214262,-0.9746599859662645,0.17582167200096857,2.5861049676523296,0
1571237730250,0.022240705199767605,-1.4506046813700169,-0.9746599859662645,0.036778363265297535,2.5418544156515597,0
1571237730500,0.10930883548793388,-1.4180889762186075,-0.9746599859662645,0.13446389951207371,2.545876621993138,0
1571237730750,0.10930883548793388,-1.4506046813700169,-1.0095998902343262,0.13251864640932406,2.5579448115787247,0
1571237731000,0.10930883548793388,-1.4180889762186075,-1.0095998902343262,-0.09372274706264672,2.5197283543707494,0
1571237731250,0.10930883548793388,-1.4180889762186075,-1.0095998902343262,0.2783280528936895,2.483522215053136,0
1571237731500,0.06577477034385075,-1.4506046813700169,-1.0095998902343262,0.2610745036345187,2.467430248565119,0
1571237731750,0.022240705199767605,-1.4506046813700169,-1.0445397945023878,0.3853169735449205,2.415133713320341,0
1571237732000,0.06577477034385075,-1.4506046813700169,-1.0445397945023878,-0.17271693827865445,2.3608237190634958,0
1571237732250,0.06577477034385075,-1.4506046813700169,-1.0095998902343262,-0.7757454001310475,2.300481200574709,0
1571237732500,0.022240705199767605,-1.4506046813700169,-1.0095998902343262,-0.6192793896924883,2.2461727768787156,0
1571237732750,0.022240705199767605,-1.4506046813700169,-1.0095998902343262,0.07043969956505246,2.22605860404912,0
1571237733000,0.022240705199767605,-1.4506046813700169,-1.0095998902343262,0.5171713034226036,2.3749053676611496,0
1571237733250,0.06577477034385075,-1.4506046813700169,-1.0095998902343262,-0.017773299833551488,2.7047812573003913,0
1571237733500,0.022240705199767605,-1.4831203865214262,-1.0095998902343262,0.2757907662379291,3.050749113427651,0
1571237733750,-0.021293359944315533,-1.4831203865214262,-1.0095998902343262,0.018087018234529118,3.3381586081938206,0
1571237734000,-0.021293359944315533,-1.4831203865214262,-0.9746599859662645,-0.234288427791774,3.5010854498426522,0
1571237734250,-0.15189555537656493,-1.5156360916728355,-1.0095998902343262,-0.016081775396377875,3.4608571041834613,0
1571237734500,-0.021293359944315533,-1.4831203865214262,-0.9746599859662645,-0.20257234459476875,3.362296557925846,0
1571237734750,-0.50016807652923,-1.8407931431869289,-1.0445397945023878,0.17413014756379497,3.187301526691427,0
1571237735000,-0.3260318159528975,-1.4506046813700169,-0.8698402731620797,-0.15690118479108117,2.9700662613466022,0
1571237735250,-0.4130999462410638,-1.5806675019756542,-0.9047801774301413,0.14249864058864836,2.803117213356192,0
1571237735500,-0.50016807652923,-1.6131832071270635,-0.9047801774301413,-0.19157743575314026,2.6683505277809645,0
1571237735750,-0.23896368566473122,-1.5156360916728355,-0.66020084755371,-0.3429688728801787,2.5637558867305565,0
1571237736000,0.10930883548793388,-1.6131832071270635,-0.6252609432856484,0.4943357235207599,2.491343608095331,0
1571237736250,-1.109644988546394,-1.7757617328841102,-1.289119124378819,-0.06657377984601023,2.5657662046209198,0
1571237736500,0.5011154217846822,-1.3855732710671982,-1.2192393158426957,0.5077833427962901,2.8252417040761513,0
1571237736750,-0.021293359944315533,-1.5156360916728355,-1.3589989329149421,0.5885536346713303,3.1993697162770145,0
1571237737000,-0.15189555537656493,-1.5481517968242449,-1.289119124378819,-0.21957216518836353,3.3904567139994506,0
1571237737250,-0.28249775080881434,-1.6131832071270635,-1.2541792201107573,-0.5657426412559434,3.4427548198050806,0
1571237737500,-0.06482742508839867,-1.5806675019756542,-1.2541792201107573,-0.07841445090622552,3.3723544296210703,0
1571237737750,-0.3260318159528975,-1.7107303225812915,-0.66020084755371,0.5066838519121273,3.2496559336314292,0
1571237738000,0.022240705199767605,-1.5481517968242449,-0.8349003688940181,-0.03494227287086366,3.0404666515306134,0
1571237738250,0.10930883548793388,-1.4506046813700169,-0.7999604646259565,-0.00407195189244522,2.78501335841696,0
1571237738500,-0.3260318159528975,-1.4506046813700169,-0.8698402731620797,-0.07037970982965086,2.6542704497441627,0
1571237738750,0.10930883548793388,-1.4180889762186075,-0.9746599859662645,0.4687091282975797,2.5899041543529457,0
1571237739000,0.15284290063201703,-1.4506046813700169,-1.1493595073065725,0.7432435444508572,2.541629825449746,0
1571237739250,0.2399110309201833,-1.4506046813700169,-1.0445397945023878,-0.8697941588379005,2.505423686132133,0
1571237739500,-0.15189555537656493,-1.4180889762186075,-1.0794796987704494,-1.1243685866325293,2.4873198311929006,0
1571237739750,-0.5437021416733132,-1.5806675019756542,-0.8698402731620797,-0.3188646496504547,2.49938959133934,0
1571237740000,-0.4130999462410638,-1.4180889762186075,-1.0794796987704494,0.3300887006712021,2.49938959133934,0
1571237740250,-0.28249775080881434,-1.7107303225812915,-0.6252609432856484,0.17210031823918662,2.479273847948892,0
1571237740500,-0.3260318159528975,-1.5481517968242449,-0.6951407518217716,0.27367636069146206,2.431001089606544,0
1571237740750,-0.3260318159528975,-1.5806675019756542,-0.66020084755371,0.38751595531324623,2.3807148722521285,0
1571237741000,-0.50016807652923,-1.6782146174298822,-0.7999604646259565,-0.10116545458621061,2.3364627496905075,0
1571237741250,-0.5872362068173963,-1.3530575659157889,-0.5553811347495252,0.2019557245553009,2.292210627128886,0
1571237741500,-0.6307702719614795,-1.7432460277327009,-0.9397200816982029,-0.43498780226242323,2.2942225155801013,0
1571237741750,-0.4130999462410638,-1.5481517968242449,-0.7999604646259565,0.47649014070857826,2.3143366884096968,0
1571237742000,0.06577477034385075,-1.2555104504615608,-1.3589989329149421,-0.3533717481687964,2.316348576860912,0
1571237742250,0.15284290063201703,-1.4506046813700169,-1.0794796987704494,0.4024859465822327,2.290198738677671,0
1571237742500,-0.1083614902324818,-1.4831203865214262,-1.0445397945023878,-0.5314892714031779,2.278130549092084,0
1571237742750,-0.15189555537656493,-1.3855732710671982,-0.9047801774301413,-0.48827082203339206,2.3364627496905075,0
1571237743000,-0.5437021416733132,-1.3205418607643795,-1.0095998902343262,0.31182023674972703,2.4571493572289334,0
1571237743250,-0.19542962052064808,-1.6456989122784729,-0.9047801774301413,0.19425928836616094,2.656280767634526,0
1571237743500,0.41404729149651587,-1.3855732710671982,-0.5204412304814636,0.07001681845575904,2.8192076092833576,0
1571237743750,-0.23896368566473122,-1.4180889762186075,-0.9397200816982029,0.2931288917189586,2.9117340607481794,0
1571237744000,0.19637696577610014,-1.6131832071270635,-0.9397200816982029,0.1577223605232109,2.9640321665538085,0
1571237744250,0.06577477034385075,-1.8733088483383382,-0.7999604646259565,0.3338946306548427,2.9318482335777745,0
1571237744500,-0.1083614902324818,-1.7432460277327009,-0.7650205603578949,0.20770690764169117,2.831277369429797,0
1571237744750,0.8058538777932641,-1.4506046813700169,-0.45056142194534043,-0.7853870894229371,2.7005328901961474,0
1571237745000,-0.4130999462410638,-1.3530575659157889,-1.3240590286468805,-0.262621462114432,2.595938249145739,0
1571237745250,0.022240705199767605,-1.3855732710671982,-1.114419603038511,-0.1983435335018347,2.5557099034865476,0
1571237745500,0.3269791612083496,-1.4506046813700169,-1.1842994115746341,0.6805725640535748,2.491343608095331,0
1571237745750,-0.5437021416733132,-1.6456989122784729,-1.2192393158426957,0.07889732175092051,2.4330114074969074,0
1571237746000,-0.23896368566473122,-1.3530575659157889,-0.7999604646259565,-0.4225550976491972,2.3605991288616814,0
1571237746250,0.28344509606426643,-1.2229947453101515,-0.7999604646259565,-1.0731999724080274,2.3103129115072667,0
1571237746500,-0.28249775080881434,-2.2309816050038407,-1.3240590286468805,-0.11461307386174086,2.278130549092084,0
1571237746750,0.5881835520728484,-1.6782146174298822,-1.4288787414510653,0.955699013759863,2.3083025936169035,0
1571237747000,0.19637696577610014,-1.6131832071270635,-1.4288787414510653,0.22868181066264398,2.324394560104921,0
1571237747250,0.45758135664059896,-1.3205418607643795,-1.4288787414510653,0.9178934425890328,2.326404877995284,0
1571237747500,-0.06482742508839867,-1.4180889762186075,-1.0095998902343262,-1.1576916180448495,2.2680726773968605,0
1571237747750,0.19637696577610014,-1.2555104504615608,-0.7300806560898333,0.3578297014408493,2.213764253700867,0
1571237748000,0.022240705199767605,-1.3205418607643795,-0.7650205603578949,1.3542221711579663,2.177558114383254,0
1571237748250,0.022240705199767605,-1.3530575659157889,-0.5204412304814636,-0.34753598886054743,2.171524019590461,0
1571237748500,0.3705132263524327,-1.8407931431869289,-0.9746599859662645,-1.1781590637346502,2.177558114383254,0
1571237748750,0.022240705199767605,-1.5806675019756542,-1.289119124378819,-0.6268066734379109,2.169513701700097,0
1571237749000,0.19637696577610014,-1.5481517968242449,-1.114419603038511,0.8757744841034097,2.1614677184560884,0
1571237749250,0.2399110309201833,-1.3530575659157889,-1.0095998902343262,0.6468266515319613,2.1835937797368996,0
1571237749500,-0.021293359944315533,-1.2880261556129702,-0.9397200816982029,-0.3035563534940335,2.203707952566495,0
1571237749750,-0.23896368566473122,-1.4180889762186075,-0.6951407518217716,-0.13085170845860752,2.237902203432893,0
1571237750000,-0.15189555537656493,-1.6456989122784729,-0.5204412304814636,0.007514990502194032,2.2580163762624883,0
1571237750250,-0.28249775080881434,-1.4831203865214262,-0.8349003688940181,0.08185748951597434,2.2761186606408685,0
1571237750500,-0.06482742508839867,-1.5806675019756542,-1.4288787414510653,0.17100082735502375,2.2741083427505053,0
1571237750750,0.2399110309201833,-1.3530575659157889,-1.1842994115746341,0.5860163480155698,2.25399416992091,0
1571237751000,0.5446494869287652,-1.3530575659157889,-1.0794796987704494,0.053186150305881585,2.2298562201888843,0
1571237751250,0.41404729149651587,-1.6456989122784729,-1.0794796987704494,-0.84611281671747,2.1916381924200565,0
1571237751500,-0.6307702719614795,-1.4831203865214262,-0.5903210390175868,-0.0841656339926158,2.1634780363464516,0
1571237751750,-0.28249775080881434,-1.6456989122784729,-0.5903210390175868,-0.01963397671444246,2.171524019590461,0
1571237752000,-0.06482742508839867,-1.7432460277327009,-0.9047801774301413,0.11678746914360946,2.1634780363464516,0
1571237752250,-0.28249775080881434,-1.6456989122784729,-0.8349003688940181,0.29964126080207704,2.1554336236632956,0
1571237752500,-0.28249775080881434,-1.5806675019756542,-0.9047801774301413,0.6837864604842047,2.1514098467608647,0
1571237752750,-0.23896368566473122,-1.5806675019756542,-0.9047801774301413,-0.6686719032579579,2.143363863516856,0
1571237753000,-0.19542962052064808,-1.4831203865214262,-0.9047801774301413,-0.5411309606950675,2.1576685317554727,0
1571237753250,-0.021293359944315533,-1.7107303225812915,-0.8349003688940181,-0.047121248818513685,2.1496241190723158,0
1571237753500,-0.19542962052064808,-1.5481517968242449,-0.9397200816982029,-0.06099174920333731,2.1395662473770916,0
1571237753750,-0.15189555537656493,-1.5481517968242449,-0.9047801774301413,0.22868181066264398,2.1415781358283072,0
1571237754000,-0.23896368566473122,-1.5481517968242449,-0.9047801774301413,0.061982077379184375,2.1415781358283072,0
1571237754250,-0.28249775080881434,-1.5481517968242449,-0.9047801774301413,0.1803042117594786,2.1456003421698857,0
1571237754500,-0.23896368566473122,-1.5806675019756542,-0.9047801774301413,0.014703969360181887,2.137554358925877,0
1571237754750,-0.28249775080881434,-1.5806675019756542,-0.9047801774301413,0.008868210051932921,2.1295083756818687,0
1571237755000,-0.23896368566473122,-1.5806675019756542,-0.9047801774301413,0.013266173588584316,2.12548616934029,0
1571237755250,-0.23896368566473122,-1.5481517968242449,-0.9047801774301413,-0.16747321252341624,2.1093942028522727,0
1571237755500,-0.23896368566473122,-1.5481517968242449,-0.9047801774301413,0.008022447833346115,2.101348219608264,0
1571237755750,-0.23896368566473122,-1.5481517968242449,-0.9397200816982029,-0.09499139039052694,2.085257823681099,0
1571237756000,-0.23896368566473122,-1.5481517968242449,-0.9047801774301413,0.1751450622260991,2.0812340467786683,0
1571237756250,-0.19542962052064808,-1.5481517968242449,-0.9047801774301413,-0.015320589399649748,2.059107985497858,0
1571237756500,-0.15189555537656493,-1.5481517968242449,-0.9047801774301413,0.12947390242241155,2.0570976676074944,0
1571237756750,-0.19542962052064808,-1.5481517968242449,-0.9397200816982029,-0.029191089784473375,2.047039795912271,0
1571237757000,-0.19542962052064808,-1.5156360916728355,-1.0095998902343262,-0.0938073232845054,2.036983494777899,0
1571237757250,-0.1083614902324818,-1.4831203865214262,-0.9397200816982029,0.03178836617563539,2.0208915282898814,0
1571237757500,-0.19542962052064808,-1.5156360916728355,-0.9047801774301413,-0.09626003371840715,2.022903416741097,0
1571237757750,-0.1083614902324818,-1.5806675019756542,-0.9397200816982029,0.05411648874632708,1.9907194837650624,0
1571237758000,0.28344509606426643,-1.6131832071270635,-1.0794796987704494,0.045151409229306924,1.918307205129837,0
1571237758250,0.8929220080814304,-0.6702277577361927,-0.3806816134092172,0.6277124253918994,2.0389938126682625,0
1571237758500,-0.50016807652923,-1.0279005144016955,-0.24092199633697078,0.35512326234137154,2.1456003421698857,0
1571237758750,-0.8484405976818952,-1.2880261556129702,0.2831765676839533,-1.6696314889554436,2.1174401860962817,0
1571237759000,-0.6307702719614795,-1.4180889762186075,0.3181164719520149,1.6631791096077266,2.3205953734043043,0
1571237759250,-0.4566340113851469,-1.4180889762186075,0.14341695061170687,2.4850908336303856,2.5840946497619663,0
1571237759500,-0.4566340113851469,-1.4180889762186075,0.003657333539460452,-0.08044428023083386,2.749031809301161,0
1571237759750,-0.5872362068173963,-1.4180889762186075,-0.06622247499666276,-1.633771170887363,2.87575251163238,0
1571237760000,-0.5437021416733132,-1.4180889762186075,-0.06622247499666276,-2.6573971840429746,2.944142583926027,0
1571237760250,-0.5437021416733132,-1.4506046813700169,-0.10116237926472436,-2.05386126485943,2.95196240640737,0
1571237760500,-0.50016807652923,-1.4506046813700169,-0.10116237926472436,1.0156635550576676,2.8855857931257893,0
1571237760750,-0.50016807652923,-1.4506046813700169,-0.10116237926472436,1.1209609512717251,2.8051275312465562,0
1571237761000,-0.36956588109698063,-1.3855732710671982,-0.031282570728601154,-2.011996035039383,2.7146129682329496,0
1571237761250,-0.4566340113851469,-1.3205418607643795,0.07353714207558366,-0.3296904060483658,2.593926360694524,0
1571237761500,-0.4566340113851469,-1.2880261556129702,-0.10116237926472436,-0.15664745612550515,2.4853095133025374,0
1571237761750,-0.6307702719614795,-1.0604162195531048,-0.5204412304814636,0.6258517485110084,2.410885346216096,0
1571237762000,0.10930883548793388,-1.1254476298559235,0.003657333539460452,0.08304155662199587,2.3646229057641115,0
1571237762250,-0.021293359944315533,-1.5806675019756542,-0.17104218780084757,1.5412201976875093,2.3726688890081205,0
1571237762500,0.022240705199767605,-1.3530575659157889,-0.3806816134092172,2.1441640833180435,2.3445087329345164,0
1571237762750,-0.4566340113851469,-1.6782146174298822,-0.24092199633697078,-2.6395516012307936,2.318358894751275,0
1571237763000,-0.6743043371055626,-1.0604162195531048,-0.3457417091411556,-1.1806117741685518,2.2821527554336623,0
1571237763250,-0.9355087279700615,-1.2229947453101515,-0.06622247499666276,-0.1755079535999909,2.1795700028344696,0
1571237763500,-0.9355087279700615,-1.9383402586411569,-0.06622247499666276,1.322844392848396,2.209742047359289,0
1571237763750,-0.3260318159528975,-1.3855732710671982,-0.2059820920689092,2.49185693137908,2.46921754681452,0
1571237764000,-0.3260318159528975,-1.4831203865214262,-0.13610228353278597,-2.973373948907006,2.734727141062545,0
1571237764250,-0.23896368566473122,-1.5481517968242449,-0.17104218780084757,-0.19741319506138924,3.034432556737819,0
1571237764500,-0.4566340113851469,-1.4506046813700169,0.14341695061170687,1.378410970609549,3.21948388910661,0
1571237764750,-0.8484405976818952,-1.4180889762186075,-0.3806816134092172,0.4671867563041234,3.2697701064610247,0
1571237765000,-0.6743043371055626,-1.2880261556129702,-0.10116237926472436,0.07475308687984517,3.231553649253049,0
1571237765250,-0.5872362068173963,-1.3205418607643795,-0.06622247499666276,-0.09778240571186339,3.1028210584706146,0
1571237765500,-0.4130999462410638,-1.4831203865214262,0.003657333539460452,-0.45706219616753885,2.953974294858585,0
1571237765750,-0.4130999462410638,-1.4506046813700169,-0.13610228353278597,0.23578621329877317,2.821219497734573,0
1571237766000,-0.4130999462410638,-1.4506046813700169,-0.10116237926472436,-0.04517599571576402,2.718635174574528,0
1571237766250,-0.50016807652923,-1.3530575659157889,-0.2059820920689092,0.1134889964911209,2.6442125780489385,0
1571237766500,-0.50016807652923,-1.3530575659157889,-0.10116237926472436,0.027982436191994753,2.6080064387313264,0
1571237766750,-0.36956588109698063,-1.5481517968242449,0.003657333539460452,-0.33730226601564706,2.583870059560152,0
1571237767000,0.3705132263524327,-1.7432460277327009,0.4229361847561997,0.27198483625428843,2.49938959133934,0
1571237767250,2.5036824184125064,-0.6377120525847833,0.7024554189006925,0.11010594761677368,2.5999604554873175,0
1571237767500,-1.0225768582582277,0.5653690380173624,-0.10116237926472436,0.4993257206104221,2.5637558867305565,0
1571237767750,-0.021293359944315533,1.8334815389223267,0.49281599329232295,0.9193312383606304,2.4651937699120903,0
1571237768000,-1.457917509699059,2.2561857058906485,-1.1842994115746341,2.9144843120069073,2.318358894751275,0
1571237768250,-0.36956588109698063,2.288701411042058,0.10847704634364527,1.6425425114742087,2.304278816714473,0
1571237768500,-0.7613724673937289,2.873984103767426,-0.310801804873094,-0.5470512962251751,2.2821527554336623,0
1571237768750,-1.6755878354194749,2.061091474982192,0.3530563762200765,-0.40454036239329816,2.2761186606408685,0
1571237769000,-1.1967131188345603,2.1586385904364205,0.3181164719520149,-0.15910016655940687,2.2841646438848775,0
1571237769250,-1.6320537702753917,2.6463741677075605,-0.5903210390175868,-0.6203788805766512,2.3445087329345164,0
1571237769500,-1.5449856399872253,2.223670000739239,-0.2059820920689092,-1.4114202836208916,2.4853095133025374,0
1571237769750,-1.4143834445549759,2.19115429558783,-0.13610228353278597,-2.805405572295666,2.6924869069521384,0
1571237770000,-2.110928486860306,2.3537328213448765,-0.2059820920689092,-0.3718093645339888,2.7065669849889407,0
1571237770250,-4.200563613776296,1.8334815389223267,-1.0445397945023878,0.35393919523535006,2.7648991855873644,0
1571237770500,-2.8945416594538025,2.093607180133602,-0.66020084755371,0.5124350349985176,2.6824306058177663,0
1571237770750,-2.02386035657214,2.126122885285011,-0.8349003688940181,-0.7643276101801257,2.6824306058177663,0
1571237771000,-1.5885197051313085,2.126122885285011,0.038597237807522056,-2.3053909486671462,2.5718002994137135,0
1571237771250,-2.4592010080129714,2.6463741677075605,-0.3806816134092172,-0.47262422098953616,2.5376060485473153,0
1571237771500,-2.372132877724805,2.321217116193467,-0.8698402731620797,0.2582834883131822,2.483297624851322,0
1571237771750,-2.372132877724805,2.223670000739239,-0.17104218780084757,0.7164328821216553,2.366634794215327,0
1571237772000,-2.067394421716223,2.126122885285011,0.07353714207558366,0.30995955986883605,2.2982447219216797,0
1571237772250,-2.72040539887747,1.9310286543765547,-0.2059820920689092,-0.20553251235982256,2.2761186606408685,0
1571237772500,-2.5898032034452205,2.093607180133602,-0.10116237926472436,1.343903872091207,2.304278816714473,0
1571237772750,-2.067394421716223,2.2561857058906485,-0.4156215176772788,-0.23285063202017642,2.2479585045672645,0
1571237773000,-1.5014515748431423,2.483795641950514,-1.0095998902343262,-0.24308435486507676,2.1735359080416754,0
1571237773250,-2.1544625520043894,2.223670000739239,-0.310801804873094,-0.01701211383682336,2.1514098467608647,0
1571237773500,-1.9803262914280568,2.223670000739239,-0.6951407518217716,-0.2325123271327417,2.121237802236046,0
1571237773750,-1.9367922262839736,2.288701411042058,-0.3806816134092172,-0.6072695661885557,2.099337901717901,0
1571237774000,-2.5898032034452205,2.2561857058906485,-0.7650205603578949,0.10824527073588272,2.079223728888305,0
1571237774250,-1.370849379410893,2.3537328213448765,-0.4156215176772788,0.540937221764893,2.1053719965106943,0
1571237774500,-1.5014515748431423,2.386248526496286,-0.45056142194534043,1.008136271312245,2.07318806353466,0
1571237774750,-1.9803262914280568,2.321217116193467,-0.5553811347495252,-0.31302889034220577,2.0691658571930813,0
1571237775000,-2.5027350731570546,2.093607180133602,-0.06622247499666276,0.3579988538845667,2.059107985497858,0
1571237775250,-0.8484405976818952,2.581342757404742,0.21329675914783008,-0.5318275762906126,2.1818064814874982,0
1571237775500,-2.02386035657214,2.093607180133602,-0.13610228353278597,-0.4077542588239281,2.111406091303488,0
1571237775750,-1.457917509699059,2.288701411042058,-0.4156215176772788,0.5621658534514219,2.07318806353466,0
1571237776000,-1.2837812491227265,2.321217116193467,-0.2758619006050324,0.15670744586090674,2.061119873949073,0
1571237776250,-1.2402471839786433,2.223670000739239,-0.2758619006050324,-1.0099369584577342,2.049051684363486,0
1571237776500,-1.1531790536904771,2.288701411042058,-0.5553811347495252,-2.764386104694206,2.0430175895706926,0
1571237776750,-0.9355087279700615,2.2561857058906485,-0.6252609432856484,-1.2644268100305045,2.036983494777899,0
1571237777000,-0.6743043371055626,1.768450128619508,-0.3457417091411556,0.31697938628310657,2.036983494777899,0
1571237777250,-0.5437021416733132,1.6058716028624613,0.7024554189006925,1.3041530478176273,2.022903416741097,0
1571237777500,-0.021293359944315533,1.4432930771054147,0.6675155146326309,3.2099936311811375,2.034971606326684,0
1571237777750,0.7187857475050978,-0.4751335268277365,-0.031282570728601154,0.8781426183154528,2.0108336565946576,0
1571237778000,1.676535180674927,-0.5726806422819646,-1.0445397945023878,-0.26972586475056115,1.9545133444474496,0
1571237778250,-1.0661109234023107,-1.6782146174298822,0.14341695061170687,-1.024822373504862,2.016867751387452,0
1571237778500,3.24376152586192,-1.5156360916728355,2.0301717810870334,-0.4900469226924244,2.045029478021908,0
1571237778750,-0.4130999462410638,-1.5481517968242449,-0.9047801774301413,-1.1137965589001944,2.079223728888305,0
1571237779000,0.9364560732255135,-1.3855732710671982,0.003657333539460452,0.8614811026092928,2.1154282976450665,0
1571237779250,-0.5437021416733132,-1.6131832071270635,-0.45056142194534043,-0.44547525377289965,2.218012620805111,0
1571237779500,-0.7178384022496457,-1.6782146174298822,-0.4156215176772788,1.4137638313464775,2.3427214346851146,0
1571237779750,-0.8484405976818952,-1.6456989122784729,-0.06622247499666276,0.6400605537832668,2.537830638749129,0
1571237780000,-0.8484405976818952,-1.5806675019756542,-0.13610228353278597,1.3178543957587336,2.6625410231899846,0
1571237780250,-0.8484405976818952,-1.5806675019756542,-0.3457417091411556,0.21185114251276652,2.7309295249227805,0
1571237780500,-0.804906532537812,-1.5481517968242449,-0.3457417091411556,1.866754075621571,2.779203853825981,0
1571237780750,-0.6743043371055626,-1.6131832071270635,-0.17104218780084757,-0.2829197553605154,2.7771919653747648,0
1571237781000,-0.7178384022496457,-1.5156360916728355,-0.24092199633697078,1.2212683503961201,2.7228835416787724,0
1571237781250,-0.8919746628259783,-1.5806675019756542,-0.2758619006050324,-0.5090765726106276,2.664551341080348,0
1571237781500,-0.804906532537812,-1.6131832071270635,-0.2758619006050324,0.19392098347872624,2.5941509508963376,0
1571237781750,-0.6743043371055626,-1.6131832071270635,-0.24092199633697078,-0.8041630106755643,2.535820320858766,0
1571237782000,-0.7613724673937289,-1.5806675019756542,-0.2758619006050324,0.5948968513107313,2.483522215053136,0
1571237782250,-0.7178384022496457,-1.6131832071270635,-0.24092199633697078,-0.5324196098436234,2.4352478861499365,0
1571237782500,-1.3273153142668097,-1.5806675019756542,-1.2192393158426957,0.495096909517488,2.388985445697952,0
1571237782750,-0.36956588109698063,-1.5156360916728355,-0.66020084755371,-0.7420840638312927,2.3427214346851146,0
1571237783000,-0.9790427931141445,-1.7432460277327009,-0.48550132621340203,0.4914601319775648,2.324619150306735,0
1571237783250,-0.6307702719614795,-1.4180889762186075,-0.7650205603578949,-0.45241050396531146,2.2964589942331304,0
1571237783500,-0.7613724673937289,-1.7757617328841102,-0.5204412304814636,0.6259363247328672,2.2823789161963286,0
1571237783750,-0.9790427931141445,-1.7107303225812915,-0.3457417091411556,-0.23065165025185072,2.264275061257096,0
1571237784000,2.721352744132922,-1.5806675019756542,-1.2541792201107573,0.206691992979387,2.268298838159526,0
1571237784250,-0.021293359944315533,-0.2800392959192805,-0.48550132621340203,-0.6871095196231501,2.3427214346851146,0
1571237784500,-1.2402471839786433,-0.9628691040988767,0.038597237807522056,0.2299504539905242,2.407087730076332,0
1571237784750,-0.021293359944315533,-2.003371668943976,-0.310801804873094,-0.28232772180750465,2.5398425272003444,0
1571237785000,-0.19542962052064808,-1.4506046813700169,-0.8349003688940181,1.3383218414485343,2.7007574803979617,0
1571237785250,-1.0225768582582277,-1.9058245534897476,0.1783568548797685,-0.8412073958496664,2.8878222717788193,0
1571237785500,-0.8919746628259783,-1.7107303225812915,-0.7300806560898333,-0.13457306222038948,2.982359041134004,0
1571237785750,-0.804906532537812,-1.7107303225812915,-0.7999604646259565,-1.3155108480331477,3.020352478701018,0
1571237786000,-0.6743043371055626,-1.5156360916728355,-0.7650205603578949,0.7536464197394749,3.0143183839082233,0
1571237786250,-0.6743043371055626,-1.6131832071270635,-0.6951407518217716,-0.06868818539247723,2.9700662613466022,0
1571237786500,-0.6743043371055626,-1.7432460277327009,-0.7650205603578949,0.5513400970535107,2.8896079994673687,0
1571237786750,-0.50016807652923,-1.6782146174298822,-0.7650205603578949,-0.4628133792539291,2.7970815480025464,0
1571237787000,-0.5872362068173963,-1.6456989122784729,-0.7999604646259565,0.2696167020422454,2.7126010797817344,0
1571237787250,-0.23896368566473122,-1.6131832071270635,-0.7650205603578949,-0.21111454300249546,2.6462244665001537,0
1571237787500,-0.4566340113851469,-1.5806675019756542,-0.6951407518217716,0.5727378811837569,2.5778359647673583,0
1571237787750,0.45758135664059896,-1.7432460277327009,-0.5204412304814636,-0.26794976409152893,2.483297624851322,0
1571237788000,-0.28249775080881434,-1.0929319247045142,0.038597237807522056,0.5567529752524663,2.4128972346673114,0
1571237788250,0.10930883548793388,-1.3855732710671982,0.5277558975603845,-0.3281680340549096,2.3867489670449222,0
1571237788500,0.06577477034385075,-1.4506046813700169,-0.10116237926472436,0.3684863053950431,2.3746792068984837,0
1571237788750,-0.4566340113851469,-1.9058245534897476,0.24823666341589168,0.6306725931569531,2.3585888109713182,0
1571237789000,-0.021293359944315533,-1.1579633350073328,-0.06622247499666276,0.49822622972625924,2.3545650340688877,0
1571237789250,0.28344509606426643,-0.8328062834932394,-0.13610228353278597,-0.8698787350597592,2.316348576860912,0
1571237789500,-0.1083614902324818,-1.5156360916728355,0.003657333539460452,-0.8756299181461494,2.256004487811273,0
1571237789750,0.5011154217846822,-1.3530575659157889,0.07353714207558366,-0.43118187227878263,2.2338784265304623,0
1571237790000,0.10930883548793388,-0.9303533989474674,-0.2059820920689092,-0.46526608968783095,2.2982447219216797,0
1571237790250,-0.1083614902324818,-1.3205418607643795,-0.10116237926472436,0.07585257776400801,2.3626110173128962,0
1571237790500,0.022240705199767605,-0.8328062834932394,-0.031282570728601154,0.2925368581659478,2.4672056583633046,0
1571237790750,-0.4566340113851469,-1.5806675019756542,-0.24092199633697078,0.009037362495650283,2.543640143340109,0
1571237791000,0.3269791612083496,-0.5076492319791459,-0.7999604646259565,0.6515629199560473,2.6160524219753345,0
1571237791250,1.6330011155308437,-1.8733088483383382,-0.5903210390175868,0.466510146529254,2.6180643104265497,0
1571237791500,0.3269791612083496,-1.6782146174298822,-0.7650205603578949,0.9200078481354997,2.6924869069521384,0
1571237791750,-0.15189555537656493,-1.5806675019756542,-0.6252609432856484,-0.7765065861277757,2.133307562382485,0
1571237792000,-0.19542962052064808,-1.5481517968242449,-0.7999604646259565,0.315287861845933,2.5720248896155273,0
1571237792250,-0.4130999462410638,-1.5806675019756542,-0.7999604646259565,1.3832318152554937,2.3507674179291236,0
1571237792500,-0.28249775080881434,-1.5481517968242449,-0.8349003688940181,0.4171176329637845,1.198212907362566,0
1571237792750,-0.4130999462410638,-1.7107303225812915,-0.7300806560898333,-1.461573983183089,1.6725992421018898,0
1571237793000,-1.7191219005635578,-1.5156360916728355,0.24823666341589168,1.2137410666506978,1.3105409900474652,0
1571237793250,-0.3260318159528975,-1.2880261556129702,-0.06622247499666276,0.8668939808082483,1.3487574472554416,0
1571237793500,-0.5872362068173963,-1.3855732710671982,0.24823666341589168,-0.7070695079817989,0.6628574003545684,0
1571237793750,-1.1531790536904771,-1.4180889762186075,-0.06622247499666276,-0.7461437224805093,2.105059454901177,0
1571237794000,-0.8919746628259783,-1.8733088483383382,-0.7300806560898333,-1.424529598008987,1.8717322230683342,0
1571237794250,-1.6320537702753917,-1.6782146174298822,-0.48550132621340203,-4.31035486404903,2.3001686589651915,0
1571237794500,-1.5449856399872253,-1.4506046813700169,-0.2758619006050324,0.5522704354939563,2.2823789161963286,0
1571237794750,-1.370849379410893,-1.7107303225812915,-0.17104218780084757,0.4882462355469349,2.2723210445011044,0
1571237795000,-1.762655965707641,-1.6131832071270635,-0.3806816134092172,0.8114119792689538,1.8539424802994717,0
1571237795250,-1.5449856399872253,-1.6456989122784729,-0.5553811347495252,0.581195503369625,2.087268141571462,0
1571237795500,-1.0225768582582277,-1.3855732710671982,0.10847704634364527,0.22572164289759014,2.1134179797547032,0
1571237795750,-0.3260318159528975,-1.7107303225812915,-0.24092199633697078,0.5278279073767974,1.1680408628377466,0
1571237796000,-1.1531790536904771,-1.5156360916728355,0.038597237807522056,-0.13905560197889955,1.403065870951435,0
1571237796250,-0.3260318159528975,-1.7107303225812915,-0.2758619006050324,0.1213545851239782,1.8677084461659041,0
1571237796500,0.5881835520728484,-1.2555104504615608,0.003657333539460452,-0.15106542548283222,2.348442987868391,0
1571237796750,1.2411945292340956,-0.6051963474333739,-0.48550132621340203,0.09894188633142784,2.3507674179291236,0
1571237797000,-0.021293359944315533,-0.8653219886446487,-1.0095998902343262,-0.038917355298221656,2.3487555294779088,0
1571237797250,-1.1967131188345603,-2.1984658998524313,0.003657333539460452,1.5095886907123626,2.330653245099528,0
1571237797500,-0.8484405976818952,-1.6131832071270635,-0.6252609432856484,1.0331708329824145,2.300481200574709,0
1571237797750,-0.23896368566473122,-1.8733088483383382,-0.7300806560898333,-1.023553730176982,2.2884130109891223,0
1571237798000,-0.7613724673937289,-1.5806675019756542,-0.8349003688940181,-2.072890914777633,2.2743329329523196,0
1571237798250,0.28344509606426643,-2.1334344895496127,-1.1493595073065725,-0.5337728293933622,2.266286949708311,0
1571237798500,-0.6307702719614795,-1.4831203865214262,-0.6951407518217716,-0.09008596952272345,2.2280689219394834,0
1571237798750,-1.1531790536904771,-1.9708559637925664,-0.5204412304814636,0.48883826909994565,2.218012620805111,0
1571237799000,-0.7178384022496457,-1.5156360916728355,-0.8698402731620797,0.6464037704226677,2.2220348271466897,0
1571237799250,-0.5437021416733132,-1.7432460277327009,-0.66020084755371,-0.6983581571303548,2.2200245092563264,0
1571237799500,-0.5872362068173963,-1.6131832071270635,-0.7650205603578949,-0.7244922096846871,2.216000732353896,0
1571237799750,-1.6755878354194749,-1.8407931431869289,-0.13610228353278597,-0.30093449061641436,2.2341045872931287,0
1571237800000,-0.804906532537812,-1.3855732710671982,-0.7300806560898333,-0.49689759666297745,2.264275061257096,0
1571237800250,-0.8484405976818952,-1.4831203865214262,-0.13610228353278597,-0.14514508995272454,2.2823789161963286,0
1571237800500,-1.457917509699059,-1.4831203865214262,0.038597237807522056,-0.17220948094750238,2.205944431219524,0
1571237800750,-1.2837812491227265,-1.3855732710671982,-0.66020084755371,0.1874086143956078,1.7372780791026248,0
1571237801000,-0.804906532537812,-1.5806675019756542,-1.114419603038511,-0.007624153210509807,1.1680408628377466,0
1571237801250,-1.2402471839786433,-1.7107303225812915,-0.7999604646259565,0.7332635502715329,2.0809215051691514,0
1571237801500,-1.0225768582582277,-1.7107303225812915,-0.7650205603578949,1.7075816260835341,1.4251919322322455,0
1571237801750,-0.9355087279700615,-1.7107303225812915,-0.6951407518217716,0.07991223641322467,1.877766317861128,0
1571237802000,-0.8919746628259783,-1.7107303225812915,-0.6951407518217716,-2.160511880623226,2.0829333936203662,0
1571237802250,-0.8919746628259783,-1.6456989122784729,-0.48550132621340203,-0.8121131755302802,2.0809215051691514,0
1571237802500,-1.0661109234023107,-1.6456989122784729,-0.3806816134092172,-0.7383627100695107,2.0587954438883402,0
1571237802750,-1.2402471839786433,-1.6131832071270635,-0.2758619006050324,-0.020310586489311905,2.04069315950996,0
1571237803000,-1.2837812491227265,-1.7432460277327009,-0.3806816134092172,0.2140501242810922,2.0205789866803645,0
1571237803250,-1.2402471839786433,-1.7432460277327009,-0.66020084755371,0.03119633262262462,1.5639823947099034,0
1571237803500,-0.9355087279700615,-1.7432460277327009,-1.0794796987704494,0.26944754959852807,2.0024751317411322,0
1571237803750,-1.6320537702753917,-1.7107303225812915,-1.7782777841316815,-0.12442391559734779,1.8053540392259024,0
1571237804000,-1.2402471839786433,-1.3205418607643795,-1.3240590286468805,0.20914470341328872,1.216002650131429,0
1571237804250,-1.8061900308517242,-2.035887374095385,-0.7300806560898333,0.4148340749736001,1.7892620727378852,0
1571237804500,-0.36956588109698063,-1.6456989122784729,-0.7999604646259565,0.5390765448840019,0.8901489668337654,0
1571237804750,-1.4143834445549759,-2.1984658998524313,-0.17104218780084757,-0.44226135734226973,1.9723046577771646,0
1571237805000,-0.5872362068173963,-1.4506046813700169,-0.8349003688940181,0.7544921819580617,2.032647176265952,0
1571237805250,-0.5872362068173963,-1.9058245534897476,-0.66020084755371,-1.2302580163995973,2.0105211149851407,0
1571237805500,-0.9790427931141445,-1.7432460277327009,-0.8349003688940181,-0.550518921321381,2.008509226533925,0
1571237805750,-0.5872362068173963,-1.4180889762186075,-0.9047801774301413,-0.08078258511826858,1.9863831652531143,0
1571237806000,-1.0225768582582277,-1.9058245534897476,-0.17104218780084757,0.2482189179119992,1.9803490704603213,0
1571237806250,-1.1967131188345603,-1.5806675019756542,-0.7650205603578949,-0.48336540116558857,1.9803490704603213,0
1571237806500,-1.2402471839786433,-1.7432460277327009,-0.6951407518217716,0.29329804416267596,1.974314975667528,0
1571237806750,-1.5014515748431423,-1.6456989122784729,-0.66020084755371,-0.13042882734931413,1.9682808808747343,0
1571237807000,-0.8484405976818952,-1.6131832071270635,-0.2758619006050324,0.07128546178363926,1.954200802837932,0
1571237807250,-1.0661109234023107,-1.6782146174298822,-0.5204412304814636,0.39360544328707125,1.954200802837932,0
1571237807500,-0.9790427931141445,-1.7432460277327009,-0.7999604646259565,0.015296002913192653,1.9441445017035603,0
1571237807750,-0.5437021416733132,-1.8082774380355195,-0.9397200816982029,0.273422632025886,1.9481667080451388,0
1571237808000,-0.8919746628259783,-1.7432460277327009,-1.0095998902343262,-0.9069231202338613,1.962246786081941,0
1571237808250,-0.4566340113851469,-1.5806675019756542,-0.8698402731620797,0.15662286963904806,1.9984529253995538,0
1571237808500,-0.50016807652923,-1.7757617328841102,-0.6252609432856484,0.22961214910308947,2.0266130814731578,0
1571237808750,-0.9790427931141445,-1.8082774380355195,-0.7300806560898333,0.026882945307831908,2.044715365851539,0
1571237809000,-1.0225768582582277,-1.7757617328841102,-0.9047801774301413,-0.00787788187608585,2.0587954438883402,0
1571237809250,-0.9790427931141445,-1.5806675019756542,-0.6951407518217716,0.0640964829256514,2.0547732375467618,0
1571237809500,-1.1967131188345603,-1.5806675019756542,-0.4156215176772788,0.2674177202739197,2.0507494606443317,0
1571237809750,-1.4143834445549759,-1.6456989122784729,-0.48550132621340203,0.4823259000168273,2.0346590647171663,0
1571237810000,-1.2402471839786433,-1.6131832071270635,-0.7300806560898333,0.061305467604314934,2.014543321326719,0
1571237810250,-0.7178384022496457,-1.6131832071270635,-0.7999604646259565,0.11255865805067543,1.9944291484971237,0
1571237810500,-0.6307702719614795,-1.7107303225812915,-0.7650205603578949,-0.47829082785406773,1.9803490704603213,0
1571237810750,-0.50016807652923,-2.003371668943976,-0.45056142194534043,-0.016081775396377875,1.9702927693259495,0
1571237811000,1.9377395715394257,-1.5156360916728355,-0.7300806560898333,0.0019329598595211079,1.952188914386717,0
1571237811250,-0.8484405976818952,-0.18249218046505244,-0.6951407518217716,-0.15301067858558187,1.98839505370433,0
1571237811500,0.9364560732255135,-0.3775864113735085,-0.2758619006050324,0.3260290420219854,2.0547732375467618,0
1571237811750,1.110592333801846,-0.4751335268277365,-0.48550132621340203,0.27892008644670024,2.090979376864375,0
1571237812000,1.1541263989459292,-0.5076492319791459,-0.7300806560898333,1.4134255264590427,2.068853315583564,0
1571237812250,1.110592333801846,-0.5076492319791459,-0.5903210390175868,1.9865985819953216,2.042705047961175,0
1571237812500,1.371796724666345,-0.31255500107068984,-0.7300806560898333,1.2337010550093463,2.0487391427539685,0
1571237812750,2.024807701827592,0.33775910195749703,-0.45056142194534043,-0.01718126628054072,1.3648494137434586,0
1571237813000,1.0235242035136798,0.27272769165467836,0.21329675914783008,-1.5312647899946419,1.8878226189954999,0
1571237813250,1.110592333801846,-0.4751335268277365,0.5976357060965077,-2.7407047625737753,1.2582428842418352,0
1571237813500,-0.1083614902324818,-0.41010211652491785,0.7723352274368158,-1.314918814480137,1.9904069421555453,0
1571237813750,-0.15189555537656493,-0.2800392959192805,0.6675155146326309,-1.1291048550566154,2.0829333936203662,0
1571237814000,0.3705132263524327,-0.41010211652491785,0.5976357060965077,-0.36665021500060924,2.2337904751227593,0
1571237814250,0.19637696577610014,-0.41010211652491785,0.7024554189006925,-0.13694119643243255,2.49358008674836,0
1571237814500,0.022240705199767605,-0.4426178216763272,0.6325756103645693,0.7783426765222097,2.692713067714805,0
1571237814750,0.10930883548793388,-0.4751335268277365,0.7723352274368158,0.1901150534950856,2.8053521214483697,0
1571237815000,0.5881835520728484,-0.7677748731904207,0.4229361847561997,0.19637369391262796,2.439270092491515,0
1571237815250,-0.15189555537656493,-1.2229947453101515,0.9470347487771238,0.058683604726695836,2.807364009899585,0
1571237815500,-0.5872362068173963,-1.4506046813700169,0.4578760890242613,0.1398767777110293,1.5160206074162208,0
1571237815750,-0.36956588109698063,-0.80029057834183,0.3530563762200765,0.10494679808339416,2.6605291347387703,0
1571237816000,-0.19542962052064808,-1.2229947453101515,0.5976357060965077,0.5027087694847693,2.6182889006283636,0
1571237816250,-0.6307702719614795,-1.1579633350073328,0.3879962804881381,1.7151934860508153,2.551910716785932,0
1571237816500,-0.6307702719614795,-1.1904790401587422,0.003657333539460452,0.680487987831716,2.4976022930899386,0
1571237816750,-0.8919746628259783,-1.1579633350073328,0.7373953231687541,-0.7127361148463305,1.4315401391954081,0
1571237817000,-1.1967131188345603,-1.4180889762186075,0.1783568548797685,-1.576766797354612,2.3507674179291236,0
1571237817250,-2.02386035657214,-1.2880261556129702,-0.6951407518217716,-0.6435527653659298,2.286401122537907,0
1571237817500,-1.9367922262839736,-1.5156360916728355,-0.2059820920689092,-1.0520559169433572,2.2743329329523196,0
1571237817750,-0.36956588109698063,-1.6782146174298822,0.1783568548797685,0.4576296432340925,2.2220348271466897,0
1571237818000,-0.804906532537812,-1.5481517968242449,0.003657333539460452,-0.661229195734394,2.0812340467786683,0
1571237818250,-1.0661109234023107,-1.4506046813700169,-0.8349003688940181,0.30209397123597875,2.388985445697952,0
1571237818500,-0.804906532537812,-1.4831203865214262,-0.06622247499666276,-0.08120546622756197,1.855952798189835,0
1571237818750,-1.0661109234023107,-1.8733088483383382,0.21329675914783008,1.08154843188558,2.018879639838667,0
1571237819000,-1.1967131188345603,-1.7432460277327009,-0.24092199633697078,-0.768218116385625,2.3909957635883154,0
1571237819250,-0.7613724673937289,-1.9058245534897476,-0.5204412304814636,-0.15047339192982145,2.3950195404907455,0
1571237819500,-0.9355087279700615,-1.6131832071270635,-0.6951407518217716,0.2930443154970999,2.4090996185275473,0
1571237819750,-0.5437021416733132,-1.6456989122784729,-0.7999604646259565,-0.44564440621661705,2.0269256230826755,0
1571237820000,-0.50016807652923,-1.7107303225812915,-0.8349003688940181,-0.8597295884367175,2.49358008674836,0
1571237820250,-1.3273153142668097,-1.7757617328841102,-0.48550132621340203,0.30902922142839057,2.5317965439563364,0
1571237820500,-0.4130999462410638,-1.5156360916728355,-0.48550132621340203,-0.2964519508579043,2.574036778066742,0
1571237820750,-0.8484405976818952,-1.7107303225812915,-0.5903210390175868,0.18360268441196717,2.6082310289331403,0
1571237821000,-0.7613724673937289,-1.3205418607643795,-0.6252609432856484,-0.3231780369652474,2.6162770121771484,0
1571237821250,-1.0661109234023107,-1.8733088483383382,-0.5903210390175868,0.47006234784731854,2.5861049676523296,0
1571237821500,-0.6743043371055626,-1.5156360916728355,-0.7650205603578949,-0.2539101112629879,2.5438647335419238,0
1571237821750,-0.6743043371055626,-1.5806675019756542,-0.8349003688940181,0.5095594434553224,2.499614181541154,0
1571237822000,-0.7178384022496457,-1.7432460277327009,-0.7999604646259565,0.08980765437069031,2.459385835881962,0
1571237822250,-0.9790427931141445,-1.5806675019756542,-0.45056142194534043,0.3061536298851954,2.4191559196619195,0
1571237822500,-0.7178384022496457,-1.7107303225812915,-0.6951407518217716,-0.007032119657499043,2.388985445697952,0
1571237822750,-0.6743043371055626,-1.6782146174298822,-0.7650205603578949,0.25709942120716067,2.3588134011731325,0
1571237823000,-0.804906532537812,-1.7432460277327009,-0.66020084755371,0.003539908074836041,2.336687339892322,0
1571237823250,-0.7178384022496457,-1.6131832071270635,-0.7300806560898333,0.21168199006904917,2.330653245099528,0
1571237823500,-0.6743043371055626,-1.6456989122784729,-0.6252609432856484,0.1130661153818275,2.310539072269932,0
1571237823750,-0.7178384022496457,-1.6456989122784729,-0.6252609432856484,-0.01971855293630114,2.2984708826843456,0
1571237824000,-0.7613724673937289,-1.6456989122784729,-0.6252609432856484,0.08735494393678858,2.286401122537907,0
1571237824250,-0.6307702719614795,-1.6782146174298822,-0.5903210390175868,-0.12873730291214053,2.2743329329523196,0
1571237824500,-0.6307702719614795,-1.7107303225812915,-0.5553811347495252,0.13361813729348693,2.2743329329523196,0
1571237824750,-0.7178384022496457,-1.6131832071270635,-0.66020084755371,-0.007285848323075084,2.286401122537907,0
1571237825000,-0.6743043371055626,-1.6456989122784729,-0.6252609432856484,0.15408558298328764,2.3145612786115106,0
1571237825250,-0.5872362068173963,-1.6131832071270635,-0.5553811347495252,-0.007370424544933765,2.3407095462339,0
1571237825500,-0.6743043371055626,-1.6456989122784729,-0.6252609432856484,0.12389187177973864,2.3588134011731325,0
1571237825750,-0.6743043371055626,-1.6456989122784729,-0.5903210390175868,-0.012191269190878564,2.3608237190634958,0
1571237826000,-0.6743043371055626,-1.6456989122784729,-0.6252609432856484,-0.03638006864246123,2.3608237190634958,0
1571237826250,-0.6743043371055626,-1.6131832071270635,-0.6252609432856484,-0.0627678498623696,2.3568015127219173,0
1571237826500,-0.6307702719614795,-1.7432460277327009,-0.5903210390175868,-0.07503140203187829,2.3447333231363303,0
1571237826750,-0.6743043371055626,-1.6782146174298822,-0.6252609432856484,0.01242041136999751,2.3286413566483133,0
1571237827000,-0.804906532537812,-1.6782146174298822,-0.5204412304814636,-0.13237408045206378,2.316573167062726,0
1571237827250,-0.6743043371055626,-1.6456989122784729,-0.5903210390175868,0.028574469745005517,2.302493089025924,0
1571237827500,-0.6743043371055626,-1.6131832071270635,-0.48550132621340203,-0.09346901839707068,2.2823789161963286,0
1571237827750,-0.7613724673937289,-1.6456989122784729,-0.5204412304814636,0.13945389660173588,2.266286949708311,0
1571237828000,-1.0225768582582277,-1.7757617328841102,-0.5903210390175868,-0.011599235637867798,2.2542187601227237,0
1571237828250,-0.8919746628259783,-1.7107303225812915,-0.6951407518217716,0.03542514371555865,2.240138682085922,0
1571237828500,-0.36956588109698063,-1.2555104504615608,-0.8698402731620797,0.03973853103035136,2.236114905183492,0
1571237828750,-0.4566340113851469,-1.2880261556129702,-0.2059820920689092,0.17709031532884878,2.193874671073085,0
1571237829000,0.8058538777932641,-1.1904790401587422,-1.3240590286468805,0.17928929709717448,2.25623064857394,0
1571237829250,0.3269791612083496,-1.7107303225812915,-1.5686383585233117,-0.06158378275634808,2.3065152953675025,0
1571237829500,0.6317176172169315,-1.0279005144016955,-1.289119124378819,0.13683203372411679,2.354789624270702,0
1571237829750,0.2399110309201833,-1.6131832071270635,-1.3240590286468805,0.9279580129902157,2.4030655237347536,0
1571237830000,0.28344509606426643,-1.2555104504615608,-1.3939388371830037,2.5914877207286056,2.421167808113134,0
1571237830250,0.5446494869287652,-1.2229947453101515,-1.4288787414510653,0.8059991010699982,2.4352478861499365,0
1571237830500,0.15284290063201703,-1.3530575659157889,-1.2541792201107573,-2.940981255935131,2.264275061257096,0
1571237830750,0.10930883548793388,-1.4506046813700169,-1.0445397945023878,-2.0117423063738067,1.8418727201530327,0
1571237831000,0.06577477034385075,-2.1984658998524313,-0.3806816134092172,-0.7239001761316763,1.4838366744401865,0
1571237831250,-0.19542962052064808,-1.1904790401587422,-0.4156215176772788,-0.016166351618236555,2.1878405762802924,0
1571237831500,-0.23896368566473122,-1.2880261556129702,-0.6252609432856484,0.3264519231312788,2.2964589942331304,0
1571237831750,-0.06482742508839867,-1.7107303225812915,-0.66020084755371,0.5315492611385795,2.264275061257096,0
1571237832000,-0.15189555537656493,-1.4506046813700169,-0.6252609432856484,-0.6421149695943321,2.018879639838667,0
1571237832250,0.10930883548793388,-1.4506046813700169,-0.5903210390175868,-0.6513337777769284,2.2602528549155174,0
1571237832500,0.06577477034385075,-1.4506046813700169,-0.6252609432856484,-0.32850633894234427,2.250194983220294,0
1571237832750,-0.021293359944315533,-1.4506046813700169,-0.6252609432856484,0.5734990671804852,2.1516344369626785,0
1571237833000,0.022240705199767605,-1.4180889762186075,-0.6252609432856484,0.16880184558669806,2.1978984479755153,0
1571237833250,-0.06482742508839867,-1.3855732710671982,-0.6252609432856484,0.5445739993048163,2.1818064814874982,0
1571237833500,-0.021293359944315533,-1.4180889762186075,-0.66020084755371,0.1117974720539473,2.163704197109118,0
1571237833750,-0.021293359944315533,-1.4180889762186075,-0.6252609432856484,0.38176477222685595,2.1496241190723158,0
1571237834000,-0.021293359944315533,-1.4506046813700169,-0.6252609432856484,0.06460394025680348,2.1274980577915046,0
1571237834250,-0.1083614902324818,-1.4831203865214262,-0.66020084755371,0.20305521543946373,2.1274980577915046,0
1571237834500,0.28344509606426643,-1.5806675019756542,-0.6252609432856484,0.033564466834667676,2.1134179797547032,0
1571237834750,0.6317176172169315,-2.1334344895496127,-0.5204412304814636,-0.1327123853394985,2.101348219608264,0
1571237835000,0.022240705199767605,-1.5481517968242449,-0.7650205603578949,0.043798189679568035,2.091291918473892,0
1571237835250,-0.06482742508839867,-1.4180889762186075,-0.6951407518217716,-0.0819666522242901,2.0832459352298835,0
1571237835500,-0.06482742508839867,-1.4506046813700169,-0.66020084755371,0.17945844954089182,2.07318806353466,0
1571237835750,-0.021293359944315533,-1.4180889762186075,-0.66020084755371,0.18072709286877203,2.0651436508515033,0
1571237836000,0.022240705199767605,-1.4506046813700169,-0.66020084755371,-0.288586362225047,2.061119873949073,0
1571237836250,-0.021293359944315533,-1.4506046813700169,-0.66020084755371,-0.14015509286306238,2.049051684363486,0
1571237836500,-0.021293359944315533,-1.4180889762186075,-0.66020084755371,-0.004325680558021261,2.0430175895706926,0
1571237836750,0.022240705199767605,-1.4180889762186075,-0.6252609432856484,0.01766413712523571,2.0329597178754684,0
1571237837000,-0.021293359944315533,-1.4180889762186075,-0.66020084755371,-0.07579258802860642,2.0269256230826755,0
1571237837250,-0.021293359944315533,-1.4506046813700169,-0.66020084755371,0.14182203081377895,2.0249137346314603,0
1571237837500,-0.021293359944315533,-1.4506046813700169,-0.66020084755371,-0.005509747664042791,2.0108336565946576,0
1571237837750,-0.021293359944315533,-1.4180889762186075,-0.66020084755371,0.13962304904545322,2.0148574334970886,0
1571237838000,-0.021293359944315533,-1.4506046813700169,-0.66020084755371,-0.04974311169613278,2.0007773554602863,0
1571237838250,0.022240705199767605,-1.4180889762186075,-0.66020084755371,-0.1533489834730166,1.996753578557856,0
1571237838500,0.022240705199767605,-1.4180889762186075,-0.66020084755371,0.061051738938738886,1.9907194837650624,0
1571237838750,0.022240705199767605,-1.4180889762186075,-0.66020084755371,-0.06099174920333731,1.9907194837650624,0
1571237839000,0.022240705199767605,-1.4180889762186075,-0.6252609432856484,0.16195117161614495,1.984685388972269,0
1571237839250,-0.021293359944315533,-1.4180889762186075,-0.66020084755371,0.08143460840668094,1.974627517277045,0
1571237839500,0.022240705199767605,-1.4506046813700169,-0.66020084755371,-0.11901103739839224,1.9665831045938884,0
1571237839750,0.022240705199767605,-1.4180889762186075,-0.66020084755371,0.08566341949961498,1.9605474392402429,0
1571237840000,0.022240705199767605,-1.4180889762186075,-0.66020084755371,-0.017942452277268848,1.9504911381058712,0
1571237840250,0.022240705199767605,-1.4180889762186075,-0.66020084755371,-0.0011963603492500768,1.9444570433130777,0
1571237840500,0.06577477034385075,-1.4831203865214262,-0.6252609432856484,0.03094260395704858,1.9404332664106472,0
1571237840750,0.3269791612083496,-1.2555104504615608,-0.5553811347495252,-0.049066501921263335,1.9424451548618624,0
1571237841000,0.10930883548793388,-1.3530575659157889,-0.6951407518217716,0.18664742839887968,1.9404332664106472,0
1571237841250,-0.3260318159528975,-1.5806675019756542,-0.7999604646259565,-0.05997683454103314,1.9645712161426734,0
1571237841500,-0.15189555537656493,-1.4831203865214262,-0.8698402731620797,0.013012444923008274,1.9766394057282604,0
1571237841750,0.022240705199767605,-1.5156360916728355,-0.7300806560898333,-0.02842990378774525,1.9907194837650624,0
1571237842000,-0.021293359944315533,-1.4831203865214262,-0.6951407518217716,-0.31852634476302,1.9866972774234837,0
1571237842250,-0.021293359944315533,-1.3855732710671982,-0.6252609432856484,0.1047776456396768,1.984685388972269,0
1571237842500,-0.06482742508839867,-1.4506046813700169,-0.66020084755371,-0.05853903876943557,1.9826735005210538,0
1571237842750,-0.021293359944315533,-1.4831203865214262,-0.6252609432856484,0.2360399419643492,1.9927313722162776,0
1571237843000,-0.021293359944315533,-1.4506046813700169,-0.6252609432856484,-0.08526512487677865,2.00681145025308,0
1571237843250,-0.1083614902324818,-1.4506046813700169,-0.5903210390175868,0.02891277463244024,2.018879639838667,0
1571237843500,-0.23896368566473122,-1.5156360916728355,-0.5553811347495252,-0.09524511905610297,2.016867751387452,0
1571237843750,-0.06482742508839867,-1.0929319247045142,-0.5553811347495252,0.14884185722804943,2.0007773554602863,0
1571237844000,-0.4566340113851469,-1.2555104504615608,-0.5204412304814636,0.10232493520577506,1.9766394057282604,0
1571237844250,0.15284290063201703,-1.4180889762186075,-0.48550132621340203,0.5855088906844178,1.9585371213498797,0
1571237844500,0.10930883548793388,-1.4180889762186075,-0.9397200816982029,1.0153252501702328,1.9706053109354666,0
1571237844750,0.06577477034385075,-1.4180889762186075,-1.2192393158426957,1.3258891368353083,1.9685934224842518,0
1571237845000,0.3705132263524327,-1.3855732710671982,-1.114419603038511,-0.8958436351703741,1.9786512941794754,0
1571237845250,0.2399110309201833,-1.5481517968242449,-0.9746599859662645,-2.91670788026169,1.972617199386682,0
1571237845500,0.022240705199767605,-1.4506046813700169,-1.0445397945023878,-0.1953833657367809,1.9484792496546561,0
1571237845750,-0.06482742508839867,-1.5156360916728355,-1.114419603038511,0.10706120362986118,1.9303769652762754,0
1571237846000,0.10930883548793388,-1.4831203865214262,-1.0794796987704494,0.39326713839963656,1.91026279244668,0
1571237846250,-0.15189555537656493,-1.4506046813700169,-1.0445397945023878,-0.09524511905610297,1.900204920751456,0
1571237846500,0.5446494869287652,-1.4831203865214262,-0.5204412304814636,0.1576377843013522,1.888136731165869,0
1571237846750,1.2411945292340956,-1.2880261556129702,-0.24092199633697078,-0.058708191213152926,1.878078859470646,0
1571237847000,-0.7178384022496457,-1.3205418607643795,-1.1493595073065725,-0.2638055292204535,1.8740566531290674,0
1571237847250,-0.15189555537656493,-1.5806675019756542,-1.0445397945023878,0.5290965507046776,1.8720447646778522,0
1571237847500,0.10930883548793388,-1.5156360916728355,-1.114419603038511,0.795765378225098,1.8680225583362737,0
1571237847750,0.15284290063201703,-1.5481517968242449,-1.0794796987704494,-0.7269449201185888,1.8680225583362737,0
1571237848000,-0.19542962052064808,-1.4831203865214262,-0.9397200816982029,-0.6076924472978491,1.8680225583362737,0
1571237848250,-0.19542962052064808,-1.1579633350073328,-0.9047801774301413,-0.32943667738278976,1.8680225583362737,0
1571237848500,-0.6307702719614795,-1.6782146174298822,-0.7300806560898333,-0.016335504061953915,1.8961827144098775,0
1571237848750,-0.5872362068173963,-1.3205418607643795,-1.0095998902343262,0.04303700368283991,1.9022168092026712,0
1571237849000,-0.15189555537656493,-2.003371668943976,-0.3457417091411556,0.41813254762608865,1.91026279244668,0
1571237849250,-0.19542962052064808,-1.4506046813700169,-1.289119124378819,-0.32055617408762827,1.900204920751456,0
1571237849500,-0.5872362068173963,-1.4831203865214262,-1.1842994115746341,0.5846631284658309,1.9082509039954647,0
1571237849750,0.19637696577610014,-1.4180889762186075,-1.289119124378819,1.0228525339156553,1.9042271270930344,0
1571237850000,-0.23896368566473122,-1.5481517968242449,-0.9746599859662645,0.23527875596762104,1.8841129542634392,0
1571237850250,0.022240705199767605,-1.6131832071270635,-1.0095998902343262,-0.5488273968842073,1.8680225583362737,0
1571237850500,-0.23896368566473122,-1.5481517968242449,-0.9746599859662645,-1.161751276694066,1.843884608604248,0
1571237850750,-0.9790427931141445,-1.4180889762186075,-1.1493595073065725,0.03263412839422219,1.831816419018661,0
1571237851000,-1.8061900308517242,-2.2309816050038407,-1.1842994115746341,-0.18193574646125066,1.8197466588722218,0
1571237851250,-1.4143834445549759,-1.2555104504615608,-0.7300806560898333,0.378043418465074,1.795610279701048,0
1571237851500,-0.4130999462410638,-1.9383402586411569,-1.1842994115746341,0.244835869037652,1.7915865027986175,0
1571237851750,0.3705132263524327,-1.4506046813700169,-1.3589989329149421,0.7079752599357872,1.8016443744938415,0
1571237852000,0.10930883548793388,-1.5806675019756542,-1.289119124378819,1.608289141621443,1.8177363409818585,0
1571237852250,0.3269791612083496,-1.2880261556129702,-1.1493595073065725,-0.016166351618236555,1.8137125640794285,0
1571237852500,0.3269791612083496,-1.3530575659157889,-1.0095998902343262,-1.6292040549069942,1.8237704357746523,0
1571237852750,-0.4566340113851469,-1.8407931431869289,-0.7999604646259565,-0.6203788805766512,1.8177363409818585,0
1571237853000,-0.021293359944315533,-1.4831203865214262,-0.7650205603578949,0.1803042117594786,1.8036562629450568,0
1571237853250,0.10930883548793388,-1.3855732710671982,-0.5553811347495252,0.15197117743682062,1.7795183132130306,0
1571237853500,0.5011154217846822,-1.8733088483383382,-0.7650205603578949,-0.0653897127399887,1.7594041403834348,0
1571237853750,-0.28249775080881434,-1.7107303225812915,-1.3240590286468805,0.45306252725372376,1.7553819340418564,0
1571237854000,0.022240705199767605,-1.5481517968242449,-1.1842994115746341,0.7610045510411801,1.749346268688211,0
1571237854250,0.5446494869287652,-1.2880261556129702,-1.3589989329149421,-0.18624913377604338,1.7453240623466333,0
1571237854500,0.3269791612083496,-1.4180889762186075,-0.8698402731620797,-0.6393239542729957,1.7392899675538396,0
1571237854750,-0.6743043371055626,-1.7107303225812915,-0.48550132621340203,-0.8107599559805414,1.7272217779682526,0
1571237855000,-0.7178384022496457,-1.5481517968242449,-0.310801804873094,0.25405467722024816,1.7131416999314506,0
1571237855250,-0.7178384022496457,-2.003371668943976,-0.24092199633697078,0.16025964717897132,1.7171639062730284,0
1571237855500,0.19637696577610014,-1.4180889762186075,-0.6951407518217716,0.544658575526675,1.7071060345778053,0
1571237855750,0.10930883548793388,-1.4831203865214262,-1.0794796987704494,0.5001714828290089,1.7030838282362268,0
1571237856000,-0.1083614902324818,-1.2555104504615608,-0.9746599859662645,0.6875078142459866,1.6950378449922183,0
1571237856250,0.19637696577610014,-1.4831203865214262,-0.9397200816982029,-0.9365247978843996,1.6950378449922183,0
1571237856500,-0.021293359944315533,-1.5481517968242449,-0.9047801774301413,-1.1937210885566474,1.6849815438578462,0
1571237856750,-0.23896368566473122,-1.4506046813700169,-0.7999604646259565,0.1493493145592015,1.6869918617482096,0
1571237857000,-0.23896368566473122,-1.7107303225812915,-0.48550132621340203,0.19611996524705191,1.6829696554066311,0
1571237857250,-0.3260318159528975,-1.1254476298559235,-0.24092199633697078,-0.04644463904364424,1.6829696554066311,0
1571237857500,-0.1083614902324818,-1.6131832071270635,-0.7650205603578949,0.24449756415021726,1.6648658004673988,0
1571237857750,0.06577477034385075,-1.9708559637925664,-0.8349003688940181,0.3923367999591911,1.6709014658210442,0
1571237858000,-0.06482742508839867,-1.4506046813700169,-0.9397200816982029,0.6246676814049869,1.6648658004673988,0
1571237858250,0.10930883548793388,-2.2309816050038407,-0.6252609432856484,-0.18878642043180377,1.6588317056746054,0
1571237858500,-0.9355087279700615,-1.7757617328841102,-0.9047801774301413,-0.9913301896488247,1.6467635160890184,0
1571237858750,-0.8484405976818952,-1.5481517968242449,-0.5204412304814636,-0.38931664245873565,1.6367072149546462,0
1571237859000,-0.9790427931141445,-1.6782146174298822,-0.9047801774301413,-0.18421930445143503,1.6186033600154137,0
1571237859250,-0.9790427931141445,-1.8733088483383382,-0.5553811347495252,0.3656952900737066,1.6246374548082074,0
1571237859500,-0.19542962052064808,-1.7757617328841102,-0.5204412304814636,0.9003015884424272,1.6286612317106377,0
1571237859750,-0.36956588109698063,-1.6456989122784729,-0.5903210390175868,0.8724760114509212,1.6286612317106377,0
1571237860000,-0.5437021416733132,-1.6456989122784729,-0.66020084755371,-0.5434145186852518,1.6226271369178442,0
1571237860250,-0.5872362068173963,-1.6456989122784729,-0.66020084755371,-0.9950515434106065,1.6206152484666294,0
1571237860500,-0.4566340113851469,-1.6131832071270635,-0.66020084755371,-0.1733935480535239,1.6145811536738357,0
1571237860750,-0.4566340113851469,-1.5806675019756542,-0.6252609432856484,-0.09592172883097241,1.6186033600154137,0
1571237861000,-0.4130999462410638,-1.5806675019756542,-0.6252609432856484,0.120085941796098,1.612569265222621,0
1571237861250,-0.4130999462410638,-1.5806675019756542,-0.66020084755371,-0.1752542249344149,1.6065351704298272,0
1571237861500,-0.4130999462410638,-1.5806675019756542,-0.6252609432856484,0.1489264334499081,1.6065351704298272,0
1571237861750,-0.36956588109698063,-1.5806675019756542,-0.6252609432856484,-0.06513598407441266,1.602511393527397,0
1571237862000,-0.36956588109698063,-1.5806675019756542,-0.66020084755371,0.2390846859512617,1.6005010756370337,0
1571237862250,-0.4130999462410638,-1.5806675019756542,-0.66020084755371,0.05538513207420728,1.592455092393025,0
1571237862500,-0.36956588109698063,-1.5806675019756542,-0.66020084755371,0.23798519506709884,1.59044320394181,0
1571237862750,-0.36956588109698063,-1.5806675019756542,-0.66020084755371,0.04193751279867706,1.602511393527397,0
1571237863000,-0.36956588109698063,-1.5806675019756542,-0.66020084755371,0.19908013301210575,1.6266493432594227,0
1571237863250,-0.36956588109698063,-1.5806675019756542,-0.66020084755371,-0.0094002538695421,1.6709014658210442,0
1571237863500,-0.3260318159528975,-1.5481517968242449,-0.6252609432856484,-0.001872970124119522,1.7050957166874416,0
1571237863750,-0.28249775080881434,-1.5481517968242449,-0.66020084755371,0.02629091175482114,1.7252098895170378,0
1571237864000,-0.3260318159528975,-1.5481517968242449,-0.66020084755371,-0.09448393305937484,1.7372780791026248,0
1571237864250,-0.28249775080881434,-1.5481517968242449,-0.66020084755371,0.09310612702317887,1.749346268688211,0
1571237864500,-0.28249775080881434,-1.5481517968242449,-0.6252609432856484,-0.0025495798989889676,1.7413018560050548,0
1571237864750,-0.28249775080881434,-1.5481517968242449,-0.6252609432856484,0.08634002927448442,1.7231980010658225,0
1571237865000,-0.28249775080881434,-1.5481517968242449,-0.6252609432856484,-0.01735041872425808,1.7050957166874416,0
1571237865250,-0.28249775080881434,-1.5481517968242449,-0.66020084755371,-0.14979678215495199,1.6869918617482096,0
1571237865500,-0.36956588109698063,-1.5806675019756542,-0.6951407518217716,0.07999681263508338,1.6648658004673988,0
1571237865750,-0.4130999462410638,-1.6131832071270635,-0.7650205603578949,-0.05549429478252306,1.6507857224305968,0
1571237866000,-0.36956588109698063,-1.5806675019756542,-0.6252609432856484,0.030012265516603093,1.6367072149546462,0
1571237866250,-0.36956588109698063,-1.5806675019756542,-0.6951407518217716,0.008868210051932921,1.6145811536738357,0
1571237866500,-0.36956588109698063,-1.5481517968242449,-0.6951407518217716,-0.1524186450325711,1.6065351704298272,0
1571237866750,-0.3260318159528975,-1.5481517968242449,-0.66020084755371,0.09775781922540631,1.5964772987346032,0
1571237867000,-0.28249775080881434,-1.5156360916728355,-0.66020084755371,0.1493493145592015,1.5864209976002315,0
1571237867250,-0.15189555537656493,-1.5806675019756542,-0.6252609432856484,-0.18810981065693436,1.5803853322465862,0
1571237867500,-0.19542962052064808,-1.5156360916728355,-0.7650205603578949,-0.08298156688659428,1.5763631259050077,0
1571237867750,-0.3260318159528975,-1.5156360916728355,-0.66020084755371,-0.09025512196644081,1.5663052542097837,0
1571237868000,-0.5437021416733132,-1.7107303225812915,-0.9746599859662645,0.0973349381161129,1.5763631259050077,0
1571237868250,-0.06482742508839867,-1.3855732710671982,-1.289119124378819,-0.05329531301419737,1.5864209976002315,0
1571237868500,0.10930883548793388,-1.4831203865214262,-1.2192393158426957,0.2097367369662995,1.5944654102833884,0
1571237868750,0.19637696577610014,-1.5156360916728355,-1.0095998902343262,0.24627366480924956,1.5944654102833884,0
1571237869000,0.28344509606426643,-1.3205418607643795,-1.0794796987704494,0.6307571693788119,1.5844091091490162,0
1571237869250,-0.19542962052064808,-1.5481517968242449,-0.5553811347495252,-0.048897349477545975,1.5763631259050077,0
1571237869500,-0.06482742508839867,-1.4180889762186075,-0.9746599859662645,0.7394376144672165,1.5602711594169905,0
1571237869750,-0.3260318159528975,-1.1904790401587422,-1.1493595073065725,-0.8966893973889609,1.5502148582826187,0
1571237870000,-0.06482742508839867,-1.6782146174298822,-1.2192393158426957,-1.5115585303015695,1.5482029698314035,0
1571237870250,-0.19542962052064808,-1.3855732710671982,-1.8830974969358663,-0.25678570280618307,1.5240665906602298,0
1571237870500,-0.021293359944315533,-1.2880261556129702,-1.4288787414510653,0.25498501566069365,1.7473359507978479,0
1571237870750,-0.021293359944315533,-1.6456989122784729,-0.8349003688940181,1.62579641954619,1.7835420901154615,0
1571237871000,-0.5437021416733132,-1.2880261556129702,-0.6951407518217716,-0.853217219353599,1.7634263467250133,0
1571237871250,0.022240705199767605,-1.8733088483383382,-0.6252609432856484,0.8722222827853452,1.7674501236274436,0
1571237871500,-0.6307702719614795,-1.6782146174298822,-1.5686383585233117,2.295809249110658,1.821758547323437,0
1571237871750,-0.15189555537656493,-1.5156360916728355,-1.1842994115746341,-0.6221549812356835,1.8378505138114543,0
1571237872000,-0.021293359944315533,-1.5481517968242449,-0.9746599859662645,-1.471384824918696,1.831816419018661,0
1571237872250,-1.2837812491227265,-1.9383402586411569,-1.2192393158426957,-4.810200335233834,1.807678469286635,0
1571237872500,-0.4566340113851469,-1.1254476298559235,-0.7999604646259565,-3.2062968639058127,1.7694620120786588,0
1571237872750,0.10930883548793388,-1.8407931431869289,-0.3806816134092172,1.2456263022914202,1.7372780791026248,0
1571237873000,-0.06482742508839867,-1.8407931431869289,-1.3589989329149421,0.9492712208986033,1.7151520178218138,0
1571237873250,-0.15189555537656493,-1.5806675019756542,-0.9746599859662645,1.2238056370518808,1.693025956541003,0
1571237873500,0.15284290063201703,-2.26349731015525,-0.66020084755371,0.16846354069926334,1.6849815438578462,0
1571237873750,-0.06482742508839867,-1.5481517968242449,-0.7300806560898333,0.5805188935947556,1.6266493432594227,0
1571237874000,0.06577477034385075,-1.4180889762186075,-0.3806816134092172,-0.30381008215960953,1.6387175328450099,0
1571237874250,-0.3260318159528975,-1.8407931431869289,-1.114419603038511,0.6890301862394429,1.6507857224305968,0
1571237874500,-0.4566340113851469,-1.5156360916728355,-1.0794796987704494,1.3689384337613768,1.6628554825770356,0
1571237874750,-0.4566340113851469,-2.035887374095385,-0.9047801774301413,1.444887880990472,1.7815302016642458,0
1571237875000,0.06577477034385075,-1.9058245534897476,-0.5553811347495252,-1.009514077348441,1.765438235176229,0
1571237875250,0.28344509606426643,-1.5481517968242449,-0.3457417091411556,0.3407453046253958,1.6869918617482096,0
1571237875500,-0.8919746628259783,-1.1579633350073328,-1.1842994115746341,0.2900841477320461,1.6467635160890184,0
1571237875750,-0.4130999462410638,-1.5481517968242449,-1.1842994115746341,0.1061308651894157,1.630671549601001,0
1571237876000,-0.06482742508839867,-1.4180889762186075,-1.0095998902343262,0.4330179626732164,1.616591471564199,0
1571237876250,-0.9790427931141445,-1.7757617328841102,-1.114419603038511,-1.996856891326679,1.5984891871858184,0
1571237876500,-0.4566340113851469,-1.6131832071270635,-1.0794796987704494,-0.8654807715231078,1.578375014356223,0
1571237876750,-0.19542962052064808,-1.6131832071270635,-0.9047801774301413,-0.9372859838811277,1.5864209976002315,0
1571237877000,-0.4566340113851469,-1.7107303225812915,-0.8349003688940181,0.8861773593920276,1.5823972206978014,0
1571237877250,-0.5437021416733132,-1.5481517968242449,-1.0445397945023878,0.14918016211548413,1.5703290311122142,0
1571237877500,-0.06482742508839867,-1.4506046813700169,-1.4288787414510653,0.5129424923296697,1.5642949363194207,0
1571237877750,-0.50016807652923,-1.5481517968242449,-1.0095998902343262,0.18859268150162933,1.5562489530754124,0
1571237878000,-0.804906532537812,-1.8407931431869289,-1.114419603038511,-0.25551705947830283,1.5441807634898252,0
1571237878250,-0.6307702719614795,-1.3205418607643795,-0.7650205603578949,0.14342897902909385,1.5461910813801882,0
1571237878500,0.8493879429373472,-1.3855732710671982,-0.45056142194534043,-0.2447758793022504,1.5280887970018078,0
1571237878750,-0.4566340113851469,-1.6456989122784729,-1.3589989329149421,0.5017784310443238,1.5180309253065842,0
1571237879000,-0.23896368566473122,-1.5156360916728355,-1.0794796987704494,0.19070708704809636,1.5160206074162208,0
1571237879250,0.3269791612083496,-1.8407931431869289,-0.8698402731620797,1.1965720936133857,1.5160206074162208,0
1571237879500,0.28344509606426643,-1.6782146174298822,-0.48550132621340203,0.034917686384406565,1.5059627357209973,0
1571237879750,0.5446494869287652,-1.6782146174298822,-0.5903210390175868,-0.6696022416984033,1.4999286409282035,0
1571237880000,-0.7178384022496457,-1.2555104504615608,-1.4987585499871885,-0.23631825711638232,1.495906434586625,0
1571237880250,-0.15189555537656493,-1.2555104504615608,-1.0794796987704494,0.5399223071025888,1.4938945461354103,0
1571237880500,0.15284290063201703,-1.7432460277327009,-1.0445397945023878,0.7064528879423311,1.495906434586625,0
1571237880750,-0.5437021416733132,-1.9058245534897476,-1.1493595073065725,0.701970348183821,1.4858485628914018,0
1571237881000,-0.23896368566473122,-1.1904790401587422,-0.8349003688940181,-1.0078225529112672,1.4757906911961778,0
1571237881250,-0.021293359944315533,-1.4831203865214262,-0.5903210390175868,-0.00288788478642369,1.4717684848545998,0
1571237881500,-0.23896368566473122,-1.5156360916728355,-1.2541792201107573,0.17125455602059983,1.4617106131593758,0
1571237881750,-0.23896368566473122,-1.5481517968242449,-1.0095998902343262,0.4208389867255664,1.4617106131593758,0
1571237882000,-0.15189555537656493,-1.5806675019756542,-1.0095998902343262,0.6570603743768616,1.4556765183665823,0
1571237882250,0.022240705199767605,-1.4831203865214262,-0.9397200816982029,-0.022763296923213643,1.4516543120250038,0
1571237882500,-0.7613724673937289,-1.9058245534897476,-0.8349003688940181,-1.464280422282567,1.4456202172322103,0
1571237882750,-0.5437021416733132,-1.0604162195531048,-0.7300806560898333,-0.5012955601996288,1.4335504570857716,0
1571237883000,-0.28249775080881434,-1.6782146174298822,-0.4156215176772788,0.15687659830462408,1.4335504570857716,0
1571237883250,-0.7613724673937289,-1.4180889762186075,-1.114419603038511,0.010306005823530492,1.4234941559513996,0
1571237883500,-0.021293359944315533,-1.7757617328841102,-1.1493595073065725,0.5932899030954163,1.4234941559513996,0
1571237883750,-0.021293359944315533,-1.4180889762186075,-0.9746599859662645,0.7327560929403808,1.4174600611586061,0
1571237884000,-0.6307702719614795,-1.6131832071270635,-1.638518167059435,-0.29991957595411023,1.4194703790489693,0
1571237884250,-0.7613724673937289,-1.7432460277327009,-1.0095998902343262,-0.8552470486782074,1.4234941559513996,0
1571237884500,0.19637696577610014,-1.0604162195531048,-0.8349003688940181,-0.19233862174986838,1.4275163622929783,0
1571237884750,-1.2837812491227265,-1.9383402586411569,-0.9397200816982029,0.1249067864420428,1.4456202172322103,0
1571237885000,0.7623198126491809,-1.4180889762186075,-1.4987585499871885,0.06308156826334722,1.4617106131593758,0
1571237885250,-0.1083614902324818,-1.7107303225812915,-1.3939388371830037,0.9130725979430879,1.5059627357209973,0
1571237885500,-0.19542962052064808,-1.4506046813700169,-1.3939388371830037,-0.08475766754562657,1.5240665906602298,0
1571237885750,-0.50016807652923,-1.7757617328841102,-0.7300806560898333,0.5724841525181809,1.526076908550593,0
1571237886000,-1.457917509699059,-1.2555104504615608,-1.114419603038511,-1.4471114492452548,1.5240665906602298,0
1571237886250,1.415330789810428,-1.0279005144016955,-0.66020084755371,-0.14590627594945269,1.4858485628914018,0
1571237886500,0.6317176172169315,-1.3855732710671982,-0.7300806560898333,0.0553005558523486,1.4415964403297803,0
1571237886750,0.41404729149651587,-1.2555104504615608,-1.1842994115746341,0.6245831051831282,1.2887274703761722,0
1571237887000,0.15284290063201703,-1.5156360916728355,-1.3240590286468805,0.464649469648363,1.4332379154762542,0
1571237887250,-0.4566340113851469,-1.5481517968242449,-1.1842994115746341,1.1885373525368108,1.4251919322322455,0
1571237887500,-0.28249775080881434,-1.6131832071270635,-1.0095998902343262,1.3539684424923901,1.4251919322322455,0
1571237887750,-0.15189555537656493,-0.995384809250286,-1.0095998902343262,1.0239520247998182,0.8036581807225895,0
1571237888000,0.2399110309201833,-1.4506046813700169,-0.45056142194534043,-2.297017902703137,1.4493298819642713,0
1571237888250,-1.1531790536904771,-2.0684030792467945,-1.2192393158426957,-1.192790750116202,1.4453061050618412,0
1571237888500,-0.23896368566473122,-1.3205418607643795,-0.6951407518217716,0.7323332118310875,1.45737586520828,0
1571237888750,-0.50016807652923,-1.6456989122784729,-1.0445397945023878,1.29180491942626,1.4795019264890907,0
1571237889000,-0.3260318159528975,-1.2229947453101515,-1.0794796987704494,-1.0311655901442631,1.5398444449778774,0
1571237889250,0.06577477034385075,-1.0604162195531048,-1.289119124378819,-1.047319648519271,1.5780624727467054,0
1571237889500,0.5011154217846822,-1.7757617328841102,-1.5686383585233117,0.5427133224239253,1.612256723613103,0
1571237889750,-0.28249775080881434,-1.4506046813700169,-1.114419603038511,0.5160718125384408,1.650473180821079,0
1571237890000,-1.0225768582582277,-1.5156360916728355,-1.2541792201107573,0.7752133563134385,1.6907015264802705,0
1571237890250,-0.8484405976818952,-1.1254476298559235,-0.66020084755371,1.4495395731926994,1.7852398663963067,0
1571237890500,0.5881835520728484,-1.4831203865214262,-0.5553811347495252,-2.782400839950105,1.8938582843491452,0
1571237890750,-0.4566340113851469,-1.8407931431869289,-1.289119124378819,-0.7722777750348416,1.9924188306067598,0
1571237891000,-0.28249775080881434,-1.3855732710671982,-1.0095998902343262,0.6221303947492265,2.056785125997977,0
1571237891250,0.28344509606426643,-1.3205418607643795,-0.9047801774301413,0.10164832543090561,2.064829538681134,0
1571237891500,-1.2837812491227265,-1.9708559637925664,-1.2192393158426957,0.37381460737213995,2.0306352878147362,0
1571237891750,-0.4566340113851469,-0.9628691040988767,-0.7650205603578949,-0.3070239785902394,1.9642586745331558,0
1571237892000,0.15284290063201703,-1.7107303225812915,-0.2758619006050324,0.581195503369625,1.9159843456299561,0
1571237892250,-0.7613724673937289,-1.5481517968242449,-1.114419603038511,0.14165287837006157,1.8677084461659041,0
1571237892500,-0.23896368566473122,-1.5806675019756542,-1.1842994115746341,0.9140875126053921,1.825468212055498,0
1571237892750,-0.23896368566473122,-1.5806675019756542,-1.114419603038511,0.43809253598473724,1.787251754847522,0
1571237893000,0.19637696577610014,-1.3205418607643795,-1.2541792201107573,-0.2376714766661212,1.7429996322859003,0
1571237893250,-0.6743043371055626,-1.5156360916728355,-0.9746599859662645,-0.4908926849110111,1.686679320138692,0
1571237893500,-0.28249775080881434,-1.5481517968242449,-0.7650205603578949,-0.1930998077465965,1.6846674316874768,0
1571237893750,0.06577477034385075,-1.3530575659157889,-0.4156215176772788,0.44299795685254073,1.6725992421018898,0
1571237894000,0.022240705199767605,-1.5156360916728355,-0.3806816134092172,0.16795608336811127,1.6585191640650878,0
1571237894250,-0.15189555537656493,-1.3530575659157889,-0.7999604646259565,0.7226915225391978,1.6384049912354923,0
1571237894500,-0.1083614902324818,-1.5156360916728355,-1.1842994115746341,0.1756525195572512,1.6182908184058966,0
1571237894750,0.19637696577610014,-1.4506046813700169,-1.289119124378819,-0.2057862410253986,1.5941528686738708,0
1571237895000,0.2399110309201833,-1.3855732710671982,-1.289119124378819,-0.25771604124662856,1.586106885429862,0
1571237895250,0.5011154217846822,-1.2229947453101515,-0.9397200816982029,-0.46205219325720104,1.5800727906370686,0
1571237895500,-0.5872362068173963,-1.5481517968242449,-0.9047801774301413,0.06967851356832433,1.5680046010514819,0
1571237895750,-0.50016807652923,-1.7107303225812915,-0.9047801774301413,-0.007201272101216405,1.57202680739306,0
1571237896000,-0.15189555537656493,-1.4180889762186075,-0.6252609432856484,0.4270976271431088,1.570016489502697,0
1571237896250,-0.1083614902324818,-1.8082774380355195,-0.7300806560898333,0.08557884327775628,1.557946729356258,0
1571237896500,0.06577477034385075,-1.3530575659157889,-1.1493595073065725,0.2665719580553329,1.5499023166731012,0
1571237896750,-0.021293359944315533,-1.4506046813700169,-1.0445397945023878,-0.28308890780423274,1.5418563334290927,0
1571237897000,0.19637696577610014,-1.5156360916728355,-0.9397200816982029,0.23553248463319712,1.5317984617338691,0
1571237897250,-0.50016807652923,-1.6456989122784729,-0.9397200816982029,-0.4025105330686899,1.5297865732826539,0
1571237897500,-0.28249775080881434,-1.0279005144016955,-0.5553811347495252,-0.8836646592227241,1.5157064952458517,0
1571237897750,0.022240705199767605,-1.7432460277327009,-0.9047801774301413,-0.09507596661238561,1.5016264172090497,0
1571237898000,-0.06482742508839867,-1.4506046813700169,-0.9047801774301413,-0.040947184622829993,1.5096724004530582,0
1571237898250,0.2399110309201833,-1.4831203865214262,-1.0445397945023878,0.5306189226981339,1.5820846790882839,0
1571237898500,0.022240705199767605,-1.3855732710671982,-1.0095998902343262,0.45052524059796334,1.714839476212296,0
1571237898750,-0.28249775080881434,-1.6131832071270635,-1.0095998902343262,0.034410229053254485,1.859664033482748,0
1571237899000,-0.28249775080881434,-1.4506046813700169,-0.9397200816982029,-0.7132435721774826,1.9924188306067598,0
1571237899250,-0.4566340113851469,-1.5806675019756542,-0.8698402731620797,0.12828983531639002,2.078909616717936,0
1571237899500,-0.1083614902324818,-1.6456989122784729,-0.48550132621340203,0.1384389819394317,2.117127644486764,0
1571237899750,0.19637696577610014,-1.2880261556129702,-0.3806816134092172,0.46058981099914637,2.090979376864375,0
1571237900000,-0.4566340113851469,-1.6782146174298822,-0.310801804873094,-0.014728555846638984,2.044715365851539,0
1571237900250,-0.23896368566473122,-1.3530575659157889,-1.114419603038511,0.32103904493232327,1.9944291484971237,0
1571237900500,-0.1083614902324818,-1.3530575659157889,-1.0095998902343262,0.5680016127596709,1.928052535215543,0
1571237900750,-0.021293359944315533,-1.5156360916728355,-1.0095998902343262,0.01351990225416036,1.8757544294099127,0
1571237901000,-0.06482742508839867,-1.5481517968242449,-1.0095998902343262,-1.1417067121135587,1.8294919889579284,0
1571237901250,-0.3260318159528975,-1.7432460277327009,-1.0445397945023878,-0.45257965640902886,1.787251754847522,0
1571237901500,-0.9790427931141445,-1.8407931431869289,-0.9397200816982029,0.15476219275815706,1.787251754847522,0
1571237901750,-0.50016807652923,-1.2229947453101515,-0.9047801774301413,0.059106485835989236,1.8636862398243257,0
1571237902000,0.15284290063201703,-1.3855732710671982,-0.6252609432856484,0.28712397996699224,1.9783387525699583,0
1571237902250,-0.3260318159528975,-1.8407931431869289,-0.6951407518217716,-0.07731496002206267,2.129195834072351,0
1571237902500,-0.19542962052064808,-1.2880261556129702,-1.3939388371830037,0.4095903492183619,2.30419086530677,0
1571237902750,-0.06482742508839867,-1.4506046813700169,-1.1842994115746341,-0.08391190532703977,2.469442137016334,0
1571237903000,0.15284290063201703,-1.4180889762186075,-1.1493595073065725,0.5902451591085038,2.535820320858766,0
1571237903250,-0.7178384022496457,-1.5156360916728355,-1.0445397945023878,-1.1943131221096581,2.5116823711267404,0
1571237903500,0.28344509606426643,-1.5156360916728355,-0.8349003688940181,-0.24883553795146707,2.44128198094273,0
1571237903750,0.6317176172169315,-1.3855732710671982,-0.7650205603578949,-0.1668811789704055,2.388985445697952,0
1571237904000,-0.23896368566473122,-0.9628691040988767,-0.8698402731620797,0.30699939210378224,2.4131218248691257,0
1571237904250,-0.23896368566473122,-1.5156360916728355,-1.6035782627913733,0.23806977128895754,2.5197283543707494,0
1571237904500,-0.36956588109698063,-1.5481517968242449,-1.3240590286468805,0.5378924777779804,2.5720248896155273,0
1571237904750,-0.5872362068173963,-1.5806675019756542,-1.2192393158426957,0.277397714453244,2.606220711042777,0
1571237905000,0.2399110309201833,-1.3855732710671982,-0.5553811347495252,-0.7525715153417691,2.624322995421157,0
1571237905250,-0.15189555537656493,-1.3530575659157889,-0.7650205603578949,0.13776237216456227,2.6182889006283636,0
1571237905500,-0.23896368566473122,-1.8082774380355195,-0.8698402731620797,0.20829894119470194,2.604208822591562,0
1571237905750,0.022240705199767605,-1.4831203865214262,-1.0095998902343262,0.3180788771672694,2.5478885104443534,0
1571237906000,-0.06482742508839867,-1.4506046813700169,-1.0794796987704494,0.7582135357198436,2.4795000087115575,0
1571237906250,-0.15189555537656493,-1.4831203865214262,-1.1493595073065725,-0.5595685770602598,2.407087730076332,0
1571237906500,0.2399110309201833,-1.5156360916728355,-1.0095998902343262,-0.9159727759727401,2.36283560751471,0
1571237906750,-1.2837812491227265,-1.7757617328841102,-1.3240590286468805,0.18216488864036962,2.2984708826843456,0
1571237907000,-0.36956588109698063,-1.1904790401587422,-0.7999604646259565,-0.08746410664510434,2.2441608884275004,0
1571237907250,-0.28249775080881434,-1.7107303225812915,-0.06622247499666276,0.4076450961156122,2.2079547491098874,0
1571237907500,-0.021293359944315533,-1.3855732710671982,-1.289119124378819,0.14292152169794178,2.1616923086579027,0
1571237907750,-0.50016807652923,-1.5806675019756542,-1.1493595073065725,0.8882917649384945,2.135544041035514,0
1571237908000,-0.1083614902324818,-1.6782146174298822,-1.2192393158426957,-0.28080534981404837,2.1093942028522727,0
1571237908250,-0.021293359944315533,-1.7107303225812915,-1.0445397945023878,-0.7779443818993733,2.085257823681099,0
1571237908500,-0.021293359944315533,-1.6131832071270635,-0.5204412304814636,-0.2639746816641709,2.0772118404370903,0
1571237908750,0.022240705199767605,-1.3855732710671982,-0.4156215176772788,-0.16705033141412284,2.0973260132666858,0
1571237909000,-0.021293359944315533,-2.1334344895496127,-0.5903210390175868,0.3014173614611093,2.137554358925877,0
1571237909250,-0.021293359944315533,-1.3855732710671982,-1.114419603038511,0.3575759727752733,2.1898524647315067,0
1571237909500,-0.36956588109698063,-1.5481517968242449,-1.2541792201107573,0.6609508805823608,2.2300808103906986,0
1571237909750,-0.021293359944315533,-1.6782146174298822,-1.0445397945023878,-0.0702105573859335,2.240138682085922,0
1571237910000,-1.0225768582582277,-1.4506046813700169,-1.1493595073065725,-0.6882935867291717,2.2300808103906986,0
1571237910250,-0.4130999462410638,-1.2229947453101515,-0.7650205603578949,-0.3315510829292568,2.2099666375611022,0
1571237910500,1.1541263989459292,-1.8082774380355195,-0.3457417091411556,0.0784744406416271,2.1717486097922745,0
1571237910750,-0.5437021416733132,-0.8653219886446487,-1.4288787414510653,0.1803887879813373,2.1395662473770916,0
1571237911000,-0.15189555537656493,-1.5481517968242449,-1.0794796987704494,0.46448031720464567,2.1214639629987118,0
1571237911250,0.19637696577610014,-1.5806675019756542,-1.0445397945023878,0.15408558298328764,2.091291918473892,0
1571237911500,-2.2850647474366386,-1.6456989122784729,-1.0095998902343262,-0.23471130890106737,2.0671539687418665,0
1571237911750,-0.4566340113851469,-1.1579633350073328,-0.8698402731620797,-0.5177879234620716,2.0410057011194773,0
1571237912000,-0.4130999462410638,-2.4911072462151154,-0.7999604646259565,-0.2604224803461063,2.0148574334970886,0
1571237912250,-0.5437021416733132,-1.7432460277327009,-1.3240590286468805,0.18588624240215154,1.9887075953138476,0
1571237912500,-0.19542962052064808,-1.2555104504615608,-1.0445397945023878,0.49585809551421617,1.974627517277045,0
1571237912750,0.7623198126491809,-1.9708559637925664,-0.9047801774301413,0.08025054130065941,1.9645712161426734,0
1571237913000,0.28344509606426643,-1.6456989122784729,-0.6951407518217716,-0.23572622356337156,1.9585371213498797,0
1571237913250,0.2399110309201833,-1.5806675019756542,-0.06622247499666276,-0.3177651587662918,1.974627517277045,0
1571237913500,-1.109644988546394,-0.8653219886446487,-1.0794796987704494,-0.3163273629946942,1.9907194837650624,0
1571237913750,-0.4566340113851469,-1.9058245534897476,-1.1493595073065725,0.4341174535573793,2.018879639838667,0
1571237914000,0.3269791612083496,-1.4506046813700169,-0.9746599859662645,0.6771895151792275,2.0269256230826755,0
1571237914250,-0.4566340113851469,-1.2229947453101515,-1.0445397945023878,0.1546776165362984,2.016867751387452,0
1571237914500,-0.6307702719614795,-1.2229947453101515,-0.8349003688940181,-0.8446750209458723,2.0249137346314603,0
1571237914750,1.1541263989459292,-1.8082774380355195,-0.3457417091411556,0.05885275717041319,2.0027876733506496,0
1571237915000,-0.19542962052064808,-1.0929319247045142,-1.1842994115746341,0.21032877051931026,1.984685388972269,0
1571237915250,-0.19542962052064808,-1.7432460277327009,-1.2192393158426957,0.5000869066071502,1.974627517277045,0
1571237915500,0.10930883548793388,-1.5481517968242449,-1.1842994115746341,0.23849265239825093,1.9585371213498797,0
1571237915750,0.6317176172169315,-1.4506046813700169,-0.7300806560898333,-0.008216186763520572,1.9484792496546561,0
1571237916000,-0.6743043371055626,-1.7107303225812915,-1.0794796987704494,-0.39811256953203844,1.9404332664106472,0
1571237916250,-0.19542962052064808,-0.8328062834932394,-0.7300806560898333,-0.31082990857388,1.9323888537274907,0
1571237916500,0.45758135664059896,-2.003371668943976,-0.5903210390175868,-0.07993682289968176,1.9162968872394732,0
1571237916750,-0.4130999462410638,-1.5806675019756542,-1.3240590286468805,0.23620909440806656,1.9042271270930344,0
1571237917000,-0.19542962052064808,-1.3530575659157889,-1.0095998902343262,0.5367929868938176,1.8861248427146544,0
1571237917250,0.3269791612083496,-1.5156360916728355,-1.0095998902343262,-0.08145919489313803,1.888136731165869,0
1571237917500,-1.6755878354194749,-1.7432460277327009,-1.114419603038511,-0.40361002395285267,1.8800907479218605,0
1571237917750,-0.6743043371055626,-1.1579633350073328,-0.9397200816982029,-0.39633646887300616,1.8800907479218605,0
1571237918000,-0.06482742508839867,-1.4180889762186075,-0.45056142194534043,0.05606174184907673,1.8921589375074475,0
1571237918250,0.5446494869287652,-1.1254476298559235,-1.3939388371830037,0.36053614054032707,1.900204920751456,0
1571237918500,-0.15189555537656493,-1.4831203865214262,-0.9047801774301413,0.6747368047453258,1.912273110337043,0
1571237918750,-0.15189555537656493,-1.6131832071270635,-1.0095998902343262,0.31689481006124787,1.9303769652762754,0
1571237919000,-1.8932581611398904,-1.9058245534897476,-1.0445397945023878,-0.4650123610222549,1.9806631826306906,0
1571237919250,-0.28249775080881434,-0.897837693796058,-0.9397200816982029,-0.6068466850792623,2.085257823681099,0
1571237919500,-0.4566340113851469,-2.3285287204580687,-0.031282570728601154,-0.12087171427928321,2.135544041035514,0
1571237919750,-0.23896368566473122,-1.2880261556129702,-1.4987585499871885,0.19282149259456335,2.1757723866947054,0
1571237920000,-0.3260318159528975,-1.5481517968242449,-1.1493595073065725,0.6960500126537134,2.203932542768309,0
1571237920250,0.6317176172169315,-1.5156360916728355,-0.9047801774301413,-0.13431933355481346,2.2119785260123175,0
1571237920500,-0.8919746628259783,-1.8407931431869289,-1.1842994115746341,0.20787606008540854,2.1958865595243005,0
1571237920750,-0.06482742508839867,-1.0279005144016955,-0.5553811347495252,-1.415479942270108,2.159680420206688,0
1571237921000,0.2399110309201833,-2.2309816050038407,-0.9047801774301413,-0.11647375074263182,2.123474280889075,0
1571237921250,-0.15189555537656493,-1.8733088483383382,-0.9746599859662645,0.1761599768884033,2.0892800300226773,0
1571237921500,-0.06482742508839867,-1.4831203865214262,-1.0095998902343262,0.813188079927986,2.063131762400288,0
1571237921750,0.19637696577610014,-1.6782146174298822,-1.0095998902343262,-0.4092766308173843,2.036983494777899,0
1571237922000,-0.6307702719614795,-1.4831203865214262,-0.6951407518217716,-0.3580234403710238,2.0249137346314603,0
1571237922250,1.2411945292340956,-1.7432460277327009,-0.310801804873094,-0.13279696156135717,2.045029478021908,0
1571237922500,0.28344509606426643,-1.2229947453101515,-1.2541792201107573,0.22250774646696028,2.103360108059479,0
1571237922750,0.19637696577610014,-1.3855732710671982,-0.9746599859662645,0.3095366787595427,2.1717486097922745,0
1571237923000,0.28344509606426643,-2.003371668943976,-0.8698402731620797,0.25752230231645407,2.2119785260123175,0
1571237923250,0.2399110309201833,-1.7107303225812915,-0.6951407518217716,-0.2949295788644481,2.2280689219394834,0
1571237923500,-0.1083614902324818,-1.2555104504615608,-0.3806816134092172,-0.47541523631087257,2.2280689219394834,0
1571237923750,-0.8484405976818952,-0.8328062834932394,-1.1842994115746341,-0.10953850055021999,2.205944431219524,0
1571237924000,-0.28249775080881434,-1.7107303225812915,-1.0794796987704494,0.045912595226035045,2.1777842751459198,0
1571237924250,-0.15189555537656493,-1.6782146174298822,-0.9746599859662645,0.8898987131538094,2.14358845371867,0
1571237924500,-2.415666942868888,-1.8082774380355195,-1.3240590286468805,-0.15470220302275547,2.1053719965106943,0
1571237924750,-0.4566340113851469,-1.0279005144016955,-0.7999604646259565,-0.5305589329627324,2.0832459352298835,0
1571237925000,0.6752516823610146,-2.2960130153066594,-0.6951407518217716,-0.07249411537611787,2.0671539687418665,0
1571237925250,-0.50016807652923,-1.9708559637925664,-1.0794796987704494,0.41229678831783967,2.0570976676074944,0
1571237925500,-0.15189555537656493,-1.3205418607643795,-1.0095998902343262,0.6063992174835119,2.061119873949073,0
1571237925750,0.9364560732255135,-1.6782146174298822,-0.7650205603578949,-0.5598223057258358,2.099337901717901,0
1571237926000,0.7623198126491809,-1.7107303225812915,-0.4156215176772788,-0.41612730478793747,2.2622647433667327,0
1571237926250,0.5446494869287652,-1.2555104504615608,-0.2758619006050324,-0.3236854942963995,2.5720248896155273,0
1571237926500,0.28344509606426643,-0.08494506501082442,0.003657333539460452,0.04760411966320866,2.12548616934029,0
1571237926750,-0.28249775080881434,-1.0604162195531048,-0.5553811347495252,0.06739495557813993,1.3410240056209504,0
1571237927000,0.8058538777932641,-1.1579633350073328,-1.0445397945023878,0.6080061656988268,2.103047566449962,0
1571237927250,0.7187857475050978,-1.5481517968242449,-0.7650205603578949,-0.39684392620415826,2.3987292052228057,0
1571237927500,-0.5437021416733132,-1.9708559637925664,-0.9746599859662645,-0.14142373619094262,3.165400055612431,0
1571237927750,0.3705132263524327,-1.1904790401587422,-0.9397200816982029,0.6194239556497486,3.231553649253049,0
1571237928000,0.6317176172169315,-1.3855732710671982,-0.7650205603578949,-0.10869273833163319,3.1671873538618316,0
1571237928250,-0.15189555537656493,-1.3855732710671982,-0.9746599859662645,0.651901224843482,3.0967869636778214,0
1571237928500,0.022240705199767605,-1.2880261556129702,-1.463818645719127,0.8139492659247142,3.0967869636778214,0
1571237928750,0.06577477034385075,-1.4831203865214262,-1.114419603038511,-2.2806101156625527,3.0384547630793977,0
1571237929000,0.022240705199767605,-1.6131832071270635,-1.0095998902343262,-1.1205626566488887,2.9861582278346197,0
1571237929250,-1.3273153142668097,-1.3530575659157889,-0.9047801774301413,-0.3200487167564762,2.978112244590611,0
1571237929500,0.2399110309201833,-1.0929319247045142,-0.5903210390175868,0.42955033757701055,2.292210627128886,0
1571237929750,0.3705132263524327,-1.9058245534897476,-0.6252609432856484,0.5696085609749857,2.710590761891371,0
1571237930000,-0.4566340113851469,-2.035887374095385,-1.463818645719127,2.027871778262358,2.674384622573758,0
1571237930250,-0.50016807652923,-1.4180889762186075,-1.0445397945023878,1.4404899174538206,2.6080064387313264,0
1571237930500,-0.8484405976818952,-1.4831203865214262,-0.8349003688940181,-2.4374144309885466,2.593926360694524,0
1571237930750,-0.021293359944315533,-1.3205418607643795,-0.66020084755371,-1.5454735952669003,2.575824076316143,0
1571237931000,-0.021293359944315533,-1.4506046813700169,-1.2192393158426957,-0.8980426169386999,2.5657662046209198,0
1571237931250,0.7623198126491809,-1.8733088483383382,-0.7650205603578949,0.2346867224146103,2.5536980150353323,0
1571237931500,0.8493879429373472,-1.3530575659157889,-0.2059820920689092,0.7309799922813485,2.541629825449746,0
1571237931750,0.8493879429373472,-1.7432460277327009,-0.2758619006050324,0.5534545025999777,2.5114577809249266,0
1571237932000,-1.0225768582582277,-1.0929319247045142,-1.5686383585233117,-1.2334719128302272,2.497377702888124,0
1571237932250,-0.1083614902324818,-1.6782146174298822,-1.1493595073065725,0.2756216137942117,2.4812857364001073,0
1571237932500,-0.15189555537656493,-1.8082774380355195,-1.0445397945023878,0.7921286006851745,2.4672056583633046,0
1571237932750,-1.370849379410893,-1.6456989122784729,-1.1493595073065725,-0.13423475733295476,2.453125580326503,0
1571237933000,-0.23896368566473122,-1.2229947453101515,-0.6951407518217716,-0.38060529160729156,2.439045502289701,0
1571237933250,0.8493879429373472,-1.8407931431869289,-0.48550132621340203,0.16601083026536162,2.428989201155329,0
1571237933500,-0.021293359944315533,-1.7107303225812915,-0.7999604646259565,-0.032658714880679285,2.410885346216096,0
1571237933750,-0.19542962052064808,-1.9383402586411569,-1.53369845425525,0.4869775922190547,2.41691944100889,0
1571237934000,-0.28249775080881434,-1.5481517968242449,-1.53369845425525,0.023077015324191274,2.3988171566305097,0
1571237934250,-0.06482742508839867,-1.4180889762186075,-0.9047801774301413,0.14528965590998486,2.3887592849352854,0
1571237934500,-0.4566340113851469,-1.3205418607643795,-0.8349003688940181,-0.12188662894158739,2.392783061837716,0
1571237934750,-0.23896368566473122,-1.6131832071270635,-0.7650205603578949,0.03111175640076594,2.3867489670449222,0
1571237935000,-0.3260318159528975,-1.4180889762186075,-0.66020084755371,0.007768719167770073,2.392783061837716,0
1571237935250,-0.1083614902324818,-1.4831203865214262,-0.5204412304814636,0.1287972926475421,2.402839362972088,0
1571237935500,-0.021293359944315533,-1.5156360916728355,-0.6252609432856484,0.11585713070316396,2.4068631398745177,0
1571237935750,0.06577477034385075,-1.4506046813700169,-1.2192393158426957,0.16102083317569946,2.410885346216096,0
1571237936000,0.10930883548793388,-1.5156360916728355,-1.2192393158426957,-0.24942757150447784,2.4128972346673114,0
1571237936250,0.19637696577610014,-1.4180889762186075,-1.3240590286468805,-0.17500049626883885,2.410885346216096,0
1571237936500,0.2399110309201833,-1.3855732710671982,-1.1842994115746341,-0.04145464195398208,2.3867489670449222,0
1571237936750,0.15284290063201703,-1.2880261556129702,-1.0095998902343262,-0.04847446836825257,2.376691095349699,0
1571237937000,0.06577477034385075,-1.5481517968242449,-0.8698402731620797,0.16888642180855676,2.366634794215327,0
1571237937250,-0.06482742508839867,-1.2229947453101515,-0.7999604646259565,-0.06039971565032654,2.356576922520103,0
1571237937500,0.15284290063201703,-1.1579633350073328,-0.7650205603578949,-0.1152896836366103,2.352554716178525,0
1571237937750,0.06577477034385075,-1.4831203865214262,-0.5553811347495252,-0.28571077068185186,2.332438972788078,0
1571237938000,0.3269791612083496,-1.3205418607643795,-0.9746599859662645,0.19299064503828073,2.3424968444833008,0
1571237938250,0.10930883548793388,-1.3530575659157889,-1.3589989329149421,0.19206030659783524,2.3545650340688877,0
1571237938500,0.3269791612083496,-1.3205418607643795,-0.9746599859662645,0.7516165904148666,2.3726688890081205,0
1571237938750,0.28344509606426643,-1.4506046813700169,-1.0794796987704494,-0.785979122975948,2.3867489670449222,0
1571237939000,0.5446494869287652,-1.6456989122784729,-1.1493595073065725,-0.7345567800858701,2.41691944100889,0
1571237939250,0.06577477034385075,-1.5481517968242449,-0.8698402731620797,-0.08754868286696303,2.453125580326503,0
1571237939500,-0.23896368566473122,-1.3205418607643795,-0.7999604646259565,0.0684944464623028,2.461171563570512,0
1571237939750,0.10930883548793388,-1.4506046813700169,-0.45056142194534043,0.1577223605232109,2.4410573907409163,0
1571237940000,-0.3260318159528975,-0.8328062834932394,-1.0445397945023878,0.15916015629480845,2.41691944100889,0
1571237940250,-0.23896368566473122,-1.4180889762186075,-1.114419603038511,0.36967037250106466,2.418931329460105,0
1571237940500,-0.1083614902324818,-1.4506046813700169,-1.0794796987704494,0.5800114362636035,2.4088750283257334,0
1571237940750,-0.23896368566473122,-1.5481517968242449,-1.463818645719127,0.01631091757549682,2.366634794215327,0
1571237941000,0.10930883548793388,-1.5156360916728355,-0.8349003688940181,-0.6651197019398932,2.36864511210569,0
1571237941250,-0.19542962052064808,-1.4506046813700169,-0.9746599859662645,-0.49951945954059657,2.3585888109713182,0
1571237941500,-0.19542962052064808,-1.5806675019756542,-0.66020084755371,0.09961849610629728,2.340484956032086,0
1571237941750,-0.1083614902324818,-1.6456989122784729,-0.5553811347495252,-0.22227860428784132,2.3143366884096968,0
1571237942000,0.10930883548793388,-1.4831203865214262,-0.7300806560898333,0.04168378413310102,2.316348576860912,0
1571237942250,-0.06482742508839867,-1.4506046813700169,-1.114419603038511,0.22842808199706793,2.304278816714473,0
1571237942500,-0.06482742508839867,-1.7107303225812915,-1.2192393158426957,0.641075468445571,2.30226849882411,0
1571237942750,-0.15189555537656493,-1.6456989122784729,-1.289119124378819,-0.3912618955614854,2.2942225155801013,0
1571237943000,-0.4130999462410638,-1.4180889762186075,-0.7999604646259565,-0.6842339280799551,2.2982447219216797,0
1571237943250,-0.1083614902324818,-1.7107303225812915,-0.5553811347495252,-0.3325659975915609,2.30226849882411,0
1571237943500,-0.36956588109698063,-1.2555104504615608,-0.7999604646259565,0.319770401604443,2.290198738677671,0
1571237943750,-0.1083614902324818,-1.3855732710671982,-0.48550132621340203,-0.05904649610058765,2.292210627128886,0
1571237944000,0.28344509606426643,-1.3855732710671982,-0.8698402731620797,0.5219075718466898,2.27209645429929,0
1571237944250,-0.23896368566473122,-1.6456989122784729,-1.114419603038511,0.2964273643714472,2.2761186606408685,0
1571237944500,0.15284290063201703,-1.4180889762186075,-1.3240590286468805,0.9555298613161457,2.27209645429929,0
1571237944750,-0.28249775080881434,-1.4180889762186075,-0.9397200816982029,-1.0313347425879804,2.2600282647137035,0
1571237945000,-0.7178384022496457,-1.6782146174298822,-0.66020084755371,-0.4511418606374313,2.2580163762624883,0
1571237945250,0.10930883548793388,-1.5156360916728355,-0.7300806560898333,-0.12146374783229397,2.2600282647137035,0
1571237945500,-0.4130999462410638,-1.5806675019756542,-0.8349003688940181,0.30209397123597875,2.2519822814696946,0
1571237945750,-0.6307702719614795,-1.7107303225812915,-0.9397200816982029,0.2050004685422134,2.256004487811273,0
1571237946000,-0.4130999462410638,-1.6456989122784729,-0.9047801774301413,0.2641192476214312,2.24997039301848,0
1571237946250,-0.50016807652923,-1.6131832071270635,-0.8698402731620797,-0.29019331044036195,2.2459481866769018,0
1571237946500,-0.36956588109698063,-1.6131832071270635,-0.8698402731620797,-0.23310436068575247,2.237902203432893,0
1571237946750,-0.4566340113851469,-1.5806675019756542,-0.9746599859662645,0.035848024824852054,2.237902203432893,0
1571237947000,-0.4130999462410638,-1.6456989122784729,-0.8349003688940181,-0.15224949258885373,2.256004487811273,0
1571237947250,-0.28249775080881434,-1.5481517968242449,-0.8349003688940181,0.08058884618809413,2.3223826716537057,0
1571237947500,0.022240705199767605,-1.3205418607643795,-0.45056142194534043,-0.09812071059929811,2.4269773127041137,0
1571237947750,-0.021293359944315533,-1.5481517968242449,-0.5204412304814636,0.20407013010176792,2.5557099034865476,0
1571237948000,-0.3260318159528975,-1.4180889762186075,-1.0445397945023878,0.030012265516603093,2.6844409237081304,0
1571237948250,-0.19542962052064808,-1.8733088483383382,-1.4288787414510653,0.4291274564677171,2.787025246868175,0
1571237948500,-0.15189555537656493,-1.5156360916728355,-1.0794796987704494,0.7110200039226998,2.8171972913929944,0
1571237948750,0.3269791612083496,-1.3530575659157889,-1.0095998902343262,-0.8398541762999274,2.793059341660969,0
1571237949000,0.28344509606426643,-1.3205418607643795,-0.5903210390175868,-0.9872705309996079,2.734727141062545,0
1571237949250,0.022240705199767605,-1.7432460277327009,-0.66020084755371,-0.027584141569158442,2.68846470061056,0
1571237949500,-0.4566340113851469,-1.7757617328841102,-0.6951407518217716,-0.07080259093894425,2.612030215633756,0
1571237949750,-0.15189555537656493,-1.4831203865214262,-0.5903210390175868,0.20736860275425645,2.5657662046209198,0
1571237950000,-0.19542962052064808,-1.1904790401587422,-0.3457417091411556,0.15307066832098346,2.533583842205737,0
1571237950250,-0.3260318159528975,-1.5481517968242449,-0.5553811347495252,0.32890463356518057,2.49938959133934,0
1571237950500,-0.5872362068173963,-1.3205418607643795,-0.9047801774301413,-0.02614634579756087,2.4953658144369086,0
1571237950750,0.5881835520728484,-1.3855732710671982,-1.1493595073065725,-0.286725685344156,2.4933539259856943,0
1571237951000,-0.4566340113851469,-1.6131832071270635,-0.7300806560898333,0.6486027521909935,2.483297624851322,0
1571237951250,-0.4130999462410638,-1.7107303225812915,-0.45056142194534043,-0.5270067316446678,2.453125580326503,0
1571237951500,-0.06482742508839867,-2.26349731015525,-0.3457417091411556,-0.8449287496114484,2.4149091231185267,0
1571237951750,-0.06482742508839867,-1.1904790401587422,-1.1842994115746341,-0.10429477479498181,2.422955106362535,0
1571237952000,-1.0661109234023107,-1.9058245534897476,-1.6035782627913733,0.48807708310321757,2.4511152624361396,0
1571237952250,-0.06482742508839867,-1.5481517968242449,-1.289119124378819,1.093896560276947,2.437035184399338,0
1571237952500,-0.36956588109698063,-0.6377120525847833,-0.8349003688940181,-0.0025495798989889676,2.4651937699120903,0
1571237952750,0.5446494869287652,-2.6536857719721625,-0.8349003688940181,-0.9597832588955367,2.49938959133934,0
1571237953000,-0.6743043371055626,-1.9058245534897476,-0.7650205603578949,0.39918747392974413,2.513469669376141,0
1571237953250,-0.4566340113851469,-3.206452759546121,-1.4987585499871885,2.141711372884142,2.497377702888124,0
1571237953500,-2.6333372685893037,-0.8328062834932394,-0.7300806560898333,-0.5838419527337011,2.479273847948892,0
1571237953750,-0.8919746628259783,-1.4831203865214262,-0.6252609432856484,-2.3046297626704177,2.4491033739849244,0
1571237954000,-0.5437021416733132,-1.5481517968242449,-0.4156215176772788,-0.13651831532313913,2.4209432179113204,0
1571237954250,-0.36956588109698063,-1.6782146174298822,-0.45056142194534043,0.06358902559449932,2.4068631398745177,0
1571237954500,-0.5872362068173963,-2.1009187843982033,-0.9397200816982029,0.5354397673440787,2.4149091231185267,0
1571237954750,-1.0225768582582277,-1.9058245534897476,-0.9746599859662645,0.09978764855001465,2.3968052681792944,0
1571237955000,-0.36956588109698063,-1.4506046813700169,-0.4156215176772788,-0.21881097919163542,2.3827251901424926,0
1571237955250,-0.06482742508839867,-1.3855732710671982,-0.45056142194534043,-0.04678294393107896,2.35054282772731,0
1571237955500,-0.19542962052064808,-1.9383402586411569,-1.987917209740051,0.3885308699755504,2.340484956032086,0
1571237955750,-0.9790427931141445,-1.5481517968242449,-1.1842994115746341,0.14258321681050706,2.3103129115072667,0
1571237956000,-0.28249775080881434,-1.5156360916728355,-0.7650205603578949,-0.19039336864711873,2.304278816714473,0
1571237956250,-1.7191219005635578,-1.6782146174298822,0.49281599329232295,0.1901150534950856,2.35054282772731,0
1571237956500,-0.6743043371055626,-0.9303533989474674,-0.8698402731620797,0.29126821483806764,2.3746792068984837,0
1571237956750,-0.7178384022496457,-1.7757617328841102,-1.289119124378819,-0.2642284103297469,2.4712294352657347,0
1571237957000,-0.804906532537812,-2.0684030792467945,-0.45056142194534043,-0.6366175151735178,2.5476639202425395,0
1571237957250,-1.2837812491227265,-1.0279005144016955,-0.7300806560898333,-0.4436991531138673,2.6019723439385327,0
1571237957500,-0.15189555537656493,-1.8733088483383382,-0.6252609432856484,0.027221250195266628,2.6321443884633524,0
1571237957750,0.45758135664059896,-2.0684030792467945,-0.10116237926472436,0.7924669055726093,2.6442125780489385,0
1571237958000,-0.5872362068173963,-1.5156360916728355,-1.2192393158426957,-0.09406105195008144,2.6462244665001537,0
1571237958250,0.06577477034385075,-1.8733088483383382,-0.9397200816982029,-0.13381187622366136,2.5919160428041605,0
1571237958500,-1.5885197051313085,-1.8733088483383382,-0.5553811347495252,-0.020226010267453225,2.6442125780489385,0
1571237958750,-0.3260318159528975,-1.7432460277327009,-0.310801804873094,0.21675656338057,2.6784068289153367,0
1571237959000,-0.36956588109698063,-1.5806675019756542,-0.2758619006050324,0.4052769619035692,2.7025447786473626,0
1571237959250,-0.8919746628259783,-1.4180889762186075,-0.5553811347495252,1.349739631399456,2.7065669849889407,0
1571237959500,-0.9355087279700615,-1.6782146174298822,-0.24092199633697078,-0.9114056599923714,2.7065669849889407,0
1571237959750,-0.28249775080881434,-1.3530575659157889,-0.7300806560898333,-0.6104834626191856,2.6542704497441627,0
1571237960000,-0.6743043371055626,-1.6782146174298822,-0.2059820920689092,-0.13169747067719434,2.6261102936705587,0
1571237960250,-0.804906532537812,-1.5806675019756542,-1.0095998902343262,-0.06801157561760779,2.5999604554873175,0
1571237960500,-0.4566340113851469,-1.4180889762186075,-0.4156215176772788,0.11171289583208863,2.551686126584118,0
1571237960750,-0.15189555537656493,-1.2880261556129702,-0.48550132621340203,0.42295339227203343,2.513469669376141,0
1571237961000,0.10930883548793388,-2.458591541063706,-0.310801804873094,0.09149917880786394,2.483297624851322,0
1571237961250,-0.7178384022496457,-1.5806675019756542,-0.7999604646259565,-0.06691208473344495,2.4712294352657347,0
1571237961500,-0.6743043371055626,-1.8733088483383382,-0.8349003688940181,-0.5796977178626258,2.461171563570512,0
1571237961750,-0.5437021416733132,-1.8407931431869289,-0.3457417091411556,0.3681480005076084,2.447091485533709,0
1571237962000,-0.4130999462410638,-1.2880261556129702,-0.66020084755371,-0.11791154651422939,2.4350232959481226,0
1571237962250,-0.8919746628259783,-1.4506046813700169,-0.5553811347495252,0.24196027749445684,2.418931329460105,0
1571237962500,-0.8919746628259783,-1.7757617328841102,-1.0794796987704494,0.17277692801405606,2.410885346216096,0
1571237962750,-0.8484405976818952,-1.6456989122784729,-1.0095998902343262,0.15476219275815706,2.402839362972088,0
1571237963000,-0.804906532537812,-1.5156360916728355,-0.13610228353278597,0.11475763981900113,2.3968052681792944,0
1571237963250,-1.109644988546394,-2.5561386565179345,-0.6252609432856484,0.017833289568953074,2.3968052681792944,0
1571237963500,-0.6307702719614795,-1.8407931431869289,-0.7999604646259565,-0.27048705074728935,2.3867489670449222,0
1571237963750,-0.5437021416733132,-1.5806675019756542,-0.8349003688940181,-0.07139462449195502,2.3988171566305097,0
1571237964000,-0.7178384022496457,-2.361044425609478,-0.45056142194534043,0.168294388255546,2.4048512514233025,0
1571237964250,-0.28249775080881434,-1.1904790401587422,-0.2758619006050324,-0.11232951587155646,2.392783061837716,0
1571237964500,-0.4566340113851469,-1.8082774380355195,-0.5204412304814636,-0.25314892526625976,2.3867489670449222,0
1571237964750,-0.9790427931141445,-1.7107303225812915,-0.9746599859662645,0.049549372765958326,2.3646229057641115,0
1571237965000,-0.5437021416733132,-2.0684030792467945,-0.7300806560898333,0.26420382384328983,2.3605991288616814,0
1571237965250,-1.0225768582582277,-1.5156360916728355,-0.7300806560898333,-0.2596612943493782,2.352554716178525,0
1571237965500,-0.19542962052064808,-2.0684030792467945,-0.6951407518217716,0.1293047499786942,2.3344508612392922,0
1571237965750,-0.804906532537812,-1.6131832071270635,-0.5553811347495252,-0.10886189077535055,2.3203707832024905,0
1571237966000,-0.6743043371055626,-2.361044425609478,-1.0445397945023878,0.1864782759551623,2.316348576860912,0
1571237966250,-1.2837812491227265,-0.897837693796058,-0.9047801774301413,0.22749774355662244,2.3143366884096968,0
1571237966500,0.41404729149651587,-3.108905644091893,-0.17104218780084757,-0.45985321148887537,2.300256610372895,0
1571237966750,-0.8919746628259783,-1.8733088483383382,-0.5553811347495252,-0.04043972729167791,2.2821527554336623,0
1571237967000,-0.50016807652923,-2.1009187843982033,-1.0794796987704494,0.07255410511151947,2.2861765323360927,0
1571237967250,-1.109644988546394,-1.7432460277327009,-0.7650205603578949,0.19620454146891061,2.2982447219216797,0
1571237967500,-0.3260318159528975,-1.8407931431869289,-0.6252609432856484,-0.24283062619950072,2.280142437543299,0
1571237967750,-1.0225768582582277,-1.5481517968242449,-0.8698402731620797,-0.19580624684607428,2.304278816714473,0
1571237968000,-0.9355087279700615,-2.003371668943976,-0.17104218780084757,0.04016141213964477,2.318358894751275,0
1571237968250,-0.021293359944315533,-1.8407931431869289,-0.8698402731620797,0.9309181807552696,2.3344508612392922,0
1571237968500,0.10930883548793388,-2.26349731015525,-0.5903210390175868,-1.6476416712721864,2.312324799958482,0
1571237968750,-1.2402471839786433,-3.303999875000349,-2.9312946249777143,-0.17762235914645794,2.3203707832024905,0
1571237969000,-1.4143834445549759,-0.31255500107068984,-0.8349003688940181,0.03178836617563539,2.326404877995284,0
1571237969250,-0.3260318159528975,-3.108905644091893,-0.3806816134092172,0.8021085948644989,2.300256610372895,0
1571237969500,-1.457917509699059,-2.035887374095385,-0.9746599859662645,-0.25847722724335664,2.288188420787308,0
1571237969750,-1.8932581611398904,-1.7757617328841102,-0.9047801774301413,0.7148259339063404,2.280142437543299,0
1571237970000,-0.6743043371055626,-2.458591541063706,-1.2192393158426957,-0.1388864495351822,2.2741083427505053,0
1571237970250,0.19637696577610014,-1.0604162195531048,-0.9746599859662645,0.6995176377499193,2.2459481866769018,0
1571237970500,0.5011154217846822,-1.7107303225812915,-0.031282570728601154,0.30412380056058713,2.237902203432893,0
1571237970750,-0.7178384022496457,-1.5481517968242449,-0.5204412304814636,-0.5653197601466501,2.2479585045672645,0
1571237971000,-0.6743043371055626,-1.0929319247045142,-0.310801804873094,-1.3479035410050222,2.280142437543299,0
1571237971250,-0.50016807652923,-1.2229947453101515,-0.48550132621340203,-0.06065344431590259,2.30226849882411,0
1571237971500,-0.19542962052064808,-2.7512328874263905,-0.5204412304814636,0.08025054130065941,2.296232833470464,0
1571237971750,-0.50016807652923,-1.8082774380355195,-0.9047801774301413,0.36104359787147916,2.30226849882411,0
1571237972000,-0.8919746628259783,-1.2880261556129702,-0.9047801774301413,-0.012698726522030648,2.2942225155801013,0
1571237972250,-1.0225768582582277,-1.7107303225812915,-0.10116237926472436,0.47725132670530646,2.292210627128886,0
1571237972500,-0.28249775080881434,-1.3855732710671982,-0.7650205603578949,0.010136853379813134,2.288188420787308,0
1571237972750,-0.3260318159528975,-1.9058245534897476,-0.7300806560898333,-0.07900648445923629,2.2660623595064973,0
1571237973000,-2.110928486860306,-1.8733088483383382,-1.114419603038511,-0.06039971565032654,2.2600282647137035,0
1571237973250,-0.6307702719614795,-1.9383402586411569,-0.45056142194534043,0.3437054723904497,2.2519822814696946,0
1571237973500,0.10930883548793388,-1.6782146174298822,-0.3806816134092172,0.04904191543480623,2.2459481866769018,0
1571237973750,-0.15189555537656493,-1.8733088483383382,-0.7300806560898333,-0.011007202084857034,2.2238221253960906,0
1571237974000,-0.6743043371055626,-1.2880261556129702,-0.9397200816982029,0.07948935530393128,2.215776142152082,0
1571237974250,-0.804906532537812,-1.8733088483383382,-0.66020084755371,0.26987043070782146,2.211752365249652,0
1571237974500,-0.36956588109698063,-1.5806675019756542,-0.4156215176772788,0.5243602822805916,2.211752365249652,0
1571237974750,-0.7613724673937289,-1.3855732710671982,-0.6252609432856484,-0.09499139039052694,2.2077301589080736,0
1571237975000,-0.9790427931141445,-1.5156360916728355,-0.9047801774301413,-0.26989501719427855,2.199684175664065,0
1571237975250,-0.4566340113851469,-1.9383402586411569,-0.10116237926472436,0.19493589814103038,2.1936500808712713,0
1571237975500,-0.4130999462410638,-1.7757617328841102,-0.5553811347495252,-0.023862787807376492,2.1936500808712713,0
1571237975750,-1.2837812491227265,-1.8082774380355195,-0.7650205603578949,-0.1927615028591618,2.189627874529693,0
1571237976000,-0.804906532537812,-1.5481517968242449,-0.8698402731620797,-0.10150375947364534,2.187615986078478,0
1571237976250,-0.6743043371055626,-1.7432460277327009,-0.7999604646259565,0.009544819826802367,2.1835937797368996,0
1571237976500,-0.5872362068173963,-1.7432460277327009,-0.7650205603578949,0.3342329355422774,2.1835937797368996,0
1571237976750,-0.7178384022496457,-1.6782146174298822,-0.6252609432856484,-0.36039157458306686,2.1735359080416754,0
1571237977000,-0.6743043371055626,-2.035887374095385,-0.7999604646259565,0.10756866096101327,2.1675018132488826,0
1571237977250,-0.8484405976818952,-1.2229947453101515,-0.5204412304814636,-0.22921385448025314,2.159455830004874,0
1571237977500,-0.6307702719614795,-1.3855732710671982,-0.5553811347495252,0.16795608336811127,2.1675018132488826,0
1571237977750,-0.4566340113851469,-2.165950194701022,-0.3806816134092172,-0.034350239317852894,2.1755477964928907,0
1571237978000,-0.6307702719614795,-1.8407931431869289,-0.8698402731620797,0.010475158267247854,2.169513701700097,0
1571237978250,-0.5872362068173963,-1.4180889762186075,-0.48550132621340203,0.09750409055983025,2.1755477964928907,0
1571237978500,-0.804906532537812,-1.5806675019756542,-0.3806816134092172,0.19332894992571548,2.1815818912856844,0
1571237978750,-0.50016807652923,-1.4506046813700169,-0.6951407518217716,-0.07731496002206267,2.1835937797368996,0
1571237979000,-0.5437021416733132,-2.1009187843982033,-0.3806816134092172,0.033226161947232956,2.1936500808712713,0
1571237979250,-0.23896368566473122,-2.003371668943976,-0.66020084755371,-0.11571256474590369,2.2057182704568583,0
1571237979500,-0.7178384022496457,-1.4506046813700169,-0.9746599859662645,0.3342329355422774,2.209742047359289,0
1571237979750,-0.4566340113851469,-1.5806675019756542,-0.310801804873094,-0.14945847726751726,2.20169606411528,0
1571237980000,-0.804906532537812,-1.5806675019756542,-0.5204412304814636,-0.032658714880679285,2.199684175664065,0
1571237980250,-0.9355087279700615,-1.5806675019756542,-0.6252609432856484,-0.1245084918192065,2.187615986078478,0
1571237980500,-0.23896368566473122,-1.5806675019756542,-0.7999604646259565,0.012843292479290913,2.1835937797368996,0
1571237980750,-0.6743043371055626,-1.4831203865214262,-0.8698402731620797,0.1778515013255769,2.169513701700097,0
1571237981000,-0.7613724673937289,-1.9058245534897476,-0.5553811347495252,0.09302155080132019,2.197673857773702,0
1571237981250,-0.36956588109698063,-2.2309816050038407,-0.6951407518217716,-0.0938073232845054,2.2298562201888843,0
1571237981500,-0.23896368566473122,-1.3855732710671982,-0.66020084755371,-0.24071622065303372,2.2680726773968605,0
1571237981750,-1.0225768582582277,-1.5481517968242449,-0.6252609432856484,0.14901100967176678,2.296232833470464,0
1571237982000,-0.23896368566473122,-2.003371668943976,-1.0445397945023878,0.22470672823528598,2.312324799958482,0
1571237982250,-0.6307702719614795,-1.5481517968242449,-1.0445397945023878,-0.27835263938014665,2.312324799958482,0
1571237982500,-1.0225768582582277,-2.3285287204580687,1.191614078653555,-0.3989583317506253,2.300256610372895,0
1571237982750,-0.8919746628259783,-1.2229947453101515,-0.7650205603578949,0.19112996815738975,2.2861765323360927,0
1571237983000,-1.2402471839786433,-1.5806675019756542,-0.45056142194534043,-0.21517420165171214,2.2459481866769018,0
1571237983250,-0.4130999462410638,-1.6131832071270635,-1.0095998902343262,0.30970583120326,2.25399416992091,0
1571237983500,-0.6307702719614795,-1.7432460277327009,-1.114419603038511,0.1638118484970359,2.280142437543299,0
1571237983750,-0.7178384022496457,-1.7757617328841102,-1.1493595073065725,0.14867270478433206,2.2741083427505053,0
1571237984000,-0.021293359944315533,-2.816264297729209,-0.310801804873094,-0.5088228439450515,2.2620385826040668,0
1571237984250,-1.5885197051313085,-1.2880261556129702,-0.7300806560898333,0.2533780674453787,2.264050471055282,0
1571237984500,1.4588648549545111,-3.6291569265144425,-1.987917209740051,0.13167288419073725,2.2519822814696946,0
1571237984750,0.06577477034385075,-2.4260758359122967,0.14341695061170687,0.07187749533665003,2.2238221253960906,0
1571237985000,-2.9380757245978852,-2.2960130153066594,-1.7782777841316815,0.2341792650834582,2.2338784265304623,0
1571237985250,-0.7613724673937289,-1.7107303225812915,-1.5686383585233117,0.5331562093538943,2.237902203432893,0
1571237985500,-0.23896368566473122,-1.9383402586411569,-0.5553811347495252,0.7685318347866027,2.2197983484936605,0
1571237985750,-0.8919746628259783,-1.5806675019756542,-0.3806816134092172,-0.6585227566349161,2.256004487811273,0
1571237986000,-0.804906532537812,-1.3205418607643795,-0.6252609432856484,0.6785427347289665,2.2841646438848775,0
1571237986250,-0.28249775080881434,-1.8733088483383382,-0.9397200816982029,-0.5742848396636703,2.3445087329345164,0
1571237986500,-2.807473529165636,-2.1009187843982033,-0.10116237926472436,-2.3729673499322317,2.3988171566305097,0
1571237986750,-0.19542962052064808,-1.7107303225812915,-0.9047801774301413,-0.29755144174206716,2.422955106362535,0
1571237987000,-0.3260318159528975,-1.7432460277327009,-0.8698402731620797,-0.1768611731497298,2.439045502289701,0
1571237987250,-0.5437021416733132,-1.7107303225812915,-0.8698402731620797,0.08507138594660421,2.428989201155329,0
1571237987500,-0.5872362068173963,-1.7107303225812915,-0.9047801774301413,-0.2482435043984563,2.4048512514233025,0
1571237987750,-0.4566340113851469,-1.8733088483383382,-0.9746599859662645,0.19958759034325782,2.366634794215327,0
1571237988000,-0.19542962052064808,-1.5481517968242449,-0.9397200816982029,-0.21424386321126668,2.330428654897714,0
1571237988250,-0.5872362068173963,-2.1334344895496127,-1.0095998902343262,0.23629367062992523,2.296232833470464,0
1571237988500,-0.50016807652923,-1.6456989122784729,-0.9746599859662645,-0.08534970109863733,2.2700845658480757,0
1571237988750,-0.4566340113851469,-1.8407931431869289,-1.0095998902343262,0.2238609660166992,2.2459481866769018,0
1571237989000,-0.5872362068173963,-1.8733088483383382,-1.0794796987704494,-0.22473131472174307,2.225834013847306,0
1571237989250,-0.7613724673937289,-1.6456989122784729,-1.0445397945023878,0.21227402362205994,2.225834013847306,0
1571237989500,1.7200692458190099,-1.9383402586411569,1.2265539829216165,-0.14311526062811622,2.225834013847306,0
1571237989750,-1.0661109234023107,-1.6131832071270635,-0.9047801774301413,0.1923140352634113,2.25399416992091,0
1571237990000,-0.5437021416733132,-1.7107303225812915,-0.9047801774301413,-0.04593718171249215,2.2338784265304623,0
1571237990250,-0.4130999462410638,-1.7107303225812915,-0.5903210390175868,0.2897458428446114,2.2358903149816776,0
1571237990500,-0.8919746628259783,-2.0684030792467945,-0.7300806560898333,0.28788516596372044,2.2238221253960906,0
1571237990750,-0.6743043371055626,-1.8082774380355195,-0.8698402731620797,-0.3350187080254627,2.213764253700867,0
1571237991000,-0.6307702719614795,-1.1904790401587422,-0.9047801774301413,-0.6767066443345325,2.213764253700867,0
1571237991250,0.3269791612083496,-2.1984658998524313,-0.2059820920689092,0.21379639561551617,2.213764253700867,0
1571237991500,-0.15189555537656493,-1.6456989122784729,-1.0445397945023878,0.13091169819400914,2.215776142152082,0
1571237991750,-0.5437021416733132,-1.9383402586411569,-0.9047801774301413,-0.21728860719817916,2.213764253700867,0
1571237992000,-0.3260318159528975,-1.9058245534897476,-0.7650205603578949,0.015549731578768695,2.2680726773968605,0
1571237992250,-0.5872362068173963,-1.4831203865214262,-0.8349003688940181,0.46431116476092826,2.356576922520103,0
1571237992500,-0.6743043371055626,-1.9383402586411569,-0.9397200816982029,-0.07359360626028072,2.4149091231185267,0
1571237992750,-0.3260318159528975,-1.3530575659157889,-0.6951407518217716,-0.12983679379630336,2.4330114074969074,0
1571237993000,-0.50016807652923,-1.5481517968242449,-0.3457417091411556,0.011828377816986747,2.463183452021726,0
1571237993250,-0.9355087279700615,-1.9708559637925664,-0.8349003688940181,0.2324031644244259,2.4430692791921307,0
1571237993500,-0.6743043371055626,-1.8082774380355195,-1.0095998902343262,0.0008334689753582592,2.422955106362535,0
1571237993750,-0.804906532537812,-1.4180889762186075,-0.9047801774301413,0.26335806162470304,2.3907711733865007,0
1571237994000,0.2399110309201833,-2.1984658998524313,-0.2059820920689092,-0.1450605137308659,2.346519050824879,0
1571237994250,-0.7613724673937289,-1.8733088483383382,-1.0445397945023878,0.11898645091193516,2.316348576860912,0
1571237994500,-0.804906532537812,-0.8653219886446487,-0.7650205603578949,-0.1388864495351822,2.27209645429929,0
1571237994750,-0.1083614902324818,-1.5806675019756542,-1.0794796987704494,0.19645827013448663,2.2620385826040668,0
1571237995000,-0.8484405976818952,-1.4831203865214262,-0.9397200816982029,-0.01574347050894315,2.2439362982256865,0
1571237995250,-0.8919746628259783,-1.9383402586411569,-0.6252609432856484,0.2669948391646263,2.2177880306032973,0
1571237995500,-0.5437021416733132,-1.8733088483383382,-1.2541792201107573,0.2998104132457944,2.213764253700867,0
1571237995750,-0.021293359944315533,-1.4180889762186075,-0.13610228353278597,-0.5073004719515952,2.227844331737669,0
1571237996000,-0.5872362068173963,-2.035887374095385,-0.66020084755371,0.04286785123912255,2.290198738677671,0
1571237996250,-0.7613724673937289,-1.2555104504615608,-1.1493595073065725,-0.05701666677597932,2.35054282772731,0
1571237996500,-0.804906532537812,-1.3530575659157889,-0.66020084755371,0.0522558118654361,2.402839362972088,0
1571237996750,-1.0661109234023107,-2.1334344895496127,-0.13610228353278597,-0.17415473405025206,2.445079597082494,0
1571237997000,-0.50016807652923,-1.2880261556129702,-0.8349003688940181,0.4064610290095907,2.453125580326503,0
1571237997250,-0.6743043371055626,-1.6782146174298822,-0.9746599859662645,-0.16341355387419956,2.437035184399338,0
1571237997500,-0.9355087279700615,-1.6131832071270635,-1.289119124378819,0.9437737664777891,2.4149091231185267,0
1571237997750,-0.7613724673937289,-1.6456989122784729,-1.0095998902343262,-0.17440846271582808,2.3827251901424926,0
1571237998000,-1.1531790536904771,-1.7432460277327009,-0.9047801774301413,-0.9549624142495918,2.3545650340688877,0
1571237998250,0.15284290063201703,-1.5156360916728355,-1.0095998902343262,-0.3029643199410227,2.3223826716537057,0
1571237998500,0.2399110309201833,-1.6131832071270635,-0.310801804873094,0.17641370555397934,2.3062907051656882,0
1571237998750,-0.5872362068173963,-1.7107303225812915,-0.5204412304814636,0.19299064503828073,2.3103129115072667,0
1571237999000,0.45758135664059896,-1.6456989122784729,-0.031282570728601154,0.901654807992166,2.27209645429929,0
1571237999250,0.3705132263524327,-0.41010211652491785,-0.24092199633697078,-0.9401615754243228,2.24997039301848,0
1571237999500,0.10930883548793388,-1.8733088483383382,-1.53369845425525,-0.08526512487677865,2.227844331737669,0
1571237999750,1.1976604640900124,-0.6377120525847833,-0.5204412304814636,-0.43329627782524965,2.213764253700867,0
1571238000000,1.5023989200985943,-0.2800392959192805,-1.53369845425525,0.1297276310879876,2.348530939276095,0
1571238000250,1.110592333801846,-0.5076492319791459,-1.53369845425525,1.4749970159721622,2.340484956032086,0
1571238000500,2.460148353268423,-0.3775864113735085,-1.2192393158426957,2.800390988719547,2.2620385826040668,0
1571238000750,0.8493879429373472,-0.4426178216763272,-0.5903210390175868,-0.8150733432953341,2.300256610372895,0
1571238001000,1.371796724666345,-0.3450707062220992,-0.9746599859662645,0.7426515108978464,2.30226849882411,0
1571238001250,0.8058538777932641,-0.31255500107068984,-0.5903210390175868,-2.941573289488142,2.3364627496905075,0
1571238001500,0.9364560732255135,-0.3450707062220992,-0.7650205603578949,-1.8085902214692557,2.3726688890081205,0
1571238001750,1.067058268657763,-0.24752359076787114,-0.7650205603578949,-0.5463746864503056,2.5013999092297032,0
1571238002000,1.0235242035136798,-0.3775864113735085,-0.8349003688940181,0.4848631866725877,2.6080064387313264,0
1571238002250,1.371796724666345,-0.3450707062220992,-0.5553811347495252,0.5162409649821582,2.724670839928173,0
1571238002500,0.7187857475050978,-0.3450707062220992,-0.06622247499666276,0.30792973054422773,2.803117213356192,0
1571238002750,0.5881835520728484,-0.3450707062220992,0.21329675914783008,0.508375376349301,2.8674819381865575,0
1571238003000,0.6317176172169315,-0.31255500107068984,0.1783568548797685,-0.7945213213836746,2.9740884676881807,0
1571238003250,0.7623198126491809,-0.3450707062220992,0.3530563762200765,-0.48438031582789276,2.9419061052729987,0
1571238003500,0.9364560732255135,-0.41010211652491785,0.3181164719520149,-0.574876873216681,2.8976539827113768,0
1571238003750,0.8058538777932641,-0.3775864113735085,0.24823666341589168,0.384386635104475,2.901676189052955,0
1571238004000,0.8493879429373472,-0.3450707062220992,0.3879962804881381,-0.3839037642597801,2.8755279214305665,0
1571238004250,0.45758135664059896,-0.3775864113735085,0.3181164719520149,0.30649193477263015,2.7830014699657455,0
1571238004500,0.6317176172169315,-0.41010211652491785,0.4229361847561997,-0.16206033432446068,2.6442125780489385,0
1571238004750,0.45758135664059896,-0.31255500107068984,0.4229361847561997,0.39056069930015874,2.5899041543529457,0
1571238005000,0.6752516823610146,-0.3775864113735085,0.2831765676839533,0.0026941458562492336,2.5396179369985306,0
1571238005250,0.8058538777932641,-0.24752359076787114,0.3181164719520149,0.8719685541197691,2.543640143340109,0
1571238005500,0.2399110309201833,-0.2800392959192805,0.10847704634364527,0.4182171238479473,2.505423686132133,0
1571238005750,0.9364560732255135,-0.2150078856164618,0.10847704634364527,0.22250774646696028,2.5034117976809176,0
1571238006000,0.8058538777932641,-0.18249218046505244,0.07353714207558366,0.5896531255554931,2.489331719644116,0
1571238006250,0.8929220080814304,-0.18249218046505244,0.003657333539460452,0.47276878694679636,2.4812857364001073,0
1571238006500,0.9364560732255135,-0.18249218046505244,0.1783568548797685,-0.22828351603980765,2.507434004022496,0
1571238006750,0.6752516823610146,-0.11746077016223377,0.1783568548797685,-0.7358254234137502,2.567778093072135,0
1571238007000,0.8493879429373472,-0.2800392959192805,0.038597237807522056,0.13311067996233483,2.6763949404641223,0
1571238007250,1.2411945292340956,-0.6051963474333739,0.2831765676839533,-0.5597377295039772,2.8171972913929944,0
1571238007500,-0.19542962052064808,-0.08494506501082442,0.5626958018284461,-0.5535636653082935,2.871505715088988,0
1571238007750,-0.1083614902324818,-1.0279005144016955,0.4229361847561997,-0.4510572844155725,2.887596111016153,0
1571238008000,0.5446494869287652,-1.3855732710671982,-0.2758619006050324,0.11492679226271849,2.8795516983329965,0
1571238008250,-0.19542962052064808,-1.7107303225812915,-0.6951407518217716,-0.06327530719352169,2.863459731844979,0
1571238008500,-0.3260318159528975,-2.003371668943976,-0.5553811347495252,0.841013656919492,2.7970815480025464,0
1571238008750,-0.28249775080881434,-1.8733088483383382,-0.5204412304814636,0.7221840652080457,2.7467953306481325,0
1571238009000,-0.28249775080881434,-1.5156360916728355,-0.5903210390175868,-0.016335504061953915,2.724670839928173,0
1571238009250,-0.5872362068173963,-1.7107303225812915,-0.4156215176772788,-0.09964308259275437,2.8413336705641683,0
1571238009500,-0.3260318159528975,-0.9303533989474674,-0.13610228353278597,-0.14928932482379992,3.058568935908993,0
1571238009750,-0.6307702719614795,-0.995384809250286,0.1783568548797685,-0.7224623803600787,3.293908056193051,0
1571238010000,-0.7613724673937289,-1.8733088483383382,-0.17104218780084757,0.1480806712313213,3.378388524413863,0
1571238010250,-0.021293359944315533,-1.8733088483383382,-0.45056142194534043,0.33220310621766913,3.4809712770130568,0
1571238010500,-0.8919746628259783,-1.3530575659157889,-0.6252609432856484,0.6385381817898105,3.80280118340829,0
1571238010750,-0.9355087279700615,-2.003371668943976,-0.24092199633697078,-0.039932269960525825,4.134861723192451,0
1571238011000,-0.4566340113851469,-1.4506046813700169,-0.5553811347495252,-0.24164655909347918,4.255548330730876,0
1571238011250,-0.06482742508839867,-1.9383402586411569,-0.3806816134092172,-0.24156198287162053,4.253536442279661,0
1571238011500,-0.36956588109698063,-2.1009187843982033,-0.66020084755371,-1.0173796659812984,4.152965578131683,0
1571238011750,-0.8919746628259783,-1.3205418607643795,-0.5903210390175868,0.2402687530572832,3.939752519128436,0
1571238012000,-0.36956588109698063,-1.6456989122784729,-0.3806816134092172,0.09767324300354763,3.7044133988443786,0
1571238012250,-0.4566340113851469,-1.1904790401587422,-0.66020084755371,0.18529420884914077,3.5153382895731573,0
1571238012500,-0.4566340113851469,-2.4911072462151154,-0.310801804873094,0.20305521543946373,3.3524130184851777,0
1571238012750,-0.6743043371055626,-2.0684030792467945,-0.7999604646259565,0.018087018234529118,3.221668539251528,0
1571238013000,-0.7178384022496457,-1.3855732710671982,-0.5553811347495252,0.09344443191061359,3.1110398034083264,0
1571238013250,-0.6307702719614795,-2.3935601307608874,-0.48550132621340203,-0.03477312042714631,3.0346053184315225,0
1571238013500,-0.8919746628259783,-1.5806675019756542,-0.7999604646259565,0.012758716257432232,2.978285006284314,0
1571238013750,-0.7613724673937289,-1.5156360916728355,-0.24092199633697078,-0.32520786628985576,2.9199528056858903,0
1571238014000,-0.4566340113851469,-2.1009187843982033,-0.5903210390175868,0.073738172217541,2.962020278102594,0
1571238014250,-0.5437021416733132,-1.0929319247045142,-0.8349003688940181,0.14647372301600636,3.030408779835389,0
1571238014500,-0.9790427931141445,-1.5481517968242449,-0.45056142194534043,0.4471421917236161,3.1470731810322365,0
1571238014750,-0.8919746628259783,-1.5481517968242449,-0.5903210390175868,0.12067797534910876,3.2858620729490426,0
1571238015000,-0.5872362068173963,-2.4260758359122967,-0.4156215176772788,-0.30964584146785845,3.3381586081938206,0
1571238015250,0.19637696577610014,-2.1984658998524313,-1.3589989329149421,-0.10387189368568839,3.344194273547466,0
1571238015500,0.10930883548793388,-0.995384809250286,-0.4156215176772788,0.11644916425617473,3.265747900119447,0
1571238015750,0.8058538777932641,-0.08494506501082442,-0.031282570728601154,0.07602173020772537,3.1752333371058405,0
1571238016000,0.15284290063201703,-1.5806675019756542,-0.310801804873094,-0.14835898638335443,3.080694997189804,0
1571238016250,1.415330789810428,-1.0604162195531048,-0.4156215176772788,0.020201423780996132,3.020352478701018,0
1571238016500,0.8058538777932641,-0.897837693796058,-0.3806816134092172,0.46101269210843976,2.968054372895387,0
1571238016750,0.7623198126491809,-1.0929319247045142,-0.8698402731620797,0.9324405527487258,2.9318482335777745,0
1571238017000,0.7623198126491809,-0.995384809250286,-0.45056142194534043,1.0819713129948731,2.9077118544066,0
1571238017250,0.5011154217846822,-1.0279005144016955,-0.2758619006050324,-0.48734048359294657,2.9077118544066,0
1571238017500,0.3705132263524327,-0.995384809250286,-0.06622247499666276,-0.3218248174155085,3.0847172035313823,0
1571238017750,0.3269791612083496,-1.0604162195531048,-0.06622247499666276,-0.34863547974471026,3.090752868885028,0
1571238018000,0.3269791612083496,-1.2229947453101515,-0.17104218780084757,1.803744790336854,3.1008091700193994,0
1571238018250,0.8058538777932641,-0.9303533989474674,0.10847704634364527,0.7840092833867413,3.058568935908993,0
1571238018500,-0.9355087279700615,-0.995384809250286,-0.17104218780084757,-0.041708370619558115,2.9559861833098005,0
1571238018750,0.10930883548793388,-1.8733088483383382,-0.7999604646259565,-0.17119456628519822,2.9197800439921875,0
1571238019000,0.10930883548793388,-2.0684030792467945,-2.092736922544236,-1.8351471551328815,2.899665871162592,0
1571238019250,0.28344509606426643,-1.4180889762186075,-1.7782777841316815,-7.514271300499571,2.962020278102594,0
1571238019500,2.024807701827592,-2.523622951366525,-0.6951407518217716,-1.1775670301816394,2.9459283116145767,0
1571238019750,-1.7191219005635578,-1.4831203865214262,-0.6252609432856484,1.6184382882444848,2.9398942168217834,0
1571238020000,-1.5885197051313085,-1.5156360916728355,-1.813217688399743,2.0597570139030803,2.8534018601497557,0
1571238020250,-0.9355087279700615,-1.5806675019756542,-1.7083979755955583,0.12634458221364037,2.770933280380158,0
1571238020500,-2.3285988125807218,-1.7107303225812915,-1.638518167059435,1.0149023690609396,2.7307049347209666,0
1571238020750,-1.9803262914280568,-1.8407931431869289,-1.5686383585233117,1.4285646701717467,2.7467953306481325,0
1571238021000,-1.2402471839786433,-1.7432460277327009,-1.7433378798636199,2.071513108741437,2.793059341660969,0
1571238021250,-1.5014515748431423,-1.7107303225812915,-1.7782777841316815,-0.451733894190442,2.628120611560921,0
1571238021500,-2.3285988125807218,-1.8733088483383382,-1.6734580713274967,-0.6565775035321665,2.557720221376911,0
1571238021750,-1.9803262914280568,-1.4831203865214262,-1.1493595073065725,-2.164656115494301,2.5476639202425395,0
1571238022000,-1.370849379410893,-1.6456989122784729,-1.3589989329149421,-0.07579258802860642,2.4933539259856943,0
1571238022250,-1.8061900308517242,-1.4831203865214262,-1.7083979755955583,2.5128318344000324,2.491343608095331,0
1571238022500,-2.02386035657214,-1.6782146174298822,-1.4288787414510653,-0.8741075461526933,2.475251641607313,0
1571238022750,-0.9355087279700615,-1.3530575659157889,-1.2192393158426957,-0.2992429661792408,2.4571493572289334,0
1571238023000,-1.0225768582582277,-1.4506046813700169,-2.092736922544236,-0.9066693915682853,2.4088750283257334,0
1571238023250,-1.8497240959958072,-1.5481517968242449,-1.7083979755955583,-0.6791593547684343,2.356576922520103,0
1571238023500,-0.5437021416733132,-1.4506046813700169,-2.2324965396164824,-0.4425150860078458,2.35054282772731,0
1571238023750,-0.5437021416733132,-2.458591541063706,-1.638518167059435,1.2666012053123732,2.4511152624361396,0
1571238024000,-0.5437021416733132,-1.3205418607643795,-1.0445397945023878,0.03187294239749407,2.5174918757177194,0
1571238024250,-0.5437021416733132,-1.6782146174298822,-1.0445397945023878,-0.2890092433343404,2.5275497474129436,0
1571238024500,-0.804906532537812,-1.7107303225812915,-1.3240590286468805,-1.0259218643890249,2.531571953754522,0
1571238024750,-0.6743043371055626,-1.8082774380355195,-1.289119124378819,0.4836791195665662,2.5376060485473153,0
1571238025000,-0.7613724673937289,-1.6782146174298822,-1.1842994115746341,0.053947336302609714,2.5476639202425395,0
1571238025250,-0.7178384022496457,-1.6782146174298822,-1.0095998902343262,1.1086973991022162,2.5778359647673583,0
1571238025500,-0.6307702719614795,-1.6782146174298822,-1.0445397945023878,0.4837636957884248,2.628120611560921,0
1571238025750,-0.7613724673937289,-1.6782146174298822,-1.114419603038511,0.5572604325836185,2.6623164329881708,0
1571238026000,-0.7613724673937289,-1.6782146174298822,-0.9746599859662645,-0.02496227869153934,2.6924869069521384,0
1571238026250,-0.7178384022496457,-1.6131832071270635,-0.9397200816982029,0.446634734392464,2.690475018500923,0
1571238026500,-0.7178384022496457,-1.6456989122784729,-0.9397200816982029,-0.17711490181530584,2.6924869069521384,0
1571238026750,-0.7178384022496457,-1.5806675019756542,-0.8698402731620797,0.536708410671959,2.6784068289153367,0
1571238027000,-0.804906532537812,-1.6456989122784729,-0.9746599859662645,-0.06750411828645572,2.658292656085741,0
1571238027250,-0.804906532537812,-1.6782146174298822,-1.0095998902343262,0.4395303317563348,2.6381784832561452,0
1571238027500,-0.7613724673937289,-1.7757617328841102,-1.0095998902343262,-0.030544309334212264,2.620076198877765,0
1571238027750,-0.804906532537812,-1.6782146174298822,-1.0095998902343262,0.5130270685515284,2.605996120840963,0
1571238028000,-0.7613724673937289,-1.6456989122784729,-0.9746599859662645,0.012166682704421469,2.5919160428041605,0
1571238028250,-0.7178384022496457,-1.7107303225812915,-0.9047801774301413,0.360028683209175,2.5878922659017305,0
1571238028500,-0.7613724673937289,-1.6782146174298822,-0.9746599859662645,0.04667378122276318,2.581858171108937,0
1571238028750,-0.7178384022496457,-1.7107303225812915,-0.9746599859662645,0.1358171190618126,2.575824076316143,0
1571238029000,-0.804906532537812,-1.6456989122784729,-1.0794796987704494,-0.021663806039050798,2.573812187864928,0
1571238029250,-0.804906532537812,-1.7432460277327009,-1.1842994115746341,0.01707210357222495,2.5637558867305565,0
1571238029500,-0.06482742508839867,-1.7757617328841102,-0.9746599859662645,0.08989223059254901,2.557720221376911,0
1571238029750,0.10930883548793388,-1.1904790401587422,-0.9746599859662645,0.13505593306508448,2.603984232389748,0
1571238030000,0.3269791612083496,-1.7107303225812915,-2.022857114008113,0.9382763120569748,2.595938249145739,0
1571238030250,0.6752516823610146,-1.2229947453101515,-1.1842994115746341,3.2516897085574668,2.5536980150353323,0
1571238030500,0.9364560732255135,-1.3855732710671982,-1.463818645719127,-3.6524364342103532,2.5778359647673583,0
1571238030750,-0.4130999462410638,-1.8082774380355195,-1.463818645719127,-1.1789202497313782,2.551686126584118,0
1571238031000,0.06577477034385075,-1.5156360916728355,-1.0095998902343262,-0.7985809800328914,2.531571953754522,0
1571238031250,-0.3260318159528975,-1.8407931431869289,-1.0095998902343262,0.8849087160641472,2.505423686132133,0
1571238031500,0.5011154217846822,-1.2880261556129702,-0.6252609432856484,0.37254596404425977,2.5034117976809176,0
1571238031750,0.15284290063201703,-1.4180889762186075,-0.5903210390175868,0.62830445894491,2.49938959133934,0
1571238032000,-0.021293359944315533,-1.3855732710671982,-0.6252609432856484,-0.5270913078665265,2.515479987266504,0
1571238032250,0.06577477034385075,-1.2880261556129702,-0.9047801774301413,-1.4158182471575427,2.513469669376141,0
1571238032500,0.3705132263524327,-1.3530575659157889,-0.9746599859662645,-4.294708263005174,2.5034117976809176,0
1571238032750,0.19637696577610014,-1.3530575659157889,-0.9397200816982029,-2.0274734836395214,2.491343608095331,0
1571238033000,0.19637696577610014,-1.3855732710671982,-1.0095998902343262,-0.6875324007324437,2.491343608095331,0
1571238033250,0.19637696577610014,-1.4506046813700169,-0.9746599859662645,0.6923286588919314,2.4933539259856943,0
1571238033500,0.2399110309201833,-1.4831203865214262,-0.9746599859662645,-0.038663626632645616,2.4873198311929006,0
1571238033750,0.3269791612083496,-1.4831203865214262,-1.1842994115746341,1.0663247119510173,2.479273847948892,0
1571238034000,0.28344509606426643,-1.4831203865214262,-1.0095998902343262,-0.34313802532389603,2.477263530058529,0
1571238034250,-0.1083614902324818,-1.5481517968242449,-0.8698402731620797,0.6166329403284122,2.479273847948892,0
1571238034500,-0.1083614902324818,-1.4831203865214262,-0.7999604646259565,-0.04686752015293764,2.479273847948892,0
1571238034750,-0.1083614902324818,-1.5156360916728355,-0.9047801774301413,0.9600969772965143,2.4732397531560983,0
1571238035000,-0.06482742508839867,-1.5156360916728355,-0.9047801774301413,0.422276782497164,2.46921754681452,0
1571238035250,-0.06482742508839867,-1.5156360916728355,-0.9397200816982029,1.1887065049805283,2.4853095133025374,0
1571238035500,-0.06482742508839867,-1.5156360916728355,-0.9397200816982029,0.12710576821036848,2.5637558867305565,0
1571238035750,-0.06482742508839867,-1.5156360916728355,-0.9397200816982029,-0.47617642230760077,2.7387509179649756,0
1571238036000,-0.1083614902324818,-1.4831203865214262,-0.9397200816982029,0.033310738169091636,2.9640321665538085,0
1571238036250,-0.1083614902324818,-1.4831203865214262,-0.9397200816982029,-0.131782046899053,3.151095387373815,0
1571238036500,-0.06482742508839867,-1.4831203865214262,-0.9397200816982029,0.3572376678878385,3.263736011668232,0
1571238036750,-0.06482742508839867,-1.5156360916728355,-0.9397200816982029,0.33364090198926666,3.307988134229853,0
1571238037000,-0.06482742508839867,-1.5156360916728355,-0.9397200816982029,0.14816524745318,3.2858620729490426,0
1571238037250,-0.06482742508839867,-1.4831203865214262,-0.9397200816982029,-0.33307345492271306,3.227529872350619,0
1571238037500,-0.06482742508839867,-1.5156360916728355,-0.9397200816982029,0.036186329712286774,3.143049404129806,0
1571238037750,-0.1083614902324818,-1.5156360916728355,-0.9397200816982029,-0.2500196050574886,3.058568935908993,0
1571238038000,-0.15189555537656493,-1.5156360916728355,-0.9047801774301413,0.4835945433447075,2.984146339383405,0
1571238038250,-0.06482742508839867,-1.4831203865214262,-0.9047801774301413,0.023330743989767318,2.927826027236196,0
1571238038500,-0.1083614902324818,-1.5156360916728355,-0.9047801774301413,-0.4036946001747114,2.873516032979351,0
1571238038750,-0.06482742508839867,-1.5156360916728355,-0.9047801774301413,0.14309067414165913,2.8352995757713746,0
1571238039000,-0.06482742508839867,-1.5156360916728355,-0.9047801774301413,0.02891277463244024,2.7990934364537616,0
1571238039250,-0.06482742508839867,-1.5156360916728355,-0.9397200816982029,-0.41079900281084053,2.7669110740385796,0
1571238039500,-0.06482742508839867,-1.5156360916728355,-0.9047801774301413,-0.05287243190490397,2.740761235855339,0
1571238039750,-0.06482742508839867,-1.4831203865214262,-0.9047801774301413,-0.03409651065227686,2.716624856684165,0
1571238040000,-0.1083614902324818,-1.5156360916728355,-0.9047801774301413,0.24610451236553219,2.698521001744932,0
1571238040250,-0.06482742508839867,-1.4831203865214262,-0.9397200816982029,0.14309067414165913,2.6864528121593447,0
1571238040500,-0.06482742508839867,-1.4831203865214262,-0.9397200816982029,-0.1222249338290221,2.6763949404641223,0
1571238040750,-0.06482742508839867,-1.5156360916728355,-0.9397200816982029,0.333810054432984,2.6763949404641223,0
1571238041000,-0.06482742508839867,-1.4831203865214262,-0.9397200816982029,-0.02876820867517997,2.6703608456713277,0
1571238041250,-0.06482742508839867,-1.4506046813700169,-0.9397200816982029,-0.3322276927041262,2.6703608456713277,0
1571238041500,-0.15189555537656493,-1.6456989122784729,-0.7300806560898333,0.07923562663835523,2.68846470061056,0
1571238041750,0.06577477034385075,-1.1904790401587422,-0.7650205603578949,0.03863904014618852,2.7648991855873644,0
1571238042000,-0.06482742508839867,-1.4180889762186075,-0.6252609432856484,0.4214310202785772,2.929836345126559,0
1571238042250,-0.5872362068173963,-1.4831203865214262,-0.7999604646259565,-0.10505596079170992,3.1671873538618316,0
1571238042500,0.06577477034385075,-1.4506046813700169,-1.0095998902343262,-0.18362727089842426,3.3803988423042273,0
1571238042750,0.19637696577610014,-1.4506046813700169,-1.1842994115746341,1.4793949795088137,3.49102914870828,0
1571238043000,-0.021293359944315533,-1.5481517968242449,-1.2541792201107573,-1.896211187314849,3.513153639428239,0
1571238043250,0.2399110309201833,-1.4506046813700169,-1.0794796987704494,-0.5717475530079099,3.4709149758786846,0
1571238043500,-0.3260318159528975,-1.6456989122784729,-1.1842994115746341,0.12456848155460808,3.3824107307554416,0
1571238043750,-0.28249775080881434,-1.4506046813700169,-0.7300806560898333,0.008107024055204796,3.2697701064610247,0
1571238044000,-0.1083614902324818,-1.0929319247045142,-0.8349003688940181,0.3420985241751347,3.1531072758250303,0
1571238044250,0.3705132263524327,-1.8733088483383382,-0.9047801774301413,-0.06293700230608697,3.062592712811424,0
1571238044500,-0.15189555537656493,-1.6782146174298822,-1.2541792201107573,1.1622341475387612,3.0042605122130004,0
1571238044750,0.10930883548793388,-1.4180889762186075,-1.114419603038511,1.277511537932143,2.9579965012001637,0
1571238045000,0.6752516823610146,-1.6131832071270635,-1.0445397945023878,0.7871386035955124,2.895642094260162,0
1571238045250,-0.5437021416733132,-1.9708559637925664,-1.0095998902343262,-3.0699599942696194,2.861447843393764,0
1571238045500,0.2399110309201833,-1.1579633350073328,-0.5553811347495252,-0.9245149743804668,2.8192076092833576,0
1571238045750,0.8058538777932641,-1.5806675019756542,-0.4156215176772788,0.2822185590991888,2.7890371353193903,0
1571238046000,-0.3260318159528975,-1.1579633350073328,-1.289119124378819,0.5279124835986562,2.7970815480025464,0
1571238046250,0.06577477034385075,-1.5481517968242449,-1.114419603038511,2.7142923948674103,2.7910474532097536,0
1571238046500,-0.36956588109698063,-1.5156360916728355,-1.2541792201107573,1.6616567376142704,2.7669110740385796,0
1571238046750,-0.15189555537656493,-1.7107303225812915,-0.9746599859662645,-1.306968649625421,2.7669110740385796,0
1571238047000,-0.50016807652923,-1.3855732710671982,-0.7650205603578949,-4.453119526546484,2.795071230112183,0
1571238047250,0.5881835520728484,-0.995384809250286,-0.3457417091411556,-1.1508409440742964,2.8513915422593925,0
1571238047500,0.28344509606426643,-1.6782146174298822,-0.6951407518217716,0.54626552374199,2.935872010480205,0
1571238047750,-0.5437021416733132,-1.6131832071270635,-1.3939388371830037,0.5153106265417128,3.002248623761785,0
1571238048000,-0.28249775080881434,-1.4831203865214262,-1.0794796987704494,2.2821924773914106,3.0163287017985874,0
1571238048250,0.8929220080814304,-1.7107303225812915,-0.7650205603578949,0.9514702026669289,3.0042605122130004,0
1571238048500,0.3269791612083496,-1.4180889762186075,-0.6252609432856484,-2.82054471600837,2.9700662613466022,0
1571238048750,0.022240705199767605,-0.9628691040988767,-0.3806816134092172,-0.1424386508532468,2.9217919324434027,0
1571238049000,0.28344509606426643,-1.3855732710671982,-0.7300806560898333,-0.02572346468826747,2.8755279214305665,0
1571238049250,0.06577477034385075,-1.6456989122784729,-1.114419603038511,1.1431199213986996,2.8493796538081773,0
1571238049500,0.28344509606426643,-1.4506046813700169,-1.1493595073065725,1.9635938496497605,2.803117213356192,0
1571238049750,0.5446494869287652,-1.8407931431869289,-1.0794796987704494,-1.6171096551812028,2.776967375172951,0
1571238050000,0.3269791612083496,-1.6131832071270635,-0.45056142194534043,-1.1545622978360783,2.748807219099347,0
1571238050250,0.3269791612083496,-0.9628691040988767,-0.5903210390175868,0.08135003218482226,2.726681157818536,0
1571238050500,1.067058268657763,-2.0684030792467945,-0.9746599859662645,0.21252775228763598,2.7126010797817344,0
1571238050750,-0.5437021416733132,-1.2880261556129702,-1.3939388371830037,0.772168612326526,2.7025447786473626,0
1571238051000,0.06577477034385075,-1.2880261556129702,-0.9397200816982029,1.6908355341555155,2.7025447786473626,0
1571238051250,0.5446494869287652,-1.2880261556129702,-0.9397200816982029,0.2795966962215697,2.6844409237081304,0
1571238051500,-1.6755878354194749,-1.7107303225812915,-1.114419603038511,-1.1253835012948332,2.664326750878535,0
1571238051750,-0.36956588109698063,-0.8328062834932394,-0.8698402731620797,-1.5020014172315383,2.6623164329881708,0
1571238052000,0.5011154217846822,-1.3855732710671982,-0.48550132621340203,0.28154194932431936,2.6542704497441627,0
1571238052250,0.19637696577610014,-1.1904790401587422,-1.3589989329149421,0.43969948420005217,2.650246672841732,0
1571238052500,0.022240705199767605,-1.5481517968242449,-1.0794796987704494,1.0999860482507722,2.6542704497441627,0
1571238052750,-0.021293359944315533,-1.6131832071270635,-1.2541792201107573,0.16787150714625257,2.6401903717073605,0
1571238053000,-0.5437021416733132,-1.9383402586411569,-1.1842994115746341,-1.3112820369402136,2.6321443884633524,0
1571238053250,0.3269791612083496,-1.4506046813700169,-0.48550132621340203,-0.8216702886003112,2.6160524219753345,0
1571238053500,0.45758135664059896,-1.3855732710671982,0.07353714207558366,-0.06902649027991196,2.622086516768128,0
1571238053750,-0.28249775080881434,-0.8653219886446487,-1.0794796987704494,-0.03764871197034145,2.6261102936705587,0
1571238054000,-0.021293359944315533,-1.4180889762186075,-1.1493595073065725,1.2175469966343384,2.6603045445369564,0
1571238054250,0.15284290063201703,-1.5156360916728355,-1.0445397945023878,0.7271740622977079,2.6844409237081304,0
1571238054500,-0.15189555537656493,-1.3530575659157889,-0.6951407518217716,-0.0142210985154869,2.7025447786473626,0
1571238054750,0.41404729149651587,-1.3205418607643795,-0.45056142194534043,-1.560697315201463,2.7126010797817344,0
1571238055000,0.15284290063201703,-1.1254476298559235,-0.5903210390175868,-0.47643015097317676,2.696510683854569,0
1571238055250,0.3705132263524327,-1.7757617328841102,-0.5204412304814636,0.5240219773931568,2.6763949404641223,0
1571238055500,0.06577477034385075,-1.0604162195531048,-1.2541792201107573,1.1116575668672704,2.664326750878535,0
1571238055750,-0.19542962052064808,-1.2555104504615608,-1.1493595073065725,1.4368531399138973,2.656280767634526,0
1571238056000,0.5881835520728484,-1.5156360916728355,-0.9047801774301413,0.4198240720632623,2.6401903717073605,0
1571238056250,-1.0661109234023107,-1.7107303225812915,-0.9397200816982029,-1.7123424809940773,2.6180643104265497,0
1571238056500,-0.06482742508839867,-0.8653219886446487,-0.7650205603578949,-1.1593831424820231,2.620076198877765,0
1571238056750,0.06577477034385075,-1.2229947453101515,-0.5903210390175868,0.017917865790811754,2.603984232389748,0
1571238057000,0.45758135664059896,-0.9628691040988767,-1.289119124378819,0.06984766601204169,2.5899041543529457,0
1571238057250,-0.021293359944315533,-1.5481517968242449,-1.1493595073065725,1.5025688642980923,2.612030215633756,0
1571238057500,0.06577477034385075,-1.6456989122784729,-1.114419603038511,1.0051761035471911,2.5919160428041605,0
1571238057750,0.5881835520728484,-1.9383402586411569,-0.9746599859662645,-1.7328945029057365,2.5718002994137135,0
1571238058000,0.3705132263524327,-1.5481517968242449,-0.45056142194534043,-0.8971122784982544,2.567778093072135,0
1571238058250,-0.15189555537656493,-0.897837693796058,-0.8698402731620797,-0.24951214772633648,2.5557099034865476,0
1571238058500,1.110592333801846,-1.3205418607643795,-0.8349003688940181,0.4105206876588074,2.5476639202425395,0
1571238058750,-0.4566340113851469,-1.7432460277327009,-1.3240590286468805,0.42692847469939144,2.5496758086937548,0
1571238059000,0.15284290063201703,-1.5481517968242449,-0.9397200816982029,1.3076206729138333,2.533583842205737,0
1571238059250,-1.6755878354194749,-1.7107303225812915,-1.114419603038511,-0.22405470494687363,2.515479987266504,0
1571238059500,-0.36956588109698063,-0.6702277577361927,-0.9746599859662645,-0.6716320710230116,2.5094458924737113,0
1571238059750,1.0235242035136798,-2.035887374095385,-0.9397200816982029,0.2245375757915686,2.4953658144369086,0
1571238060000,0.3269791612083496,-1.6456989122784729,-0.7999604646259565,-0.11630459829891446,2.5013999092297032,0
1571238060250,0.19637696577610014,-1.6456989122784729,-0.7999604646259565,1.397440620527752,2.4953658144369086,0
1571238060500,-1.8061900308517242,-1.7432460277327009,-1.289119124378819,-0.7053779835446253,2.477263530058529,0
1571238060750,-0.28249775080881434,-0.7677748731904207,-0.9746599859662645,-0.8229389319281913,2.46921754681452,0
1571238061000,0.06577477034385075,-2.361044425609478,-1.1842994115746341,-0.06792699939574912,2.4651937699120903,0
1571238061250,-0.5437021416733132,-1.6782146174298822,-1.53369845425525,-0.06335988341538037,2.5355941600961005,0
1571238061500,0.7187857475050978,-1.3855732710671982,-0.9397200816982029,1.6533682678721198,2.6864528121593447,0
1571238061750,-1.7191219005635578,-1.5481517968242449,-1.289119124378819,-0.6472741191277116,2.9217919324434027,0
1571238062000,-0.021293359944315533,-0.8653219886446487,-0.5204412304814636,-0.7293130543306319,3.1470731810322365,0
1571238062250,-0.6743043371055626,-0.8328062834932394,-1.3939388371830037,-0.4299978051727611,3.299942150985844,0
1571238062500,0.19637696577610014,-1.5806675019756542,-0.8698402731620797,-0.032574138658820605,3.422640646975485,0
1571238062750,0.2399110309201833,-1.9383402586411569,-0.9397200816982029,1.339167603667121,3.428674741768278,0
1571238063000,-0.23896368566473122,-1.2880261556129702,-0.7300806560898333,-0.770078793266516,3.3904567139994506,0
1571238063250,3.0260912001415043,-1.7107303225812915,-0.24092199633697078,-1.1436519652163086,3.332124513401027,0
1571238063500,-0.50016807652923,-1.4506046813700169,-1.2541792201107573,-0.13482679088596553,3.2959183740834144,0
1571238063750,0.2399110309201833,-1.4831203865214262,-1.0794796987704494,0.5336636666850465,3.3663187642674246,0
1571238064000,-1.9367922262839736,-1.7432460277327009,-1.0095998902343262,1.779133109775978,3.472925293769048,0
1571238064250,0.19637696577610014,-0.6702277577361927,-0.7300806560898333,-1.1331645137058322,3.5775199348194566,0
1571238064500,-0.28249775080881434,-1.2555104504615608,-0.9397200816982029,-0.7343030514202941,3.623783945832293,0
1571238064750,-0.19542962052064808,-1.6782146174298822,-1.0445397945023878,0.2767211046783746,3.623783945832293,0
1571238065000,0.15284290063201703,-2.6536857719721625,-1.2192393158426957,1.4595195673720238,3.5413153660626957,0
1571238065250,-0.28249775080881434,-0.7352591680390114,-0.5553811347495252,-0.06716581339902099,3.4186168700730546,0
1571238065500,2.1989439624039244,-2.4260758359122967,-0.031282570728601154,-1.8843705162546336,3.318044435364225,0
1571238065750,-0.15189555537656493,-1.1579633350073328,-1.0445397945023878,-0.12476222048478253,3.2074156995210226,0
1571238066000,0.28344509606426643,-1.4506046813700169,-0.45056142194534043,1.047379638254673,3.141037515678591,0
1571238066250,-0.28249775080881434,-1.5806675019756542,-0.45056142194534043,2.587681790744965,3.028398461945026,0
1571238066500,1.371796724666345,-1.0929319247045142,-0.6951407518217716,0.3333025971018319,2.9640321665538085,0
1571238066750,-0.5872362068173963,-1.1904790401587422,-1.0794796987704494,-2.3468332973779,2.953974294858585,0
1571238067000,-0.15189555537656493,-1.5156360916728355,-0.7999604646259565,1.0156635550576676,2.9499520885170067,0
1571238067250,0.19637696577610014,-1.2880261556129702,-0.8698402731620797,3.1859739841732724,3.0102946070057937,0
1571238067500,0.6317176172169315,-1.3530575659157889,-0.7650205603578949,-0.4162118810097961,3.1370153093370123,0
1571238067750,-0.19542962052064808,-1.5481517968242449,-0.310801804873094,-5.693091515216601,3.2979302625346296,0
1571238068000,0.10930883548793388,-1.1254476298559235,-0.7999604646259565,-0.27344721851234316,3.4347088365610725,0
1571238068250,0.41404729149651587,-0.897837693796058,-0.9397200816982029,0.168294388255546,3.513153639428239,0
1571238068500,-1.109644988546394,-0.8328062834932394,-1.1493595073065725,1.3107499931226045,3.5413153660626957,0
1571238068750,-0.23896368566473122,-1.3855732710671982,-1.114419603038511,1.3955799436468612,3.5232115111234634,0
1571238069000,-0.06482742508839867,-2.588654361669344,-1.6734580713274967,0.3793966380148129,3.430685059658641,0
1571238069250,-0.8919746628259783,-0.5726806422819646,-1.0794796987704494,1.3236055788451238,3.5332693828186867,0
1571238069500,0.15284290063201703,-1.8733088483383382,-0.2059820920689092,-3.233953288453601,3.30195403943706,0
1571238069750,0.19637696577610014,-0.995384809250286,-0.8698402731620797,0.2701241593733975,3.21948388910661,0
1571238070000,-0.23896368566473122,-2.718717182274981,-0.8698402731620797,1.6592886034022276,3.1732214486546257,0
1571238070250,-0.804906532537812,-0.6051963474333739,-0.9397200816982029,0.9728679867971752,3.124947119751426,0
1571238070500,-0.19542962052064808,-2.588654361669344,-0.3806816134092172,-1.7859237940111294,3.090752868885028,0
1571238070750,-0.8484405976818952,-1.6131832071270635,-0.9397200816982029,-0.11757324162679467,3.05655861801863,0
1571238071000,-0.5437021416733132,-2.165950194701022,-0.8349003688940181,-0.475838117420166,3.0243746850425963,0
1571238071250,-1.1531790536904771,-1.1254476298559235,-0.66020084755371,0.9315102143082804,3.0102946070057937,0
1571238071500,-0.5437021416733132,-1.9383402586411569,-0.4156215176772788,0.5943048177577205,2.998226417420207,0
1571238071750,-0.7178384022496457,-1.1904790401587422,-0.48550132621340203,0.015211426691333971,2.978112244590611,0
1571238072000,-0.7613724673937289,-2.1009187843982033,-1.0794796987704494,-0.18980133509410796,2.9640321665538085,0
1571238072250,-1.109644988546394,-2.003371668943976,-0.2758619006050324,-0.20088082015759512,2.9821344509321897,0
1571238072500,-0.7613724673937289,-0.9628691040988767,-0.66020084755371,0.547026709738718,3.1551175937153935,0
1571238072750,-0.15189555537656493,-2.6536857719721625,-0.3806816134092172,-0.09236952751290783,3.4648808810858918,0
1571238073000,-0.804906532537812,-1.5156360916728355,-0.6951407518217716,0.06561885491910764,3.8812475568363096,0
1571238073250,-0.5872362068173963,-2.2960130153066594,-0.9047801774301413,-0.5698868761270188,4.342040687402903,0
1571238073500,-1.2402471839786433,-1.3530575659157889,-0.6252609432856484,0.6220458185273677,4.482841467770925,0
1571238073750,-0.6743043371055626,-1.6456989122784729,-0.3806816134092172,-0.14793610527406104,4.466749501282908,0
1571238074000,-0.804906532537812,-1.5156360916728355,-0.2758619006050324,0.04303700368283991,4.35813265389092,0
1571238074250,-0.7178384022496457,-1.4506046813700169,-0.9047801774301413,-0.25272604415696637,4.1811257342052865,0
1571238074500,-0.6307702719614795,-2.035887374095385,-0.3806816134092172,0.9138337839398161,4.022221098898034,0
1571238074750,-0.6743043371055626,-1.3855732710671982,-0.5903210390175868,-0.5224396156642991,3.8633180341516318,0
1571238075000,-0.7613724673937289,-1.4831203865214262,-0.5903210390175868,0.2141347005029509,3.744643315064421,0
1571238075250,-0.6743043371055626,-2.1009187843982033,-0.5903210390175868,-0.05608632833553383,3.650104975148385,0
1571238075500,-0.8484405976818952,-1.2555104504615608,-0.9746599859662645,0.32966581956190866,3.58171647341559,0
1571238075750,-0.6743043371055626,-2.1984658998524313,-0.5903210390175868,0.4519630363695609,3.5153382895731573,0
1571238076000,-1.4143834445549759,-1.4506046813700169,-1.0095998902343262,-0.5489119731060661,3.4529838826331556,0
1571238076250,-0.7613724673937289,-1.2555104504615608,-0.66020084755371,-0.040185998626101865,3.394653252595584,0
1571238076500,-0.4566340113851469,-3.076389938940484,-0.2758619006050324,-0.5572004428482167,3.346377353131532,0
1571238076750,-0.8919746628259783,-1.4506046813700169,-1.0794796987704494,0.024345658652071483,3.3001149126795477,0
1571238077000,-0.4566340113851469,-2.0684030792467945,-0.5903210390175868,0.5290965507046776,3.273966645057158,0
1571238077250,-1.109644988546394,-1.5481517968242449,-0.48550132621340203,0.5561609416994556,3.2458064889835545,0
1571238077500,-0.6307702719614795,-1.1904790401587422,-0.6951407518217716,-0.13770238242916066,3.2176463329099505,0
1571238077750,-0.36956588109698063,-2.686201477123572,-0.6252609432856484,-1.0266830503857531,3.1995424779707182,0
1571238078000,-0.8919746628259783,-1.8407931431869289,-0.8698402731620797,-0.7858945467540892,3.1794283051411223,0
1571238078250,-0.4130999462410638,-1.5156360916728355,-0.8698402731620797,0.8350087451675258,3.167360115555535,0
1571238078500,-0.6307702719614795,-1.7107303225812915,-0.5204412304814636,-0.44403745800130207,3.143222165823509,0
1571238078750,-0.7178384022496457,-1.6131832071270635,-0.66020084755371,0.41271966942713306,3.129142087786707,0
1571238079000,-0.4566340113851469,-1.4180889762186075,-0.6252609432856484,-0.3729934316400103,3.1050057086155327,0
1571238079250,-0.4566340113851469,-2.0684030792467945,-0.5553811347495252,0.034748533940689205,3.0989716138227394,0
1571238079500,-0.5872362068173963,-1.7107303225812915,-0.9047801774301413,0.4078988247811883,3.0808677588835067,0
1571238079750,-0.8484405976818952,-1.5156360916728355,-0.8349003688940181,0.4264210173682394,3.062765474505127,0
1571238080000,-0.7613724673937289,-1.4506046813700169,-0.3806816134092172,-0.7491038902455632,3.054719491261118,0
1571238080250,-0.804906532537812,-1.3205418607643795,-0.5204412304814636,0.2159108011619832,3.0426497311146794,0
1571238080500,-0.6743043371055626,-1.9708559637925664,-0.45056142194534043,-0.0775686886876387,3.0346053184315225,0
1571238080750,-0.6743043371055626,-1.6782146174298822,-0.7650205603578949,0.0846485048373108,3.0486853964683243,0
1571238081000,-0.7178384022496457,-1.3855732710671982,-0.7300806560898333,0.20390097765805054,3.127131769896344,0
1571238081250,-0.6743043371055626,-2.1009187843982033,-0.66020084755371,0.25904467430991035,3.2518405837763473,0
1571238081500,-0.9790427931141445,-2.003371668943976,-0.6252609432856484,-0.22210945184412398,3.350401130033963,0
1571238081750,-0.7178384022496457,-1.3205418607643795,-0.4156215176772788,-0.11334443053386063,3.4187896317667583,0
1571238082000,-0.7178384022496457,-1.6782146174298822,-0.66020084755371,0.34159106684398266,3.4509719941819403,0
1571238082250,-0.7613724673937289,-1.7432460277327009,-0.7650205603578949,0.9140029363835334,3.4449378993891466,0
1571238082500,-0.7178384022496457,-1.7107303225812915,-0.6951407518217716,-0.506285557289291,3.41476742542518,0
1571238082750,-0.4566340113851469,-1.9058245534897476,-0.5553811347495252,-1.6898452059796683,3.362469319619549,0
1571238083000,-0.9355087279700615,-1.8407931431869289,-0.66020084755371,-0.11655832696449049,3.3222409739603584,0
1571238083250,-1.1531790536904771,-1.2880261556129702,-0.5553811347495252,-0.07164835315753107,3.2840229461915302,0
1571238083500,-0.4566340113851469,-2.2309816050038407,-0.48550132621340203,0.9778579838868374,3.255862790117926,0
1571238083750,-0.7178384022496457,-1.8082774380355195,-0.8698402731620797,-1.1917758354538979,3.2518405837763473,0
1571238084000,-0.9355087279700615,-1.4180889762186075,-0.9397200816982029,0.06358902559449932,3.2518405837763473,0
1571238084250,-0.3260318159528975,-2.458591541063706,-0.45056142194534043,0.3387154753007875,3.2478168068739177,0
1571238084500,-0.7178384022496457,-1.5806675019756542,-0.6252609432856484,-0.645582594690538,3.2256923161539586,0
1571238084750,-0.9790427931141445,-1.8733088483383382,-0.7650205603578949,-0.41350544191031835,3.205576572763511,0
1571238085000,-0.7613724673937289,-1.3855732710671982,-0.7300806560898333,-0.06775784695203176,3.1955202716291398,0
1571238085250,-0.3260318159528975,-1.5156360916728355,-0.7650205603578949,0.3586754636594361,3.1733942103483286,0
1571238085500,-0.7178384022496457,-1.6456989122784729,-0.9047801774301413,0.21794063048659154,3.145234054274724,0
1571238085750,-0.804906532537812,-1.7432460277327009,-0.8349003688940181,-1.031503895031698,3.1311539762379224,0
1571238086000,-2.807473529165636,-1.9708559637925664,-0.45056142194534043,-0.02183295848276816,3.1774179872507586,0
1571238086250,-0.7178384022496457,-1.4180889762186075,-0.9397200816982029,-0.31108363723945603,3.2458064889835545,0
1571238086500,-0.6743043371055626,-1.5806675019756542,-0.5204412304814636,0.653761901724373,3.3845953809003597,0
1571238086750,-0.5437021416733132,-1.7432460277327009,-0.6252609432856484,0.042106665242394425,3.4972360051947775,0
1571238087000,-0.7178384022496457,-1.6456989122784729,-0.9397200816982029,1.1229907805963333,3.5475222225491923,0
1571238087250,-0.50016807652923,-1.6782146174298822,-0.7650205603578949,0.9829325571983581,3.5555682057932003,0
1571238087500,-0.5437021416733132,-1.6131832071270635,-0.8698402731620797,-1.7911675197663677,3.521373954926803,0
1571238087750,-0.5437021416733132,-1.6456989122784729,-0.66020084755371,-0.6552242839824276,3.454995771084371,0
1571238088000,-0.4130999462410638,-1.7432460277327009,-0.66020084755371,0.49475860463005333,3.3926413641443687,0
1571238088250,-0.9790427931141445,-1.6782146174298822,-0.5204412304814636,-0.04306159016929701,3.3302869572043665,0
1571238088500,-0.28249775080881434,-1.8733088483383382,-0.5204412304814636,0.42692847469939144,3.282012628301167,0
1571238088750,-0.8919746628259783,-1.9058245534897476,-1.0095998902343262,-0.21204488144294095,3.310172784374771,0
1571238089000,-0.4566340113851469,-2.0684030792467945,-0.9746599859662645,0.41610271830148027,3.386607269351575,0
1571238089250,-0.5437021416733132,-1.7757617328841102,-0.9397200816982029,0.07957393152578997,3.457007659535586,0
1571238089500,-0.7178384022496457,-1.6782146174298822,-0.6252609432856484,-0.45283338507460486,3.507293876890001,0
1571238089750,-0.7613724673937289,-1.7432460277327009,-0.7650205603578949,0.15975218984781922,3.5274080497195968,0
1571238090000,-0.6743043371055626,-1.6782146174298822,-0.8349003688940181,-0.04830531592453521,3.509304194780364,0
1571238090250,-0.8484405976818952,-1.6782146174298822,-0.7300806560898333,-0.288332633559471,3.465052072218743,0
1571238090500,-0.6743043371055626,-1.8733088483383382,-0.45056142194534043,0.5548922983715754,3.4127555369739646,0
1571238090750,-0.6307702719614795,-1.4506046813700169,-0.66020084755371,-0.07706123135648663,3.350401130033963,0
1571238091000,-0.4130999462410638,-1.9058245534897476,-0.5204412304814636,-0.5319121525124713,3.328275068753152,0
1571238091250,-0.6743043371055626,-1.7432460277327009,-0.8698402731620797,-0.20603996969097466,3.3765493976563516,0
1571238091500,-0.7613724673937289,-1.6456989122784729,-0.9047801774301413,0.4796194609173495,3.6018306462451855,0
1571238091750,-0.6307702719614795,-1.6456989122784729,-0.7999604646259565,0.10765323718287195,4.054405031874068,0
1571238092000,-0.6307702719614795,-1.7107303225812915,-0.8698402731620797,0.22589079534130752,4.569333824442952,0
1571238092250,-0.7178384022496457,-1.7757617328841102,-0.9047801774301413,0.31934752049514964,4.918307734040646,0
1571238092500,-0.6307702719614795,-1.6782146174298822,-1.0095998902343262,-0.25365638259741186,4.976638364078218,0
1571238092750,-0.6743043371055626,-1.5481517968242449,-0.8349003688940181,0.0015100787502277046,4.9022157675526286,0
1571238093000,-1.109644988546394,-1.7432460277327009,-0.310801804873094,-0.3156507532198248,4.689002708549382,0
1571238093250,-0.804906532537812,-1.8733088483383382,-0.7650205603578949,0.043713613457709355,4.469755554753341,0
1571238093500,-1.0225768582582277,-1.8082774380355195,-0.5553811347495252,-0.20079624393573645,4.403378941471761,0
1571238093750,-0.8484405976818952,-1.6456989122784729,-0.7650205603578949,0.045151409229306924,4.48987129814379,0
1571238094000,-0.7613724673937289,-1.5481517968242449,-0.6252609432856484,-0.11097629632181757,4.608546017230998,0
1571238094250,-0.5872362068173963,-1.5156360916728355,-0.7300806560898333,-0.07080259093894425,4.646762474438975,0
1571238094500,-0.6307702719614795,-1.7107303225812915,-0.7650205603578949,0.6265283582858778,4.59647625708456,0
1571238094750,-0.5437021416733132,-1.5481517968242449,-0.7999604646259565,-0.056424633222968555,4.483835632790144,0
1571238095000,-0.7613724673937289,-1.4831203865214262,-0.4156215176772788,0.47615183582114357,4.324932568043742,0
1571238095250,-1.4143834445549759,-1.6782146174298822,-0.6951407518217716,-1.1992185429774618,4.166027932736488,0
1571238095500,-0.9790427931141445,-1.5806675019756542,-0.5903210390175868,0.17210031823918662,4.071491163381303,0
1571238095750,-1.0225768582582277,-1.8407931431869289,-0.7650205603578949,0.3530934330167632,4.206257848956532,0
1571238096000,-0.8484405976818952,-1.6456989122784729,-0.8349003688940181,0.26149738474381207,4.554236022974154,0
1571238096250,-0.8484405976818952,-1.6456989122784729,-0.8349003688940181,0.5020321597098999,4.9263521467238025,0
1571238096500,2.634284613844756,-1.1254476298559235,-1.8830974969358663,-0.1738164291628173,5.077210798787047,0
1571238096750,1.676535180674927,-0.05242935985941508,-2.267436443884544,0.1196630606868046,4.849917661746999,0
1571238097000,0.022240705199767605,0.9230417946828652,-1.6734580713274967,-0.848227222263937,4.586419955950189,0
1571238097250,-0.06482742508839867,2.093607180133602,-1.8481575926678047,1.0929662218365017,4.507973582522169,0
1571238097500,-0.15189555537656493,2.061091474982192,-2.372256156688729,2.2085265881524996,4.385275086532529,0
1571238097750,-0.19542962052064808,1.963544359527964,-2.5469556780290366,0.7586364168291371,4.260566272652524,0
1571238098000,-0.3260318159528975,1.768450128619508,-2.4770758694929134,0.07661376376073614,4.133845570321306,0
1571238098250,-0.4130999462410638,1.865997244073736,-2.5469556780290366,0.03254955217236351,4.021204946026889,0
1571238098500,0.41404729149651587,1.6383873080138707,-1.987917209740051,-2.6607802329173222,3.9950566784045,0
1571238098750,0.5881835520728484,1.4432930771054147,-1.9180374012039278,-8.262094254174027,3.9970669962948633,0
1571238099000,0.45758135664059896,1.67090301316528,-3.1059941463180225,7.386282890340929,3.9186221934276952,0
1571238099250,0.9799901383695966,1.4107773719540053,-2.5818955822970984,6.11121176959946,3.8301179483044527,0
1571238099500,-1.8932581611398904,0.8254946792286371,-1.6734580713274967,1.044419470489619,3.7295455135956233,0
1571238099750,0.7623198126491809,1.7034187183166893,-2.1975566353484206,-2.9628019211746706,3.688323002917213,0
1571238100000,1.1541263989459292,1.378261666802596,-2.4770758694929134,-1.6597360709979778,3.7084371757468086,0
1571238100250,1.6330011155308437,1.7034187183166893,-2.7565951036374066,-0.9399078467587467,3.6561390699411787,0
1571238100500,0.5881835520728484,0.5003376277145437,-1.9180374012039278,0.5529470452688257,3.772803471138026,0
1571238100750,3.200227460717837,1.865997244073736,-2.6168354865651597,0.47116183873148143,4.259572107633307,0
1571238101000,0.15284290063201703,1.378261666802596,-1.3240590286468805,2.9933939270010566,4.690018861420525,0
1571238101250,0.8493879429373472,2.386248526496286,-2.267436443884544,0.7144876290189058,4.855951756539792,0
1571238101500,0.022240705199767605,1.573355897711052,-2.022857114008113,1.2672778150872426,4.69704869179339,0
1571238101750,0.3705132263524327,1.865997244073736,-1.0095998902343262,-0.8359636700944282,4.554236022974154,0
1571238102000,0.5446494869287652,1.9310286543765547,-1.638518167059435,-0.6233390483417051,4.278670127591758,0
1571238102250,0.5446494869287652,1.6383873080138707,-1.9529773054719894,1.5001161538641903,3.9890225836117064,0
1571238102500,0.3269791612083496,1.8985129492251454,-1.8830974969358663,0.9270276745497703,3.89448424369567,0
1571238102750,-0.23896368566473122,0.11014916589763163,0.10847704634364527,0.7338555838245436,3.8341417252068832,0
1571238103000,2.2424780275480076,-0.6377120525847833,-1.3589989329149421,-0.6568312321977425,3.8763819593172895,0
1571238103250,1.3282626595222617,-1.0604162195531048,-1.463818645719127,-1.4839866819756393,3.820061647170081,0
1571238103500,1.067058268657763,-0.8653219886446487,-1.3589989329149421,-2.777664571526019,3.689317167936432,0
1571238103750,0.5446494869287652,-1.3530575659157889,-1.114419603038511,-0.8835800830008654,3.650104975148385,0
1571238104000,-0.23896368566473122,-1.3855732710671982,-1.0095998902343262,-1.2361783519297052,3.6621731647339724,0
1571238104250,-0.36956588109698063,-1.9383402586411569,-0.7650205603578949,0.6378615720149411,3.895500396566815,0
1571238104500,1.1976604640900124,-1.1254476298559235,-0.5204412304814636,1.947270638831035,4.338016910500473,0
1571238104750,0.7623198126491809,-0.8328062834932394,-1.1842994115746341,1.472713457981978,4.75237483892138,0
1571238105000,0.3269791612083496,-1.6131832071270635,-1.6035782627913733,-0.4820121816158497,5.147611188971058,0
1571238105250,0.15284290063201703,-1.4506046813700169,-1.987917209740051,0.47818166514575194,5.181805439837456,0
1571238105500,-0.19542962052064808,-1.3530575659157889,-1.53369845425525,1.1613883853201745,5.284389762997501,0
1571238105750,0.5446494869287652,-0.995384809250286,-1.0794796987704494,1.4053062091606094,5.431224638158315,0
1571238106000,0.15284290063201703,-1.6131832071270635,-0.66020084755371,1.4670468511174464,5.45835607687396,0
1571238106250,0.15284290063201703,-1.4180889762186075,-0.66020084755371,-2.631939741263512,5.225030415601969,0
1571238106500,-0.1083614902324818,-1.4506046813700169,-0.5903210390175868,-2.7001081760816086,4.9052108270970995,0
1571238106750,-0.15189555537656493,-1.5156360916728355,-0.5903210390175868,-1.8800571289398411,4.728203907411466,0
1571238107000,-0.5872362068173963,-1.7432460277327009,-0.9047801774301413,1.528026307077555,4.512980530517855,0
1571238107250,0.06577477034385075,-1.4180889762186075,-1.4288787414510653,-0.048728197033828614,4.367172802154148,0
1571238107500,0.28344509606426643,-1.3205418607643795,-1.3240590286468805,1.0414593027245653,4.244474306164507,0
1571238107750,0.6317176172169315,-1.0604162195531048,-0.8698402731620797,-0.3594612361426214,4.214303832200541,0
1571238108000,1.2847285943781785,-1.5156360916728355,-0.7650205603578949,0.45094812170725673,4.081549035076527,0
1571238108250,-0.021293359944315533,-1.2229947453101515,-0.310801804873094,-0.1339810286673787,4.045342895758915,0
1571238108500,0.28344509606426643,-1.7757617328841102,-0.6951407518217716,0.38751595531324623,4.015170851234096,0
1571238108750,0.5011154217846822,-1.5481517968242449,-0.8698402731620797,0.6497022430751563,4.182119899224505,0
1571238109000,0.45758135664059896,-1.2555104504615608,-1.1842994115746341,0.5978570190757851,4.662854440926992,0
1571238109250,0.3705132263524327,-1.3205418607643795,-1.0095998902343262,-0.43185848205365207,5.244159846777457,0
1571238109500,0.10930883548793388,-1.3530575659157889,-1.114419603038511,-0.39269969133308286,5.5257614075134995,0
1571238109750,0.19637696577610014,-1.3855732710671982,-1.0794796987704494,0.1380161008301383,5.727889448024415,0
1571238110000,0.022240705199767605,-1.4506046813700169,-1.1493595073065725,-0.08129004244942066,5.703753068853241,0
1571238110250,0.06577477034385075,-1.5156360916728355,-0.9397200816982029,0.654015630389949,5.579044254973238,0
1571238110500,0.3269791612083496,-1.2229947453101515,-0.7300806560898333,-0.07046428605150953,5.297441123676343,0
1571238110750,-0.36956588109698063,-1.3530575659157889,-1.1493595073065725,0.6152797207786733,4.889118860609082,0
1571238111000,0.7623198126491809,-1.6782146174298822,-1.2192393158426957,-0.08932478352599534,4.714123829374663,0
1571238111250,0.41404729149651587,-1.2229947453101515,-1.4288787414510653,0.6340556420313005,4.561254859421055,0
1571238111500,-0.6307702719614795,-1.5806675019756542,-0.24092199633697078,0.3427751339500042,4.4184421906018185,0
1571238111750,-0.6307702719614795,-1.6131832071270635,-0.6252609432856484,0.30792973054422773,4.326944456494957,0
1571238112000,-0.15189555537656493,-1.2880261556129702,-0.7999604646259565,-0.8212474074910179,4.18010801077329,0
1571238112250,-0.4566340113851469,-1.4180889762186075,-0.5553811347495252,0.1594138849603845,4.121777380735719,0
1571238112500,0.10930883548793388,-1.0929319247045142,-1.1493595073065725,0.13471762817764976,4.085571241418106,0
1571238112750,-0.3260318159528975,-1.7432460277327009,-1.3939388371830037,0.6704234174305331,4.055399196893286,0
1571238113000,-0.1083614902324818,-1.5806675019756542,-1.289119124378819,0.30699939210378224,4.031262817722112,0
1571238113250,0.45758135664059896,-1.2229947453101515,-1.0794796987704494,-0.44843542153795346,4.007124867990087,0
1571238113500,0.5011154217846822,-1.3855732710671982,-0.9397200816982029,-0.8996495651540147,3.984998806709276,0
1571238113750,-0.5437021416733132,-1.8082774380355195,-0.5903210390175868,0.09809612411284102,3.9367244778060764,0
1571238114000,0.022240705199767605,-1.4506046813700169,-0.66020084755371,-0.13516509577340025,3.872358182414859,0
1571238114250,-0.021293359944315533,-1.4831203865214262,-1.0445397945023878,0.23155740220583912,3.874370070866074,0
1571238114500,0.15284290063201703,-1.5806675019756542,-0.9047801774301413,-0.02479312624782198,3.9648846338796804,0
1571238114750,0.06577477034385075,-1.4180889762186075,-0.8349003688940181,0.8446504344594153,4.226372021786127,0
1571238115000,0.10930883548793388,-1.4180889762186075,-0.8349003688940181,0.1253296675513362,4.642740268097397,0
1571238115250,-0.021293359944315533,-1.5156360916728355,-0.9047801774301413,-1.493120913936377,5.016868280298261,0
1571238115500,0.022240705199767605,-1.4831203865214262,-0.8349003688940181,-0.6509954728894936,5.2180115791550685,0
1571238115750,-0.021293359944315533,-1.5156360916728355,-0.8698402731620797,0.11737950269662023,5.226057562399077,0
1571238116000,-0.06482742508839867,-1.4831203865214262,-0.9047801774301413,-0.07486224958816093,5.171747568142233,0
1571238116250,0.10930883548793388,-1.3205418607643795,-1.0095998902343262,0.14774236634388657,5.051062531164658,0
1571238116500,0.022240705199767605,-1.4831203865214262,-0.7650205603578949,-0.0714792007138137,4.978650252529432,0
1571238116750,0.06577477034385075,-1.4506046813700169,-0.66020084755371,0.08676291038377781,4.628660190060594,0
1571238117000,0.28344509606426643,-1.3205418607643795,-0.7300806560898333,-0.011514659416009118,4.455675476716539,0
1571238117250,0.15284290063201703,-1.4180889762186075,-0.7650205603578949,0.2518556954519225,4.411424924715769,0
1571238117500,0.15284290063201703,-1.4180889762186075,-0.7650205603578949,0.5966729519697636,4.38125288019095,0
1571238117750,0.15284290063201703,-1.3855732710671982,-0.7999604646259565,-0.7662728632828754,4.353092724117347,0
1571238118000,0.15284290063201703,-1.4180889762186075,-0.8698402731620797,-0.4017493470719617,4.33297855128775,0
1571238118250,-0.021293359944315533,-1.4180889762186075,-0.7999604646259565,-0.48674845003993583,4.28470422238455,0
1571238118500,0.2399110309201833,-1.4180889762186075,-0.8698402731620797,-0.001703817680402161,4.216314150090904,0
1571238118750,-0.4130999462410638,-1.0604162195531048,-0.8698402731620797,0.022062100661887105,4.198211865712523,0
1571238119000,0.28344509606426643,-1.7757617328841102,-0.9397200816982029,0.3420985241751347,4.250509971518153,0
1571238119250,-0.36956588109698063,-1.5481517968242449,-1.114419603038511,0.7522086239678774,4.453665158826176,0
1571238119500,0.06577477034385075,-1.3855732710671982,-1.1493595073065725,-0.2280297873742316,4.759403098733393,0
1571238119750,0.15284290063201703,-1.3855732710671982,-1.289119124378819,-0.3219093936373672,4.952501984907044,0
1571238120000,-0.15189555537656493,-1.6131832071270635,-1.53369845425525,0.6454734319822223,4.9987644253590275,0
1571238120250,-0.1083614902324818,-1.4506046813700169,-1.53369845425525,-1.3496796416640546,4.962558286041415,0
1571238120500,-0.1083614902324818,-1.4831203865214262,-1.3240590286468805,-0.08052885645269253,4.892157895857404,0
1571238120750,-0.1083614902324818,-1.3205418607643795,-1.2192393158426957,-0.039763117516808465,4.801643332843799,0
1571238121000,1.8942055063953425,-1.9383402586411569,-0.8698402731620797,0.5005943639383023,4.678946407415009,0
1571238121250,0.06577477034385075,-1.9708559637925664,-0.5903210390175868,0.12067797534910876,4.528087755351764,0
1571238121500,-0.6743043371055626,-1.6782146174298822,-0.6252609432856484,-0.05388734656720814,4.461711142070184,0
1571238121750,-0.9790427931141445,-1.5481517968242449,-0.9047801774301413,-0.010753473419280993,4.4979157108269465,0
1571238122000,1.3282626595222617,-1.2555104504615608,-0.8349003688940181,0.5967575281916223,4.507973582522169,0
1571238122250,0.06577477034385075,-1.6131832071270635,-1.1493595073065725,-0.10116545458621061,4.670900424171001,0
1571238122500,-0.28249775080881434,-1.5156360916728355,-0.9397200816982029,-0.16958761806988326,5.059108514408667,0
1571238122750,-0.5872362068173963,-1.6456989122784729,-0.8349003688940181,-0.3819585111570305,5.437258732951108,0
1571238123000,0.022240705199767605,-1.7432460277327009,-0.5204412304814636,0.05064886365012117,5.754039286207656,0
1571238123250,0.022240705199767605,-1.4506046813700169,-0.7300806560898333,-0.1918311644187163,5.796279520318062,0
1571238123500,0.10930883548793388,-1.3205418607643795,-0.7999604646259565,0.10942933784190423,5.766107475793242,0
1571238123750,0.3269791612083496,-1.3530575659157889,-0.7300806560898333,0.20280148677388768,5.627318583876436,0
1571238124000,0.3705132263524327,-1.2880261556129702,-0.6951407518217716,0.23823892373267488,5.46237985377639,0
1571238124250,0.41404729149651587,-1.3205418607643795,-0.7300806560898333,-0.31235228056733627,5.241122382089986,0
1571238124500,0.19637696577610014,-1.1254476298559235,-0.5903210390175868,-0.2640592578860296,5.011817356598723,0
1571238124750,0.5011154217846822,-1.8082774380355195,-0.66020084755371,0.04743496721949131,4.919290905133902,0
1571238125000,0.41404729149651587,-1.2880261556129702,-1.289119124378819,0.14122999726076818,4.921302793585117,0
1571238125250,0.15284290063201703,-1.5481517968242449,-1.3240590286468805,0.36696393340158684,5.001761055464351,0
1571238125500,0.2399110309201833,-1.4831203865214262,-1.4987585499871885,0.7993175795431625,4.995725390110705,0
1571238125750,0.5011154217846822,-1.3205418607643795,-1.1493595073065725,-0.9881162932181947,4.951474838109935,0
1571238126000,0.45758135664059896,-1.2880261556129702,-1.3939388371830037,-0.41790340544696974,4.881074447925926,0
1571238126250,-0.021293359944315533,-1.4180889762186075,-1.3939388371830037,0.07585257776400801,4.812684375632279,0
1571238126500,-0.23896368566473122,-1.7757617328841102,-0.7300806560898333,0.0789818979727792,4.728203907411466,0
1571238126750,-0.06482742508839867,-1.2229947453101515,-0.6951407518217716,0.34192937173141735,4.675907372166687,0
1571238127000,-0.4566340113851469,-1.2229947453101515,-0.66020084755371,-0.2716711178533109,4.603495093531461,0
1571238127250,-0.36956588109698063,-1.9383402586411569,-0.8349003688940181,0.07822071197605107,4.65981540567867,0
1571238127500,0.5881835520728484,-1.6456989122784729,-0.9047801774301413,0.345989030380634,4.663839182581101,0
1571238127750,0.6752516823610146,-1.4831203865214262,-0.3806816134092172,1.0900906302933067,4.706077846130654,0
1571238128000,0.7623198126491809,-1.7107303225812915,-0.24092199633697078,-0.8612519604301737,4.724181701069887,0
1571238128250,-0.3260318159528975,-2.035887374095385,-1.2192393158426957,-0.7620440521899413,4.744295873899483,0
1571238128500,0.022240705199767605,-1.0279005144016955,-0.7650205603578949,0.0627432633759125,4.7664219351802934,0
1571238128750,-1.7191219005635578,-1.9383402586411569,-1.114419603038511,0.9741366301250554,4.7101016230330846,0
1571238129000,-0.7613724673937289,-0.995384809250286,-0.5903210390175868,-0.0876332590888217,4.665849500471463,0
1571238129250,-0.19542962052064808,-1.3530575659157889,-1.1842994115746341,-0.8753761894805734,4.627633043263487,0
1571238129500,-0.19542962052064808,-1.5481517968242449,-0.7650205603578949,-0.21644284497959237,4.603495093531461,0
1571238129750,0.19637696577610014,-1.0929319247045142,-0.9047801774301413,0.4375005024317265,4.635679026507495,0
1571238130000,-0.804906532537812,-1.9383402586411569,-0.9397200816982029,-0.1755925298218496,4.687975561752275,0
1571238130250,-0.28249775080881434,-1.0604162195531048,-0.7650205603578949,-0.5818966996309515,4.691997768093853,0
1571238130500,-0.36956588109698063,-1.7107303225812915,-0.48550132621340203,-0.35218768106277487,4.714123829374663,0
1571238130750,0.28344509606426643,-1.8407931431869289,-1.1842994115746341,0.30970583120326,4.726193589521102,0
1571238131000,-0.06482742508839867,-1.5156360916728355,-1.289119124378819,0.35554614345066493,4.724181701069887,0
1571238131250,0.2399110309201833,-1.3530575659157889,-1.114419603038511,0.6001405770659695,4.691997768093853,0
1571238131500,0.19637696577610014,-1.4180889762186075,-1.0095998902343262,-0.643468189144071,4.643723439190652,0
1571238131750,-0.06482742508839867,-1.5806675019756542,-0.9746599859662645,-0.20426386903194235,4.619587060019478,0
1571238132000,0.19637696577610014,-1.5481517968242449,-0.9397200816982029,-0.1546176268008968,4.866994369889123,0
1571238132250,-0.021293359944315533,-1.6782146174298822,-1.0794796987704494,0.2420448537163155,5.259224666468367,0
1571238132500,-0.15189555537656493,-1.5806675019756542,-0.9397200816982029,0.024683963539506207,6.031617070041269,0
1571238132750,-0.3260318159528975,-1.5806675019756542,-0.9397200816982029,0.4306498284611734,6.311208312886946,0
1571238133000,-0.3260318159528975,-1.6782146174298822,-0.9397200816982029,1.7618795605168072,6.482887890163117,0
1571238133250,-0.50016807652923,-1.6131832071270635,-1.0794796987704494,0.180473364203196,6.44466986239429,0
1571238133500,-0.1083614902324818,-1.8407931431869289,-0.9397200816982029,-2.9634785309495406,6.607596704043122,0
1571238133750,-0.4130999462410638,-1.3530575659157889,-0.7300806560898333,-0.3120139756799015,6.780579846826326,0
1571238134000,0.022240705199767605,-1.6456989122784729,-0.9047801774301413,0.45204761259141957,6.871094409839932,0
1571238134250,-0.15189555537656493,-1.6782146174298822,-0.9397200816982029,0.9190775096950543,6.930398787605648,0
1571238134500,-0.36956588109698063,-1.5156360916728355,-0.9397200816982029,-0.8705553448346286,6.761439421724876,0
1571238134750,-0.3260318159528975,-1.5156360916728355,-0.8698402731620797,-0.511867587931964,6.546214474270413,0
1571238135000,-0.19542962052064808,-1.5481517968242449,-0.7650205603578949,-0.09287698484405991,6.174098350520764,0
1571238135250,0.022240705199767605,-1.3855732710671982,-0.6252609432856484,0.3408298808472545,5.8844508065407135,0
1571238135500,0.2399110309201833,-1.3205418607643795,-0.66020084755371,0.008022447833346115,5.219703073192506,0
1571238135750,-0.28249775080881434,-1.1904790401587422,-0.7300806560898333,0.43377914866994455,4.977623105732325,0
1571238136000,-0.6307702719614795,-1.1579633350073328,-0.8698402731620797,0.38472493999190976,4.891130749060297,0
1571238136250,0.3269791612083496,-1.3205418607643795,-0.9047801774301413,1.728556529104487,4.804639962949122,0
1571238136500,0.06577477034385075,-1.3530575659157889,-1.1493595073065725,1.3107499931226045,4.70808973458187,0
1571238136750,0.022240705199767605,-1.4506046813700169,-1.0794796987704494,-2.0894678542619345,4.621598948470693,0
1571238137000,0.06577477034385075,-1.3855732710671982,-1.114419603038511,-1.8120578465654618,4.543152575042675,0
1571238137250,-0.06482742508839867,-1.5156360916728355,-0.9746599859662645,0.46278879276747203,4.44459202878506,0
1571238137500,-0.36956588109698063,-1.6782146174298822,-1.0794796987704494,-0.1388864495351822,4.451653270374961,0
1571238137750,-0.23896368566473122,-1.6456989122784729,-0.9047801774301413,0.3672176620671629,4.435561303886943,0
1571238138000,-0.19542962052064808,-1.3205418607643795,-0.8349003688940181,-0.043146166391155684,4.385275086532529,0
1571238138250,-0.06482742508839867,-1.5481517968242449,-0.5903210390175868,0.4895994550966738,4.389298863434959,0
1571238138500,0.06577477034385075,-1.5156360916728355,-0.9397200816982029,0.4016401843636459,4.395332958227752,0
1571238138750,0.06577477034385075,-1.3855732710671982,-1.0095998902343262,0.8626651697153143,4.405389259362124,0
1571238139000,0.10930883548793388,-1.3530575659157889,-1.2192393158426957,-0.3690183492126523,4.361138707361355,0
1571238139250,0.15284290063201703,-1.4831203865214262,-1.0445397945023878,-0.375192413408336,4.349068947214916,0
1571238139500,0.2399110309201833,-1.3530575659157889,-1.2192393158426957,-0.6270604021034869,4.379240991739735,0
1571238139750,0.28344509606426643,-1.3855732710671982,-1.1842994115746341,0.2019557245553009,4.383264768642166,0
1571238140000,0.15284290063201703,-1.4506046813700169,-1.2541792201107573,0.019524814006126687,4.401367053020546,0
1571238140250,0.10930883548793388,-1.4506046813700169,-1.2541792201107573,0.45746049079037515,4.38125288019095,0
1571238140500,-0.15189555537656493,-1.5481517968242449,-1.1493595073065725,-0.14362271795926831,4.522053660558971,0
1571238140750,-0.1083614902324818,-1.5156360916728355,-0.9746599859662645,0.14004593015474665,4.743311132245374,0
1571238141000,-0.4566340113851469,-1.6131832071270635,-0.9746599859662645,-0.10125003080806931,4.964570174492629,0
1571238141250,-0.4566340113851469,-1.6782146174298822,-0.9047801774301413,-0.06352903585909772,5.087268670482271,0
1571238141500,0.5881835520728484,-1.5156360916728355,-0.6252609432856484,-0.26888010253197436,5.04301654792065,0
1571238141750,0.45758135664059896,-1.1904790401587422,-0.7300806560898333,0.20829894119470194,4.920318051931009,0
1571238142000,0.5446494869287652,-1.2229947453101515,-0.5553811347495252,0.2071148740886804,4.80566710974623,0
1571238142250,0.2399110309201833,-1.3205418607643795,-0.5903210390175868,0.9366693638416599,4.789575143258211,0
1571238142500,0.15284290063201703,-1.3855732710671982,-0.5553811347495252,2.0966322466334653,4.6668766472685705,0
1571238142750,0.10930883548793388,-1.3855732710671982,-0.5903210390175868,-0.32055617408762827,4.546190039730145,0
1571238143000,0.19637696577610014,-1.4180889762186075,-0.6951407518217716,-3.309818159460838,4.471767443204556,0
1571238143250,0.19637696577610014,-1.2555104504615608,-0.5903210390175868,-0.29865093262623,4.405389259362124,0
1571238143500,0.7623198126491809,-1.0604162195531048,-0.4156215176772788,0.3352478502045816,4.538145627046989,0
1571238143750,0.5446494869287652,-0.80029057834183,-0.2758619006050324,0.39250595240290836,4.572339877913386,0
1571238144000,-0.06482742508839867,-0.9303533989474674,-0.06622247499666276,1.3444113294223594,4.686992390659019,0
1571238144250,0.10930883548793388,-1.1579633350073328,-0.4156215176772788,1.8113566503041354,4.737277037452581,0
1571238144500,-0.3260318159528975,-2.816264297729209,-0.9047801774301413,-2.4373298547666877,4.695036803342176,0
1571238144750,-1.1967131188345603,-1.2555104504615608,-0.7300806560898333,-1.9763048694150196,4.642740268097397,0
1571238145000,-1.5014515748431423,-1.5806675019756542,-0.24092199633697078,0.003539908074836041,4.648774362890189,0
1571238145250,-0.8484405976818952,-1.9058245534897476,-0.5553811347495252,-0.06708123717716231,4.6186023183653715,0
1571238145500,-0.8484405976818952,-1.3530575659157889,-0.48550132621340203,-0.425515265414251,4.640728379646181,0
1571238145750,-0.50016807652923,-1.7107303225812915,-0.6951407518217716,0.6136727725633584,4.74532302069659,0
1571238146000,-0.50016807652923,-1.4831203865214262,-1.0445397945023878,0.36755596695459763,4.934398129967811,0
1571238146250,-0.4130999462410638,-1.8407931431869289,-1.289119124378819,0.5889765157806237,5.036982453127856,0
1571238146500,-0.8919746628259783,-1.8407931431869289,-1.4987585499871885,-0.10632460411959015,5.143588982629479,0
1571238146750,-0.15189555537656493,-1.8082774380355195,-0.9746599859662645,0.4577142194559512,5.141577094178264,0
1571238147000,-0.5437021416733132,-1.8082774380355195,-1.2192393158426957,0.13327983240605218,5.141577094178264,0
1571238147250,-0.6743043371055626,-1.6131832071270635,-1.0445397945023878,1.175512614370574,5.077210798787047,0
1571238147500,-0.5872362068173963,-1.6456989122784729,-0.9047801774301413,0.3962273061646904,5.004798520151821,0
1571238147750,-0.6307702719614795,-1.6456989122784729,-0.8698402731620797,-0.6304434509778343,4.910261750796637,0
1571238148000,-0.7613724673937289,-1.6456989122784729,-0.7999604646259565,0.004639398958998888,4.813711522429385,0
1571238148250,-0.5872362068173963,-1.7107303225812915,-0.5903210390175868,0.33753140819476596,4.755380892391814,0
1571238148500,-0.5872362068173963,-1.6782146174298822,-0.8349003688940181,0.023922777542778082,4.695036803342176,0
1571238148750,-0.5437021416733132,-1.5806675019756542,-0.031282570728601154,0.34269055772814544,4.648774362890189,0
1571238149000,-0.06482742508839867,-0.8653219886446487,0.24823666341589168,0.02256955799303919,4.602510351877354,0
1571238149250,0.3269791612083496,-0.4426178216763272,0.24823666341589168,0.24263688726932628,4.540155944937352,0
1571238149500,1.2411945292340956,-0.7352591680390114,-0.7999604646259565,-0.04974311169613278,4.524065549010187,0
1571238149750,0.7623198126491809,-1.0604162195531048,-0.5903210390175868,0.39064527552201744,4.483835632790144,0
1571238150000,1.1541263989459292,-0.897837693796058,0.21329675914783008,0.14791151878760395,4.469755554753341,0
1571238150250,0.10930883548793388,-0.9628691040988767,-0.3806816134092172,1.0149023690609396,4.463721459960548,0
1571238150500,0.5881835520728484,-1.1579633350073328,-0.310801804873094,-0.24570621774269585,4.453665158826176,0
1571238150750,0.28344509606426643,-0.995384809250286,-0.3457417091411556,-0.8178643586166705,4.457687365167754,0
1571238151000,0.45758135664059896,-1.1904790401587422,-0.2059820920689092,-0.2551787545908681,4.457687365167754,0
1571238151250,0.7187857475050978,-0.9303533989474674,-0.45056142194534043,-0.26186027611770385,4.463721459960548,0
1571238151500,0.7187857475050978,-1.1904790401587422,-0.6252609432856484,-0.16138372454959124,4.467745236862978,0
1571238151750,2.024807701827592,-0.3450707062220992,-1.53369845425525,0.15780693674506957,4.437573192338158,0
1571238152000,-0.6307702719614795,-1.6131832071270635,-1.5686383585233117,-0.08932478352599534,4.4395850807893735,0
1571238152250,-0.9790427931141445,0.240211986503269,-2.6517753908332216,0.06832529401858543,4.288726428726129,0
1571238152500,0.3269791612083496,-0.05242935985941508,-3.140934050586084,0.1013100205434709,4.06545706858851,0
1571238152750,0.5011154217846822,0.11014916589763163,-3.0361143377818993,1.2139947953162737,4.085571241418106,0
1571238153000,0.7623198126491809,0.1751805762004503,-2.2324965396164824,1.1391448389713414,3.993044789953285,0
1571238153250,0.6752516823610146,-0.05242935985941508,-2.5818955822970984,1.245372573625844,4.017182739685311,0
1571238153500,0.5011154217846822,0.045117755594812944,-2.5469556780290366,0.851078227320675,3.7798317309500384,0
1571238153750,0.7187857475050978,-0.05242935985941508,-2.5469556780290366,0.13353356107162823,3.9487926673916633,0
1571238154000,0.2399110309201833,0.11014916589763163,-2.7565951036374066,-0.46069897370746216,3.9206325113180593,0
1571238154250,0.6317176172169315,0.1751805762004503,-2.5469556780290366,-0.5396085887016112,3.900518338488463,0
1571238154500,0.7187857475050978,0.14266487104904096,-2.512015773760975,-0.5380016404862963,3.8964961321468854,0
1571238154750,0.7623198126491809,0.1751805762004503,-2.6517753908332216,-0.7212783132540572,3.8884501489028764,0
1571238155000,0.5881835520728484,0.14266487104904096,-2.791535007905468,-1.6564375983454893,3.89448424369567,0
1571238155250,0.5011154217846822,0.27272769165467836,-2.686715295101283,-2.624581609961807,3.856267786487694,0
1571238155500,0.6752516823610146,0.1751805762004503,-2.5818955822970984,-1.6479799761596214,3.8361520430972464,0
1571238155750,0.5881835520728484,0.14266487104904096,-2.5818955822970984,0.40451577590684107,3.8079918870236424,0
1571238156000,0.5011154217846822,0.240211986503269,-2.7216551993693447,-0.47050981544306913,3.812015663926072,0
1571238156250,0.5011154217846822,0.37027480710890637,-2.8264749121735298,0.3288200573433218,3.8059815691332792,0
1571238156500,0.3269791612083496,0.33775910195749703,-2.5469556780290366,-0.9624051217731558,3.759717558120442,0
1571238156750,0.5881835520728484,0.240211986503269,-2.6168354865651597,0.02950480818545101,3.735581178949269,0
1571238157000,0.5446494869287652,0.27272769165467836,-2.4770758694929134,-0.6867712147357156,3.728551348576404,0
1571238157250,0.5881835520728484,0.532853332865953,-2.861414816441591,0.05851445228297847,3.7064252872955934,0
1571238157500,0.6317176172169315,0.33775910195749703,-2.5818955822970984,-0.09516054283424429,3.692345209258791,0
1571238157750,0.5446494869287652,0.27272769165467836,-2.7216551993693447,0.8679934716924111,3.6802770196732046,0
1571238158000,0.5011154217846822,0.43530621741172504,-2.6517753908332216,0.32213853581648605,3.7003911925028,0
1571238158250,0.45758135664059896,0.4027905122603157,-2.6168354865651597,0.10257866387135112,3.734585443369198,0
1571238158500,0.41404729149651587,0.5003376277145437,-2.7216551993693447,-0.3686800443252176,3.7687796942355956,0
1571238158750,0.5011154217846822,0.4027905122603157,-2.7216551993693447,-0.34838175107913427,3.756711504650008,0
1571238159000,0.28344509606426643,0.532853332865953,-2.686715295101283,0.1091756091763282,3.744643315064421,0
1571238159250,0.6752516823610146,0.5978847431687717,-2.791535007905468,-0.23048249780813335,3.744643315064421,0
1571238159500,1.2411945292340956,0.27272769165467836,-2.092736922544236,0.9185700523639022,3.7989517387604144,0
1571238159750,1.676535180674927,0.5978847431687717,-2.8264749121735298,0.18639369973330366,3.9357303127868577,0
1571238160000,0.10930883548793388,0.4027905122603157,-0.45056142194534043,1.144811445835873,4.026244875800463,0
1571238160250,0.3705132263524327,0.37027480710890637,0.9470347487771238,-0.8621822988706191,4.098655583874838,0
1571238160500,0.2399110309201833,0.11014916589763163,0.5976357060965077,-0.5435836711289691,4.0443471601788445,0
1571238160750,0.022240705199767605,0.14266487104904096,0.8072751317048774,-1.1362092576927445,4.040324953837266,0
1571238161000,0.10930883548793388,0.240211986503269,0.7373953231687541,0.7275969434070013,4.024232987349249,0
1571238161250,0.5881835520728484,0.1751805762004503,0.5626958018284461,-0.9084454922273175,4.004118814519654,0
1571238161500,1.2847285943781785,0.4678219225631344,-1.114419603038511,1.1652788915256735,4.074519204703663,0
1571238161750,0.7623198126491809,0.6954318586229997,-1.1842994115746341,0.10909103295446952,4.146931483338889,0
1571238162000,1.110592333801846,0.630400448320181,-0.5903210390175868,1.8293713855600342,4.040324953837266,0
1571238162250,1.415330789810428,0.5978847431687717,-1.1493595073065725,0.806844863288585,3.955844485616453,0
1571238162500,1.5459329852426775,0.3052433968060877,-1.6035782627913733,3.1137458907059585,3.9498103908236595,0
1571238162750,1.2411945292340956,0.20769628135185966,-1.3589989329149421,0.2527014576705093,3.907570156713253,0
1571238163000,1.5023989200985943,0.37027480710890637,-1.2541792201107573,-1.0273596601606225,3.84923795611483,0
1571238163250,1.6330011155308437,0.4027905122603157,-1.3939388371830037,-1.1775670301816394,3.8291237832852345,0
1571238163500,1.415330789810428,-0.05242935985941508,-1.5686383585233117,0.6272049680607473,3.7687796942355956,0
1571238163750,1.110592333801846,0.1751805762004503,-0.66020084755371,-0.8052625015597272,3.7144712705396024,0
1571238164000,0.7623198126491809,0.27272769165467836,0.1783568548797685,0.1913836968229658,3.788895437626043,0
1571238164250,1.0235242035136798,0.43530621741172504,0.1783568548797685,-1.5404835981772382,3.955844485616453,0
1571238164500,1.067058268657763,-0.2800392959192805,0.14341695061170687,-0.6970895138024745,3.979980864787627,0
1571238164750,0.6752516823610146,-0.7352591680390114,0.003657333539460452,-1.3282818575338082,3.953832597165238,0
1571238165000,1.110592333801846,-0.5076492319791459,-0.06622247499666276,-0.2599150230149542,3.933718424335643,0
1571238165250,1.0235242035136798,-0.6051963474333739,0.07353714207558366,0.6359163189121914,3.907570156713253,0
1571238165500,0.6317176172169315,-0.4751335268277365,0.10847704634364527,0.25769145476017147,3.901534491359608,0
1571238165750,0.8058538777932641,-0.5401649371305552,-0.10116237926472436,0.5515938257190868,3.8914781902252367,0
1571238166000,0.9799901383695966,-0.41010211652491785,-0.4156215176772788,0.23578621329877317,3.8894663017740214,0
1571238166250,1.415330789810428,-0.4426178216763272,-0.3457417091411556,0.02975853685102705,3.8814203185300125,0
1571238166500,1.1976604640900124,-0.3450707062220992,-0.5204412304814636,0.4069684863407428,3.873374335286004,0
1571238166750,0.7187857475050978,-0.5076492319791459,-0.031282570728601154,-0.031390071552799076,3.877398112188434,0
1571238167000,0.2399110309201833,-0.702743462887602,0.24823666341589168,0.11467306359714244,3.877398112188434,0
1571238167250,0.41404729149651587,-0.6377120525847833,0.3879962804881381,-0.3615756416890884,3.8814203185300125,0
1571238167500,0.3705132263524327,-0.702743462887602,0.24823666341589168,-0.011345506972291756,3.8914781902252367,0
1571238167750,0.3705132263524327,-0.702743462887602,0.3181164719520149,-0.6438064940315058,3.8914781902252367,0
1571238168000,0.2399110309201833,-0.80029057834183,0.3530563762200765,-0.005932628773336194,3.893490078676451,0
1571238168250,0.41404729149651587,-0.6377120525847833,0.2831765676839533,-0.2874022951190255,3.893490078676451,0
1571238168500,0.5881835520728484,-0.702743462887602,0.3530563762200765,0.013181597366725636,3.893490078676451,0
1571238168750,0.7623198126491809,-0.5401649371305552,-0.031282570728601154,-0.13034425112745546,3.8834322069812277,0
1571238169000,0.9799901383695966,0.07763346074622228,0.4229361847561997,0.06511139758795556,3.8633180341516318,0
1571238169250,0.5881835520728484,-0.5076492319791459,0.4229361847561997,0.11061340494792576,3.8271118948340193,0
1571238169500,0.19637696577610014,-0.7352591680390114,0.3530563762200765,-0.08746410664510434,3.817055593699647,0
1571238169750,0.06577477034385075,-0.8328062834932394,0.3879962804881381,0.05783784250810902,3.8090096104556386,0
1571238170000,0.022240705199767605,-0.897837693796058,0.3530563762200765,-0.08771783531068039,3.7768256774796036,0
1571238170250,0.06577477034385075,-0.897837693796058,0.3530563762200765,0.3016710901266854,3.7526892983084297,0
1571238170500,0.10930883548793388,-0.8653219886446487,0.3530563762200765,-0.014390250959204261,3.718495047442033,0
1571238170750,0.15284290063201703,-0.8328062834932394,0.3530563762200765,0.365864442517424,3.6782651312219894,0
1571238171000,0.15284290063201703,-0.8328062834932394,0.3530563762200765,-0.16857270340757913,3.7164831589908176,0
1571238171250,0.15284290063201703,-0.8328062834932394,0.3530563762200765,0.17210031823918662,3.710449064198024,0
1571238171500,0.10930883548793388,-0.8328062834932394,0.3879962804881381,-0.14311526062811622,3.6943570977100064,0
1571238171750,0.15284290063201703,-0.8328062834932394,0.3530563762200765,0.1485881285624734,3.690333320807576,0
1571238172000,0.19637696577610014,-0.7677748731904207,0.3879962804881381,-0.21788064075118993,3.686311114465998,0
1571238172250,0.8058538777932641,-0.702743462887602,-0.031282570728601154,0.042275817686111786,3.684299226014783,0
1571238172500,0.6317176172169315,-0.7677748731904207,0.14341695061170687,-0.057185819219696676,3.2880467230939607,0
1571238172750,0.5011154217846822,-0.8653219886446487,0.07353714207558366,0.22885096310636135,2.9481129617594948,0
1571238173000,0.41404729149651587,-0.8653219886446487,0.038597237807522056,-0.08940935974785401,3.474937182220263,0
1571238173250,0.41404729149651587,-0.8653219886446487,0.07353714207558366,0.09445934657291775,3.2697701064610247,0
1571238173500,0.45758135664059896,-0.8328062834932394,0.07353714207558366,-0.4325350918285215,3.088740980433813,0
1571238173750,0.45758135664059896,-0.8328062834932394,0.07353714207558366,0.45830625300896194,2.8513915422593925,0
1571238174000,0.5011154217846822,-0.80029057834183,0.10847704634364527,-0.11943391850768563,3.10483294692183,0
1571238174250,0.5011154217846822,-0.7677748731904207,0.10847704634364527,-0.3755307182957707,3.4085589983778313,0
1571238174500,0.5011154217846822,-0.7677748731904207,0.10847704634364527,-0.25670112658432437,3.0706386960554326,0
1571238174750,0.45758135664059896,-0.80029057834183,0.14341695061170687,-0.12932933646515127,3.2013816047282297,0
1571238175000,0.5011154217846822,-0.7677748731904207,0.21329675914783008,-0.1865028624416194,3.3482164798890444,0
1571238175250,0.41404729149651587,-0.8328062834932394,0.10847704634364527,-0.046106334156209516,3.2858620729490426,0
1571238175500,0.41404729149651587,-0.8653219886446487,0.07353714207558366,-0.003818223226869178,3.2134497943138163,0
1571238175750,0.45758135664059896,-0.8328062834932394,0.14341695061170687,0.22445299956970996,3.151095387373815,0
1571238176000,0.45758135664059896,-0.8328062834932394,0.14341695061170687,0.2421294299381742,3.2959183740834144,0
1571238176250,0.45758135664059896,-0.80029057834183,0.14341695061170687,0.7483181177623781,3.2959183740834144,0
1571238176500,0.45758135664059896,-0.7677748731904207,0.21329675914783008,-0.007793305654227169,3.245633727289851,0
1571238176750,0.45758135664059896,-0.7677748731904207,0.14341695061170687,-0.7990884373640434,3.2979302625346296,0
1571238177000,0.5011154217846822,-0.7352591680390114,0.1783568548797685,-0.5868866967206137,3.291896167741836,0
1571238177250,0.5881835520728484,-0.6702277577361927,0.24823666341589168,-0.040101422404243185,3.2677597885706615,0
1571238177500,0.3269791612083496,-0.80029057834183,0.2831765676839533,-0.03578803508945047,2.296232833470464,0
1571238177750,0.28344509606426643,-0.7352591680390114,0.3879962804881381,0.3760981653623244,3.209427587972238,0
1571238178000,0.2399110309201833,-0.7352591680390114,0.4229361847561997,0.07838986441976843,3.2898842792906207,0
1571238178250,0.15284290063201703,-0.702743462887602,0.4578760890242613,0.5800960124854622,3.0324206682866044,0
1571238178500,0.10930883548793388,-0.7677748731904207,0.4578760890242613,0.5260518067177652,3.3301141955106637,0
1571238178750,0.10930883548793388,-0.7677748731904207,0.4578760890242613,-0.1904779448689774,3.332124513401027,0
1571238179000,0.15284290063201703,-0.8653219886446487,0.5976357060965077,-0.33476497935988664,3.326090418608234,0
1571238179250,0.5011154217846822,-0.41010211652491785,0.14341695061170687,0.05031055876268645,3.3281023070594484,0
1571238179500,0.6317176172169315,-0.6051963474333739,0.2831765676839533,-0.18540337155745656,3.3220682122666547,0
1571238179750,0.41404729149651587,-0.7677748731904207,0.21329675914783008,-0.031559223996516436,2.211752365249652,0
1571238180000,0.45758135664059896,-0.7677748731904207,0.2831765676839533,0.08591714816519101,3.334136401852242,0
1571238180250,0.6317176172169315,-0.702743462887602,0.038597237807522056,-0.020733467598605306,3.3281023070594484,0
1571238180500,0.7187857475050978,-0.6377120525847833,0.038597237807522056,-0.23530334245407813,2.8815620162233597,0
1571238180750,0.9364560732255135,-0.6702277577361927,0.14341695061170687,0.05656919918022882,3.1631635769594015,0
1571238181000,0.7623198126491809,-0.7352591680390114,0.003657333539460452,0.16533422049049215,2.9439164231633614,0
1571238181250,0.5446494869287652,-0.7352591680390114,0.24823666341589168,0.6809108689410096,3.028398461945026,0
1571238181500,0.3705132263524327,-0.897837693796058,0.4229361847561997,1.205452596908547,3.233563967143412,0
1571238181750,-0.4130999462410638,-0.8653219886446487,0.5626958018284461,1.7891131039553023,3.2355758555946275,0
1571238182000,-0.36956588109698063,-0.6377120525847833,0.5976357060965077,0.1446976223569741,3.1973593983866513,0
1571238182250,0.15284290063201703,-0.4426178216763272,0.6325756103645693,-1.8173015723206998,3.2154616827650315,0
1571238182500,0.3269791612083496,-0.4751335268277365,0.5626958018284461,-1.6304726982348745,3.1993697162770145,0
1571238182750,0.3705132263524327,-0.4426178216763272,0.5277558975603845,-2.0099662057147745,3.193335621484221,0
1571238183000,0.28344509606426643,-0.6051963474333739,0.6675155146326309,-0.843152648952416,3.1832777497889975,0
1571238183250,-0.06482742508839867,-0.7352591680390114,0.5626958018284461,-0.6792439309902929,3.1852896382402127,0
1571238183500,-0.28249775080881434,-0.9303533989474674,0.8771549402410006,-0.3984508744194732,3.1832777497889975,0
1571238183750,-0.4130999462410638,-0.4751335268277365,0.6675155146326309,-0.15131915414840824,3.165175465410617,0
1571238184000,0.10930883548793388,-0.8328062834932394,0.7373953231687541,0.2553233205481284,3.1229352313002106,0
1571238184250,-0.021293359944315533,-0.5726806422819646,0.6325756103645693,0.16127456184127548,3.126957437641789,0
1571238184500,0.10930883548793388,-0.5726806422819646,0.6325756103645693,0.46490319831393906,3.135003420885798,0
1571238184750,0.022240705199767605,-0.6377120525847833,0.5976357060965077,1.2256663139327717,3.1329931029954348,0
1571238185000,-0.021293359944315533,-0.6702277577361927,0.5976357060965077,0.9870767920694334,3.149083498922599,0
1571238185250,-0.021293359944315533,-0.702743462887602,0.5976357060965077,-1.7377153475516813,3.1450612925810213,0
1571238185500,-0.4566340113851469,-0.8328062834932394,0.6325756103645693,-0.4661118519064177,3.1329931029954348,0
1571238185750,-0.4130999462410638,-0.7352591680390114,0.7024554189006925,0.07602173020772537,3.106843264812193,0
1571238186000,-0.4130999462410638,-0.6051963474333739,0.7723352274368158,0.2841638122019385,3.0847172035313823,0
1571238186250,-0.36956588109698063,-0.7677748731904207,0.8771549402410006,0.3286509048996045,3.062592712811424,0
1571238186500,-0.36956588109698063,-0.7352591680390114,0.7024554189006925,0.6513091912904714,3.064603030701787,0
1571238186750,-0.28249775080881434,-0.5401649371305552,0.8072751317048774,1.329356761931514,3.0686268076042174,0
1571238187000,-0.3260318159528975,-0.702743462887602,0.7024554189006925,-1.2289893730717172,3.064603030701787,0
1571238187250,-0.28249775080881434,-0.6377120525847833,0.7373953231687541,0.023922777542778082,3.05655861801863,0
1571238187500,-0.23896368566473122,-0.702743462887602,0.6325756103645693,-0.9312810721291613,3.0525348411162,0
1571238187750,-0.19542962052064808,-0.702743462887602,0.7024554189006925,-0.12070256183556585,3.1008091700193994,0
1571238188000,-0.23896368566473122,-0.702743462887602,0.6325756103645693,-0.17263236205679577,3.1913237330330055,0
1571238188250,-0.15189555537656493,-0.702743462887602,0.7024554189006925,0.016649222462931542,3.334136401852242,0
1571238188500,-0.15189555537656493,-0.702743462887602,0.6675155146326309,-0.056255480779251195,3.4608571041834613,0
1571238188750,-0.1083614902324818,-0.6702277577361927,0.5626958018284461,0.33313344465811456,3.579531823270672,0
1571238189000,-0.15189555537656493,-0.7677748731904207,0.6675155146326309,-0.01557431806522579,3.666024179942699,0
1571238189250,-0.021293359944315533,-0.702743462887602,0.5626958018284461,0.3853169735449205,3.702230319260312,0
1571238189500,0.2399110309201833,-0.3775864113735085,0.7024554189006925,0.08321070906571323,3.7245291422348257,0
1571238189750,0.022240705199767605,-0.2150078856164618,0.9470347487771238,0.4256598313715112,3.6802770196732046,0
1571238190000,-0.15189555537656493,-0.1499764753136431,0.842215035972939,0.12245407600814107,3.632002690770005,0
1571238190250,0.06577477034385075,-0.2150078856164618,1.5060732170661095,0.4160181420796216,3.5515444288907707,0
1571238190500,2.764886809277005,0.3052433968060877,0.5277558975603845,-0.31514329588867274,3.4710877375723874,0
1571238190750,-1.6755878354194749,1.378261666802596,-1.1842994115746341,1.7436956728171908,2.845530209160302,0
1571238191000,-3.6781548320472988,-1.5481517968242449,3.3578881432733745,1.1136873961918785,3.466891198976255,0
1571238191250,-1.3273153142668097,1.0531046152885024,-0.66020084755371,1.0374842202972072,3.3140222290226466,0
1571238191500,-0.3260318159528975,-0.7677748731904207,2.1349914938912185,1.0228525339156553,3.3502283683402596,0
1571238191750,-0.7613724673937289,-0.5401649371305552,0.8072751317048774,-0.7552779544412468,3.30195403943706,0
1571238192000,-0.7178384022496457,-0.5076492319791459,0.9470347487771238,-1.3555999771941623,3.27178199491224,0
1571238192250,-0.7178384022496457,-0.5726806422819646,0.9470347487771238,1.1609655042108808,3.2617241232170167,0
1571238192500,-0.5872362068173963,-0.5726806422819646,0.9470347487771238,-2.097333442894792,3.239599632497058,0
1571238192750,0.2399110309201833,-0.3450707062220992,0.9120948445090622,-1.4797578708827053,3.2174735712162468,0
1571238193000,-0.3260318159528975,-0.4751335268277365,0.8771549402410006,-0.6006726208835785,3.1551175937153935,0
1571238193250,-0.3260318159528975,-0.4426178216763272,0.842215035972939,0.2504178996803249,3.1832777497889975,0
1571238193500,-0.19542962052064808,-0.4426178216763272,0.8072751317048774,-0.288332633559471,3.1832777497889975,0
1571238193750,0.10930883548793388,-0.3450707062220992,0.7373953231687541,0.2941438063812628,3.1732214486546257,0
1571238194000,-0.7178384022496457,-0.2150078856164618,0.7373953231687541,-1.2509791907549743,3.1752333371058405,0
1571238194250,-0.15189555537656493,-0.5726806422819646,0.8072751317048774,0.7411291389043901,3.1329931029954348,0
1571238194500,-1.370849379410893,-0.6051963474333739,0.5976357060965077,0.28593991286097076,3.116901136507417,0
1571238194750,-0.4566340113851469,-0.9628691040988767,0.4578760890242613,1.3812019859308853,2.171524019590461,0
1571238195000,0.28344509606426643,-0.702743462887602,0.4229361847561997,-1.220785479551425,2.5657662046209198,0
1571238195250,-0.06482742508839867,-0.6377120525847833,0.5626958018284461,-0.8158345292920622,2.1835937797368996,0
1571238195500,0.06577477034385075,-0.7677748731904207,0.3879962804881381,0.22191571291394951,2.7467953306481325,0
1571238195750,-0.3260318159528975,-0.8328062834932394,0.3879962804881381,1.486161077257508,3.187301526691427,0
1571238196000,-0.19542962052064808,-1.0929319247045142,0.49281599329232295,0.16524964426863348,3.1732214486546257,0
1571238196250,-0.28249775080881434,-0.9628691040988767,0.4578760890242613,0.5620812772295631,3.165175465410617,0
1571238196500,-0.4566340113851469,-0.7352591680390114,0.6675155146326309,-0.4033562952872767,3.135003420885798,0
1571238196750,-0.28249775080881434,-0.6051963474333739,0.7373953231687541,0.006500075839889863,3.098797281568185,0
1571238197000,-0.3260318159528975,-0.6702277577361927,0.9120948445090622,-0.280128740039179,3.0706386960554326,0
1571238197250,-0.36956588109698063,-0.80029057834183,0.6325756103645693,-0.280128740039179,3.066614919153002,0
1571238197500,-0.36956588109698063,-0.7677748731904207,0.6675155146326309,-1.2056463358387213,3.0505229526649846,0
1571238197750,-0.4566340113851469,-0.8328062834932394,0.6325756103645693,0.08853901104281012,3.0384547630793977,0
1571238198000,-0.8919746628259783,-0.6377120525847833,0.7373953231687541,-0.050081416583567503,3.020352478701018,0
1571238198250,-0.50016807652923,-0.9628691040988767,0.8771549402410006,0.9040229422042091,3.0465007463234066,0
1571238198500,-0.50016807652923,-0.7677748731904207,0.7373953231687541,-1.089523183226753,3.012306495457009,0
1571238198750,-0.5437021416733132,-0.7677748731904207,0.7373953231687541,-0.05887734365687029,2.9921923226274134,0
1571238199000,-0.4566340113851469,-0.80029057834183,0.7024554189006925,0.13970762526731192,2.9740884676881807,0
1571238199250,-0.5437021416733132,-0.80029057834183,0.7024554189006925,1.134493146769114,2.968054372895387,0
1571238199500,-0.9790427931141445,-0.9303533989474674,0.6675155146326309,-0.1519957639232777,2.953974294858585,0
1571238199750,-1.0225768582582277,-1.3855732710671982,0.4578760890242613,-0.059384800988022374,2.5718002994137135,0
1571238200000,-0.4566340113851469,-0.8328062834932394,0.6675155146326309,-0.2215174182911132,2.895642094260162,0
1571238200250,-0.50016807652923,-0.8653219886446487,0.6675155146326309,-0.5267530029790918,2.905699965955385,0
1571238200500,-0.6307702719614795,-0.897837693796058,0.6325756103645693,0.8885454936040705,2.8815620162233597,0
1571238200750,-0.50016807652923,-0.80029057834183,0.7723352274368158,1.8624406883067783,2.6663386393297492,0
1571238201000,-0.6743043371055626,-0.7677748731904207,0.6325756103645693,-1.325744570878048,2.831277369429797,0
1571238201250,-0.19542962052064808,-0.9628691040988767,0.5277558975603845,-0.17483134382512147,2.85541374860097,0
1571238201500,-0.4566340113851469,-0.702743462887602,0.6325756103645693,2.0807319169240333,2.8574256370521853,0
1571238201750,-0.36956588109698063,-0.7677748731904207,0.6675155146326309,0.8301879005215809,2.8534018601497557,0
1571238202000,-0.3260318159528975,-0.8328062834932394,0.6675155146326309,-2.986398687073243,2.8594375255034006,0
1571238202250,-0.4130999462410638,-0.8653219886446487,0.5976357060965077,-1.575244425361156,2.845357447466599,0
1571238202500,-0.3260318159528975,-0.8653219886446487,0.6675155146326309,-0.43270424427223886,2.8534018601497557,0
1571238202750,-0.36956588109698063,-0.7677748731904207,0.7373953231687541,-1.2579990171692446,2.847367765356962,0
1571238203000,-0.4566340113851469,-0.80029057834183,0.6675155146326309,0.3560536007818171,2.83731146422259,0
1571238203250,-0.50016807652923,-0.8328062834932394,0.6675155146326309,0.10587713652383965,2.8433455590153836,0
1571238203500,-0.4566340113851469,-0.8328062834932394,0.7024554189006925,1.3159937188778428,2.83731146422259,0
1571238203750,-0.4566340113851469,-0.8328062834932394,0.6675155146326309,1.3322323534747094,2.845357447466599,0
1571238204000,-0.3260318159528975,-0.995384809250286,0.5277558975603845,-1.815440895439809,2.8534018601497557,0
1571238204250,-0.50016807652923,-0.8653219886446487,0.6675155146326309,0.08041969374437677,2.861447843393764,0
1571238204500,-0.50016807652923,-0.8653219886446487,0.6325756103645693,0.12710576821036848,2.863459731844979,0
1571238204750,-0.5437021416733132,-0.897837693796058,0.6325756103645693,0.6029315923873059,2.8493796538081773,0
1571238205000,-0.5437021416733132,-0.8328062834932394,0.7373953231687541,0.31824802961098675,2.821219497734573,0
1571238205250,-0.7178384022496457,-0.8328062834932394,0.6675155146326309,-0.25712400769361776,2.8292654809785818,0
1571238205500,-0.5872362068173963,-0.8653219886446487,0.6675155146326309,0.6050459979337729,2.716624856684165,0
1571238205750,-0.804906532537812,-0.8328062834932394,0.7373953231687541,0.5514246732753695,2.793059341660969,0
1571238206000,-0.5872362068173963,-0.80029057834183,0.6325756103645693,1.3650479275558773,2.778979263624166,0
1571238206250,-0.5872362068173963,-0.8328062834932394,0.7024554189006925,0.4841020006758595,2.809151308148986,0
1571238206500,-0.50016807652923,-0.8328062834932394,0.7024554189006925,-1.6142340636380077,2.8674819381865575,0
1571238206750,-0.5872362068173963,-0.80029057834183,0.7024554189006925,-0.9525942800375488,2.95196240640737,0
1571238207000,-0.50016807652923,-0.8653219886446487,0.6675155146326309,-0.5148277556970178,3.0263865734938107,0
1571238207250,-0.36956588109698063,-0.80029057834183,0.6675155146326309,0.40189391302922195,3.062592712811424,0
1571238207500,-0.4566340113851469,-0.80029057834183,0.6675155146326309,-0.05896191987872897,3.0786831087385886,0
1571238207750,-0.36956588109698063,-0.7677748731904207,0.7024554189006925,0.38861544619740906,3.066614919153002,0
1571238208000,-0.3260318159528975,-0.7352591680390114,0.7024554189006925,0.5391611211058607,3.0404666515306134,0
1571238208250,-0.3260318159528975,-0.7352591680390114,0.7024554189006925,0.4002023885920484,3.0143183839082233,0
1571238208500,-0.36956588109698063,-0.7677748731904207,0.7024554189006925,0.05631547051465277,2.9720765792369654,0
1571238208750,-0.50016807652923,-0.7677748731904207,0.5976357060965077,-0.22718402515564481,2.9479402000657915,0
1571238209000,-0.5872362068173963,-0.80029057834183,0.6325756103645693,0.17810522999115294,2.9801225624809744,0
1571238209250,-0.15189555537656493,-0.702743462887602,0.7723352274368158,-1.134771461921147,3.151095387373815,0
1571238209500,0.41404729149651587,-0.6702277577361927,0.24823666341589168,-0.4438683055575847,3.376376635962649,0
1571238209750,0.5446494869287652,-0.8653219886446487,0.14341695061170687,-0.0710563196045203,2.871505715088988,0
1571238210000,0.2399110309201833,-0.7352591680390114,0.3879962804881381,1.3384909938922518,3.8068249603107205,0
1571238210250,-0.06482742508839867,-0.7677748731904207,0.5277558975603845,0.22056249336421063,3.97193645210447,0
1571238210500,-0.1083614902324818,-0.6377120525847833,0.6325756103645693,-0.38847088024014886,3.9739467699948334,0
1571238210750,-0.19542962052064808,-0.7352591680390114,0.6675155146326309,0.5073604616869967,3.9417644075796514,0
1571238211000,-0.36956588109698063,-0.7352591680390114,0.6325756103645693,-1.2723769748852205,3.8914781902252367,0
1571238211250,-0.28249775080881434,-0.6702277577361927,0.6675155146326309,-0.23987045843444693,3.772803471138026,0
1571238211500,-0.8484405976818952,-0.7352591680390114,0.7723352274368158,0.9995094966826595,3.6621731647339724,0
1571238211750,-0.5872362068173963,-0.7352591680390114,0.7024554189006925,-0.018703638273996973,3.5555682057932003,0
1571238212000,-0.3260318159528975,-0.7352591680390114,0.7373953231687541,-0.14362271795926831,3.48114403870676,0
1571238212250,-0.36956588109698063,-0.702743462887602,0.7024554189006925,0.40933662055278586,3.440915693047569,0
1571238212500,0.10930883548793388,-0.6702277577361927,0.5976357060965077,0.3901378181908653,3.4026992358395924,0
1571238212750,-0.15189555537656493,-0.80029057834183,0.5626958018284461,0.16347354360960117,3.354423336375541,0
1571238213000,-0.19542962052064808,-0.7352591680390114,0.5626958018284461,-0.6333190425210293,3.346377353131532,0
1571238213250,-0.5872362068173963,-0.9303533989474674,1.2265539829216165,0.09970307232815596,3.2840229461915302,0
1571238213500,-1.2402471839786433,-0.8328062834932394,0.7723352274368158,0.07517596798913857,3.205576572763511,0
1571238213750,-0.28249775080881434,-0.702743462887602,0.7373953231687541,1.8695450909429077,3.1914980652875613,0
1571238214000,-0.4566340113851469,-0.8328062834932394,0.4578760890242613,-0.8293667247894512,3.2075884612147263,0
1571238214250,-0.4130999462410638,-0.8653219886446487,0.5626958018284461,1.2665166290905143,2.9682271345890907,0
1571238214500,-0.36956588109698063,-0.897837693796058,0.5277558975603845,-1.1264829921789963,3.1331658646891376,0
1571238214750,-0.50016807652923,-0.995384809250286,0.5976357060965077,-0.07004140494221613,2.9420788669667015,0
1571238215000,-0.36956588109698063,-1.0929319247045142,0.5626958018284461,1.0639565777389743,3.1470731810322365,0
1571238215250,0.10930883548793388,-0.897837693796058,0.038597237807522056,1.3697841959799635,3.116901136507417,0
1571238215500,0.5011154217846822,-0.80029057834183,0.4229361847561997,-1.2704317217824708,3.1691976717521952,0
1571238215750,0.022240705199767605,-0.7677748731904207,0.4229361847561997,-1.2166412446803498,3.205403811069808,0
1571238216000,0.06577477034385075,-0.80029057834183,0.49281599329232295,0.3642574943021091,3.346204591437829,0
1571238216250,0.06577477034385075,-0.80029057834183,0.4229361847561997,0.7723377647702433,3.394478920341029,0
1571238216500,0.06577477034385075,-0.7677748731904207,0.49281599329232295,-3.9010059502530154,3.3824107307554416,0
1571238216750,0.10930883548793388,-0.7677748731904207,0.5277558975603845,-0.6600451286283725,3.3582743515842677,0
1571238217000,0.19637696577610014,-0.702743462887602,0.49281599329232295,0.9305798758678349,3.2516678220826445,0
1571238217250,-0.021293359944315533,-0.7677748731904207,0.6325756103645693,0.49374368996774914,3.1852896382402127,0
1571238217500,-0.021293359944315533,-0.7677748731904207,0.5976357060965077,-0.3065165212590873,3.209427587972238,0
1571238217750,-0.06482742508839867,-0.80029057834183,0.5277558975603845,0.6363392000214848,3.1531072758250303,0
1571238218000,0.022240705199767605,-0.80029057834183,0.4578760890242613,0.2159953773838419,3.1108670417146236,0
1571238218250,0.022240705199767605,-0.80029057834183,0.49281599329232295,0.9321868240831498,3.0686268076042174,0
1571238218500,0.06577477034385075,-0.702743462887602,0.3879962804881381,-0.8474660362672087,3.030408779835389,0
1571238218750,0.19637696577610014,-0.8328062834932394,0.5277558975603845,0.10900645673261083,2.998226417420207,0
1571238219000,-0.4130999462410638,-0.4751335268277365,0.3181164719520149,-0.1288218791339992,2.895642094260162,0
1571238219250,-0.50016807652923,-0.6051963474333739,0.21329675914783008,0.6040310832714688,2.960008389651379,0
1571238219500,-0.4566340113851469,-0.702743462887602,0.7024554189006925,0.604792269268197,2.95196240640737,0
1571238219750,-0.28249775080881434,-0.8653219886446487,0.6325756103645693,1.4325397525991046,2.6341562769145668,0
1571238220000,0.9364560732255135,-0.7352591680390114,0.9819746530451854,-1.6373233722054275,2.9036880775041705,0
1571238220250,-0.021293359944315533,-0.7352591680390114,0.4578760890242613,1.0763892823522003,2.815185402941779,0
1571238220500,0.10930883548793388,-0.7352591680390114,0.5626958018284461,0.35766054899713196,2.895642094260162,0
1571238220750,-0.19542962052064808,-0.80029057834183,0.6675155146326309,-1.9775735127429,2.8896079994673687,0
1571238221000,-0.15189555537656493,-0.4751335268277365,0.5626958018284461,-0.35641649215570886,2.8855857931257893,0
1571238221250,1.676535180674927,-0.6702277577361927,0.8072751317048774,1.2441039302979642,2.656280767634526,0
1571238221500,0.19637696577610014,-0.6051963474333739,0.49281599329232295,1.4275497555094425,2.119227484345682,0
1571238221750,-0.15189555537656493,-0.80029057834183,0.5277558975603845,0.22927384421565475,2.710815352093185,0
1571238222000,-0.4130999462410638,-0.702743462887602,0.7373953231687541,-0.5964438097906445,2.825467864838817,0
1571238222250,-0.5437021416733132,-0.702743462887602,0.8072751317048774,-1.5683937513906028,2.823455976387602,0
1571238222500,-0.36956588109698063,-0.80029057834183,0.5626958018284461,-0.12763781202797767,2.7329414133739958,0
1571238222750,-0.19542962052064808,-0.9303533989474674,0.6675155146326309,0.028151588635712117,2.7973061382043607,0
1571238223000,-0.4130999462410638,-0.9303533989474674,0.5277558975603845,0.8878688838292011,2.7912720434115674,0
1571238223250,-0.3260318159528975,-0.6051963474333739,0.7723352274368158,1.4139329837901948,2.7751816474844015,0
1571238223500,-0.19542962052064808,-0.7677748731904207,0.5976357060965077,1.2830089923529573,2.7771919653747648,0
1571238223750,-0.23896368566473122,-0.8328062834932394,0.5626958018284461,-2.7363067990371244,2.771157870581972,0
1571238224000,-0.15189555537656493,-0.80029057834183,0.5626958018284461,-1.0252452546141555,2.7611015694475998,0
1571238224250,-0.1083614902324818,-0.702743462887602,0.5976357060965077,-0.2201641987413743,2.755065904093955,0
1571238224500,-0.19542962052064808,-0.80029057834183,0.5277558975603845,0.5347631575692092,2.7409858260571527,0
1571238224750,-0.19542962052064808,-0.702743462887602,0.5976357060965077,-0.09000139330086478,2.734951731264359,0
1571238225000,-0.19542962052064808,-0.7677748731904207,0.7024554189006925,0.4799577658047842,2.726907318581202,0
1571238225250,-0.36956588109698063,-0.7677748731904207,0.4578760890242613,-0.04272328528186228,2.718861335337194,0
1571238225500,-0.4130999462410638,-0.8653219886446487,0.6325756103645693,0.4369084688787157,2.7168494468859787,0
1571238225750,-0.3260318159528975,-0.8328062834932394,0.5976357060965077,-0.23547249489779554,2.7148375584347635,0
1571238226000,-0.23896368566473122,-0.80029057834183,0.6325756103645693,-0.12433933937548912,2.7148375584347635,0
1571238226250,-0.23896368566473122,-0.9628691040988767,0.6675155146326309,-0.5880707638266351,2.7148375584347635,0
1571238226500,-0.28249775080881434,-0.7352591680390114,0.5277558975603845,0.1703242175801543,2.7168494468859787,0
1571238226750,-0.23896368566473122,-0.8328062834932394,0.6675155146326309,0.22039334092049329,2.6987471625075985,0
1571238227000,-0.28249775080881434,-0.80029057834183,0.5626958018284461,0.41770966651679525,2.702769368849176,0
1571238227250,-0.23896368566473122,-0.8328062834932394,0.5626958018284461,-0.11503595497103425,2.6987471625075985,0
1571238227500,-0.28249775080881434,-0.80029057834183,0.6325756103645693,0.3465810639336448,2.6987471625075985,0
1571238227750,-0.23896368566473122,-0.80029057834183,0.6325756103645693,-0.5434145186852518,2.6907011792635895,0
1571238228000,-0.23896368566473122,-0.80029057834183,0.5626958018284461,-0.040270574847960545,2.6886892908123743,0
1571238228250,-0.28249775080881434,-0.80029057834183,0.6675155146326309,-0.00288788478642369,2.6826551960195806,0
1571238228500,-0.23896368566473122,-0.80029057834183,0.5976357060965077,0.21819435915216756,2.6766211012267873,0
1571238228750,-0.28249775080881434,-0.8328062834932394,0.5976357060965077,-0.20324895436963816,2.674609212775572,0
1571238229000,-0.19542962052064808,-0.7352591680390114,0.7024554189006925,0.11847899358078307,2.664551341080348,0
1571238229250,-0.1083614902324818,-0.702743462887602,0.5976357060965077,-0.15444847435717943,2.666563229531563,0
1571238229500,-0.15189555537656493,-0.8328062834932394,0.5976357060965077,0.1130661153818275,2.664551341080348,0
1571238229750,-0.28249775080881434,-0.80029057834183,0.5976357060965077,0.22496045690086203,2.658517246287555,0
1571238230000,-0.19542962052064808,-0.7352591680390114,0.6675155146326309,-0.0492356543649807,2.656506928397192,0
1571238230250,-0.1083614902324818,-0.702743462887602,0.6675155146326309,-0.5473050248907512,2.652483151494762,0
1571238230500,-0.15189555537656493,-0.702743462887602,0.5976357060965077,0.10224035898391638,2.6484609451531838,0
1571238230750,-0.1083614902324818,-0.8328062834932394,0.49281599329232295,-0.13491136710782423,2.6384030734579595,0
1571238231000,-0.19542962052064808,-0.7352591680390114,0.5976357060965077,0.2019557245553009,2.6384030734579595,0
1571238231250,-0.23896368566473122,-0.7677748731904207,0.6325756103645693,-0.4235700123115013,2.642426850360389,0
1571238231500,-0.23896368566473122,-0.80029057834183,0.5976357060965077,-0.14345356551555094,2.632368978665166,0
1571238231750,-0.28249775080881434,-0.8328062834932394,0.5976357060965077,-0.040947184622829993,2.628346772323588,0
1571238232000,-0.28249775080881434,-0.8653219886446487,0.5626958018284461,0.26158196096567077,2.6182889006283636,0
1571238232250,-0.28249775080881434,-0.8328062834932394,0.6325756103645693,0.04616632389161109,2.6203007890795784,0
1571238232500,-0.23896368566473122,-0.80029057834183,0.5976357060965077,-0.2560245168094549,2.622311106969942,0
1571238232750,-0.3260318159528975,-0.8653219886446487,0.5976357060965077,0.2263982526724596,2.614266694286785,0
1571238233000,-0.1083614902324818,-0.6377120525847833,0.6675155146326309,-0.017604147389834124,2.6162770121771484,0
1571238233250,-0.23896368566473122,-0.80029057834183,0.6675155146326309,0.5003406352727262,2.6162770121771484,0
1571238233500,-0.3260318159528975,-0.8328062834932394,0.5626958018284461,0.07957393152578997,2.6182889006283636,0
1571238233750,-0.3260318159528975,-0.897837693796058,0.5976357060965077,0.3589291923250122,2.6203007890795784,0
1571238234000,-0.23896368566473122,-0.80029057834183,0.6325756103645693,-0.08839444508554983,2.614266694286785,0
1571238234250,-0.1083614902324818,-0.80029057834183,0.6325756103645693,-0.08619546331722414,2.6182889006283636,0
1571238234500,-0.3260318159528975,-0.7677748731904207,0.7723352274368158,0.059783095610858684,2.61225480583557,0
1571238234750,-0.7613724673937289,-0.8328062834932394,0.6675155146326309,0.48528606778188105,2.2823789161963286,0
1571238235000,-0.6307702719614795,-0.8328062834932394,0.7373953231687541,0.008868210051932921,2.4352478861499365,0
1571238235250,-0.7178384022496457,-0.8328062834932394,0.7373953231687541,0.4823259000168273,2.535820320858766,0
1571238235500,-0.06482742508839867,-0.7352591680390114,0.5626958018284461,1.6608955516175425,2.598174727798768,0
1571238235750,0.28344509606426643,-0.6051963474333739,0.4578760890242613,-1.4108282500678806,2.588116856103545,0
1571238236000,0.10930883548793388,-0.702743462887602,0.49281599329232295,-1.3587292974029332,2.596162839347553,0
1571238236250,0.022240705199767605,-0.702743462887602,0.49281599329232295,-1.5332946193192503,2.6021969341403466,0
1571238236500,0.06577477034385075,-0.6377120525847833,0.5626958018284461,-0.04272328528186228,2.5840946497619663,0
1571238236750,-0.1083614902324818,-0.6051963474333739,0.5277558975603845,0.14080711615147476,2.580070872859536,0
1571238237000,0.06577477034385075,-0.7677748731904207,0.4229361847561997,0.43868456953774804,2.5941509508963376,0
1571238237250,0.19637696577610014,-0.80029057834183,0.3181164719520149,0.258875521866193,2.596162839347553,0
1571238237500,0.3705132263524327,-0.7352591680390114,0.3181164719520149,0.5262209591614825,2.5941509508963376,0
1571238237750,0.28344509606426643,-0.702743462887602,0.3879962804881381,-0.011007202084857034,2.588116856103545,0
1571238238000,0.06577477034385075,-0.5401649371305552,0.49281599329232295,-0.2711636605221588,2.5861049676523296,0
1571238238250,0.45758135664059896,-0.6702277577361927,0.5626958018284461,0.19958759034325782,2.5720248896155273,0
1571238238500,-0.28249775080881434,-0.80029057834183,0.4229361847561997,-0.048897349477545975,2.5659907948227336,0
1571238238750,-0.15189555537656493,-0.897837693796058,0.3879962804881381,0.39665018727398377,2.561968588481155,0
1571238239000,0.3705132263524327,-0.6051963474333739,-0.13610228353278597,0.010813463154682576,2.537830638749129,0
1571238239250,-0.4130999462410638,-0.8653219886446487,0.7024554189006925,0.07822071197605107,2.598174727798768,0
1571238239500,-0.19542962052064808,-0.7677748731904207,0.5976357060965077,-0.9704398628497304,2.5861049676523296,0
1571238239750,-0.1083614902324818,-0.7352591680390114,0.6325756103645693,0.7776660667473403,2.5659907948227336,0
1571238240000,-0.15189555537656493,-0.6702277577361927,0.6675155146326309,2.065423620767612,2.553922605237146,0
1571238240250,-0.15189555537656493,-0.7352591680390114,0.5976357060965077,0.7969494453311194,2.549900398895568,0
1571238240500,-0.23896368566473122,-0.7352591680390114,0.6675155146326309,-4.242101853009075,2.5438647335419238,0
1571238240750,-0.15189555537656493,-0.7352591680390114,0.6325756103645693,-0.9057390531278398,2.5338084324075507,0
1571238241000,-0.15189555537656493,-0.7352591680390114,0.6325756103645693,0.16364269605331855,2.5237505607123274,0
1571238241250,-0.19542962052064808,-0.702743462887602,0.6325756103645693,0.4984799583918353,2.521740242821964,0
1571238241500,-0.19542962052064808,-0.7352591680390114,0.6325756103645693,0.18723946195189045,2.5177164659195337,0
1571238241750,-0.15189555537656493,-0.702743462887602,0.6325756103645693,0.2625968756279749,2.515706148029171,0
1571238242000,-0.15189555537656493,-0.702743462887602,0.6675155146326309,0.30310888589828294,2.5116823711267404,0
1571238242250,-0.15189555537656493,-0.702743462887602,0.5976357060965077,-0.20866183256859375,2.5036363878827315,0
1571238242500,-0.1083614902324818,-0.702743462887602,0.6325756103645693,-0.01413652229362822,2.5036363878827315,0
1571238242750,-0.1083614902324818,-0.702743462887602,0.6325756103645693,-0.09431478061565748,2.4955919751995754,0
1571238243000,-0.1083614902324818,-0.702743462887602,0.6325756103645693,0.2483034941338579,2.49358008674836,0
1571238243250,-0.1083614902324818,-0.702743462887602,0.6325756103645693,-0.272686032515615,2.4976022930899386,0
1571238243500,-0.15189555537656493,-0.702743462887602,0.6325756103645693,0.5818721131444945,2.4875459919555665,0
1571238243750,-0.1083614902324818,-0.6702277577361927,0.6325756103645693,-0.17313981938794787,2.4855341035043512,0
1571238244000,-0.1083614902324818,-0.702743462887602,0.5976357060965077,0.186562852177021,2.477488120260343,0
1571238244250,-0.15189555537656493,-0.702743462887602,0.6325756103645693,0.018594475565681202,2.475476231809128,0
1571238244500,-0.15189555537656493,-0.6702277577361927,0.6675155146326309,0.16448845827190536,2.475476231809128,0
1571238244750,-0.1083614902324818,-0.702743462887602,0.6325756103645693,-0.19225404552800968,2.4734659139187647,0
1571238245000,-0.1083614902324818,-0.6702277577361927,0.6325756103645693,-0.16654287408297078,2.4714540254675494,0
1571238245250,-0.1083614902324818,-0.702743462887602,0.6325756103645693,0.08397189506244136,2.4654199306747557,0
1571238245500,-0.1083614902324818,-0.6702277577361927,0.6325756103645693,-0.20866183256859375,2.459385835881962,0
1571238245750,-0.19542962052064808,-0.702743462887602,0.6325756103645693,-0.4807435382879695,2.4533501705283167,0
1571238246000,0.3705132263524327,-0.6051963474333739,0.49281599329232295,-0.1992738719422802,2.447316075735523,0
1571238246250,0.2399110309201833,-0.4751335268277365,0.6325756103645693,0.23976129572613114,2.4332359976987212,0
1571238246500,0.06577477034385075,-0.3775864113735085,0.5976357060965077,-0.15055796815168013,2.4352478861499365,0
1571238246750,-0.19542962052064808,-0.5076492319791459,0.7024554189006925,0.688438152686432,2.4453057578451602,0
1571238247000,-0.4566340113851469,-0.6702277577361927,0.6675155146326309,1.0165093172762545,2.4493279641867383,0
1571238247250,-0.5437021416733132,-0.8328062834932394,0.8072751317048774,2.727317133033647,2.469442137016334,0
1571238247500,-0.4566340113851469,-0.5076492319791459,0.8072751317048774,-0.561090949053716,2.5659907948227336,0
1571238247750,-0.3260318159528975,-0.995384809250286,0.5976357060965077,-0.9007490560381776,2.7389755081667895,0
1571238248000,0.19637696577610014,-0.702743462887602,0.5976357060965077,-2.065786512141504,3.0125310856588228,0
1571238248250,-0.19542962052064808,-0.9303533989474674,0.5277558975603845,-0.4444603391105955,3.2697701064610247,0
1571238248500,-0.8484405976818952,-0.995384809250286,0.21329675914783008,-1.2875161185979243,3.4025249035850376,0
1571238248750,-0.28249775080881434,-0.995384809250286,0.3879962804881381,-0.2727706087374737,3.428674741768278,0
1571238249000,-0.5872362068173963,-0.6051963474333739,0.24823666341589168,-0.5443448571256972,3.4789593885618424,0
1571238249250,-0.3260318159528975,-0.7352591680390114,0.842215035972939,0.5057535134716818,3.4870053718058505,0
1571238249500,-0.1083614902324818,-0.7352591680390114,0.5277558975603845,0.08710121527121255,3.42062875852427,0
1571238249750,-0.3260318159528975,-0.702743462887602,0.6325756103645693,0.762104041925343,3.352238686230623,0
1571238250000,-0.28249775080881434,-0.9628691040988767,0.6675155146326309,0.0702705471213351,3.281838296046612,0
1571238250250,-0.5872362068173963,-0.6702277577361927,0.6325756103645693,0.25109450945519435,3.1973593983866513,0
1571238250500,-0.28249775080881434,-0.897837693796058,0.8072751317048774,-0.06285242608422828,3.034432556737819,0
1571238250750,-0.15189555537656493,-0.80029057834183,0.9120948445090622,0.5796731313761687,3.048512634774622,0
1571238251000,-0.4130999462410638,-0.6377120525847833,0.5976357060965077,0.10460849319595944,2.9921923226274134,0
1571238251250,-0.19542962052064808,-0.8653219886446487,0.7024554189006925,0.7687855634521786,2.9419061052729987,0
1571238251500,-0.15189555537656493,-0.9303533989474674,0.49281599329232295,-0.06065344431590259,2.9197800439921875,0
1571238251750,-0.28249775080881434,-0.6702277577361927,0.7723352274368158,0.6102897236890111,2.823231386185788,0
1571238252000,-0.5437021416733132,-0.7677748731904207,0.7024554189006925,-0.13837899220403013,2.8594375255034006,0
1571238252250,-0.5437021416733132,-0.7352591680390114,0.8072751317048774,-0.4054707008337437,2.839321782112953,0
1571238252500,-0.4130999462410638,-0.6051963474333739,0.7723352274368158,1.4720368482071085,2.8272535925273665,0
1571238252750,-0.4566340113851469,-0.702743462887602,0.7373953231687541,0.8357699311642538,2.8071394196977706,0
1571238253000,-0.4566340113851469,-0.702743462887602,0.7373953231687541,-2.545587418745799,2.7890371353193903,0
1571238253250,-0.4566340113851469,-0.702743462887602,0.7723352274368158,-1.7582673694633408,2.7749570572825877,0
1571238253500,-0.4566340113851469,-0.702743462887602,0.7373953231687541,0.32721310912800694,2.7608769792457863,0
1571238253750,-0.4130999462410638,-0.702743462887602,0.7373953231687541,0.14317525036351783,2.748807219099347,0
1571238254000,-0.4130999462410638,-0.702743462887602,0.7373953231687541,0.04599717144789373,2.7367390295137604,0
1571238254250,-0.4130999462410638,-0.702743462887602,0.7373953231687541,0.21396554805923354,2.724670839928173,0
1571238254500,-0.4130999462410638,-0.6702277577361927,0.7373953231687541,-0.256278245475031,2.7146129682329496,0
1571238254750,-0.4130999462410638,-0.702743462887602,0.7373953231687541,0.29558160215286033,2.708578873440156,0
1571238255000,-0.4566340113851469,-0.7352591680390114,0.7373953231687541,-0.10708579011631826,2.6924869069521384,0
1571238255250,-0.4566340113851469,-0.6702277577361927,0.7723352274368158,0.43775423109730255,2.6824306058177663,0
1571238255500,-0.4130999462410638,-0.7352591680390114,0.7024554189006925,0.06223580604476042,2.6683505277809645,0
1571238255750,-0.4566340113851469,-0.702743462887602,0.7373953231687541,0.27206941247614713,2.6603045445369564,0
1571238256000,-0.4130999462410638,-0.702743462887602,0.7373953231687541,0.0033707556311186795,2.6542704497441627,0
1571238256250,-0.4130999462410638,-0.702743462887602,0.7373953231687541,0.09538968501336324,2.6422006895977237,0
1571238256500,-0.4130999462410638,-0.702743462887602,0.7373953231687541,-0.11571256474590369,2.63616659480493,0
1571238256750,-0.4130999462410638,-0.702743462887602,0.7373953231687541,0.03102718017890726,2.622086516768128,0
1571238257000,-0.4566340113851469,-0.702743462887602,0.7373953231687541,0.07864359308534448,2.6160524219753345,0
1571238257250,-0.4566340113851469,-0.702743462887602,0.7373953231687541,-0.3243621040712689,2.612030215633756,0
1571238257500,-0.4566340113851469,-0.702743462887602,0.7723352274368158,0.025106844648799614,2.595938249145739,0
1571238257750,-0.4566340113851469,-0.7352591680390114,0.7373953231687541,-0.2561936692531723,2.593926360694524,0
1571238258000,-0.4566340113851469,-0.702743462887602,0.7723352274368158,0.08701663904935387,2.5899041543529457,0
1571238258250,-0.4566340113851469,-0.7352591680390114,0.7024554189006925,-0.18176659401753328,2.5919160428041605,0
1571238258500,-0.4130999462410638,-0.7677748731904207,0.6675155146326309,-0.02352448291994177,2.5979501375969543,0
1571238258750,-0.4566340113851469,-0.7677748731904207,0.7723352274368158,-0.2410545255404684,2.5999604554873175,0
1571238259000,-0.4130999462410638,-0.702743462887602,0.7373953231687541,-0.021156348707898714,2.5979501375969543,0
1571238259250,-0.4130999462410638,-0.7352591680390114,0.7373953231687541,-0.2919694110993942,2.5979501375969543,0
1571238259500,-0.4130999462410638,-0.7352591680390114,0.7373953231687541,-0.006101781217053556,2.5919160428041605,0
1571238259750,-0.4566340113851469,-0.7352591680390114,0.7373953231687541,-0.018027028499127528,2.5858803774505152,0
1571238260000,-0.4566340113851469,-0.7352591680390114,0.7024554189006925,-0.03536515398015706,2.5778359647673583,0
1571238260250,-0.4566340113851469,-0.7677748731904207,0.7373953231687541,0.042106665242394425,2.567778093072135,0
1571238260500,-0.50016807652923,-0.7677748731904207,0.7024554189006925,-0.0771458075783453,2.5536980150353323,0
1571238260750,-0.4566340113851469,-0.7677748731904207,0.7024554189006925,0.0163954937973555,2.5476639202425395,0
1571238261000,-0.4566340113851469,-0.7677748731904207,0.7024554189006925,-0.0855188535423547,2.5396179369985306,0
1571238261250,-0.4130999462410638,-0.7352591680390114,0.7024554189006925,-0.22092538473810244,2.5355941600961005,0
1571238261500,-0.36956588109698063,-0.702743462887602,0.7373953231687541,-0.11630459829891446,2.5275497474129436,0
1571238261750,-0.36956588109698063,-0.702743462887602,0.7373953231687541,0.1446976223569741,2.5174918757177194,0
1571238262000,-0.4130999462410638,-0.702743462887602,0.7373953231687541,-0.07875275579366024,2.515479987266504,0
1571238262250,-0.4130999462410638,-0.702743462887602,0.7373953231687541,0.13835440571757304,2.5114577809249266,0
1571238262500,-0.4130999462410638,-0.7352591680390114,0.7373953231687541,0.036270905934145455,2.505423686132133,0
1571238262750,0.2399110309201833,-0.6377120525847833,0.6325756103645693,-0.03781786441405881,2.49938959133934,0
1571238263000,-0.15189555537656493,-0.6377120525847833,0.5626958018284461,-0.135757129326411,2.4812857364001073,0
1571238263250,-0.06482742508839867,-0.5726806422819646,0.6325756103645693,0.12431475288903203,2.5275497474129436,0
1571238263500,0.28344509606426643,-0.5401649371305552,0.6675155146326309,0.052932421640305545,2.507434004022496,0
1571238263750,0.06577477034385075,-0.6377120525847833,0.5277558975603845,0.9452961384712453,2.515479987266504,0
1571238264000,0.022240705199767605,-0.5401649371305552,0.6675155146326309,2.0295633026995312,2.5255378589617283,0
1571238264250,-0.06482742508839867,-0.6702277577361927,0.7373953231687541,-0.8703016161690525,2.5275497474129436,0
1571238264500,-0.23896368566473122,-0.5726806422819646,0.842215035972939,-1.2420141112379541,2.5376060485473153,0
1571238264750,-0.23896368566473122,-0.80029057834183,0.6675155146326309,-0.2460445226301306,2.5195037641689355,0
1571238265000,-0.1083614902324818,-0.8328062834932394,0.5976357060965077,-1.032857114581437,2.515479987266504,0
1571238265250,-0.19542962052064808,-0.8328062834932394,0.49281599329232295,-0.32216312230294325,2.5094458924737113,0
1571238265500,-0.4130999462410638,-0.7677748731904207,0.5976357060965077,0.5899914304429279,2.4873198311929006,0
1571238265750,-0.4130999462410638,-0.8653219886446487,0.5976357060965077,0.49086809842455403,2.461171563570512,0
1571238266000,-0.28249775080881434,-0.7352591680390114,0.6675155146326309,-1.2420986874598128,2.4732397531560983,0
1571238266250,-0.36956588109698063,-0.6702277577361927,0.7373953231687541,0.46448031720464567,2.4812857364001073,0
1571238266500,-0.28249775080881434,-0.7352591680390114,0.6675155146326309,1.368600128873942,2.461171563570512,0
1571238266750,-0.3260318159528975,-0.702743462887602,0.7024554189006925,-0.4839574347185993,2.463183452021726,0
1571238267000,-0.28249775080881434,-0.7352591680390114,0.6675155146326309,-1.2475115656587685,2.453125580326503,0
1571238267250,-0.28249775080881434,-0.7352591680390114,0.6675155146326309,0.6442047886543422,2.4511152624361396,0
1571238267500,-0.3260318159528975,-0.7352591680390114,0.7373953231687541,0.808705540169476,2.445079597082494,0
1571238267750,-0.28249775080881434,-0.702743462887602,0.7024554189006925,0.689283914905019,2.439045502289701,0
1571238268000,-0.23896368566473122,-0.7352591680390114,0.6675155146326309,0.0925140934701681,2.437035184399338,0
1571238268250,-0.28249775080881434,-0.702743462887602,0.6675155146326309,-0.02851448000960393,2.4269773127041137,0
1571238268500,-0.28249775080881434,-0.702743462887602,0.7024554189006925,-0.8512719662508494,2.4249654242528984,0
1571238268750,-0.3260318159528975,-0.702743462887602,0.7024554189006925,-0.050927178802154305,2.4209432179113204,0
1571238269000,0.2399110309201833,-0.7352591680390114,0.5976357060965077,0.07957393152578997,2.410885346216096,0
1571238269250,-0.23896368566473122,-0.24752359076787114,0.3879962804881381,0.48672386355347863,2.4088750283257334,0
1571238269500,0.06577477034385075,-0.4426178216763272,0.6325756103645693,0.8504861937676643,2.392783061837716,0
1571238269750,-0.23896368566473122,-0.6051963474333739,0.7024554189006925,-0.922654297499576,2.384737078593707,0
1571238270000,0.06577477034385075,-0.7677748731904207,0.842215035972939,-0.07317072515098733,2.3726688890081205,0
1571238270250,-0.36956588109698063,-0.2150078856164618,0.6675155146326309,1.1735673612678243,2.3726688890081205,0
1571238270500,0.41404729149651587,-0.80029057834183,0.842215035972939,0.9639874835020138,2.346519050824879,0
1571238270750,0.06577477034385075,-0.3775864113735085,0.7024554189006925,-1.0130662786665054,2.3445087329345164,0
1571238271000,-0.19542962052064808,-0.6051963474333739,0.9120948445090622,-1.45573822387484,2.3424968444833008,0
1571238271250,0.5881835520728484,-0.1499764753136431,0.4578760890242613,0.5705388994154312,2.3988171566305097,0
1571238271500,-0.3260318159528975,-0.01991365470800574,0.8771549402410006,-0.9959818818510521,2.4571493572289334,0
1571238271750,0.06577477034385075,-0.702743462887602,0.9819746530451854,-1.3602516693963895,2.5034117976809176,0
1571238272000,0.3269791612083496,-0.4751335268277365,0.8072751317048774,1.3938884192096874,2.5798462826577215,0
1571238272250,0.06577477034385075,-0.4751335268277365,0.6675155146326309,1.9558974134606206,2.5557099034865476,0
1571238272500,0.10930883548793388,-0.5401649371305552,0.6325756103645693,0.9079134484097084,2.551686126584118,0
1571238272750,0.19637696577610014,-0.6377120525847833,0.5277558975603845,-1.37369928867192,2.5396179369985306,0
1571238273000,-0.15189555537656493,-0.5401649371305552,0.6325756103645693,-0.9509873318222338,2.531571953754522,0
1571238273250,0.15284290063201703,-0.4751335268277365,0.6675155146326309,-1.67369114760466,2.513469669376141,0
1571238273500,0.2399110309201833,-0.5726806422819646,0.4578760890242613,-0.3861873222499645,2.4853095133025374,0
1571238273750,0.2399110309201833,-0.6377120525847833,0.7373953231687541,-1.0814038659283194,2.455137468777718,0
1571238274000,0.022240705199767605,-0.5726806422819646,0.7373953231687541,-0.1735627004972413,2.4269773127041137,0
1571238274250,-0.15189555537656493,-0.5726806422819646,0.5277558975603845,-0.3742620749678905,2.4088750283257334,0
1571238274500,-0.28249775080881434,-0.5401649371305552,0.6675155146326309,-0.11495137874917556,2.3988171566305097,0
1571238274750,-0.36956588109698063,-0.6702277577361927,0.6675155146326309,0.002778722078107914,2.384737078593707,0
1571238275000,-0.28249775080881434,-0.6377120525847833,0.7373953231687541,0.3310190391116476,2.3706570005569056,0
1571238275250,-0.28249775080881434,-0.6051963474333739,0.6675155146326309,0.661965795244665,2.356576922520103,0
1571238275500,-0.19542962052064808,-0.6702277577361927,0.6675155146326309,-0.0220866871483442,2.340484956032086,0
1571238275750,-0.19542962052064808,-0.5076492319791459,0.8072751317048774,1.3830626628117764,2.330428654897714,0
1571238276000,-0.4130999462410638,-0.5401649371305552,0.8072751317048774,-0.7542630397789427,2.324394560104921,0
1571238276250,-0.19542962052064808,-0.702743462887602,0.5976357060965077,0.34285971017186284,2.3284167664464994,0
1571238276500,-0.19542962052064808,-0.6377120525847833,0.7024554189006925,0.11729492647476153,2.3203707832024905,0
1571238276750,-0.15189555537656493,-0.6377120525847833,0.842215035972939,0.3952123915023862,2.324394560104921,0
1571238277000,-0.28249775080881434,-0.702743462887602,0.6675155146326309,-0.24756689462358686,2.326404877995284,0
1571238277250,-0.28249775080881434,-0.7352591680390114,0.6675155146326309,0.9198386956917824,2.3284167664464994,0
1571238277500,-0.23896368566473122,-0.6051963474333739,0.7723352274368158,-0.007793305654227169,2.3284167664464994,0
1571238277750,-0.23896368566473122,-0.6051963474333739,0.7373953231687541,0.4076450961156122,2.318358894751275,0
1571238278000,-0.19542962052064808,-0.6377120525847833,0.6675155146326309,-0.0846730913237679,2.316348576860912,0
1571238278250,-0.19542962052064808,-0.6377120525847833,0.7024554189006925,0.6283890351667688,2.300256610372895,0
1571238278500,-0.19542962052064808,-0.6377120525847833,0.7024554189006925,0.0755142728765733,2.2982447219216797,0
1571238278750,-0.23896368566473122,-0.6051963474333739,0.7024554189006925,0.15323982076470083,2.2821527554336623,0
1571238279000,-0.19542962052064808,-0.6377120525847833,0.7024554189006925,-0.2622831572269973,2.2700845658480757,0
1571238279250,-0.15189555537656493,-0.6051963474333739,0.6675155146326309,0.6771895151792275,2.2660623595064973,0
1571238279500,-0.15189555537656493,-0.6051963474333739,0.7024554189006925,0.10021052965930805,2.2519822814696946,0
1571238279750,-0.15189555537656493,-0.5726806422819646,0.7373953231687541,0.4665947227511127,2.2519822814696946,0
1571238280000,-0.15189555537656493,-0.5726806422819646,0.7373953231687541,-0.2780989107145706,2.2439362982256865,0
1571238280250,-0.15189555537656493,-0.5726806422819646,0.7024554189006925,-0.14971220593309334,2.2439362982256865,0
1571238280500,-0.15189555537656493,-0.5726806422819646,0.7373953231687541,-0.18227405134868538,2.231868108640099,0
1571238280750,-0.15189555537656493,-0.5726806422819646,0.7024554189006925,0.4139037365331546,2.2238221253960906,0
1571238281000,-0.15189555537656493,-0.5726806422819646,0.7024554189006925,-0.46475863235667886,2.215776142152082,0
1571238281250,-0.15189555537656493,-0.5726806422819646,0.7024554189006925,0.1814037026436415,2.215776142152082,0
1571238281500,-0.15189555537656493,-0.5401649371305552,0.7373953231687541,-0.18430388067329373,2.2077301589080736,0
1571238281750,-0.06482742508839867,-0.5076492319791459,0.7024554189006925,0.22969672532494814,2.197673857773702,0
1571238282000,0.15284290063201703,-0.3775864113735085,0.7723352274368158,-0.36436665701042487,2.199684175664065,0
1571238282250,0.19637696577610014,-0.41010211652491785,0.5976357060965077,0.4016401843636459,2.189627874529693,0
1571238282500,-0.23896368566473122,-0.5726806422819646,0.8072751317048774,0.39588900127725557,2.1815818912856844,0
1571238282750,-0.1083614902324818,-0.5401649371305552,0.24823666341589168,1.1605426231015874,2.165489924797667,0
1571238283000,-0.28249775080881434,-0.702743462887602,0.6675155146326309,-0.087294954201387,2.1835937797368996,0
1571238283250,-0.23896368566473122,-0.6051963474333739,0.7723352274368158,-0.8280980814615708,2.1795700028344696,0
1571238283500,-0.3260318159528975,-0.702743462887602,0.7024554189006925,-1.8996788124110549,2.1735359080416754,0
1571238283750,-0.36956588109698063,-0.702743462887602,0.7373953231687541,0.06519597380981425,2.1755477964928907,0
1571238284000,-0.36956588109698063,-0.6702277577361927,0.7723352274368158,-0.4466593208789212,2.171524019590461,0
1571238284250,-0.4130999462410638,-0.7352591680390114,0.7373953231687541,0.11475763981900113,2.1755477964928907,0
1571238284500,-0.4566340113851469,-0.7352591680390114,0.7373953231687541,-0.18946303020667324,2.185604097627263,0
1571238284750,-0.4566340113851469,-0.7352591680390114,0.7373953231687541,0.2846712695330905,2.185604097627263,0
1571238285000,-0.4130999462410638,-0.702743462887602,0.7373953231687541,0.24855722279943393,2.189627874529693,0
1571238285250,-0.4566340113851469,-0.7677748731904207,0.7024554189006925,0.1446130461351154,2.1916381924200565,0
1571238285500,-0.4566340113851469,-0.80029057834183,0.6675155146326309,0.6947813693258331,2.187615986078478,0
1571238285750,-0.4130999462410638,-0.7352591680390114,0.7024554189006925,0.12118543268026086,2.1835937797368996,0
1571238286000,-0.4130999462410638,-0.80029057834183,0.6675155146326309,0.8320485774024718,2.1755477964928907,0
1571238286250,-0.4130999462410638,-0.80029057834183,0.6325756103645693,-0.6396622591604303,2.177558114383254,0
1571238286500,-0.4566340113851469,-0.80029057834183,0.6675155146326309,-0.06039971565032654,2.159455830004874,0
1571238286750,-0.4130999462410638,-0.80029057834183,0.6675155146326309,0.1449513510225501,2.1554336236632956,0
1571238287000,-0.4130999462410638,-0.7677748731904207,0.6675155146326309,-0.1917465881968576,2.145375751968072,0
1571238287250,-0.36956588109698063,-0.80029057834183,0.6675155146326309,-0.23166656491415488,2.143363863516856,0
1571238287500,-0.4130999462410638,-0.7677748731904207,0.7024554189006925,0.4039237423538303,2.1556582138651095,0
1571238287750,-0.28249775080881434,-0.7352591680390114,0.6675155146326309,-0.08129004244942066,2.1496241190723158,0
1571238288000,-0.23896368566473122,-0.6702277577361927,0.6675155146326309,-0.7447059267089118,2.137554358925877,0
1571238288250,-0.3260318159528975,-0.7352591680390114,0.7024554189006925,0.10553883163640493,2.1295083756818687,0
1571238288500,-0.3260318159528975,-0.7352591680390114,0.6675155146326309,-0.11537425985846897,2.1335321525842987,0
1571238288750,-0.3260318159528975,-0.702743462887602,0.7024554189006925,-0.280128740039179,2.1274980577915046,0
1571238289000,-0.3260318159528975,-0.6702277577361927,0.7373953231687541,0.17336896156706683,2.123474280889075,0
1571238289250,-0.4130999462410638,-0.7677748731904207,0.7373953231687541,-0.48657929759621843,2.12548616934029,0
1571238289500,-0.5437021416733132,-0.80029057834183,0.7024554189006925,0.46972404295988385,2.1214639629987118,0
1571238289750,-0.021293359944315533,-0.6377120525847833,0.7373953231687541,0.2965119405933058,2.123474280889075,0
1571238290000,-0.15189555537656493,-0.8328062834932394,0.5976357060965077,-0.3888937613494423,2.135544041035514,0
1571238290250,-0.06482742508839867,-0.8653219886446487,0.49281599329232295,0.23003503021238286,2.1335321525842987,0
1571238290500,-0.06482742508839867,-0.8653219886446487,0.49281599329232295,0.2636117902902791,2.1295083756818687,0
1571238290750,-0.06482742508839867,-0.8653219886446487,0.5277558975603845,-0.4386245798023465,2.123474280889075,0
1571238291000,-0.19542962052064808,-0.8653219886446487,0.5626958018284461,-0.2639746816641709,2.1174401860962817,0
1571238291250,-0.3260318159528975,-1.2555104504615608,0.21329675914783008,-0.7550242257756707,2.1214639629987118,0
1571238291500,-0.5437021416733132,-1.4180889762186075,-0.06622247499666276,0.7072986501609179,2.0027876733506496,0
1571238291750,-0.9790427931141445,-1.6456989122784729,-0.4156215176772788,0.555484331924586,2.085257823681099,0
1571238292000,-1.370849379410893,-1.7107303225812915,-0.9047801774301413,-0.7134127246212,1.831816419018661,0
1571238292250,-1.1967131188345603,-1.6782146174298822,-0.4156215176772788,1.6011001627634551,2.1818064814874982,0
1571238292500,-0.9790427931141445,-1.4506046813700169,0.14341695061170687,-0.3333271835882891,2.137554358925877,0
1571238292750,-0.7613724673937289,-1.3205418607643795,0.3181164719520149,1.3565057291481506,2.0711777456442966,0
1571238293000,-0.9355087279700615,-1.2555104504615608,0.3530563762200765,1.5367376579289993,2.1415781358283072,0
1571238293250,-0.9790427931141445,-1.2555104504615608,0.3530563762200765,-1.4703699102563919,2.2823789161963286,0
1571238293500,-0.9355087279700615,-1.2229947453101515,0.3879962804881381,-1.9458574295458946,2.1616923086579027,0
1571238293750,-0.8484405976818952,-1.1904790401587422,0.4229361847561997,-0.31015329879901055,2.0832459352298835,0
1571238294000,-0.8484405976818952,-1.1904790401587422,0.3879962804881381,-0.36225225146395784,2.238126793634707,0
1571238294250,-0.7613724673937289,-1.1579633350073328,0.4229361847561997,-0.6326424327461598,2.216000732353896,0
1571238294500,-0.8484405976818952,-1.2555104504615608,0.2831765676839533,0.045405137894882965,2.2019206543170937,0
1571238294750,-0.7613724673937289,-1.0604162195531048,0.5626958018284461,-0.14421475151227905,2.1757723866947054,0
1571238295000,-0.804906532537812,-1.0929319247045142,0.5277558975603845,-0.8098296175400959,2.1576685317554727,0
1571238295250,-0.6743043371055626,-0.9628691040988767,0.6325756103645693,0.357914277662708,2.1516344369626785,0
1571238295500,-0.5872362068173963,-0.897837693796058,0.6675155146326309,0.005569737399444376,2.14358845371867,0
1571238295750,-0.5872362068173963,-0.897837693796058,0.6325756103645693,1.25526799158331,2.1315202641330835,0
1571238296000,-0.6307702719614795,-0.897837693796058,0.6325756103645693,-0.28875551466876437,2.1214639629987118,0
1571238296250,-0.6307702719614795,-0.8653219886446487,0.6675155146326309,-0.09143918907246235,2.1053719965106943,0
1571238296500,-0.5872362068173963,-0.8653219886446487,0.6675155146326309,0.31985497782630173,2.0973260132666858,0
1571238296750,-0.5437021416733132,-0.897837693796058,0.6325756103645693,-0.9823651101318045,2.091291918473892,0
1571238297000,-0.4130999462410638,-0.897837693796058,0.7024554189006925,0.13387186595906295,2.0832459352298835,0
1571238297250,-0.36956588109698063,-0.9628691040988767,0.5626958018284461,-0.23183571735787223,2.0772118404370903,0
1571238297500,-0.6307702719614795,-1.0279005144016955,0.6325756103645693,0.8399987422571878,2.063131762400288,0
1571238297750,-1.0225768582582277,-0.9628691040988767,0.7373953231687541,0.015972612688062097,2.051063572814701,0
1571238298000,-1.0225768582582277,-1.0279005144016955,0.6325756103645693,0.40240137036037404,1.91026279244668,0
1571238298250,-0.8919746628259783,-1.0279005144016955,0.7024554189006925,-0.019464824270725097,2.0430175895706926,0
1571238298500,-0.50016807652923,-0.897837693796058,0.6325756103645693,-0.2014728537106059,2.036983494777899,0
1571238298750,-0.4566340113851469,-0.8328062834932394,0.7024554189006925,0.8229989216635931,1.855952798189835,0
1571238299000,1.3282626595222617,-0.5401649371305552,0.9120948445090622,-1.1278362117287353,1.9766394057282604,0
1571238299250,-3.721688897191382,1.865997244073736,-1.1493595073065725,0.05538513207420728,2.0329597178754684,0
1571238299500,-1.7191219005635578,1.18316743589414,0.4229361847561997,-0.5168575850216262,2.0410057011194773,0
1571238299750,2.764886809277005,-0.3775864113735085,0.9819746530451854,0.9980717009110621,2.0389938126682625,0
1571238300000,-0.804906532537812,-0.3450707062220992,1.191614078653555,1.3312174388124052,2.0430175895706926,0
1571238300250,-0.15189555537656493,-0.4426178216763272,0.8072751317048774,0.7029852628461253,2.0329597178754684,0
1571238300500,0.06577477034385075,-0.9628691040988767,0.7723352274368158,2.799883531388395,2.0088233387042944,0
1571238300750,-0.28249775080881434,-0.80029057834183,0.5626958018284461,-0.7489347378018457,1.9806631826306906,0
1571238301000,-0.19542962052064808,-0.7352591680390114,0.5626958018284461,-3.062348134302338,1.9826735005210538,0
1571238301250,-0.1083614902324818,-0.7352591680390114,0.5976357060965077,-0.6813583365367599,1.9866972774234837,0
1571238301500,-0.06482742508839867,-0.7352591680390114,0.5976357060965077,0.2054233496515068,2.004799561801865,0
1571238301750,-0.1083614902324818,-0.7677748731904207,0.5976357060965077,0.19814979457166026,2.059107985497858,0
1571238302000,-0.15189555537656493,-0.7352591680390114,0.5976357060965077,-0.6840647756362377,2.14358845371867,0
1571238302250,-0.15189555537656493,-0.7677748731904207,0.5976357060965077,0.39394374817450595,2.2320926988419134,0
1571238302500,-0.19542962052064808,-0.7677748731904207,0.5976357060965077,-0.13694119643243255,2.2884130109891223,0
1571238302750,-0.15189555537656493,-0.7677748731904207,0.5626958018284461,0.4571221859029404,2.318585055513941,0
1571238303000,-0.15189555537656493,-0.7677748731904207,0.5976357060965077,-0.2838500938009609,2.324619150306735,0
1571238303250,-0.15189555537656493,-0.7677748731904207,0.5976357060965077,0.45052524059796334,2.3125493901602954,0
1571238303500,-0.15189555537656493,-0.7677748731904207,0.5976357060965077,-0.23132826002672016,2.2884130109891223,0
1571238303750,-0.15189555537656493,-0.7677748731904207,0.5976357060965077,0.2132043620625054,2.2542187601227237,0
1571238304000,-0.1083614902324818,-0.7677748731904207,0.5976357060965077,-0.15520966035390757,2.216000732353896,0
1571238304250,-0.15189555537656493,-0.7352591680390114,0.5976357060965077,0.007092109392900628,2.1858286878290767,0
1571238304500,-0.1083614902324818,-0.7677748731904207,0.5626958018284461,0.17675201044141406,2.1556582138651095,0
1571238304750,-0.1083614902324818,-0.7677748731904207,0.5976357060965077,-0.06623547495857551,2.1295083756818687,0
1571238305000,1.2847285943781785,-0.11746077016223377,1.3663135999938631,0.3360936124231684,2.1194520745474965,0
1571238305250,-0.3260318159528975,0.8905260895314557,0.8072751317048774,-0.03147464777465775,2.135544041035514,0
1571238305500,-1.5885197051313085,0.4678219225631344,0.003657333539460452,0.44172931352466055,2.12548616934029,0
1571238305750,-2.4592010080129714,0.5653690380173624,1.2614938871896781,0.15746863185763485,1.7131416999314506,0
1571238306000,-2.3285988125807218,0.5978847431687717,0.8771549402410006,1.207567002455014,2.1093942028522727,0
1571238306250,-3.068677920030135,0.630400448320181,0.9819746530451854,0.1309962744158678,2.0550857791562795,0
1571238306500,-3.1557460503183012,0.240211986503269,0.4578760890242613,2.5532592684484823,2.0389938126682625,0
1571238306750,-3.2863482457505504,0.5003376277145437,0.3181164719520149,0.08363359017500664,2.0269256230826755,0
1571238307000,-3.1557460503183012,0.630400448320181,0.4578760890242613,-0.7003034102331044,1.9907194837650624,0
1571238307250,-3.0251438548860516,0.532853332865953,0.5976357060965077,-1.425121631561998,1.996753578557856,0
1571238307500,-2.415666942868888,-0.1499764753136431,1.0867943658493702,-0.9346641210035086,2.018879639838667,0
1571238307750,-1.6755878354194749,-0.3450707062220992,1.191614078653555,-0.5110218257133772,1.8479068149458264,0
1571238308000,-1.5014515748431423,-0.6702277577361927,0.9819746530451854,-0.4261072989672618,1.934399171617854,0
1571238308250,-1.762655965707641,-0.8328062834932394,0.9470347487771238,-0.48006692851310007,1.972617199386682,0
1571238308500,-1.6320537702753917,-0.8653219886446487,0.8072751317048774,0.28297974509591695,1.9685934224842518,0
1571238308750,-1.3273153142668097,-0.9628691040988767,0.5277558975603845,-0.21728860719817916,1.8619868929826282,0
1571238309000,-1.1967131188345603,-1.0929319247045142,0.6325756103645693,-0.33933209534025544,1.9585371213498797,0
1571238309250,-0.9355087279700615,-0.995384809250286,0.5277558975603845,-1.0376779592273815,1.9887075953138476,0
1571238309500,-0.8919746628259783,-1.1579633350073328,0.3879962804881381,0.033141585725374276,1.9685934224842518,0
1571238309750,-0.23896368566473122,-0.6051963474333739,0.5976357060965077,-1.0034245893746159,2.045029478021908,0
1571238310000,0.8929220080814304,-0.702743462887602,0.003657333539460452,0.34725767370851424,1.9987654670090707,0
1571238310250,0.8929220080814304,-0.4426178216763272,0.21329675914783008,-0.028091598900310526,1.2223492865337402,0
1571238310500,0.9364560732255135,-0.1499764753136431,0.3879962804881381,1.0791802976735367,1.9260406467643278,0
1571238310750,1.067058268657763,0.5978847431687717,1.1566741743854934,0.2970193979244579,1.966268992423519,0
1571238311000,-1.8932581611398904,1.1506517307427304,-0.24092199633697078,-1.5955427186072393,2.04069315950996,0
1571238311250,0.6752516823610146,1.6058716028624613,-2.1626167310803592,-0.45325626618389825,1.8113881340186961,0
1571238311500,1.0235242035136798,2.321217116193467,-1.7083979755955583,0.3003178705769465,2.0467272543027533,0
1571238311750,3.853238437879084,1.573355897711052,-3.0361143377818993,0.8932817620281567,2.078909616717936,0
1571238312000,2.111875832115758,0.4027905122603157,0.038597237807522056,0.4433362617399755,1.8033437213355392,0
1571238312250,1.371796724666345,-0.3450707062220992,0.10847704634364527,1.6365375997222422,2.0386812710587447,0
1571238312500,-0.19542962052064808,0.0126020504434036,0.24823666341589168,-0.5901005931512434,2.0386812710587447,0
1571238312750,1.2847285943781785,-0.5726806422819646,-0.13610228353278597,0.40223221791665664,2.0346590647171663,0
1571238313000,0.9364560732255135,-0.3775864113735085,-0.48550132621340203,-0.9465047920637238,2.0608073323395555,0
1571238313250,1.0235242035136798,-0.4426178216763272,-0.2758619006050324,0.06291241581962986,2.1110935496939707,0
1571238313500,1.110592333801846,-0.31255500107068984,-0.3457417091411556,-0.34965039440701445,2.1654019733899634,0
1571238313750,1.110592333801846,-0.3450707062220992,-0.3457417091411556,0.9924896702683891,2.268298838159526,0
1571238314000,1.067058268657763,-0.41010211652491785,-0.2758619006050324,-0.20815437523744168,2.3688697023075047,0
1571238314250,0.9364560732255135,-0.4426178216763272,-0.17104218780084757,0.37043155849779275,2.3930076520395303,0
1571238314500,1.0235242035136798,-0.4751335268277365,-0.2059820920689092,-1.1083836807012386,2.4372597746011517,0
1571238314750,0.9799901383695966,-0.4751335268277365,-0.17104218780084757,0.13421017084649767,2.44128198094273,0
1571238315000,0.9364560732255135,-0.5076492319791459,-0.13610228353278597,-0.16163745321516731,2.4171456017715562,0
1571238315250,0.7623198126491809,-0.6051963474333739,-0.13610228353278597,-0.06226039253121752,2.37088159075872,0
1571238315500,0.8493879429373472,-0.5726806422819646,-0.10116237926472436,-0.9004107511507429,2.3326635629898917,0
1571238315750,0.8929220080814304,-0.5401649371305552,-0.13610228353278597,-0.028260751344027887,2.302493089025924,0
1571238316000,0.8929220080814304,-0.5401649371305552,-0.17104218780084757,-0.8006953855793584,2.2823789161963286,0
1571238316250,0.9364560732255135,-0.5076492319791459,-0.2059820920689092,-0.0037336470050104973,2.2542187601227237,0
1571238316500,0.9364560732255135,-0.5726806422819646,-0.10116237926472436,-0.2583080747996393,2.2341045872931287,0
1571238316750,0.8929220080814304,-0.5401649371305552,-0.17104218780084757,0.3424368290625694,2.205944431219524,0
1571238317000,0.7623198126491809,-0.5401649371305552,-0.24092199633697078,-0.5648968790373567,2.2079547491098874,0
1571238317250,0.8058538777932641,-0.5401649371305552,-0.06622247499666276,0.09894188633142784,2.2019206543170937,0
1571238317500,1.0235242035136798,-0.5076492319791459,-0.17104218780084757,-0.2737855233997779,2.1677264034506964,0
1571238317750,1.1976604640900124,-0.4426178216763272,0.07353714207558366,0.737746090030043,2.1717486097922745,0
1571238318000,1.5459329852426775,0.5978847431687717,0.9819746530451854,-0.15427932191346208,2.079223728888305,0
1571238318250,0.2399110309201833,1.0856203204399117,0.49281599329232295,0.593374479317275,2.1878405762802924,0
1571238318500,-1.1531790536904771,0.43530621741172504,0.5626958018284461,1.0428970984961627,2.1878405762802924,0
1571238318750,-2.415666942868888,0.11014916589763163,0.5277558975603845,-1.4420368759337339,1.7392899675538396,0
1571238319000,-2.067394421716223,0.37027480710890637,1.1566741743854934,-0.08340444799588767,1.3651619553529761,0
1571238319250,-2.110928486860306,-0.6702277577361927,0.842215035972939,-0.48285794383443653,2.0266130814731578,0
1571238319500,-2.6333372685893037,1.0856203204399117,0.24823666341589168,2.0273643209312056,1.9783387525699583,0
1571238319750,0.45758135664059896,1.0531046152885024,1.9952318768189719,1.083662837432047,1.4231816143418823,0
1571238320000,-0.9790427931141445,-1.5156360916728355,1.3663135999938631,-0.661736653065546,1.6645532588578815,0
1571238320250,0.5011154217846822,-0.7677748731904207,1.0518544615813086,-1.4142958751640866,2.0990237895475317,0
1571238320500,-0.3260318159528975,-0.6377120525847833,0.6325756103645693,-0.5096686061636383,2.0608073323395555,0
1571238320750,2.024807701827592,-0.1499764753136431,0.5976357060965077,-0.5524641744241306,1.9924188306067598,0
1571238321000,0.6317176172169315,-0.6377120525847833,0.2831765676839533,0.20965216074444085,1.3990436646098563,0
1571238321250,0.9799901383695966,-0.1499764753136431,-0.10116237926472436,-0.8455207831644591,1.1757743044722377,0
1571238321500,1.110592333801846,-0.05242935985941508,-0.45056142194534043,1.335784554792774,0.43154048641208925,0
1571238321750,1.3282626595222617,0.0126020504434036,-0.9047801774301413,-1.4655490656104473,1.4471625079887236,0
1571238322000,1.3282626595222617,-0.1499764753136431,-1.1493595073065725,0.44519693862086646,1.4734662611354454,0
1571238322250,1.2847285943781785,-0.2150078856164618,-1.114419603038511,-0.9197787059563808,1.7450115207371155,0
1571238322500,1.2411945292340956,-0.1499764753136431,-1.1493595073065725,1.2452879974039857,0.8479087327233592,0
1571238322750,1.2847285943781785,-0.05242935985941508,-1.0794796987704494,1.8634556029690825,2.0929896947547384,0
1571238323000,1.3282626595222617,-0.08494506501082442,-1.1493595073065725,0.20525419720778945,2.101035677998747,0
1571238323250,1.2411945292340956,0.045117755594812944,-1.2541792201107573,-0.8682717868444442,2.0829333936203662,0
1571238323500,1.415330789810428,0.07763346074622228,-1.114419603038511,-0.983549177237826,2.101035677998747,0
1571238323750,1.371796724666345,0.07763346074622228,-1.1842994115746341,-0.17931388358363157,0.7513600749169596,0
1571238324000,1.371796724666345,0.045117755594812944,-1.1842994115746341,-0.3467748028638193,0.5039527650473149,0
1571238324250,1.371796724666345,0.0126020504434036,-1.4288787414510653,0.08473308105916948,1.6483073774063832,0
1571238324500,1.371796724666345,-0.2150078856164618,-1.3939388371830037,-0.3245312565149863,1.7590915987739182,0
1571238324750,1.1976604640900124,-0.41010211652491785,-1.4288787414510653,0.16152829050685152,1.9723046577771646,0
1571238325000,1.5023989200985943,-0.4426178216763272,-1.0445397945023878,0.18681658084259706,2.0346590647171663,0
1571238325250,1.2847285943781785,-0.3450707062220992,-1.114419603038511,-0.41477408523819853,2.0185670982291493,0
1571238325500,1.3282626595222617,-0.1499764753136431,-1.1842994115746341,0.279258391334135,1.1154302154225992,0
1571238325750,1.3282626595222617,-0.11746077016223377,-1.1493595073065725,-1.5687320562780376,2.0185670982291493,0
1571238326000,1.1541263989459292,-0.1499764753136431,-1.114419603038511,0.45399286569416925,2.0306352878147362,0
1571238326250,1.0235242035136798,-0.05242935985941508,-1.1842994115746341,-0.14514508995272454,2.008509226533925,0
1571238326500,1.3282626595222617,-0.11746077016223377,-1.2192393158426957,1.114617734632324,1.9200065519715346,0
1571238326750,1.371796724666345,-0.05242935985941508,-1.4288787414510653,0.22098537447350405,2.006498908643562,0
1571238327000,1.2411945292340956,0.0126020504434036,-0.9397200816982029,-0.5843494100648532,1.5921425507835074,0
1571238327250,1.3282626595222617,0.33775910195749703,-0.8349003688940181,0.7389301571360645,1.7932858496403152,0
1571238327500,1.5459329852426775,0.33775910195749703,-0.8698402731620797,-1.0058772998085177,2.056785125997977,0
1571238327750,1.5023989200985943,0.1751805762004503,-0.7650205603578949,0.16448845827190536,2.052761349095547,0
1571238328000,0.9799901383695966,0.20769628135185966,-0.2059820920689092,-1.0440211758667826,2.0306352878147362,0
1571238328250,1.2847285943781785,0.14266487104904096,-0.2059820920689092,1.0011164448979746,1.9582245797403626,0
1571238328500,1.3282626595222617,0.240211986503269,-0.10116237926472436,0.8368694220484167,1.2542206779002567,0
1571238328750,1.1976604640900124,-0.11746077016223377,0.038597237807522056,-0.1410854313035079,1.9200065519715346,0
1571238329000,0.7187857475050978,-0.18249218046505244,-0.310801804873094,-0.723223566356807,1.952188914386717,0
1571238329250,1.1541263989459292,-0.05242935985941508,-0.17104218780084757,-1.0197478001933413,1.9702927693259495,0
1571238329500,1.2847285943781785,-0.08494506501082442,-0.06622247499666276,-0.038663626632645616,1.9682808808747343,0
1571238329750,0.8058538777932641,-0.11746077016223377,0.07353714207558366,-0.8759682230335842,1.9924188306067598,0
1571238330000,0.8493879429373472,-0.24752359076787114,0.49281599329232295,0.27858178155926555,1.9642586745331558,0
1571238330250,0.3269791612083496,-0.5401649371305552,0.24823666341589168,-0.6724778332415985,2.117127644486764,0
1571238330500,0.7623198126491809,-0.4426178216763272,0.038597237807522056,0.3345712404297121,2.1975843358051463,0
1571238330750,0.6317176172169315,-0.7677748731904207,0.10847704634364527,-0.6167421030367279,2.258240966464302,0
1571238331000,0.7187857475050978,-0.24752359076787114,0.038597237807522056,0.9998478015700943,2.2522068716715085,0
1571238331250,0.5446494869287652,-0.4426178216763272,0.24823666341589168,0.16152829050685152,1.6367072149546462,0
1571238331500,0.41404729149651587,-0.702743462887602,0.21329675914783008,1.046533876036086,1.9283650768250602,0
1571238331750,0.6752516823610146,-0.5726806422819646,0.14341695061170687,0.5822104180319292,2.4030655237347536,0
1571238332000,0.5446494869287652,-0.702743462887602,0.003657333539460452,2.1134629147833426,2.37088159075872,0
1571238332250,0.5011154217846822,-1.0929319247045142,-0.2758619006050324,-0.7075769653129509,2.22605860404912,0
1571238332500,0.2399110309201833,-1.4180889762186075,-0.6252609432856484,0.042106665242394425,1.9665831045938884,0
1571238332750,0.28344509606426643,-1.3530575659157889,-0.6951407518217716,-1.8849625498076443,2.338699228343536,0
1571238333000,0.19637696577610014,-1.1254476298559235,-0.8349003688940181,-0.5983890628933942,2.316573167062726,0
1571238333250,-0.3260318159528975,-1.4180889762186075,-1.53369845425525,-0.27928297782059214,2.2723210445011044,0
1571238333500,-0.021293359944315533,-1.6131832071270635,-0.5553811347495252,1.2908745809858146,1.9484792496546561,0
1571238333750,0.15284290063201703,-1.3530575659157889,-1.0445397945023878,0.33372547821112536,1.9645712161426734,0
1571238334000,0.022240705199767605,-1.5156360916728355,-0.7999604646259565,1.1933581971827558,2.1757723866947054,0
1571238334250,0.10930883548793388,-1.4180889762186075,-0.9746599859662645,2.249799784419536,2.1456003421698857,0
1571238334500,0.022240705199767605,-1.4831203865214262,-0.9746599859662645,-1.2935210303498907,2.123474280889075,0
1571238334750,-0.021293359944315533,-1.4831203865214262,-0.9746599859662645,-2.6270343203957087,2.111406091303488,0
1571238335000,-0.021293359944315533,-1.4831203865214262,-0.9397200816982029,-1.4730763493558696,2.0933038069251073,0
1571238335250,-0.021293359944315533,-1.4831203865214262,-0.9397200816982029,0.07475308687984517,2.085257823681099,0
1571238335500,-0.021293359944315533,-1.4831203865214262,-0.9397200816982029,-0.15470220302275547,2.0691658571930813,0
1571238335750,-0.021293359944315533,-1.4831203865214262,-0.9397200816982029,0.5657180547694864,2.0550857791562795,0
1571238336000,-0.021293359944315533,-1.4506046813700169,-0.9047801774301413,0.0373703968183083,2.045029478021908,0
1571238336250,-0.1083614902324818,-1.4831203865214262,-0.9397200816982029,0.5641956827760302,2.034971606326684,0
1571238336500,-0.1083614902324818,-1.5481517968242449,-0.9746599859662645,-0.03739498330476541,2.0249137346314603,0
1571238336750,-0.3260318159528975,-1.8407931431869289,-0.7999604646259565,0.48943030265295645,2.018879639838667,0
1571238337000,-0.36956588109698063,-1.4180889762186075,-0.7999604646259565,0.09488222768221118,1.9887075953138476,0
1571238337250,-0.5872362068173963,-1.3530575659157889,-0.5903210390175868,0.6881844240208561,1.9706053109354666,0
1571238337500,-0.50016807652923,-1.5806675019756542,-0.66020084755371,0.25650738765414993,1.9665831045938884,0
1571238337750,-0.4130999462410638,-1.5806675019756542,-0.9746599859662645,1.6944723116954388,1.9645712161426734,0
1571238338000,-0.021293359944315533,-1.3855732710671982,-1.2541792201107573,2.5617168906343504,1.9605474392402429,0
1571238338250,0.10930883548793388,-1.4506046813700169,-1.0794796987704494,-1.3564457394127492,1.9504911381058712,0
1571238338500,-0.021293359944315533,-1.4831203865214262,-0.9746599859662645,-2.652914644284465,1.9484792496546561,0
1571238338750,0.022240705199767605,-1.5156360916728355,-1.1493595073065725,-0.26109909012097576,1.9424451548618624,0
1571238339000,-0.06482742508839867,-1.4506046813700169,-1.0095998902343262,-0.032404986215103244,1.9384229485202842,0
1571238339250,-0.19542962052064808,-1.5806675019756542,-0.7999604646259565,0.35123275613587224,1.9303769652762754,0
1571238339500,-0.5872362068173963,-1.6456989122784729,-0.8349003688940181,-0.09186207018175574,1.918307205129837,0
1571238339750,-0.5872362068173963,-1.7757617328841102,-0.7650205603578949,0.3711927444945209,1.91026279244668,0
1571238340000,-0.28249775080881434,-1.6782146174298822,-0.5903210390175868,-0.023947364029235176,1.8981930323002414,0
1571238340250,-0.1083614902324818,-1.4831203865214262,-0.5903210390175868,0.41398831275501324,1.8961827144098775,0
1571238340500,-0.1083614902324818,-1.4180889762186075,-0.66020084755371,0.19688115124378003,1.8981930323002414,0
1571238340750,0.06577477034385075,-1.4506046813700169,-0.6951407518217716,0.29727312659003396,1.894170825958663,0
1571238341000,0.15284290063201703,-1.4180889762186075,-0.5903210390175868,-0.4225550976491972,1.8901470490562322,0
1571238341250,0.19637696577610014,-1.3530575659157889,-1.1493595073065725,-0.44792796420680137,1.8861248427146544,0
1571238341500,0.28344509606426643,-1.3855732710671982,-1.2192393158426957,-0.4628133792539291,1.878078859470646,0
1571238341750,0.28344509606426643,-1.3205418607643795,-1.2192393158426957,0.1284589877601074,1.7694620120786588,0
1571238342000,0.022240705199767605,-1.3855732710671982,-1.2192393158426957,-0.23437300401363265,1.6910156386506399,0
1571238342250,0.28344509606426643,-1.3855732710671982,-1.0445397945023878,0.03229582350678747,1.80969035773785,0
1571238342500,-0.1083614902324818,-1.4506046813700169,-0.9047801774301413,-0.6107371912847617,1.8257823242258673,0
1571238342750,0.2399110309201833,-1.6131832071270635,-0.9746599859662645,0.12719034443222718,1.8277926421162307,0
1571238343000,0.06577477034385075,-0.5726806422819646,-0.48550132621340203,-0.1502196632642454,1.70911792302902,0
1571238343250,1.2411945292340956,-1.5156360916728355,-1.0794796987704494,0.4339483011136619,1.7151520178218138,0
1571238343500,0.022240705199767605,-1.3530575659157889,-1.0445397945023878,0.35283970435118717,1.8861248427146544,0
1571238343750,0.2399110309201833,-1.4180889762186075,-1.0095998902343262,0.988007130509879,1.8861248427146544,0
1571238344000,0.10930883548793388,-1.4180889762186075,-1.0095998902343262,0.4131425505364265,1.894170825958663,0
1571238344250,0.15284290063201703,-1.3530575659157889,-0.9047801774301413,-1.940190822681363,1.9042271270930344,0
1571238344500,0.10930883548793388,-1.5156360916728355,-0.8349003688940181,-1.0930753845448173,1.91026279244668,0
1571238344750,-0.021293359944315533,-1.4831203865214262,-1.0445397945023878,0.05563886073978333,1.922330982032267,0
1571238345000,-0.021293359944315533,-1.3855732710671982,-1.0445397945023878,0.06697207446884654,1.922330982032267,0
1571238345250,0.022240705199767605,-1.4180889762186075,-0.9047801774301413,0.24796518924642316,1.9263531883738454,0
1571238345500,-0.021293359944315533,-1.4831203865214262,-0.8698402731620797,0.013350749810442998,1.9364110600690692,0
1571238345750,-0.06482742508839867,-1.4831203865214262,-0.9047801774301413,0.1467274516815824,1.9826735005210538,0
1571238346000,-0.021293359944315533,-1.4831203865214262,-0.8698402731620797,-0.0802751277871165,2.0772118404370903,0
1571238346250,-0.021293359944315533,-1.5156360916728355,-0.9047801774301413,0.08701663904935387,2.205944431219524,0
1571238346500,0.06577477034385075,-1.5156360916728355,-0.9047801774301413,-0.09524511905610297,2.310539072269932,0
1571238346750,-0.06482742508839867,-1.5156360916728355,-0.7650205603578949,0.11188204827580599,2.3648474959659254,0
1571238347000,-0.3260318159528975,-1.5156360916728355,-0.7999604646259565,-0.0444148097190359,2.352779306380339,0
1571238347250,-0.6743043371055626,-1.6456989122784729,-0.6252609432856484,0.18800064794861857,2.3286413566483133,0
1571238347500,-0.4566340113851469,-1.2880261556129702,-0.66020084755371,0.14554338457556087,2.216000732353896,0
1571238347750,-0.3260318159528975,-1.5806675019756542,-0.6951407518217716,0.6588364750358938,2.2522068716715085,0
1571238348000,-0.3260318159528975,-1.5481517968242449,-0.66020084755371,1.252646128705691,2.205944431219524,0
1571238348250,-0.15189555537656493,-1.5156360916728355,-0.5553811347495252,-0.36275970879510994,2.1697382919019113,0
1571238348500,-0.19542962052064808,-1.4831203865214262,-0.6252609432856484,-0.8448441733895896,2.1315202641330835,0
1571238348750,-0.3260318159528975,-1.4831203865214262,-0.5553811347495252,-0.7354871185263157,2.1053719965106943,0
1571238349000,-0.19542962052064808,-1.0604162195531048,-0.66020084755371,-0.2551787545908681,2.087268141571462,0
1571238349250,0.3269791612083496,-1.0604162195531048,-0.5204412304814636,0.04819615321621943,1.6186033600154137,0
1571238349500,0.8058538777932641,-0.7677748731904207,-0.5204412304814636,0.154254735427005,1.198212907362566,0
1571238349750,0.5011154217846822,-1.0929319247045142,-0.6252609432856484,-0.025046854913398024,1.962246786081941,0
1571238350000,0.41404729149651587,-0.9628691040988767,-0.5903210390175868,0.6727915516425762,1.974314975667528,0
1571238350250,0.6317176172169315,-1.4180889762186075,-0.48550132621340203,2.981553255940841,1.7329433311515285,0
1571238350500,0.3705132263524327,-1.3855732710671982,-0.6951407518217716,1.0393448971780983,1.954200802837932,0
1571238350750,0.7623198126491809,-1.6131832071270635,-0.6951407518217716,-2.07052278056559,1.966268992423519,0
1571238351000,0.2399110309201833,-1.3855732710671982,-0.5903210390175868,-4.446860886128941,1.9582245797403626,0
1571238351250,0.022240705199767605,-1.3205418607643795,-0.5903210390175868,-0.4979125113252817,1.962246786081941,0
1571238351500,0.3705132263524327,-1.2555104504615608,-0.5204412304814636,-0.15309525480744055,1.966268992423519,0
1571238351750,0.2399110309201833,-1.3205418607643795,-0.5553811347495252,0.7900987713605663,1.9682808808747343,0
1571238352000,0.19637696577610014,-1.3530575659157889,-0.6252609432856484,-0.008723644094672658,1.9602348976307258,0
1571238352250,0.10930883548793388,-1.3855732710671982,-0.6252609432856484,0.6477569899724067,1.954200802837932,0
1571238352500,0.10930883548793388,-1.3855732710671982,-0.6252609432856484,-0.013798217406193495,1.9441445017035603,0
1571238352750,0.15284290063201703,-1.3530575659157889,-0.6252609432856484,0.5221613005122658,1.9340866300083364,0
1571238353000,0.15284290063201703,-1.3530575659157889,-0.5903210390175868,0.0017638074158037465,1.928052535215543,0
1571238353250,0.15284290063201703,-1.3205418607643795,-0.5903210390175868,0.28204940665547146,1.9179946635203193,0
1571238353500,0.10930883548793388,-1.3530575659157889,-0.6252609432856484,-0.039932269960525825,1.9099486802763106,0
1571238353750,0.10930883548793388,-1.3855732710671982,-0.5903210390175868,0.34945665547683996,1.9079383623859474,0
1571238354000,0.06577477034385075,-1.3855732710671982,-0.6252609432856484,0.12363814311416259,1.8978804906907236,0
1571238354250,0.06577477034385075,-1.4180889762186075,-0.6252609432856484,-0.027668717791017126,1.8978804906907236,0
1571238354500,0.10930883548793388,-1.4180889762186075,-0.5903210390175868,0.15019507677778832,1.889834507446715,0
1571238354750,0.06577477034385075,-1.3855732710671982,-0.5903210390175868,-0.11385188786501271,1.8918463958979306,0
1571238355000,-0.15189555537656493,-1.4831203865214262,-0.66020084755371,0.10976764272933896,1.9099486802763106,0
1571238355250,-0.3260318159528975,-1.5481517968242449,-0.7650205603578949,-0.017857876055410164,1.9381088363499148,0
1571238355500,-0.36956588109698063,-1.6131832071270635,-0.7300806560898333,-0.3439837875424828,1.9481667080451388,0
1571238355750,-0.8919746628259783,-1.5156360916728355,-1.0095998902343262,0.16795608336811127,1.950178596496354,0
1571238356000,-0.8484405976818952,-1.8407931431869289,-1.0794796987704494,-0.10700121389445959,1.94012072480113,0
1571238356250,-1.0225768582582277,-1.7432460277327009,-1.114419603038511,0.33051158178049544,1.9300644236667583,0
1571238356500,-0.8484405976818952,-1.5806675019756542,-0.7999604646259565,0.348103435927101,1.9159843456299561,0
1571238356750,-0.7178384022496457,-1.5481517968242449,-0.7300806560898333,0.18081166909063073,1.9059264739347321,0
1571238357000,-0.804906532537812,-1.6456989122784729,-0.9746599859662645,0.9105353112873276,1.2622650905834139,0
1571238357250,-0.19542962052064808,-1.2555104504615608,-1.1493595073065725,-0.18024422202407706,1.5056501941114797,0
1571238357500,0.41404729149651587,-1.2555104504615608,-1.114419603038511,-1.582602556662861,1.72087357100509,0
1571238357750,0.28344509606426643,-1.3530575659157889,-1.1842994115746341,-1.0140811933288096,1.8475942733363089,0
1571238358000,0.3705132263524327,-1.2555104504615608,-1.2192393158426957,-0.3131134665640644,1.8757544294099127,0
1571238358250,0.28344509606426643,-1.3205418607643795,-1.1842994115746341,0.4399532128656282,1.8737441115195494,0
1571238358500,0.3269791612083496,-1.3530575659157889,-1.0794796987704494,0.1818265837529349,1.8636862398243257,0
1571238358750,-0.23896368566473122,-1.4831203865214262,-0.9746599859662645,0.28585533663911206,1.8677084461659041,0
1571238359000,-0.1083614902324818,-1.4506046813700169,-0.7300806560898333,0.33939208507565694,1.8455839554459457,0
1571238359250,0.7187857475050978,-1.4180889762186075,-0.45056142194534043,0.25075620456775966,1.431226027025039,0
1571238359500,0.28344509606426643,-1.1579633350073328,0.3879962804881381,-0.4136745943540357,1.2723229622786374,0
1571238359750,-6.072528414971871,1.7034187183166893,-1.114419603038511,0.41271966942713306,1.8536283681291026,0
1571238360000,0.8493879429373472,0.4027905122603157,-0.66020084755371,1.1645177055289457,1.8174237993723414,0
1571238360250,-0.23896368566473122,-0.6702277577361927,0.14341695061170687,1.8046751287772995,1.8858123011051366,0
1571238360500,-0.3260318159528975,-1.1579633350073328,0.49281599329232295,-0.7277906823371756,1.9381088363499148,0
1571238360750,-0.021293359944315533,-1.5156360916728355,0.10847704634364527,-0.913858370426273,1.9723046577771646,0
1571238361000,0.41404729149651587,-0.897837693796058,-0.24092199633697078,2.0568814223598855,2.04069315950996,0
1571238361250,-0.6307702719614795,-1.4506046813700169,-0.8349003688940181,-1.4513402603381889,2.145287800560368,0
1571238361500,0.7623198126491809,-1.1254476298559235,-0.7999604646259565,-1.8660174761113002,2.161379767048386,0
1571238361750,0.8929220080814304,-1.4180889762186075,-0.48550132621340203,0.1387772868268664,2.163704197109118,0
1571238362000,0.41404729149651587,-1.3530575659157889,-0.6951407518217716,1.1501397478129698,1.3591278605601824,0
1571238362250,-0.36956588109698063,-1.9708559637925664,-1.1493595073065725,0.16753320225881785,1.4453061050618412,0
1571238362500,-0.28249775080881434,-1.5481517968242449,-0.4156215176772788,0.4952660619612054,2.0105211149851407,0
1571238362750,-0.1083614902324818,-1.4180889762186075,-0.8698402731620797,-1.6842631753369952,1.8375379722019372,0
1571238363000,-0.021293359944315533,-1.4506046813700169,-0.7999604646259565,-3.808225834874043,1.2341049345098094,0
1571238363250,0.6752516823610146,-0.7352591680390114,-1.3589989329149421,-1.1868704145860942,1.8998923791419389,0
1571238363500,0.5011154217846822,-1.1579633350073328,-0.9397200816982029,-2.117039702587864,1.469444054793867,0
1571238363750,0.19637696577610014,-1.4831203865214262,-0.7650205603578949,1.495971918993115,1.9582245797403626,0
1571238364000,0.15284290063201703,-1.4180889762186075,-0.7300806560898333,3.0320452603904733,1.9783387525699583,0
1571238364250,0.15284290063201703,-1.3530575659157889,-0.7300806560898333,2.1938103255490895,2.0024751317411322,0
1571238364500,0.19637696577610014,-1.3855732710671982,-0.5204412304814636,-4.236858127253837,2.0386812710587447,0
1571238364750,0.3705132263524327,-1.3855732710671982,-0.6252609432856484,-2.455598318688163,2.0205789866803645,0
1571238365000,0.19637696577610014,-1.3855732710671982,-0.6252609432856484,-0.014897708290356346,2.0487391427539685,0
1571238365250,-0.021293359944315533,-1.2880261556129702,-0.7650205603578949,1.17128380327764,2.0708652040347793,0
1571238365500,0.5011154217846822,-1.4180889762186075,-0.5553811347495252,0.726582028744697,2.0728755219251425,0
1571238365750,0.10930883548793388,-1.4180889762186075,-0.6252609432856484,2.403305627093041,1.8174237993723414,0
1571238366000,0.10930883548793388,-0.9628691040988767,-0.3457417091411556,0.4282816942491303,2.0728755219251425,0
1571238366250,0.022240705199767605,-1.1904790401587422,-0.48550132621340203,-1.947802682648644,2.044715365851539,0
1571238366500,0.2399110309201833,-1.3530575659157889,-0.5204412304814636,-0.8692867015067484,2.016555209777934,0
1571238366750,0.41404729149651587,-1.1254476298559235,-1.0095998902343262,0.7227760987610564,2.0024751317411322,0
1571238367000,0.10930883548793388,-1.4506046813700169,-1.2541792201107573,0.09530510879150457,1.9783387525699583,0
1571238367250,0.2399110309201833,-1.2229947453101515,-0.8698402731620797,-0.0026341561208476486,1.9642586745331558,0
1571238367500,-0.15189555537656493,-1.5481517968242449,-0.7650205603578949,-0.49765878265970565,1.9562126912891473,0
1571238367750,-0.36956588109698063,-0.80029057834183,-0.6951407518217716,0.9747286636780662,1.94012072480113,0
1571238368000,-0.50016807652923,-1.3530575659157889,-0.9397200816982029,-0.07080259093894425,1.9481667080451388,0
1571238368250,0.19637696577610014,-1.2229947453101515,-1.114419603038511,-0.10852358588791583,2.006498908643562,0
1571238368500,0.3269791612083496,-1.3205418607643795,-1.0095998902343262,0.7538155721831923,2.078909616717936,0
1571238368750,0.45758135664059896,-1.2555104504615608,-1.114419603038511,0.22665198133803563,2.1975843358051463,0
1571238369000,0.3269791612083496,-1.2880261556129702,-0.9746599859662645,-0.46864913856217816,2.324619150306735,0
1571238369250,0.06577477034385075,-1.3205418607643795,-0.8698402731620797,-0.2795367064861682,2.4030655237347536,0
1571238369500,0.41404729149651587,-1.8082774380355195,-0.48550132621340203,0.31520328562407424,2.4352478861499365,0
1571238369750,-0.1083614902324818,-1.3530575659157889,-0.7300806560898333,0.012589563813714871,2.407087730076332,0
1571238370000,-0.021293359944315533,-1.3205418607643795,-0.45056142194534043,0.3482725883708184,1.7131416999314506,0
1571238370250,0.15284290063201703,-1.7107303225812915,-0.66020084755371,0.35901376854687084,2.02893751153389,0
1571238370500,-0.15189555537656493,-1.6456989122784729,-1.3939388371830037,0.6178170074344337,2.2341045872931287,0
1571238370750,-0.021293359944315533,-1.6131832071270635,-1.0445397945023878,1.0267430401211548,2.2099666375611022,0
1571238371000,0.28344509606426643,-1.4180889762186075,-1.0445397945023878,0.5963346470823289,2.2441608884275004,0
1571238371250,0.8493879429373472,-1.1904790401587422,-0.9047801774301413,-1.6383382868677316,1.6890037501994246,0
1571238371500,-0.19542962052064808,-1.4831203865214262,-0.7650205603578949,-1.2823569690645447,2.4131218248691257,0
1571238371750,-0.4566340113851469,-1.7107303225812915,-0.7650205603578949,0.014450240694605845,2.6021969341403466,0
1571238372000,-0.28249775080881434,-0.995384809250286,-0.66020084755371,-0.0653897127399887,2.6444371682507524,0
1571238372250,-0.021293359944315533,-1.3530575659157889,-0.6252609432856484,0.3445512346090364,2.686677402361159,0
1571238372500,0.41404729149651587,-1.6131832071270635,-0.6252609432856484,0.32983497200562606,1.6387175328450099,0
1571238372750,0.06577477034385075,-1.3855732710671982,-0.5903210390175868,-0.12949848890886864,2.652483151494762,0
1571238373000,0.5446494869287652,-1.4506046813700169,-0.3806816134092172,-0.23877096755028404,2.4513398526379535,0
1571238373250,0.022240705199767605,-1.2555104504615608,-0.5903210390175868,0.5241911298368742,2.628346772323588,0
1571238373500,0.022240705199767605,-1.3855732710671982,-0.5903210390175868,-0.09228495129104915,1.8197466588722218,0
1571238373750,0.15284290063201703,-1.3855732710671982,-0.5903210390175868,-0.21999504629765695,2.913970539401208,0
1571238374000,0.19637696577610014,-1.3855732710671982,-0.5903210390175868,0.11035967628234973,3.165400055612431,0
1571238374250,0.2399110309201833,-1.3530575659157889,-0.5903210390175868,0.3501332652517094,3.891305428531533,0
1571238374500,0.10930883548793388,-1.3530575659157889,-0.6252609432856484,-0.7905462389563167,4.118771327265285,0
1571238374750,0.15284290063201703,-1.3530575659157889,-0.6252609432856484,-0.08881732619484324,4.146931483338889,0
1571238375000,0.15284290063201703,-1.3530575659157889,-0.5903210390175868,0.3268748042405722,4.054405031874068,0
1571238375250,0.15284290063201703,-1.3855732710671982,-0.5553811347495252,0.03982310725221004,3.8794100006396492,0
1571238375500,0.10930883548793388,-1.3530575659157889,-0.5903210390175868,0.40688391011888414,3.6702191479779804,0
1571238375750,0.10930883548793388,-1.3855732710671982,-0.6252609432856484,-0.06310615474980433,3.493213798853198,0
1571238376000,0.15284290063201703,-1.3855732710671982,-0.5903210390175868,0.2272440148910464,3.3423551467899535,0
1571238376250,0.15284290063201703,-1.3530575659157889,-0.5903210390175868,-0.08822529264183247,3.2156344444587353,0
1571238376500,-0.5437021416733132,-2.165950194701022,-0.2059820920689092,0.17159286090803452,3.1110398034083264,0
1571238376750,0.7623198126491809,-0.4751335268277365,0.2831765676839533,-0.13837899220403013,3.01650146349229,0
1571238377000,0.45758135664059896,-0.5401649371305552,0.21329675914783008,0.3068302396600649,2.9722509114915203,0
1571238377250,0.7623198126491809,-0.3775864113735085,0.8771549402410006,0.17599082444468592,2.925986900478684,0
1571238377500,0.022240705199767605,-0.3775864113735085,0.9819746530451854,1.4134255264590427,2.901676189052955,0
1571238377750,0.19637696577610014,-0.4426178216763272,0.6675155146326309,2.595631955599681,2.8594375255034006,0
1571238378000,-0.1083614902324818,-0.6051963474333739,0.21329675914783008,0.45399286569416925,2.8252417040761513,0
1571238378250,0.2399110309201833,-1.8082774380355195,0.14341695061170687,-1.8766740800654937,2.823231386185788,0
1571238378500,0.3705132263524327,-0.7677748731904207,-0.031282570728601154,-2.594641627423834,2.8192076092833576,0
1571238378750,0.9364560732255135,-0.6702277577361927,-0.7650205603578949,-1.494981590817268,2.787025246868175,0
1571238379000,0.5446494869287652,-0.897837693796058,-0.6252609432856484,0.060375129163869445,2.776967375172951,0
1571238379250,0.3705132263524327,-1.5156360916728355,-0.5903210390175868,-0.3021185577224359,2.7628872971361496,0
1571238379500,0.19637696577610014,-1.3205418607643795,-0.6252609432856484,0.8350933213893843,2.734727141062545,0
1571238379750,-0.06482742508839867,-1.4831203865214262,-0.66020084755371,2.395947495791336,2.7146129682329496,0
1571238380000,-0.23896368566473122,-1.4506046813700169,-0.7300806560898333,1.6493086092229032,2.6924869069521384,0
1571238380250,-0.23896368566473122,-1.4831203865214262,-0.6252609432856484,-2.0483638104386155,2.6442125780489385,0
1571238380500,0.15284290063201703,-1.3855732710671982,-0.5204412304814636,-3.2460476881793925,2.620076198877765,0
1571238380750,0.06577477034385075,-1.4180889762186075,-0.6252609432856484,-1.1243685866325293,2.6542704497441627,0
1571238381000,0.19637696577610014,-1.3205418607643795,-0.6951407518217716,1.6553135209748693,2.861447843393764,0
1571238381250,0.19637696577610014,-1.3205418607643795,-0.7300806560898333,0.24449756415021726,3.1450612925810213,0
1571238381500,0.022240705199767605,-1.4180889762186075,-0.7650205603578949,0.49027606487154324,3.394478920341029,0
1571238381750,0.15284290063201703,-1.4180889762186075,-0.66020084755371,0.28306432131777565,3.603669773002697,0
1571238382000,0.022240705199767605,-1.4506046813700169,-0.48550132621340203,1.026151006568144,3.6780923695282866,0
1571238382250,-0.19542962052064808,-1.3855732710671982,-0.5204412304814636,0.5493948439507611,3.6599900851499054,0
1571238382500,0.10930883548793388,-1.3530575659157889,-0.5204412304814636,0.6365929286870609,3.613726074137069,0
1571238382750,-0.021293359944315533,-1.3855732710671982,-0.5204412304814636,0.36501868029883716,3.5694755221362997,0
1571238383000,0.022240705199767605,-1.3855732710671982,-0.5204412304814636,0.9562064710910151,3.444765137695444,0
1571238383250,0.022240705199767605,-1.4180889762186075,-0.5204412304814636,-0.10141918325178666,3.352238686230623,0
1571238383500,0.022240705199767605,-1.3855732710671982,-0.5204412304814636,-0.36876462054707626,3.2536797105338597,0
1571238383750,0.06577477034385075,-1.3855732710671982,-0.48550132621340203,-0.5440065522382626,3.1691976717521952,0
1571238384000,-0.021293359944315533,-1.3855732710671982,-0.5204412304814636,0.31427294718362875,3.0947750752266066,0
1571238384250,0.022240705199767605,-1.3855732710671982,-0.5204412304814636,-0.20485590258495312,3.0324206682866044,0
1571238384500,0.022240705199767605,-1.3855732710671982,-0.5204412304814636,-0.06335988341538037,2.976100356139396,0
1571238384750,0.022240705199767605,-1.3855732710671982,-0.5553811347495252,-0.048981925699404655,2.929836345126559,0
1571238385000,0.022240705199767605,-1.3855732710671982,-0.5553811347495252,0.016480070019214182,2.887596111016153,0
1571238385250,0.06577477034385075,-1.3855732710671982,-0.5553811347495252,0.01825617067824648,2.85541374860097,0
1571238385500,0.06577477034385075,-1.3855732710671982,-0.5204412304814636,-0.05337988923605605,2.8272535925273665,0
1571238385750,0.022240705199767605,-1.3855732710671982,-0.5553811347495252,0.029589384407309686,2.8051275312465562,0
1571238386000,0.06577477034385075,-1.3855732710671982,-0.5204412304814636,-0.06099174920333731,2.778979263624166,0
1571238386250,0.06577477034385075,-1.3855732710671982,-0.5553811347495252,-0.057354971663414044,2.7628872971361496,0
1571238386500,0.06577477034385075,-1.3855732710671982,-0.5553811347495252,-0.03494227287086366,2.740761235855339,0
1571238386750,0.022240705199767605,-1.4180889762186075,-0.5553811347495252,-0.1423540746313881,2.726681157818536,0
1571238387000,-0.021293359944315533,-1.4180889762186075,-0.5553811347495252,-0.033842781986700814,2.7126010797817344,0
1571238387250,0.022240705199767605,-1.4180889762186075,-0.5553811347495252,-0.23361181801690453,2.696510683854569,0
1571238387500,0.022240705199767605,-1.3855732710671982,-0.5553811347495252,0.10714577985171986,2.68846470061056,0
1571238387750,0.06577477034385075,-1.3855732710671982,-0.5553811347495252,-0.08002139912154044,2.6784068289153367,0
1571238388000,-0.021293359944315533,-1.4180889762186075,-0.5553811347495252,0.2321494357588499,2.674384622573758,0
1571238388250,0.022240705199767605,-1.4180889762186075,-0.5553811347495252,-0.0627678498623696,2.6663386393297492,0
1571238388500,-0.021293359944315533,-1.3855732710671982,-0.5204412304814636,-0.11486680252731689,2.6603045445369564,0
1571238388750,0.15284290063201703,-1.3530575659157889,-0.45056142194534043,0.03686293948715622,2.6442125780489385,0
1571238389000,0.19637696577610014,-1.3205418607643795,-0.48550132621340203,-0.1759308347092843,2.61404053352412,0
1571238389250,0.15284290063201703,-1.3205418607643795,-0.48550132621340203,0.1901150534950856,2.6180643104265497,0
1571238389500,0.10930883548793388,-1.3205418607643795,-0.5204412304814636,-0.0828969906647356,2.6080064387313264,0
1571238389750,-0.15189555537656493,-1.4506046813700169,-0.6252609432856484,0.05360903141517499,2.5979501375969543,0
1571238390000,0.06577477034385075,-1.4180889762186075,-0.5553811347495252,-0.05388734656720814,2.5878922659017305,0
1571238390250,0.022240705199767605,-1.3205418607643795,-0.6252609432856484,-0.12383188204433704,2.593926360694524,0
1571238390500,0.06577477034385075,-1.1254476298559235,-0.4156215176772788,0.19502047436288908,2.5979501375969543,0
1571238390750,-0.06482742508839867,-1.5156360916728355,-0.7300806560898333,0.06781783668743335,2.3384746381417227,0
1571238391000,0.10930883548793388,-1.4831203865214262,-0.9047801774301413,0.535101462456644,2.628120611560921,0
1571238391250,0.15284290063201703,-1.4831203865214262,-1.0794796987704494,1.1354234852095593,2.605996120840963,0
1571238391500,0.19637696577610014,-1.4180889762186075,-1.1493595073065725,0.2939746539375454,2.6019723439385327,0
1571238391750,0.19637696577610014,-1.4180889762186075,-1.114419603038511,-2.4559366235755973,2.6844409237081304,0
1571238392000,0.06577477034385075,-1.4506046813700169,-1.0794796987704494,-0.7448750791526292,2.742773124306554,0
1571238392250,0.022240705199767605,-1.4506046813700169,-1.114419603038511,0.17413014756379497,2.7568532023433554,0
1571238392500,-0.15189555537656493,-1.5481517968242449,-1.1493595073065725,0.05310157408402291,2.7608769792457863,0
1571238392750,0.5881835520728484,-1.7757617328841102,-0.7650205603578949,-0.02978312333748414,2.73271525261133,0
1571238393000,-0.021293359944315533,-1.0279005144016955,-0.45056142194534043,0.17632912933212064,2.748807219099347,0
1571238393250,0.9799901383695966,-1.6456989122784729,-0.7650205603578949,-0.24807435195473893,2.7286930462697514,0
1571238393500,-0.06482742508839867,-1.2229947453101515,-1.1842994115746341,0.3888691748629851,2.698521001744932,0
1571238393750,0.19637696577610014,-1.3530575659157889,-0.9746599859662645,0.714149324131471,2.680418717366552,0
1571238394000,0.28344509606426643,-1.5481517968242449,-1.0095998902343262,0.6569757981550028,2.6603045445369564,0
1571238394250,0.45758135664059896,-1.6782146174298822,-0.9746599859662645,-1.0115439066730494,2.595938249145739,0
1571238394500,-0.4566340113851469,-0.7352591680390114,-0.5204412304814636,-0.18667201488533675,2.7005328901961474,0
1571238394750,0.15284290063201703,-0.1499764753136431,0.5976357060965077,-0.6361100578423659,2.6683505277809645,0
1571238395000,0.5881835520728484,-1.2555104504615608,0.21329675914783008,0.18757776683932517,2.650246672841732,0
1571238395250,0.6752516823610146,-0.702743462887602,0.8072751317048774,1.8211674920397423,2.6381784832561452,0
1571238395500,1.5459329852426775,-1.2880261556129702,0.3181164719520149,0.07965850774764864,2.6462244665001537,0
1571238395750,0.5881835520728484,-0.6051963474333739,0.3530563762200765,-0.029952275781201503,2.656280767634526,0
1571238396000,0.2399110309201833,-0.6051963474333739,0.4578760890242613,-2.7165159631221925,2.708578873440156,0
1571238396250,0.41404729149651587,-0.5401649371305552,0.4578760890242613,-0.47160930632723197,2.708578873440156,0
1571238396500,0.28344509606426643,-0.6051963474333739,0.3181164719520149,0.13903101549244246,2.698521001744932,0
1571238396750,0.5881835520728484,-0.31255500107068984,0.5976357060965077,1.2609345984478415,2.6944987954033537,0
1571238397000,0.3705132263524327,-0.41010211652491785,0.5277558975603845,0.28712397996699224,2.6824306058177663,0
1571238397250,0.19637696577610014,-0.4751335268277365,0.5976357060965077,0.5100669007864745,2.664326750878535,0
1571238397500,0.15284290063201703,-0.4751335268277365,0.5976357060965077,0.08566341949961498,2.6422006895977237,0
1571238397750,0.2399110309201833,-0.4751335268277365,0.5976357060965077,0.21202029495648386,2.6401903717073605,0
1571238398000,0.3269791612083496,-0.4751335268277365,0.5626958018284461,-0.6707863088044249,2.6442125780489385,0
1571238398250,1.6330011155308437,0.9230417946828652,-1.7433378798636199,-0.6712091899137183,2.6663386393297492,0
1571238398500,1.110592333801846,1.280714551348368,0.07353714207558366,-0.09169291773803838,2.6401903717073605,0
1571238398750,-1.109644988546394,0.3052433968060877,0.5976357060965077,-0.24612909885198928,2.6603045445369564,0
1571238399000,-0.4566340113851469,1.0856203204399117,0.9470347487771238,0.45830625300896194,2.6240984052193426,0
1571238399250,-1.0661109234023107,1.0856203204399117,0.8072751317048774,0.7874769084829472,2.5557099034865476,0
1571238399500,-1.1967131188345603,1.1506517307427304,0.842215035972939,2.3049434810713954,2.521514082059298,0
1571238399750,-1.6755878354194749,1.5408401925596427,0.8072751317048774,1.4120723069093037,2.5657662046209198,0
1571238400000,-2.7639394640215533,0.7604632689258184,1.5060732170661095,-0.025638888466408785,2.533583842205737,0
1571238400250,-1.370849379410893,0.5003376277145437,1.1566741743854934,-0.848480950929513,2.5376060485473153,0
1571238400500,-1.2837812491227265,0.5003376277145437,1.0867943658493702,-2.1133183488260823,2.5094458924737113,0
1571238400750,-2.415666942868888,0.7279475637744091,0.7723352274368158,-2.1441886698045005,2.4953658144369086,0
1571238401000,-2.3285988125807218,0.5653690380173624,0.8771549402410006,0.30065617546438117,2.447091485533709,0
1571238401250,-2.807473529165636,0.7279475637744091,0.7373953231687541,0.9586591815249168,2.3706570005569056,0
1571238401500,-1.8061900308517242,0.630400448320181,0.842215035972939,-0.39286884377680026,2.27209645429929,0
1571238401750,-2.02386035657214,0.6629161534715904,1.4012535042619247,-0.589423983376374,2.1514098467608647,0
1571238402000,-2.5462691383011373,0.8905260895314557,1.1566741743854934,0.6059763363742184,2.2741083427505053,0
1571238402250,-2.7639394640215533,0.532853332865953,0.7723352274368158,-0.04187752306327548,2.2942225155801013,0
1571238402500,-3.068677920030135,0.1751805762004503,1.0518544615813086,0.06418105914751007,2.5376060485473153,0
1571238402750,-2.372132877724805,0.43530621741172504,0.6675155146326309,0.39504323905866884,2.581858171108937,0
1571238403000,-2.676871333733387,0.43530621741172504,0.4578760890242613,-2.0194387425629468,2.6261102936705587,0
1571238403250,-2.2415306822925554,0.045117755594812944,0.7024554189006925,-0.4118984936950034,2.6683505277809645,0
1571238403500,-2.72040539887747,-0.7677748731904207,1.1217342701174318,-0.9163110808601749,2.6784068289153367,0
1571238403750,-1.6320537702753917,-0.9303533989474674,0.7024554189006925,0.5277433311549388,2.656280767634526,0
1571238404000,-0.5872362068173963,-0.7352591680390114,0.3530563762200765,-0.19825895727997603,2.6603045445369564,0
1571238404250,1.067058268657763,0.7929789740772277,-0.031282570728601154,0.9221222536819668,2.672372734122543,0
1571238404500,2.1554098972598412,0.43530621741172504,-0.06622247499666276,-0.39024698089918114,2.710590761891371,0
1571238404750,1.1976604640900124,-0.05242935985941508,-0.3457417091411556,0.9668630750452089,2.6824306058177663,0
1571238405000,0.9364560732255135,-0.24752359076787114,0.1783568548797685,1.1273041679111262,2.650246672841732,0
1571238405250,0.9799901383695966,-0.31255500107068984,0.24823666341589168,0.7489947275372475,2.595938249145739,0
1571238405500,0.6317176172169315,0.5003376277145437,0.2831765676839533,0.43724677376615045,2.5979501375969543,0
1571238405750,-0.15189555537656493,-1.1579633350073328,0.1783568548797685,0.8371231507139928,2.5798462826577215,0
1571238406000,0.5446494869287652,-0.6702277577361927,0.4229361847561997,0.07771325464489899,2.515479987266504,0
1571238406250,0.45758135664059896,-0.5076492319791459,0.2831765676839533,-0.11681205563006655,2.324394560104921,0
1571238406500,0.5881835520728484,-0.3450707062220992,0.3879962804881381,-0.8319885876670703,2.2660623595064973,0
1571238406750,0.6317176172169315,-0.2150078856164618,0.24823666341589168,0.5366238344501002,2.2218102369448753,0
1571238407000,1.067058268657763,-0.31255500107068984,0.10847704634364527,0.32180023092905136,2.1936500808712713,0
1571238407250,1.5894670503867605,-0.4426178216763272,-0.5204412304814636,0.6118120956824674,2.157443941553659,0
1571238407500,1.5023989200985943,-0.3450707062220992,-0.6252609432856484,-0.3119293994580429,2.1614677184560884,0
1571238407750,1.3282626595222617,-0.1499764753136431,-1.0794796987704494,0.31410379473991146,2.2439362982256865,0
1571238408000,1.371796724666345,-0.01991365470800574,-0.7999604646259565,-0.06073802053776126,2.5778359647673583,0
1571238408250,1.4588648549545111,0.045117755594812944,-0.9047801774301413,0.5733299147367676,2.612030215633756,0
1571238408500,1.1976604640900124,-0.1499764753136431,-0.9047801774301413,-0.4629825316976465,2.5999604554873175,0
1571238408750,1.1541263989459292,-0.31255500107068984,-1.0095998902343262,0.6153642970005321,2.5858803774505152,0
1571238409000,-0.23896368566473122,-0.6702277577361927,-0.031282570728601154,-0.5082308103920407,2.7307049347209666,0
1571238409250,1.2847285943781785,-0.4426178216763272,-0.2758619006050324,0.43022694735187994,2.742773124306554,0
1571238409500,0.6317176172169315,-0.5726806422819646,-0.17104218780084757,-2.416946985298746,2.7146129682329496,0
1571238409750,0.7623198126491809,-0.6051963474333739,-0.17104218780084757,0.17226947068290396,2.7447850127577684,0
1571238410000,0.7623198126491809,-0.7677748731904207,-0.2059820920689092,-0.591030931591689,2.7387509179649756,0
1571238410250,1.067058268657763,-0.1499764753136431,0.07353714207558366,-0.4132517132447423,2.750819107550562,0
1571238410500,1.2411945292340956,-0.11746077016223377,0.038597237807522056,-0.8781672048019098,2.7970815480025464,0
1571238410750,1.5459329852426775,-0.08494506501082442,-0.3806816134092172,0.8747595694411056,2.8534018601497557,0
1571238411000,1.110592333801846,0.11014916589763163,-0.5903210390175868,-0.3219093936373672,2.891619887918584,0
1571238411250,1.3282626595222617,0.14266487104904096,-0.24092199633697078,0.9237292018972817,2.9439164231633614,0
1571238411500,1.110592333801846,-0.11746077016223377,-0.4156215176772788,-0.3322276927041262,2.968054372895387,0
1571238411750,0.9799901383695966,0.5003376277145437,-0.3806816134092172,0.4519630363695609,2.976100356139396,0
1571238412000,1.371796724666345,0.532853332865953,-0.45056142194534043,-0.3501578517381665,2.9640321665538085,0
1571238412250,1.067058268657763,0.1751805762004503,-0.4156215176772788,0.10630001763313306,2.978112244590611,0
1571238412500,1.415330789810428,0.630400448320181,0.003657333539460452,-0.3652969954508704,2.9258141387849808,0
1571238412750,0.8058538777932641,0.6954318586229997,-0.66020084755371,0.3276359902373003,2.887596111016153,0
1571238413000,1.8071373761071763,0.07763346074622228,-0.10116237926472436,-0.5026487797493677,2.861447843393764,0
1571238413250,1.0235242035136798,-0.01991365470800574,-0.45056142194534043,0.05572343696164201,2.821219497734573,0
1571238413500,1.8071373761071763,-0.08494506501082442,0.1783568548797685,-0.151657459035843,2.7990934364537616,0
1571238413750,0.8929220080814304,0.4678219225631344,-0.310801804873094,-0.20206488726361665,2.787025246868175,0
1571238414000,1.2411945292340956,0.6954318586229997,-0.3457417091411556,-0.6155580359307063,2.768921391928943,0
1571238414250,1.415330789810428,0.33775910195749703,-0.031282570728601154,0.09183748369529865,2.7648991855873644,0
1571238414500,1.371796724666345,0.3052433968060877,-0.2758619006050324,0.48156471402009915,2.758865090794571,0
1571238414750,1.2847285943781785,0.07763346074622228,-0.10116237926472436,0.1227078046737171,2.742773124306554,0
1571238415000,1.2847285943781785,0.8254946792286371,-0.3806816134092172,0.1892692912764988,2.734727141062545,0
1571238415250,1.415330789810428,0.630400448320181,-0.5204412304814636,-0.09211579884733179,2.726681157818536,0
1571238415500,0.8929220080814304,0.5653690380173624,-0.2059820920689092,-0.1904779448689774,2.724670839928173,0
1571238415750,1.2847285943781785,0.5653690380173624,-0.17104218780084757,-0.0645439505214019,2.708578873440156,0
1571238416000,1.0235242035136798,0.8905260895314557,-0.5903210390175868,-0.1283144218028471,2.7126010797817344,0
1571238416250,0.9799901383695966,0.6954318586229997,-0.310801804873094,0.2608207749689426,2.6944987954033537,0
1571238416500,0.8929220080814304,0.43530621741172504,-0.3457417091411556,-0.8368940085348737,2.6784068289153367,0
1571238416750,1.676535180674927,0.4027905122603157,-0.031282570728601154,0.21717944448986343,2.6703608456713277,0
1571238417000,0.5446494869287652,0.7604632689258184,-0.48550132621340203,-0.9378780174341383,2.664326750878535,0
1571238417250,1.6330011155308437,0.4027905122603157,-0.3457417091411556,0.33161107266465834,2.658292656085741,0
1571238417500,1.1976604640900124,0.11014916589763163,-0.45056142194534043,-0.6928607027095405,2.6603045445369564,0
1571238417750,1.6330011155308437,0.07763346074622228,-0.24092199633697078,0.7879843658140993,2.6623164329881708,0
1571238418000,1.6330011155308437,-0.1499764753136431,-0.13610228353278597,-0.4354106833717167,2.6482363549513694,0
1571238418250,1.110592333801846,0.27272769165467836,-0.4156215176772788,0.5762900825018216,2.652258561292948,0
1571238418500,1.676535180674927,-0.11746077016223377,-0.48550132621340203,0.07889732175092051,2.7065669849889407,0
1571238418750,1.1976604640900124,0.14266487104904096,-0.3806816134092172,-0.6587764853004922,2.7226589514769586,0
1571238419000,1.415330789810428,-0.01991365470800574,-0.06622247499666276,0.8026160521956509,2.710590761891371,0
1571238419250,1.067058268657763,0.37027480710890637,-0.2059820920689092,-0.4949523435602278,2.6924869069521384,0
1571238419500,1.8071373761071763,0.14266487104904096,-0.45056142194534043,0.5357780722315134,2.6844409237081304,0
1571238419750,0.9364560732255135,0.14266487104904096,-0.5204412304814636,-0.6655425830491867,2.680418717366552,0
1571238420000,1.2411945292340956,0.0126020504434036,-0.310801804873094,0.478435393811328,2.6683505277809645,0
1571238420250,1.415330789810428,-0.05242935985941508,-0.24092199633697078,0.47505234493698073,2.6663386393297492,0
1571238420500,0.9364560732255135,0.532853332865953,-0.3457417091411556,-0.6616520768436873,2.650246672841732,0
1571238420750,1.3282626595222617,0.20769628135185966,-0.4156215176772788,0.3220539595946274,2.6321443884633524,0
1571238421000,1.5023989200985943,0.3052433968060877,-0.3806816134092172,-0.8119440230865629,2.620076198877765,0
1571238421250,1.2847285943781785,0.20769628135185966,-0.3806816134092172,0.714149324131471,2.6100183271825417,0
1571238421500,0.9799901383695966,0.7279475637744091,-0.3806816134092172,-0.0776532649094974,2.5979501375969543,0
1571238421750,1.0235242035136798,0.4678219225631344,-0.48550132621340203,0.5977724428539264,2.575824076316143,0
1571238422000,1.4588648549545111,0.4678219225631344,-0.5553811347495252,-0.06200666386564148,2.5778359647673583,0
1571238422250,1.2847285943781785,0.43530621741172504,-0.45056142194534043,-0.9872705309996079,2.573812187864928,0
1571238422500,1.5023989200985943,1.1506517307427304,-0.66020084755371,0.22622910022874226,2.5778359647673583,0
1571238422750,1.2411945292340956,0.43530621741172504,-0.8349003688940181,-0.7412383016127059,2.559732109828126,0
1571238423000,1.3282626595222617,0.43530621741172504,-0.48550132621340203,0.09581256612265665,2.5536980150353323,0
1571238423250,1.1541263989459292,0.532853332865953,-0.45056142194534043,-0.7208554321447639,2.5496758086937548,0
1571238423500,1.1976604640900124,1.020588910137093,-0.7650205603578949,0.7193930498867093,2.541629825449746,0
1571238423750,0.8929220080814304,0.4678219225631344,-0.6252609432856484,-0.292307715986829,2.5396179369985306,0
1571238424000,1.5023989200985943,0.532853332865953,-0.45056142194534043,0.4065456052314494,2.551686126584118,0
1571238424250,1.0235242035136798,0.4678219225631344,-0.48550132621340203,-0.03341990087740741,2.5718002994137135,0
1571238424500,1.371796724666345,0.7929789740772277,-0.66020084755371,1.1433736500642755,2.5919160428041605,0
1571238424750,1.1541263989459292,0.240211986503269,-0.7650205603578949,-0.7702479457102334,2.5899041543529457,0
1571238425000,1.4588648549545111,0.4027905122603157,-0.5553811347495252,0.19916470923396443,2.6019723439385327,0
1571238425250,1.0235242035136798,0.27272769165467836,-0.45056142194534043,-0.00407195189244522,2.5979501375969543,0
1571238425500,1.7200692458190099,0.5653690380173624,-0.5553811347495252,1.2905362760983796,2.628120611560921,0
1571238425750,1.371796724666345,0.14266487104904096,-0.6252609432856484,0.06739495557813993,2.6160524219753345,0
1571238426000,0.9799901383695966,0.27272769165467836,-0.4156215176772788,-0.06378276452467377,2.628120611560921,0
1571238426250,1.2411945292340956,0.3052433968060877,-0.48550132621340203,0.20906012719143008,2.6080064387313264,0
1571238426500,0.9364560732255135,0.8254946792286371,-0.45056142194534043,0.6324486938159856,2.5979501375969543,0
1571238426750,1.415330789810428,0.33775910195749703,-0.7999604646259565,-0.19868183838926942,2.5858803774505152,0
1571238427000,1.1976604640900124,0.20769628135185966,-0.2758619006050324,-0.26101451389911706,2.5697899815233503,0
1571238427250,1.5023989200985943,0.11014916589763163,-0.24092199633697078,-0.848480950929513,2.5617439982793413,0
1571238427500,1.067058268657763,0.240211986503269,-0.2758619006050324,0.31148193186229234,2.5496758086937548,0
1571238427750,1.1976604640900124,0.43530621741172504,-0.2758619006050324,-0.30161110039128386,2.543640143340109,0
1571238428000,1.110592333801846,0.27272769165467836,-0.24092199633697078,0.9651715506080353,2.551686126584118,0
1571238428250,0.5446494869287652,-0.11746077016223377,-0.06622247499666276,-0.019464824270725097,2.551686126584118,0
1571238428500,0.6752516823610146,-0.5076492319791459,-0.06622247499666276,1.152507882025013,2.5275497474129436,0
1571238428750,0.5446494869287652,-0.897837693796058,0.24823666341589168,0.1572994794139175,2.5114577809249266,0
1571238429000,0.19637696577610014,-1.1254476298559235,-0.17104218780084757,1.413087221571608,2.5355941600961005,0
1571238429250,0.41404729149651587,-0.8328062834932394,-1.1842994115746341,0.0037090605185534013,2.541629825449746,0
1571238429500,0.5881835520728484,-1.2880261556129702,-0.5903210390175868,0.23206485953699119,2.531571953754522,0
1571238429750,0.8493879429373472,-1.0279005144016955,-0.6951407518217716,-0.883157201891572,2.5275497474129436,0
1571238430000,0.5446494869287652,-0.9303533989474674,-0.2059820920689092,0.1192401795775112,2.5034117976809176,0
1571238430250,-0.15189555537656493,-0.995384809250286,-0.4156215176772788,-0.38914749001501836,2.5114577809249266,0
1571238430500,0.7623198126491809,-1.1904790401587422,-0.5903210390175868,1.4557982136102419,2.507434004022496,0
1571238430750,0.3269791612083496,-1.0929319247045142,-0.5553811347495252,1.379510461493712,2.489331719644116,0
1571238431000,0.28344509606426643,-1.9708559637925664,2.0651116853550953,1.4423505943347117,2.4873198311929006,0
1571238431250,-0.5437021416733132,-1.9383402586411569,-0.5903210390175868,-2.9955329190339803,2.49938959133934,0
1571238431500,-0.4130999462410638,-1.1254476298559235,0.3181164719520149,-0.3988737555287666,2.4430692791921307,0
1571238431750,-0.50016807652923,-1.1904790401587422,0.1783568548797685,-0.6301051460903995,1.9381967877576183,0
1571238432000,-0.5872362068173963,-1.2880261556129702,0.3530563762200765,0.851078227320675,2.075199951985875,0
1571238432250,-0.6307702719614795,-1.5481517968242449,-0.10116237926472436,1.1110655333142594,1.894170825958663,0
1571238432500,-1.0225768582582277,-1.5156360916728355,-0.310801804873094,2.1513530621760313,2.3467436410266935,0
1571238432750,-1.0661109234023107,-1.5156360916728355,-0.031282570728601154,-1.7443122928566586,2.3045049774771393,0
1571238433000,-0.8919746628259783,-1.3855732710671982,-0.031282570728601154,0.3379542893040594,2.1757723866947054,0
1571238433250,-1.370849379410893,-1.6131832071270635,-0.7650205603578949,-0.8298741821206033,2.2441608884275004,0
1571238433500,-0.6307702719614795,-1.1904790401587422,0.07353714207558366,-2.232824550312398,2.0711777456442966,0
1571238433750,0.5446494869287652,-0.6702277577361927,0.6675155146326309,-0.6930298551532579,2.2220348271466897,0
1571238434000,-0.9355087279700615,-0.31255500107068984,1.1217342701174318,0.14232948814493102,2.300481200574709,0
1571238434250,-2.02386035657214,-1.2555104504615608,0.3530563762200765,0.7063683117204724,2.276344821403535,0
1571238434500,-2.72040539887747,-0.5401649371305552,0.14341695061170687,0.6669557923343272,2.2622647433667327,0
1571238434750,-1.0225768582582277,-1.6131832071270635,-0.7999604646259565,2.7834757443478106,2.216000732353896,0
1571238435000,-0.9355087279700615,-1.7432460277327009,-0.2758619006050324,-0.6800896932088797,1.312865420108198,0
1571238435250,-2.02386035657214,-1.3205418607643795,-0.06622247499666276,-5.279936671436945,1.2119804437898505,0
1571238435500,-1.8497240959958072,-0.3450707062220992,1.4361934085299863,0.4264210173682394,1.7731716768107197,0
1571238435750,1.110592333801846,0.14266487104904096,0.3181164719520149,1.5051061509538526,0.8237723535521851,0
1571238436000,0.28344509606426643,0.0126020504434036,0.5976357060965077,0.35461580501021944,0.44763245290010645,0
1571238436250,0.6317176172169315,0.4678219225631344,0.4229361847561997,-0.292561444652405,1.4511862848911536,0
1571238436500,0.9799901383695966,0.4027905122603157,0.24823666341589168,-0.8708090735002046,1.6544969577235096,0
1571238436750,1.1541263989459292,0.532853332865953,0.1783568548797685,-0.7075769653129509,1.0068133680306124,0
1571238437000,1.371796724666345,0.27272769165467836,0.24823666341589168,0.983270862085793,0.735268108428942,0
1571238437250,0.8493879429373472,0.3052433968060877,0.49281599329232295,-1.100095210959088,1.30450532469382,0
1571238437500,-0.36956588109698063,0.5653690380173624,0.6325756103645693,0.7774123380817642,0.9605493570177761,0
1571238437750,-0.021293359944315533,0.33775910195749703,0.7723352274368158,-0.5698022999051602,1.9320747415571216,0
1571238438000,0.45758135664059896,0.4678219225631344,0.5626958018284461,0.02214667688374579,1.696737191833916,0
1571238438250,1.067058268657763,0.7279475637744091,0.1783568548797685,0.25845264075689955,0.5703309488897472,0
1571238438500,0.5881835520728484,1.0531046152885024,0.5277558975603845,1.2680390010839706,1.6483073774063832,0
1571238438750,-0.5437021416733132,1.1506517307427304,0.5277558975603845,0.8803416000837786,2.0829333936203662,0
1571238439000,0.6752516823610146,1.3132302564997773,0.5976357060965077,-0.9272214134799446,2.0507494606443317,0
1571238439250,0.7187857475050978,1.0856203204399117,0.4229361847561997,0.5444894230829576,2.0487391427539685,0
1571238439500,0.7623198126491809,1.020588910137093,0.3181164719520149,-1.1422141694447108,2.0246011930219425,0
1571238439750,1.2411945292340956,0.9880732049856839,-0.2059820920689092,0.9911364507186502,2.006498908643562,0
1571238440000,1.371796724666345,1.1506517307427304,-0.48550132621340203,-0.1835426946765656,2.0929896947547384,0
1571238440250,1.371796724666345,1.0531046152885024,-0.6951407518217716,0.9965493289176057,2.0970134716571684,0
1571238440500,0.9799901383695966,1.18316743589414,-0.9047801774301413,0.3321185299958104,2.0849452820715815,0
1571238440750,1.1976604640900124,1.2156831410455493,-1.0445397945023878,0.15450846409258104,2.076899298827573,0
1571238441000,1.1976604640900124,1.280714551348368,-1.3589989329149421,-0.05346446545791473,2.0386812710587447,0
1571238441250,1.0235242035136798,1.3457459616511867,-1.1493595073065725,-0.9761064697142621,2.028624969924373,0
1571238441500,1.0235242035136798,1.4107773719540053,-1.1842994115746341,0.693512725997953,1.976326864118743,0
1571238441750,1.067058268657763,1.4107773719540053,-1.0095998902343262,-0.8812119487888224,1.9924188306067598,0
1571238442000,1.0235242035136798,1.3132302564997773,-0.9047801774301413,-0.12552340648151064,1.9562126912891473,0
1571238442250,1.0235242035136798,1.3132302564997773,-0.6951407518217716,-0.4158735761223614,1.9904069421555453,0
1571238442500,1.067058268657763,1.280714551348368,-0.66020084755371,0.10756866096101327,2.0044870201923466,0
1571238442750,0.9799901383695966,1.378261666802596,-0.5903210390175868,-1.1692785604394889,1.9863831652531143,0
1571238443000,1.0235242035136798,1.378261666802596,-0.5204412304814636,-1.3027398385324869,1.9924188306067598,0
1571238443250,0.8929220080814304,1.475808782256824,-0.4156215176772788,-0.5031562370805198,2.0044870201923466,0
1571238443500,0.8929220080814304,1.4107773719540053,-0.3806816134092172,-1.630811003122309,2.014543321326719,0
1571238443750,0.9364560732255135,1.475808782256824,-0.3806816134092172,0.5007635163820197,2.014543321326719,0
1571238444000,0.9364560732255135,1.3457459616511867,-0.45056142194534043,-1.0309964377005458,2.0205789866803645,0
1571238444250,0.8929220080814304,1.2156831410455493,-0.310801804873094,1.1660400775224018,2.0266130814731578,0
1571238444500,0.9799901383695966,1.3132302564997773,-0.2758619006050324,-0.2621985810051386,2.0346590647171663,0
1571238444750,0.8929220080814304,1.3457459616511867,-0.24092199633697078,0.953584608213396,2.028624969924373,0
1571238445000,0.8493879429373472,1.3132302564997773,-0.17104218780084757,0.5564146703650316,2.0246011930219425,0
1571238445250,0.8493879429373472,1.378261666802596,-0.17104218780084757,0.44418202395856227,2.0185670982291493,0
1571238445500,0.7623198126491809,1.475808782256824,-0.2758619006050324,1.229810548803847,1.2622650905834139,0
1571238445750,0.7187857475050978,1.3457459616511867,-0.10116237926472436,0.06790241290929203,2.016555209777934,0
1571238446000,0.6317176172169315,1.475808782256824,-0.10116237926472436,1.2485864700564742,2.0125330034363555,0
1571238446250,0.10930883548793388,1.3457459616511867,0.4229361847561997,-0.24452215063667435,2.0105211149851407,0
1571238446500,-0.1083614902324818,1.118136025591321,0.7024554189006925,0.6968111986504415,2.028624969924373,0
1571238446750,0.06577477034385075,1.0856203204399117,0.5626958018284461,-0.8443367160584375,2.0366693826075295,0
1571238447000,0.3705132263524327,1.1506517307427304,0.3879962804881381,0.8281580711969726,2.0205789866803645,0
1571238447250,1.0235242035136798,1.0856203204399117,0.1783568548797685,0.11230492938509938,2.006498908643562,0
1571238447500,0.10930883548793388,1.020588910137093,0.5976357060965077,0.3347403928734295,1.98839505370433,0
1571238447750,0.41404729149651587,0.6629161534715904,-0.06622247499666276,-1.0625433684538337,1.8636862398243257,0
1571238448000,-1.0661109234023107,0.4678219225631344,1.5060732170661095,-0.30254143883172935,1.9723046577771646,0
1571238448250,0.022240705199767605,-0.2800392959192805,0.9120948445090622,-0.2701487458598546,1.9582245797403626,0
1571238448500,-0.23896368566473122,-0.3775864113735085,0.9120948445090622,-0.28909381955619906,1.9260406467643278,0
1571238448750,0.06577477034385075,-0.24752359076787114,0.7723352274368158,-0.11106087254367626,1.9159843456299561,0
1571238449000,0.45758135664059896,-1.0929319247045142,0.24823666341589168,-0.057693276550848764,1.9481667080451388,0
1571238449250,-2.4592010080129714,0.6629161534715904,1.6108929298702943,1.6713830031280188,2.0024751317411322,0
1571238449500,0.022240705199767605,0.4678219225631344,0.8771549402410006,-0.18108998424266384,0.9565271506761976,0
1571238449750,-0.5437021416733132,0.6954318586229997,2.0301717810870334,0.7249750805293822,1.835526083750722,0
1571238450000,0.7623198126491809,0.4678219225631344,1.5410131213341711,-1.2623969807058961,2.0266130814731578,0
1571238450250,-0.50016807652923,1.67090301316528,0.10847704634364527,0.33846174663521145,2.0205789866803645,0
1571238450500,-0.4566340113851469,1.5408401925596427,0.7024554189006925,-0.8639583995296516,1.8455839554459457,0
1571238450750,0.10930883548793388,1.4107773719540053,1.191614078653555,0.5753597440613761,1.9200065519715346,0
1571238451000,-0.6307702719614795,1.378261666802596,0.9120948445090622,0.1913836968229658,1.9260406467643278,0
1571238451250,-0.7613724673937289,1.7359344234680987,0.1783568548797685,-1.0892694545611767,1.9240287583131128,0
1571238451500,-0.5437021416733132,1.5408401925596427,0.4229361847561997,0.6191702269841726,1.9702927693259495,0
1571238451750,-0.5872362068173963,1.573355897711052,0.5626958018284461,0.027897859970136076,1.9984529253995538,0
1571238452000,-0.06482742508839867,1.378261666802596,0.6675155146326309,0.3686554578387604,1.9803490704603213,0
1571238452250,0.19637696577610014,1.3457459616511867,0.7024554189006925,-0.08103631378384463,1.9783387525699583,0
1571238452500,-0.3260318159528975,1.378261666802596,0.21329675914783008,0.5394994259932954,1.928052535215543,0
1571238452750,0.45758135664059896,1.768450128619508,-0.17104218780084757,-0.8376551945316019,1.9179946635203193,0
1571238453000,0.5881835520728484,1.573355897711052,-0.3457417091411556,-0.1278915406935537,1.8395482900923004,0
1571238453250,0.022240705199767605,1.6383873080138707,-0.2758619006050324,0.10418561208666605,1.7892620727378852,0
1571238453500,0.41404729149651587,1.6383873080138707,-0.06622247499666276,0.6807417164972921,1.7912739611891004,0
1571238453750,0.41404729149651587,1.6383873080138707,-0.10116237926472436,0.7254825378605343,1.7852398663963067,0
1571238454000,0.10930883548793388,1.3132302564997773,0.9120948445090622,-1.2043776925108411,1.2803689455226461,0
1571238454250,-0.8919746628259783,1.768450128619508,0.4229361847561997,0.5279970598205148,1.5740386958442754,0
1571238454500,-0.9355087279700615,1.6383873080138707,0.5976357060965077,-0.9267985323706512,2.18551614621956,0
1571238454750,-0.5437021416733132,1.6383873080138707,0.4578760890242613,0.3811727386738452,2.242148999976285,0
1571238455000,0.8058538777932641,1.573355897711052,0.10847704634364527,-0.6203788805766512,2.318585055513941,0
1571238455250,0.2399110309201833,1.5408401925596427,0.038597237807522056,-0.29882008506994734,2.2079547491098874,0
1571238455500,0.6752516823610146,1.020588910137093,-0.17104218780084757,0.5431362035332187,2.2079547491098874,0
1571238455750,0.9799901383695966,1.280714551348368,0.038597237807522056,0.36907833894805386,2.326629468197098,0
1571238456000,1.0235242035136798,1.0856203204399117,-0.031282570728601154,1.2657554430937865,2.3346754514411066,0
1571238456250,0.8058538777932641,1.18316743589414,0.003657333539460452,-0.43710220780889025,2.063131762400288,0
1571238456500,0.8058538777932641,1.118136025591321,-0.06622247499666276,0.7838401309430238,2.3045049774771393,0
1571238456750,1.0235242035136798,1.1506517307427304,-0.10116237926472436,-0.7431835547154555,2.310539072269932,0
1571238457000,0.7187857475050978,1.18316743589414,0.1783568548797685,-0.19944302438599756,2.2964589942331304,0
1571238457250,0.7623198126491809,1.118136025591321,0.1783568548797685,-0.8070386022187594,2.294447105781915,0
1571238457500,0.7187857475050978,1.5083244874082333,0.2831765676839533,0.6948659455476918,2.286401122537907,0
1571238457750,-1.109644988546394,0.240211986503269,0.5277558975603845,-0.6520949637736565,2.2924352173307,0
1571238458000,-0.19542962052064808,0.5003376277145437,0.9120948445090622,0.3299195482274847,1.9042271270930344,0
1571238458250,0.28344509606426643,0.4027905122603157,0.8072751317048774,-0.5624441686034549,1.9545133444474496,0
1571238458500,-0.1083614902324818,0.27272769165467836,0.9470347487771238,0.3347403928734295,2.0269256230826755,0
1571238458750,1.2411945292340956,1.2156831410455493,0.1783568548797685,0.47023150029103594,1.900204920751456,0
1571238459000,-0.36956588109698063,0.8254946792286371,0.842215035972939,0.13302610374047616,2.205944431219524,0
1571238459250,-0.1083614902324818,0.9555574998342745,0.8771549402410006,-0.9306044623542918,1.9585371213498797,0
1571238459500,0.2399110309201833,1.0531046152885024,0.5277558975603845,-0.7805662447769924,2.266286949708311,0
1571238459750,1.067058268657763,1.020588910137093,-0.10116237926472436,0.22758231977848112,2.266286949708311,0
1571238460000,1.067058268657763,1.0531046152885024,-0.24092199633697078,0.80523791507327,2.2743329329523196,0
1571238460250,1.371796724666345,0.9880732049856839,-0.5553811347495252,0.611135485907598,2.2743329329523196,0
1571238460500,1.2411945292340956,0.9555574998342745,-0.5553811347495252,-0.042046675506992835,2.268298838159526,0
1571238460750,1.2411945292340956,0.9230417946828652,-0.5204412304814636,2.0058819605791007,2.264275061257096,0
1571238461000,1.1541263989459292,0.9555574998342745,-0.48550132621340203,-0.5479816346656206,2.2542187601227237,0
1571238461250,1.3282626595222617,0.9880732049856839,-0.6252609432856484,0.00971397227051973,2.2522068716715085,0
1571238461500,1.2411945292340956,0.9880732049856839,-0.5903210390175868,-0.5347877440556664,2.2441608884275004,0
1571238461750,1.1541263989459292,0.9880732049856839,-0.3457417091411556,0.41762509029493655,2.238126793634707,0
1571238462000,0.3705132263524327,1.0531046152885024,0.4229361847561997,-0.6903234160537801,2.1958865595243005,0
1571238462250,0.19637696577610014,0.8254946792286371,0.6325756103645693,0.35377004279163266,2.2320926988419134,0
1571238462500,-0.7613724673937289,1.6058716028624613,0.7723352274368158,-0.7407308442815538,2.165714514999481,0
1571238462750,-0.19542962052064808,1.0856203204399117,0.9120948445090622,-0.33916294289653803,1.1640186564961683,0
1571238463000,0.3269791612083496,1.18316743589414,0.8072751317048774,-1.048165410737858,0.3993581239969068,0
1571238463250,-0.3260318159528975,0.9880732049856839,1.016914557313247,1.0895831729621546,0.1256470609805403,0
1571238463500,-0.06482742508839867,1.0856203204399117,0.8072751317048774,-0.14759780038662632,1.6462954889551684,0
1571238463750,0.10930883548793388,1.020588910137093,0.7373953231687541,-0.6237619294509984,0.4536665476929,0
1571238464000,0.2399110309201833,1.020588910137093,0.6325756103645693,-1.3161028815861584,0.8175827732350589,0
1571238464250,0.2399110309201833,1.0531046152885024,0.6325756103645693,1.6505772525507834,1.6462954889551684,0
1571238464500,0.5011154217846822,1.0856203204399117,0.4229361847561997,-1.5817567944442743,2.20764220750037,0
1571238464750,0.8929220080814304,1.118136025591321,0.21329675914783008,-0.2058708172472573,2.1898524647315067,0
1571238465000,0.7187857475050978,1.0856203204399117,0.2831765676839533,-0.6832190134176509,2.1214639629987118,0
1571238465250,0.6317176172169315,1.0531046152885024,0.3181164719520149,0.8117502841563886,2.1677264034506964,0
1571238465500,0.6317176172169315,1.0856203204399117,0.3181164719520149,-0.610906343728479,2.1536463254138942,0
1571238465750,0.5881835520728484,1.0856203204399117,0.3181164719520149,0.6591747799233286,2.1496241190723158,0
1571238466000,0.6752516823610146,1.0531046152885024,0.3181164719520149,-0.5226087681080164,2.1456003421698857,0
1571238466250,0.6317176172169315,1.0856203204399117,0.3181164719520149,0.626190053398443,2.14358845371867,0
1571238466500,0.5881835520728484,1.118136025591321,0.3181164719520149,-0.25940756568380213,2.1315202641330835,0
1571238466750,0.5881835520728484,1.0531046152885024,0.3530563762200765,0.6328715749252789,2.1174401860962817,0
1571238467000,0.28344509606426643,0.9880732049856839,0.5626958018284461,-0.33577989402219083,2.1134179797547032,0
1571238467250,0.28344509606426643,0.8905260895314557,0.6675155146326309,0.8443967057938393,2.1093942028522727,0
1571238467500,0.2399110309201833,0.8580103843800464,0.7723352274368158,-0.0653897127399887,1.9685934224842518,0
1571238467750,0.022240705199767605,0.8580103843800464,0.842215035972939,1.144557717170297,1.578375014356223,0
1571238468000,0.022240705199767605,0.8580103843800464,0.8072751317048774,0.42413745937805497,2.0007773554602863,0
1571238468250,0.10930883548793388,0.7929789740772277,0.7723352274368158,0.534847733791068,2.1073838849619095,0
1571238468500,0.19637696577610014,0.7604632689258184,0.7723352274368158,-1.034886943906045,2.1073838849619095,0
1571238468750,0.3705132263524327,0.7929789740772277,0.7024554189006925,0.38235680577986675,2.111406091303488,0
1571238469000,0.2399110309201833,0.7604632689258184,0.7373953231687541,-0.7466511798116614,2.045029478021908,0
1571238469250,0.3269791612083496,0.7279475637744091,0.7024554189006925,0.24585078369995614,2.0953141248154705,0
1571238469500,0.28344509606426643,0.7604632689258184,0.7024554189006925,-0.7555316831068228,2.101348219608264,0
1571238469750,0.3269791612083496,0.6954318586229997,0.7024554189006925,0.3081834592098038,2.0892800300226773,0
1571238470000,0.3269791612083496,0.7279475637744091,0.7024554189006925,-0.5721704341172033,2.085257823681099,0
1571238470250,0.28344509606426643,0.7604632689258184,0.7024554189006925,0.9057990428632414,2.085257823681099,0
1571238470500,0.28344509606426643,0.7279475637744091,0.7024554189006925,0.08067342240995282,2.079223728888305,0
1571238470750,0.3705132263524327,0.7279475637744091,0.6675155146326309,1.0620113246362246,2.0812340467786683,0
1571238471000,0.3269791612083496,0.7604632689258184,0.7024554189006925,0.07889732175092051,2.0812340467786683,0
1571238471250,0.3269791612083496,0.7279475637744091,0.6675155146326309,0.6667866398906099,2.0772118404370903,0
1571238471500,0.3705132263524327,0.7604632689258184,0.6675155146326309,-0.2582234985777806,2.075199951985875,0
1571238471750,0.3269791612083496,0.7604632689258184,0.6675155146326309,0.10029510588116672,2.0691658571930813,0
1571238472000,0.3705132263524327,0.7604632689258184,0.6675155146326309,0.21963215492376514,2.063131762400288,0
1571238472250,0.41404729149651587,0.7929789740772277,0.6675155146326309,-0.5255689358730702,2.0671539687418665,0
1571238472500,0.3269791612083496,0.7929789740772277,0.6675155146326309,0.19967216656511652,2.0691658571930813,0
1571238472750,0.3269791612083496,0.7604632689258184,0.6675155146326309,-0.7502879573515847,2.0651436508515033,0
1571238473000,0.5011154217846822,0.7604632689258184,0.5976357060965077,0.30649193477263015,2.0651436508515033,0
1571238473250,0.3705132263524327,0.7929789740772277,0.6325756103645693,-0.17009507540103538,2.0530738907050643,0
1571238473500,0.45758135664059896,0.7929789740772277,0.5976357060965077,0.35410834767906735,2.0530738907050643,0
1571238473750,0.45758135664059896,0.7929789740772277,0.5976357060965077,-0.18430388067329373,2.0550857791562795,0
1571238474000,0.3705132263524327,0.7929789740772277,0.6325756103645693,1.3446650580879353,2.051063572814701,0
1571238474250,0.3705132263524327,0.7929789740772277,0.6325756103645693,0.007768719167770073,2.0430175895706926,0
1571238474500,0.41404729149651587,0.7929789740772277,0.6325756103645693,0.22935842043751342,2.0389938126682625,0
1571238474750,0.3269791612083496,0.8254946792286371,0.6325756103645693,0.2294429966593721,2.036983494777899,0
1571238475000,0.3705132263524327,0.7929789740772277,0.6325756103645693,-0.07350903003842203,2.030947829424253,0
1571238475250,0.41404729149651587,0.7604632689258184,0.5976357060965077,-0.10920019566278528,2.02893751153389,0
1571238475500,0.41404729149651587,0.7929789740772277,0.6325756103645693,-0.7302433927710774,2.0208915282898814,0
1571238475750,0.41404729149651587,0.7929789740772277,0.6325756103645693,0.052678692974729505,2.018879639838667,0
1571238476000,0.10930883548793388,0.6629161534715904,0.7723352274368158,-0.7479198231395416,1.996753578557856,0
1571238476250,-0.1083614902324818,0.630400448320181,0.8771549402410006,-0.2359799522289476,1.22637306343617,0
1571238476500,-0.5872362068173963,1.4107773719540053,0.7723352274368158,-0.8220085934877459,1.7792057716035135,0
1571238476750,-1.0661109234023107,0.6954318586229997,0.9120948445090622,-0.015997199174519194,1.4533520883058497,0
1571238477000,-1.4143834445549759,0.9555574998342745,1.0518544615813086,-0.24595994640827193,1.9059264739347321,0
1571238477250,-0.9790427931141445,1.0856203204399117,0.9120948445090622,1.8101725831981137,1.9119605687275258,0
1571238477500,-0.8919746628259783,1.0531046152885024,0.9819746530451854,1.4516539787391665,1.9179946635203193,0
1571238477750,-0.36956588109698063,1.020588910137093,0.9120948445090622,-1.5272051313454253,1.9159843456299561,0
1571238478000,-0.50016807652923,0.9880732049856839,0.9120948445090622,0.8829634629613976,1.9159843456299561,0
1571238478250,-0.28249775080881434,0.9555574998342745,0.9470347487771238,-0.5450214669005666,1.9119605687275258,0
1571238478500,-0.28249775080881434,0.9230417946828652,0.9470347487771238,-0.5836728002899838,1.9059264739347321,0
1571238478750,-0.19542962052064808,0.9555574998342745,0.9120948445090622,0.43902287442518273,1.9099486802763106,0
1571238479000,-0.15189555537656493,0.9880732049856839,0.9120948445090622,-0.4645049036911028,1.901902697032302,0
1571238479250,-0.28249775080881434,0.9880732049856839,0.9120948445090622,0.8805107525274959,1.8978804906907236,0
1571238479500,-0.5872362068173963,0.9880732049856839,0.9819746530451854,0.8531080566452834,1.8817885242027068,0
1571238479750,-0.3260318159528975,0.9555574998342745,1.016914557313247,-0.7640738815145497,1.877766317861128,0
1571238480000,-0.5872362068173963,0.9230417946828652,0.9819746530451854,-0.05760870032899008,1.8656981282755414,0
1571238480250,-0.5437021416733132,0.9880732049856839,0.9819746530451854,-0.31658109166027026,1.8656981282755414,0
1571238480500,-0.6307702719614795,0.9230417946828652,1.0867943658493702,0.43817711220659594,1.859664033482748,0
1571238480750,-0.7178384022496457,0.9230417946828652,1.016914557313247,-0.4609527023730382,1.8415601785435156,0
1571238481000,-0.15189555537656493,0.8254946792286371,0.9120948445090622,-0.07748411246578003,1.8415601785435156,0
1571238481250,1.0235242035136798,1.118136025591321,-0.2758619006050324,-1.0782745457195482,1.8315038774091434,0
1571238481500,1.0235242035136798,0.9880732049856839,-0.310801804873094,0.5037236841470735,1.8455839554459457,0
1571238481750,1.067058268657763,1.020588910137093,-0.45056142194534043,-0.7680489639419077,1.8455839554459457,0
1571238482000,1.2411945292340956,0.9880732049856839,-0.5553811347495252,0.3877696839788223,1.835526083750722,0
1571238482250,1.1976604640900124,0.9555574998342745,-0.5204412304814636,0.178358958656729,1.8274801005067132,0
1571238482500,1.1976604640900124,1.020588910137093,-0.5204412304814636,1.165448043969391,1.82144600571392,0
1571238482750,1.1976604640900124,0.9555574998342745,-0.4156215176772788,-1.0649115026658766,1.8154119109211262,0
1571238483000,1.1976604640900124,0.9555574998342745,-0.48550132621340203,0.4253215264840765,1.809377816128333,0
1571238483250,1.2411945292340956,0.9880732049856839,-0.5204412304814636,-0.316411939216553,1.813400022469911,0
1571238483500,1.1541263989459292,0.9880732049856839,-0.48550132621340203,0.4628733689893307,1.8073659276771177,0
1571238483750,1.2411945292340956,0.9555574998342745,-0.4156215176772788,-0.15597084635063568,1.8033437213355392,0
1571238484000,1.1541263989459292,0.9880732049856839,-0.3806816134092172,-0.33967040022769013,1.7932858496403152,0
1571238484250,1.1976604640900124,0.9555574998342745,-0.4156215176772788,0.03195751861935275,1.7892620727378852,0
1571238484500,1.1976604640900124,0.9555574998342745,-0.3806816134092172,-1.525682759351969,1.783227977945092,0
1571238484750,1.1976604640900124,0.9880732049856839,-0.4156215176772788,0.1778515013255769,1.7812176600547283,0
1571238485000,1.1976604640900124,0.9555574998342745,-0.3806816134092172,-0.8438292587272854,1.7792057716035135,0
1571238485250,1.2411945292340956,0.9555574998342745,-0.2758619006050324,0.9028388750981876,1.7792057716035135,0
1571238485500,1.2411945292340956,0.9880732049856839,-0.2758619006050324,-0.3985354506413319,1.7731716768107197,0
1571238485750,0.8929220080814304,1.118136025591321,-0.06622247499666276,0.8779734658717355,1.775183565261935,0
1571238486000,0.8493879429373472,1.118136025591321,-0.031282570728601154,-0.2987355088480887,1.775183565261935,0
1571238486250,1.0235242035136798,1.020588910137093,0.038597237807522056,0.8723068590072038,1.7771938831522982,0
1571238486500,0.9799901383695966,1.0531046152885024,-0.06622247499666276,-0.3862718984718232,1.7771938831522982,0
1571238486750,0.9799901383695966,1.0531046152885024,-0.10116237926472436,0.6687318929933594,1.7731716768107197,0
1571238487000,0.8493879429373472,1.0531046152885024,0.14341695061170687,-0.42729136607328333,1.7691478999082895,0
1571238487250,1.5023989200985943,1.0531046152885024,-0.48550132621340203,0.712034918585004,1.7631138051154966,0
1571238487500,1.2847285943781785,1.18316743589414,-0.8349003688940181,0.20694572164496305,1.7570797103227025,0
1571238487750,1.1541263989459292,1.0856203204399117,-0.6951407518217716,1.6859301132877118,1.7570797103227025,0
1571238488000,1.1976604640900124,1.118136025591321,-0.7650205603578949,0.544912304192251,1.753057503981124,0
1571238488250,1.2411945292340956,1.0531046152885024,-0.6252609432856484,1.850346288580987,1.749033727078694,0
1571238488500,1.2411945292340956,1.020588910137093,-0.66020084755371,0.654015630389949,1.7429996322859003,0
1571238488750,1.1976604640900124,1.0531046152885024,-0.5903210390175868,-0.9495495360506363,1.7369655374931068,0
1571238489000,1.1976604640900124,1.0531046152885024,-0.5553811347495252,-1.319147625573071,1.7369655374931068,0
1571238489250,1.2847285943781785,1.0531046152885024,-0.5204412304814636,0.7164328821216553,1.7329433311515285,0
1571238489500,0.41404729149651587,1.0856203204399117,0.14341695061170687,0.17201574201732794,1.7309314427003133,0
1571238489750,0.7623198126491809,1.020588910137093,0.21329675914783008,0.007937871611487434,1.7168513646635115,0
1571238490000,0.7187857475050978,0.9555574998342745,0.2831765676839533,0.2814573731024607,1.7228854594563046,0
1571238490250,0.7623198126491809,1.0856203204399117,0.24823666341589168,-1.3434210012465122,1.714839476212296,0
1571238490500,0.9799901383695966,1.0531046152885024,0.10847704634364527,0.4909526746464127,1.714839476212296,0
1571238490750,0.7623198126491809,1.020588910137093,0.24823666341589168,0.5365392582282416,1.7067934929682878,0
1571238491000,0.6752516823610146,1.0856203204399117,0.21329675914783008,-0.14641373328060478,1.7067934929682878,0
1571238491250,0.7187857475050978,1.0531046152885024,0.24823666341589168,-0.005509747664042791,1.7027712866267093,0
1571238491500,0.8929220080814304,1.0531046152885024,0.14341695061170687,-0.2981434752950779,1.7047831750779245,0
1571238491750,1.0235242035136798,1.118136025591321,-0.17104218780084757,0.8845704111767126,1.7047831750779245,0
1571238492000,0.9364560732255135,1.0856203204399117,-0.06622247499666276,-0.3305361682669526,1.7067934929682878,0
1571238492250,1.067058268657763,1.020588910137093,0.003657333539460452,0.2420448537163155,1.7007593981754945,0
1571238492500,0.8058538777932641,1.0531046152885024,0.07353714207558366,0.3040392243387284,1.696737191833916,0
1571238492750,0.8493879429373472,1.0856203204399117,0.038597237807522056,-1.112527915572314,1.6947253033827008,0
1571238493000,0.9364560732255135,1.020588910137093,0.14341695061170687,-0.25763146502476986,1.6907015264802705,0
1571238493250,0.5011154217846822,1.0531046152885024,0.2831765676839533,-0.5281062225288307,1.6846674316874768,0
1571238493500,1.2411945292340956,0.9880732049856839,0.1783568548797685,0.8575060201819348,1.686679320138692,0
1571238493750,1.2411945292340956,0.8905260895314557,-0.24092199633697078,0.6311800504881052,1.6846674316874768,0
1571238494000,1.2411945292340956,1.118136025591321,-0.2758619006050324,0.9685545994823824,1.6846674316874768,0
1571238494250,1.1541263989459292,1.118136025591321,-0.7300806560898333,0.3386308990789288,1.6846674316874768,0
1571238494500,1.1976604640900124,1.2156831410455493,-1.0794796987704494,0.49687301017652036,1.686679320138692,0
1571238494750,0.9799901383695966,1.280714551348368,-1.0445397945023878,0.5177633369756145,1.181808399265031,0
1571238495000,1.110592333801846,1.280714551348368,-1.1842994115746341,-0.6270604021034869,1.662542940967518,0
1571238495250,1.1976604640900124,1.3132302564997773,-1.0445397945023878,-0.10556341812286202,1.6565072756138726,0
1571238495500,0.9364560732255135,1.5408401925596427,-1.1842994115746341,-2.30513722000157,1.6343827848939139,0
1571238495750,0.7623198126491809,1.573355897711052,-1.289119124378819,0.1769211628851314,1.4151356310978738,0
1571238496000,0.9364560732255135,1.5083244874082333,-1.289119124378819,-0.6159809170399998,0.6990619691113296,0
1571238496250,0.6317176172169315,1.475808782256824,-0.9746599859662645,0.9556144375380043,1.596164757125086,0
1571238496500,1.2847285943781785,1.280714551348368,-0.66020084755371,-0.4751615076452965,1.3829516981218395,0
1571238496750,1.0235242035136798,1.2481988461969586,-0.17104218780084757,0.7857008078239148,0.5723412667801103,0
1571238497000,0.5011154217846822,1.18316743589414,0.24823666341589168,-1.0052006900336483,1.5537690374903468,0
1571238497250,0.6317176172169315,1.020588910137093,0.2831765676839533,-0.27429298073092995,1.4412838987202627,0
1571238497500,0.8058538777932641,1.0531046152885024,0.07353714207558366,-2.07179142389347,1.636393102784277,0
1571238497750,0.8929220080814304,1.118136025591321,-0.06622247499666276,-0.27928297782059214,1.6424271975770708,0
1571238498000,0.8493879429373472,0.9880732049856839,0.14341695061170687,-0.7807353972207097,1.6444390860282856,0
1571238498250,0.8493879429373472,1.020588910137093,0.10847704634364527,1.3285109997129274,1.648462862930716,0
1571238498500,0.8493879429373472,1.118136025591321,0.14341695061170687,0.15645371719533072,1.6263368016499054,0
1571238498750,0.8929220080814304,1.020588910137093,0.21329675914783008,0.04980310143153436,1.650473180821079,0
1571238499000,0.8493879429373472,1.0856203204399117,0.10847704634364527,-0.08602631087350678,1.648462862930716,0
1571238499250,0.7623198126491809,1.118136025591321,-0.06622247499666276,0.3413373381784066,1.6404168796867076,0
1571238499500,0.8929220080814304,1.118136025591321,-0.06622247499666276,0.38091901000826917,1.636393102784277,0
1571238499750,0.8493879429373472,1.118136025591321,-0.13610228353278597,0.2544775583295416,1.6263368016499054,0
1571238500000,1.0235242035136798,1.0856203204399117,-0.2059820920689092,-0.13042882734931413,1.622313024747475,0
1571238500250,1.067058268657763,1.0531046152885024,-0.2758619006050324,0.4472267679454748,1.6182908184058966,0
1571238500500,1.110592333801846,1.0531046152885024,-0.310801804873094,-0.6387319207199849,1.612256723613103,0
1571238500750,0.6752516823610146,1.0856203204399117,0.003657333539460452,0.3519093659107417,1.610244835161888,0
1571238501000,0.7623198126491809,1.020588910137093,0.21329675914783008,-1.2996950945455743,1.612256723613103,0
1571238501250,0.7623198126491809,1.020588910137093,0.21329675914783008,0.32772056645915904,1.5659927126002666,0
1571238501500,0.7623198126491809,1.020588910137093,0.1783568548797685,-0.5439219760164039,1.612256723613103,0
1571238501750,0.8058538777932641,1.020588910137093,0.14341695061170687,0.03796243037131907,1.610244835161888,0
1571238502000,1.0235242035136798,1.0856203204399117,0.038597237807522056,-0.2963673746360456,1.6062226288203096,0
1571238502250,1.0235242035136798,1.118136025591321,-0.17104218780084757,0.9973950911361925,1.6021988519178794,0
1571238502500,1.110592333801846,1.118136025591321,-0.3806816134092172,0.2403533292791419,1.596164757125086,0
1571238502750,1.067058268657763,1.0856203204399117,-0.4156215176772788,-0.28173568825449385,1.5881187738810776,0
1571238503000,0.9799901383695966,1.0856203204399117,-0.310801804873094,0.10410103586480736,1.5840965675394991,0
1571238503250,1.067058268657763,1.0856203204399117,-0.2059820920689092,-0.7138356057304933,1.5800727906370686,0
1571238503500,1.110592333801846,1.0531046152885024,-0.310801804873094,0.8388146751511663,1.5760505842954906,0
1571238503750,1.067058268657763,1.020588910137093,0.10847704634364527,-0.40208765195939644,1.5780624727467054,0
1571238504000,0.7623198126491809,1.0531046152885024,0.10847704634364527,0.23037333509981758,1.5820846790882839,0
1571238504250,0.5011154217846822,0.9555574998342745,0.2831765676839533,-0.5056935237362803,1.5820846790882839,0
1571238504500,0.8058538777932641,0.9880732049856839,0.038597237807522056,-0.08890190241670191,1.6001869634666646,0
1571238504750,0.8493879429373472,0.8905260895314557,0.1783568548797685,-0.131782046899053,1.610244835161888,0
1571238505000,0.7623198126491809,1.3457459616511867,-0.3457417091411556,-1.7202080696269346,1.6001869634666646,0
1571238505250,1.2411945292340956,0.7279475637744091,-0.5903210390175868,0.7005325524122235,1.6082329467106729,0
1571238505500,1.067058268657763,0.20769628135185966,-0.6951407518217716,-0.14319983684997492,1.5659927126002666,0
1571238505750,0.10930883548793388,1.3132302564997773,-0.13610228353278597,0.7599050601570172,1.5157064952458517,0
1571238506000,-0.804906532537812,0.7279475637744091,0.6325756103645693,-0.4234854360896427,1.5820846790882839,0
1571238506250,-0.3260318159528975,0.7279475637744091,1.2265539829216165,1.182955321894138,1.5921425507835074,0
1571238506500,-0.7613724673937289,0.7279475637744091,1.0518544615813086,-0.4693257483370476,1.5941528686738708,0
1571238506750,-0.1083614902324818,0.8905260895314557,0.9470347487771238,-0.14303068440625755,1.6001869634666646,0
1571238507000,1.5459329852426775,1.1506517307427304,-0.8698402731620797,1.0133799970674833,1.6082329467106729,0
1571238507250,0.9364560732255135,1.280714551348368,-1.0095998902343262,1.1426970402894059,1.612256723613103,0
1571238507500,0.9799901383695966,1.573355897711052,-1.289119124378819,-0.7798050587802643,1.6182908184058966,0
1571238507750,0.5446494869287652,1.6383873080138707,-1.114419603038511,-0.3747695322990426,1.610244835161888,0
1571238508000,0.5881835520728484,1.4432930771054147,-0.7999604646259565,1.2808100105846316,1.6082329467106729,0
1571238508250,-0.15189555537656493,2.093607180133602,-1.1493595073065725,1.592727116799446,1.6042107403690944,0
1571238508500,-0.19542962052064808,1.573355897711052,1.4012535042619247,-0.79096912006561,1.5680046010514819,0
1571238508750,-0.23896368566473122,1.18316743589414,0.8072751317048774,-0.5773295836505827,1.5981766455763011,0
1571238509000,-0.3260318159528975,0.9230417946828652,0.9120948445090622,-1.3991567314513826,1.6021988519178794,0
1571238509250,-0.06482742508839867,1.0531046152885024,0.8072751317048774,0.4994948730541394,1.5418563334290927,0
1571238509500,-0.6743043371055626,0.9555574998342745,0.9470347487771238,0.7615120083723321,1.596164757125086,0
1571238509750,-0.5437021416733132,1.0856203204399117,0.9470347487771238,0.8093821499443455,1.5941528686738708,0
1571238510000,-0.28249775080881434,1.118136025591321,0.8072751317048774,-0.3856798649188124,1.5921425507835074,0
1571238510250,1.067058268657763,1.18316743589414,0.10847704634364527,0.9997632253482356,1.5881187738810776,0
1571238510500,0.9799901383695966,1.020588910137093,-0.24092199633697078,-0.4412464426799656,1.5780624727467054,0
1571238510750,1.4588648549545111,0.9230417946828652,-0.3806816134092172,0.6943584882165397,1.5639823947099034,0
1571238511000,0.7623198126491809,0.9555574998342745,0.07353714207558366,-0.6295976887592474,1.559958617807473,0
1571238511250,0.9799901383695966,0.8905260895314557,0.07353714207558366,0.585170585796983,1.5680046010514819,0
1571238511500,0.8058538777932641,0.8580103843800464,0.21329675914783008,-0.7348950849733048,1.5639823947099034,0
1571238511750,1.0235242035136798,0.8905260895314557,-0.031282570728601154,0.7956808020032392,1.5740386958442754,0
1571238512000,1.067058268657763,0.9230417946828652,-0.17104218780084757,-1.020593562411928,1.5499023166731012,0
1571238512250,0.9364560732255135,0.8905260895314557,0.10847704634364527,0.5201314711876576,1.5519126345634644,0
1571238512500,0.45758135664059896,0.8905260895314557,0.6325756103645693,-0.13863272086960615,1.547890428221886,0
1571238512750,-0.1083614902324818,1.0531046152885024,0.8072751317048774,0.7558454015078007,1.4070896478538648,0
1571238513000,0.3269791612083496,1.1506517307427304,0.7024554189006925,0.2385772286201096,1.5519126345634644,0
1571238513250,0.19637696577610014,0.9555574998342745,0.7373953231687541,0.05411648874632708,1.5458785397706711,0
1571238513500,0.2399110309201833,0.9880732049856839,0.7024554189006925,1.0532999737847804,1.5378325565266624,0
1571238513750,0.28344509606426643,0.9230417946828652,0.6675155146326309,0.809212997500628,1.5317984617338691,0
1571238514000,0.3269791612083496,0.9555574998342745,0.6325756103645693,-0.7498650762422913,1.5297865732826539,0
1571238514250,0.28344509606426643,0.9555574998342745,0.6675155146326309,-3.2744652987239093,1.5277762553922902,0
1571238514500,0.5881835520728484,0.9230417946828652,0.5976357060965077,-0.6177570176990321,1.5096724004530582,0
1571238514750,0.19637696577610014,0.9230417946828652,0.6675155146326309,-0.6309509083089864,1.5056501941114797,0
1571238515000,0.5011154217846822,0.8580103843800464,0.5277558975603845,0.6931744211105182,0.9263551061513782,0
1571238515250,0.6317176172169315,0.8580103843800464,0.4578760890242613,0.8275660376439617,1.5136961773554884,0
1571238515500,0.5881835520728484,0.8905260895314557,0.4578760890242613,0.7155025436812099,1.5116842889042734,0
1571238515750,0.5446494869287652,0.8254946792286371,0.49281599329232295,0.44079897508421506,1.5056501941114797,0
1571238516000,0.5881835520728484,0.8580103843800464,0.49281599329232295,-1.9300416760583212,1.5056501941114797,0
1571238516250,0.9799901383695966,0.9230417946828652,0.49281599329232295,0.36983952494478195,1.5016264172090497,0
1571238516500,-0.23896368566473122,1.4107773719540053,0.6675155146326309,-0.9092912544459044,1.443295787171478,0
1571238516750,0.8929220080814304,1.2156831410455493,-0.031282570728601154,1.3378143841173822,1.4935820045258927,0
1571238517000,0.8493879429373472,1.5083244874082333,-0.17104218780084757,0.48900742154366306,1.4634099600010733,0
1571238517250,0.8058538777932641,1.3132302564997773,-0.2758619006050324,1.6011001627634551,1.4634099600010733,0
1571238517500,1.7200692458190099,1.865997244073736,-0.48550132621340203,-2.296341292928267,1.4473179935130565,0
1571238517750,-0.15189555537656493,1.6058716028624613,-0.17104218780084757,-0.8529634906880231,1.4855360212818842,0
1571238518000,-0.1083614902324818,2.1586385904364205,-0.031282570728601154,1.3123569413379195,1.481512244379454,0
1571238518250,-0.50016807652923,1.475808782256824,0.7024554189006925,-0.5460363815628709,1.481512244379454,0
1571238518500,0.19637696577610014,1.18316743589414,1.1217342701174318,0.1879160717267599,1.4593861830986434,0
1571238518750,-0.50016807652923,0.9230417946828652,0.9819746530451854,0.4582216767871033,1.469444054793867,0
1571238519000,0.3705132263524327,1.0856203204399117,0.5277558975603845,0.5733299147367676,1.469444054793867,0
1571238519250,0.3269791612083496,0.9880732049856839,0.6325756103645693,-0.9032863426939379,1.4774900380378755,0
1571238519500,0.5881835520728484,0.9555574998342745,0.5277558975603845,0.9530771508822439,1.4734662611354454,0
1571238519750,0.5881835520728484,0.9555574998342745,0.5626958018284461,-0.2377560528879799,1.4714559432450818,0
1571238520000,0.6317176172169315,0.9880732049856839,0.5277558975603845,0.7465420171033457,1.4674321663426522,0
1571238520250,0.2399110309201833,0.8580103843800464,0.8771549402410006,-0.17533880115627354,1.4654218484522885,0
1571238520500,0.5011154217846822,0.9230417946828652,0.5626958018284461,0.995449838033443,1.455363976757065,0
1571238520750,0.5881835520728484,0.8905260895314557,0.4578760890242613,-0.5275141889758199,1.4613980715498585,0
1571238521000,0.6317176172169315,0.9555574998342745,0.3879962804881381,0.7367311753677388,1.45737586520828,0
1571238521250,0.7187857475050978,0.8580103843800464,0.3530563762200765,-0.5207480912271254,1.45737586520828,0
1571238521500,0.5011154217846822,0.9555574998342745,0.4578760890242613,0.9732908679064686,1.455363976757065,0
1571238521750,0.45758135664059896,0.9555574998342745,0.49281599329232295,0.11238950560695807,1.4533520883058497,0
1571238522000,0.6752516823610146,0.9230417946828652,0.49281599329232295,0.6567220694894268,1.4533520883058497,0
1571238522250,0.5011154217846822,1.020588910137093,0.4578760890242613,0.06341987315078194,1.4513417704154863,0
1571238522500,0.6752516823610146,0.8905260895314557,0.49281599329232295,-1.0576379475860302,1.4493298819642713,0
1571238522750,0.41404729149651587,0.9880732049856839,0.5277558975603845,0.2417911250507395,1.4493298819642713,0
1571238523000,0.5011154217846822,0.9880732049856839,0.49281599329232295,-0.5898468644856674,1.4453061050618412,0
1571238523250,0.5011154217846822,0.9880732049856839,0.4578760890242613,0.8802570238619198,1.4453061050618412,0
1571238523500,0.41404729149651587,0.9880732049856839,0.49281599329232295,-0.04246955661628624,1.4372616923786843,0
1571238523750,0.5881835520728484,0.9555574998342745,0.4578760890242613,0.1546776165362984,1.4372616923786843,0
1571238524000,0.5011154217846822,0.9230417946828652,0.3530563762200765,0.10088713943417749,1.4392720102690475,0
1571238524250,0.5011154217846822,0.9880732049856839,0.3530563762200765,-0.8781672048019098,1.4332379154762542,0
1571238524500,0.5011154217846822,0.8905260895314557,0.5277558975603845,0.19823437079351894,1.4292157091346758,0
1571238524750,0.7187857475050978,0.9555574998342745,0.3181164719520149,-0.6380553109451154,1.4231816143418823,0
1571238525000,0.6752516823610146,1.020588910137093,0.2831765676839533,0.9329480100798779,1.4231816143418823,0
1571238525250,0.7623198126491809,0.9555574998342745,0.3530563762200765,0.39495866283681014,1.4191578374394518,0
1571238525500,0.6752516823610146,0.9880732049856839,0.3530563762200765,0.14664287545972374,1.4191578374394518,0
1571238525750,0.45758135664059896,1.020588910137093,0.4578760890242613,-0.0806134326745512,1.417145948988237,0
1571238526000,0.3705132263524327,0.9555574998342745,0.5626958018284461,-1.0286283034885029,1.4151356310978738,0
1571238526250,0.41404729149651587,0.9555574998342745,0.5976357060965077,0.12465305777646676,1.4131237426466585,0
1571238526500,0.2399110309201833,0.8905260895314557,0.7373953231687541,-0.6726469856853159,1.4111118541954433,0
1571238526750,0.3269791612083496,0.8905260895314557,0.6675155146326309,0.6241602240738348,1.4070896478538648,0
1571238527000,0.3705132263524327,0.9555574998342745,0.5277558975603845,-0.09879732037416755,1.40507775940265,0
1571238527250,0.5011154217846822,0.9230417946828652,0.49281599329232295,0.6609508805823608,1.40910153630508,0
1571238527500,0.5881835520728484,0.8905260895314557,0.49281599329232295,0.162204900281721,1.4070896478538648,0
1571238527750,0.3269791612083496,0.8580103843800464,0.6325756103645693,-0.4955443771132386,1.403065870951435,0
1571238528000,0.19637696577610014,0.8905260895314557,0.6675155146326309,0.04430564701072012,1.3970317761586413,0
1571238528250,0.45758135664059896,0.8580103843800464,0.6325756103645693,-0.7683872688293424,1.3930095698170628,0
1571238528500,0.3705132263524327,0.8580103843800464,0.6325756103645693,0.19645827013448663,1.3950214582682778,0
1571238528750,0.3705132263524327,0.9230417946828652,0.6675155146326309,-0.857699759112109,1.3930095698170628,0
1571238529000,0.3269791612083496,0.9230417946828652,0.5277558975603845,0.4237991544906203,1.390997681365848,0
1571238529250,0.2399110309201833,0.9880732049856839,0.5976357060965077,-0.3915156242270614,1.3889857929146328,0
1571238529500,0.41404729149651587,0.9230417946828652,0.6325756103645693,0.7025623817368317,1.3889857929146328,0
1571238529750,0.5446494869287652,0.8905260895314557,0.5626958018284461,-0.40487866728073296,1.390997681365848,0
1571238530000,0.41404729149651587,0.9880732049856839,0.4578760890242613,1.0663247119510173,1.3869754750242693,0
1571238530250,0.41404729149651587,0.9555574998342745,0.49281599329232295,0.07940477908207261,1.3849635865730543,0
1571238530500,0.45758135664059896,0.9555574998342745,0.5976357060965077,0.9822559474234888,1.3809413802314758,0
1571238530750,0.5446494869287652,1.020588910137093,0.5277558975603845,-0.11774239407051203,1.3769176033290458,0
1571238531000,0.5011154217846822,1.0531046152885024,0.49281599329232295,0.7714920025516565,1.3749057148778305,0
1571238531250,0.6752516823610146,1.0531046152885024,0.3181164719520149,-0.1258617113689454,1.3769176033290458,0
1571238531500,0.7623198126491809,1.0856203204399117,0.038597237807522056,0.8761127889908445,1.3769176033290458,0
1571238531750,0.7187857475050978,1.0856203204399117,0.14341695061170687,0.0566537754020875,1.3648494137434586,0
1571238532000,0.5881835520728484,0.9555574998342745,0.4229361847561997,0.8717994016760517,1.3608256368410285,0
1571238532250,0.5446494869287652,1.0531046152885024,0.3530563762200765,0.25405467722024816,1.3749057148778305,0
1571238532500,0.5881835520728484,0.9880732049856839,0.4229361847561997,0.9607735870713838,1.3769176033290458,0
1571238532750,0.7187857475050978,0.9880732049856839,0.3530563762200765,-0.48979319402684834,1.3769176033290458,0
1571238533000,0.3705132263524327,0.9555574998342745,0.4578760890242613,-0.32757600050189883,1.3749057148778305,0
1571238533250,0.6317176172169315,0.9555574998342745,0.4578760890242613,-0.6286673503188018,1.368871620085037,0
1571238533500,0.5011154217846822,0.9230417946828652,0.5626958018284461,0.7741984416511343,1.3668613021946738,0
1571238533750,0.45758135664059896,0.9880732049856839,0.5277558975603845,-0.393207148664235,1.3628375252922433,0
1571238534000,0.45758135664059896,1.020588910137093,0.49281599329232295,0.5534545025999777,1.3628375252922433,0
1571238534250,0.3269791612083496,1.0531046152885024,0.6325756103645693,-0.780650820998851,1.3648494137434586,0
1571238534500,0.5011154217846822,1.0531046152885024,0.4578760890242613,0.42785881313983687,1.3668613021946738,0
1571238534750,0.5011154217846822,1.0531046152885024,0.4578760890242613,-0.46213676947905974,1.3608256368410285,0
1571238535000,0.5011154217846822,1.020588910137093,0.49281599329232295,0.1104442525042084,1.35680343049945,0
1571238535250,0.41404729149651587,1.0531046152885024,0.3530563762200765,0.20999046563187554,1.3527812241578716,0
1571238535500,1.1541263989459292,1.0531046152885024,-0.2758619006050324,0.08126545596296357,1.3547915420482348,0
1571238535750,1.2847285943781785,1.0856203204399117,-0.6252609432856484,0.5416138315397624,1.344735240913863,0
1571238536000,1.110592333801846,1.0856203204399117,-0.6951407518217716,-0.2685417976445396,1.3487574472554416,0
1571238536250,1.1976604640900124,1.020588910137093,-0.66020084755371,1.1202843414968555,1.3387011461210696,0
1571238536500,1.2411945292340956,1.0531046152885024,-0.6951407518217716,0.6749905334109019,1.3407114640114328,0
1571238536750,1.110592333801846,1.020588910137093,-0.6252609432856484,1.5242203770939142,1.334677369218639,0
1571238537000,1.2847285943781785,1.1506517307427304,-0.6951407518217716,-0.6492193722304613,1.3366892576698544,0
1571238537250,1.2411945292340956,1.118136025591321,-0.6951407518217716,-0.21965674141022223,1.3286432744258458,0
1571238537500,1.1976604640900124,1.0856203204399117,-0.66020084755371,-0.15098084926097352,1.326631385974631,0
1571238537750,1.067058268657763,1.18316743589414,-0.7300806560898333,-1.519339542712568,1.3246210680842674,0
1571238538000,1.067058268657763,1.118136025591321,-0.5553811347495252,-0.3663964863350332,1.3226091796330521,0
1571238538250,1.0235242035136798,0.9555574998342745,0.21329675914783008,-0.9202861632875329,1.3226091796330521,0
1571238538500,0.2399110309201833,1.475808782256824,0.5277558975603845,0.8369539982702753,1.292437135108233,0
1571238538750,0.3705132263524327,1.67090301316528,0.6675155146326309,0.42253051116274004,1.292437135108233,0
1571238539000,-0.06482742508839867,1.3132302564997773,0.6325756103645693,-0.23225859846716565,1.3004831183522416,0
1571238539250,-0.06482742508839867,1.3457459616511867,0.5976357060965077,-0.4325350918285215,1.3065172131450353,0
1571238539500,0.022240705199767605,1.280714551348368,0.5976357060965077,-1.345535406792979,1.2763451686202159,0
1571238539750,0.022240705199767605,1.3457459616511867,0.5976357060965077,2.4654691501591715,1.30450532469382,0
1571238540000,0.022240705199767605,1.3132302564997773,0.5976357060965077,0.09014595925812505,1.2864030403154396,0
1571238540250,0.10930883548793388,1.3132302564997773,0.5976357060965077,-0.7768448910152105,1.2944490235594484,0
1571238540500,0.10930883548793388,1.280714551348368,0.5626958018284461,-0.0016192414585434803,1.2904252466570179,0
1571238540750,0.15284290063201703,1.280714551348368,0.5626958018284461,0.8173323147990614,1.2944490235594484,0
1571238541000,0.19637696577610014,1.2156831410455493,0.5626958018284461,0.46794794230085157,1.2864030403154396,0
1571238541250,0.19637696577610014,1.2156831410455493,0.5976357060965077,-1.2169795495677846,1.2884149287666546,0
1571238541500,0.19637696577610014,1.2156831410455493,0.5976357060965077,0.3081834592098038,1.2843911518642244,0
1571238541750,0.19637696577610014,1.2156831410455493,0.5626958018284461,-0.7211091608103399,1.2843911518642244,0
1571238542000,0.19637696577610014,1.2481988461969586,0.5626958018284461,1.00652932309693,1.2823808339738614,0
1571238542250,0.19637696577610014,1.2156831410455493,0.5626958018284461,-0.040185998626101865,1.2723229622786374,0
1571238542500,0.2399110309201833,1.2156831410455493,0.5626958018284461,1.0639565777389743,1.2743348507298526,0
1571238542750,0.2399110309201833,1.2481988461969586,0.5626958018284461,0.028743622188722878,1.268300755937059,0
1571238543000,0.15284290063201703,1.2156831410455493,0.5626958018284461,0.3395612375193743,1.2642769790346289,0
1571238543250,0.2399110309201833,1.2481988461969586,0.5626958018284461,0.2769748333439506,1.2642769790346289,0
1571238543500,0.2399110309201833,1.2156831410455493,0.5626958018284461,-1.0803889512660152,1.2602547726930504,0
1571238543750,0.2399110309201833,1.2156831410455493,0.5626958018284461,0.3300887006712021,1.2542206779002567,0
1571238544000,0.3705132263524327,1.2156831410455493,0.7373953231687541,-0.6103143101754681,1.2501969009978269,0
1571238544250,-1.6320537702753917,1.573355897711052,-0.031282570728601154,0.7718303074390913,1.2421509177538184,0
1571238544500,-2.5898032034452205,-0.5076492319791459,0.6325756103645693,-0.2084081039030177,1.1496244662889967,0
1571238544750,-3.1992801154623844,-0.5076492319791459,0.6675155146326309,0.513111644773387,1.2481850125466116,0
1571238545000,-2.8510075943097193,-0.5076492319791459,0.49281599329232295,-0.09135461285060367,1.252208789449042,0
1571238545250,-2.676871333733387,-0.5401649371305552,0.5976357060965077,0.13040424086285704,1.2501969009978269,0
1571238545500,-2.372132877724805,-0.4751335268277365,0.842215035972939,0.060628857829445486,1.2401405998634547,0
1571238545750,-2.02386035657214,-0.5076492319791459,1.0867943658493702,-1.3694704775789859,1.2441628062050332,0
1571238546000,-1.2837812491227265,-0.4426178216763272,1.1217342701174318,0.11061340494792576,1.23812871141224,0
1571238546250,-0.8484405976818952,-0.24752359076787114,1.016914557313247,-0.7873323425256868,1.2361168229610247,0
1571238546500,-2.4592010080129714,-0.31255500107068984,0.6325756103645693,0.5185245229723425,1.2421509177538184,0
1571238546750,-2.807473529165636,-0.5076492319791459,0.6325756103645693,-0.6340802285177575,1.2461746946562482,0
1571238547000,-1.5885197051313085,-0.4426178216763272,0.9819746530451854,1.0249669394621224,1.2421509177538184,0
1571238547250,-0.06482742508839867,-0.31255500107068984,0.9120948445090622,-0.24359181219622886,1.2320946166194462,0
1571238547500,0.8929220080814304,0.4678219225631344,0.5277558975603845,0.2211545269172214,1.2300827281682312,0
1571238547750,0.10930883548793388,0.7604632689258184,0.8771549402410006,-0.7096913708594179,1.226060521826653,0
1571238548000,0.8058538777932641,1.4107773719540053,0.14341695061170687,1.4383755119073536,1.2139907616802137,0
1571238548250,-1.9367922262839736,0.9555574998342745,0.3879962804881381,0.8236755314384625,1.2099685553386357,0
1571238548500,-0.36956588109698063,-0.2800392959192805,1.2265539829216165,1.7141785713885112,1.2200248564730074,0
1571238548750,-1.5449856399872253,-0.24752359076787114,1.1566741743854934,1.0554989555531062,1.2240486333754377,0
1571238549000,-0.36956588109698063,0.045117755594812944,1.0867943658493702,-0.11342900675571932,1.2220367449242224,0
1571238549250,-1.1531790536904771,-0.2150078856164618,1.1566741743854934,-3.0857757477571925,1.216002650131429,0
1571238549500,-0.8919746628259783,0.0126020504434036,1.0518544615813086,-0.18904014909737982,1.2180145385826442,0
1571238549750,-1.2402471839786433,-0.2150078856164618,1.1566741743854934,-0.19978132927343226,1.2139907616802137,0
1571238550000,-0.6307702719614795,-0.08494506501082442,0.9470347487771238,1.3530381040519448,1.2099685553386357,0
1571238550250,-1.1531790536904771,-0.1499764753136431,1.191614078653555,0.6181553123218685,1.2119804437898505,0
1571238550500,-0.9790427931141445,-0.3775864113735085,1.191614078653555,0.2686863636017999,1.203934460545842,0
1571238550750,-0.4566340113851469,-0.2800392959192805,1.0518544615813086,0.5719766951870288,1.2079566668874204,0
1571238551000,-1.6320537702753917,0.07763346074622228,0.9120948445090622,-0.4382862749149118,1.2059447784362052,0
1571238551250,-2.1979966171484726,-0.31255500107068984,0.9819746530451854,0.48300250979169673,1.2079566668874204,0
1571238551500,-1.6755878354194749,-0.18249218046505244,1.016914557313247,-1.2225615802104575,1.216002650131429,0
1571238551750,-1.370849379410893,-0.4426178216763272,1.2614938871896781,0.7646413285811033,1.2200248564730074,0
1571238552000,-1.5014515748431423,-0.4426178216763272,1.1566741743854934,-1.361774041389846,1.2200248564730074,0
1571238552250,-1.6320537702753917,-0.31255500107068984,1.0867943658493702,0.6676324021091966,1.2119804437898505,0
1571238552500,-1.2402471839786433,-0.11746077016223377,1.191614078653555,0.45103269792911543,1.2220367449242224,0
1571238552750,0.10930883548793388,0.4678219225631344,1.2265539829216165,0.7730143745451127,1.2180145385826442,0
1571238553000,0.28344509606426643,1.6383873080138707,0.21329675914783008,0.7871386035955124,1.2099685553386357,0
1571238553250,0.7187857475050978,1.963544359527964,-0.7999604646259565,-1.15253246851147,1.18583060560661,0
1571238553500,1.371796724666345,1.8334815389223267,-0.7999604646259565,-0.015489741843367108,1.18583060560661,0
1571238553750,0.2399110309201833,1.6383873080138707,-1.1493595073065725,-1.3506945563263588,1.1797965108138162,0
1571238554000,0.8493879429373472,1.6383873080138707,-1.0794796987704494,2.4604791530695094,1.1757743044722377,0
1571238554250,0.7623198126491809,1.865997244073736,-0.48550132621340203,1.3126106700034954,1.1777846223626012,0
1571238554500,0.10930883548793388,1.6383873080138707,0.3530563762200765,-1.7888839617761834,1.1898543825090397,0
1571238554750,-0.5437021416733132,1.573355897711052,0.7373953231687541,-2.1892677960551774,1.1938765888506182,0
1571238555000,-0.15189555537656493,1.5083244874082333,0.1783568548797685,0.9483408824581577,1.1979003657530487,0
1571238555250,0.06577477034385075,1.5408401925596427,1.3663135999938631,-1.425798241336867,1.1979003657530487,0
1571238555500,0.19637696577610014,1.573355897711052,0.003657333539460452,0.05597716562721805,1.1958884773018335,0
1571238555750,1.2411945292340956,0.20769628135185966,-0.310801804873094,-0.8135509713018778,1.1797965108138162,0
1571238556000,0.8493879429373472,0.43530621741172504,0.24823666341589168,0.5269821451582106,1.1757743044722377,0
1571238556250,1.0235242035136798,0.532853332865953,0.14341695061170687,1.0255589730151333,1.1878424940578247,0
1571238556500,1.0235242035136798,0.5003376277145437,0.14341695061170687,1.8099188545325375,1.1938765888506182,0
1571238556750,0.9364560732255135,0.532853332865953,0.21329675914783008,0.5674941554285187,1.1898543825090397,0
1571238557000,0.9799901383695966,0.5003376277145437,0.21329675914783008,-0.633657347408464,1.1878424940578247,0
1571238557250,0.8493879429373472,0.5003376277145437,0.21329675914783008,-0.5813892422997994,1.1838202877162463,0
1571238557500,0.8493879429373472,0.5003376277145437,0.2831765676839533,1.0821404654385907,1.1777846223626012,0
1571238557750,0.8929220080814304,0.5003376277145437,0.2831765676839533,0.14283694547608308,1.1757743044722377,0
1571238558000,0.8058538777932641,0.5003376277145437,0.3181164719520149,1.3759582601756473,1.1757743044722377,0
1571238558250,0.9364560732255135,0.5003376277145437,0.2831765676839533,0.3540237714572087,1.1757743044722377,0
1571238558500,0.8493879429373472,0.5003376277145437,0.2831765676839533,1.063195391742246,1.1717505275698077,0
1571238558750,0.8493879429373472,0.5003376277145437,0.3181164719520149,-0.45469406195549583,1.1677283212282292,0
1571238559000,0.8493879429373472,0.5003376277145437,0.3530563762200765,0.355799872116241,1.1697402096794445,0
1571238559250,0.9799901383695966,0.532853332865953,0.21329675914783008,-0.7757454001310475,1.1657164327770142,0
1571238559500,0.7623198126491809,0.5003376277145437,0.4229361847561997,0.19603538902519324,1.1616942264354357,0
1571238559750,0.7187857475050978,0.37027480710890637,0.5626958018284461,-0.5190565667899518,1.155660131642642,0
1571238560000,0.3705132263524327,1.020588910137093,-0.031282570728601154,0.18639369973330366,1.1496244662889967,0
1571238560250,0.3269791612083496,1.8985129492251454,0.7373953231687541,-0.5129670788161268,1.151636354740212,0
1571238560500,-0.28249775080881434,1.118136025591321,0.7024554189006925,0.701970348183821,1.1596823379842205,0
1571238560750,0.28344509606426643,1.0856203204399117,0.6675155146326309,-0.8564311157842289,1.1677283212282292,0
1571238561000,0.3269791612083496,1.0856203204399117,0.5626958018284461,0.08693206282749517,1.1576704495330052,0
1571238561250,0.3269791612083496,1.0856203204399117,0.5277558975603845,-0.2281143635960903,1.1616942264354357,0
1571238561500,0.41404729149651587,1.0531046152885024,0.5626958018284461,0.6353242853591807,1.1576704495330052,0
1571238561750,-0.6307702719614795,1.3457459616511867,0.6675155146326309,-2.106975132186681,1.151636354740212,0
1571238562000,-0.6307702719614795,1.18316743589414,1.0518544615813086,0.1297276310879876,1.1134198975322356,0
1571238562250,-1.0225768582582277,1.0856203204399117,1.016914557313247,0.1227078046737171,1.1536482431914272,0
1571238562500,-0.9355087279700615,1.0856203204399117,0.9470347487771238,0.48849996421251096,1.1536482431914272,0
1571238562750,-0.804906532537812,1.2156831410455493,0.7723352274368158,-0.7385318625132281,1.1456022599474187,0
1571238563000,-0.5437021416733132,1.4107773719540053,0.8771549402410006,-0.971370201290176,1.1415800536058403,0
1571238563250,-0.8484405976818952,1.020588910137093,0.9120948445090622,0.5059226659153991,1.139568165154625,0
1571238563500,-0.19542962052064808,1.0531046152885024,0.8771549402410006,-0.8123669041958562,1.1315221819106163,0
1571238563750,0.8929220080814304,1.1506517307427304,0.3530563762200765,0.7802033534031007,1.129510293459401,0
1571238564000,1.371796724666345,1.0856203204399117,-0.031282570728601154,-0.2761536576118209,1.1254880871178226,0
1571238564250,0.15284290063201703,0.630400448320181,0.842215035972939,1.011857625074027,1.1194539923250293,0
1571238564500,-0.9355087279700615,0.8254946792286371,1.0518544615813086,0.12862814020382476,1.129510293459401,0
1571238564750,-1.7191219005635578,1.0856203204399117,0.7723352274368158,0.003539908074836041,1.1335340703618315,0
1571238565000,-0.5872362068173963,0.43530621741172504,1.1217342701174318,0.47014692406917724,1.139568165154625,0
1571238565250,-0.19542962052064808,0.630400448320181,1.0518544615813086,-1.43586281173805,1.1315221819106163,0
1571238565500,-0.4566340113851469,0.630400448320181,1.1217342701174318,0.6992639090843432,1.1274999755690382,0
1571238565750,-0.28249775080881434,0.7604632689258184,0.9470347487771238,-0.993867476304585,1.121464310215393,0
1571238566000,0.28344509606426643,0.6954318586229997,0.8771549402410006,0.9795495083240109,1.121464310215393,0
1571238566250,0.15284290063201703,0.7929789740772277,0.7723352274368158,-0.4368484791433142,1.1234761986666078,0
1571238566500,0.19637696577610014,0.8254946792286371,0.7723352274368158,1.01422575928607,1.1254880871178226,0
1571238566750,0.3705132263524327,0.8905260895314557,0.5976357060965077,0.1857170899584342,1.1234761986666078,0
1571238567000,0.3269791612083496,0.8580103843800464,0.5277558975603845,1.1203689177187142,1.1073842321785905,0
1571238567250,0.8493879429373472,0.9880732049856839,0.21329675914783008,-1.059836929354356,1.0892819478002103,0
1571238567500,0.7623198126491809,0.8254946792286371,0.21329675914783008,-0.5083153866138994,1.0812359645562013,0
1571238567750,0.8058538777932641,0.7279475637744091,0.5626958018284461,-0.6872786720668677,1.0752018697634078,0
1571238568000,0.10930883548793388,0.8254946792286371,0.6325756103645693,-0.09913562526160229,1.077213758214623,0
1571238568250,0.10930883548793388,0.6629161534715904,0.7024554189006925,0.382018500892432,1.0852597414586318,0
1571238568500,0.28344509606426643,0.6954318586229997,0.6675155146326309,-0.44488322021988885,1.0933041541417883,0
1571238568750,-0.021293359944315533,0.630400448320181,0.9120948445090622,-0.08856359752926721,1.1073842321785905,0
1571238569000,-0.23896368566473122,0.5653690380173624,0.9470347487771238,-0.4747386265360031,1.1154302154225992,0
1571238569250,-0.19542962052064808,0.7279475637744091,0.6675155146326309,1.2786110288163057,1.121464310215393,0
1571238569500,-0.5872362068173963,0.7279475637744091,1.0867943658493702,-0.4992657308750205,1.1757743044722377,0
1571238569750,-0.5872362068173963,0.7929789740772277,0.7373953231687541,0.38557070221049655,1.1777846223626012,0
1571238570000,0.2399110309201833,1.020588910137093,1.0518544615813086,-1.3276898239807977,1.1616942264354357,0
1571238570250,-0.1083614902324818,1.020588910137093,-0.06622247499666276,0.4720921771719269,1.1274999755690382,0
1571238570500,-0.4566340113851469,0.9555574998342745,0.3530563762200765,-0.3978588408664624,1.0993398194954336,0
1571238570750,0.2399110309201833,1.7359344234680987,-1.114419603038511,-1.1763829630756177,1.139568165154625,0
1571238571000,0.6317176172169315,2.061091474982192,-1.813217688399743,-3.4150309794530367,1.155660131642642,0
1571238571250,0.5881835520728484,1.6383873080138707,-1.1842994115746341,-0.00796245809794453,1.1114080090810208,0
1571238571500,0.8929220080814304,1.573355897711052,-0.5903210390175868,3.251435979891891,1.1194539923250293,0
1571238571750,0.8058538777932641,1.475808782256824,-0.5903210390175868,2.3038439901872327,1.1114080090810208,0
1571238572000,0.9799901383695966,1.475808782256824,-0.5204412304814636,-1.1497414531901335,1.1093961206298057,0
1571238572250,1.067058268657763,1.7359344234680987,-0.17104218780084757,-6.602539628862994,1.0973279310442188,0
1571238572500,1.763603310963093,1.4107773719540053,-0.6252609432856484,-1.9868768971473547,1.0953160425930035,0
1571238572750,0.8058538777932641,0.045117755594812944,-0.24092199633697078,0.6605279994730674,1.0933041541417883,0
1571238573000,1.0235242035136798,0.9230417946828652,0.14341695061170687,1.4826088759394436,1.0993398194954336,0
1571238573250,0.9364560732255135,0.8580103843800464,0.10847704634364527,2.305873819511841,1.0953160425930035,0
1571238573500,0.9364560732255135,0.9230417946828652,-0.06622247499666276,0.6359163189121914,1.1013501373857972,0
1571238573750,1.1541263989459292,0.8254946792286371,-0.4156215176772788,0.812426893931258,1.0933041541417883,0
1571238574000,1.1541263989459292,0.7604632689258184,-0.3457417091411556,-0.10336443635453632,1.087270059348995,0
1571238574250,1.5023989200985943,0.8580103843800464,-0.2758619006050324,1.283854754571544,1.0832478530074166,0
1571238574500,-0.9790427931141445,2.1586385904364205,-1.2541792201107573,0.5880461773401782,1.0812359645562013,0
1571238574750,0.3705132263524327,2.3537328213448765,-0.7650205603578949,-0.04737497748408972,1.0752018697634078,0
1571238575000,0.5881835520728484,1.8985129492251454,-1.0445397945023878,0.4331871151169338,1.0752018697634078,0
1571238575250,0.5011154217846822,1.9960600646793734,-0.8698402731620797,-0.16696575519226417,1.077213758214623,0
1571238575500,0.19637696577610014,1.9310286543765547,-0.3806816134092172,2.146109336420793,1.0832478530074166,0
1571238575750,0.28344509606426643,2.0285757698307827,-0.310801804873094,0.275283308906777,1.0570995853850276,0
1571238576000,0.28344509606426643,2.2561857058906485,-0.9746599859662645,0.10951391406376292,1.0611217917266056,0
1571238576250,0.3269791612083496,2.126122885285011,-1.1493595073065725,-2.39039005163512,1.0550876969338123,0
1571238576500,0.45758135664059896,2.093607180133602,-0.8349003688940181,-2.27629672834776,1.0410076188970103,0
1571238576750,0.6317176172169315,2.061091474982192,-0.8349003688940181,-0.2893475482217751,1.0410076188970103,0
1571238577000,0.5881835520728484,2.0285757698307827,-0.7300806560898333,2.084030389576522,1.0369854125554316,0
1571238577250,0.3705132263524327,1.9960600646793734,-0.9397200816982029,-0.7024178157795714,1.0369854125554316,0
1571238577500,0.5011154217846822,2.126122885285011,-1.114419603038511,-0.2936609355365678,1.0329616356530018,0
1571238577750,0.19637696577610014,1.8985129492251454,-1.1842994115746341,-0.5718321292297684,1.0108355743721908,0
1571238578000,0.28344509606426643,1.9310286543765547,-1.3589989329149421,0.4540774419160279,1.0349735241042166,0
1571238578250,0.19637696577610014,1.9960600646793734,-1.289119124378819,1.0913592736211868,1.0309497472017866,0
1571238578500,0.41404729149651587,1.9310286543765547,-1.4288787414510653,3.3610467634207413,1.0229037639577778,0
1571238578750,0.5011154217846822,1.8334815389223267,-1.3240590286468805,0.9469876629084188,1.0148593512746211,0
1571238579000,0.3269791612083496,2.061091474982192,-1.1842994115746341,-0.7720240463692656,0.9987673847866042,0
1571238579250,0.2399110309201833,1.7359344234680987,-1.3939388371830037,-1.7937893826439866,0.98870951309138,0
1571238579500,0.8493879429373472,0.6629161534715904,-1.0794796987704494,-1.5102053107518303,1.0188815576161994,0
1571238579750,-0.5437021416733132,1.020588910137093,-1.1842994115746341,-1.8613657839090725,0.98870951309138,0
1571238580000,-0.15189555537656493,-0.5401649371305552,0.5277558975603845,-1.2508100383112568,1.012847462823406,0
1571238580250,-0.021293359944315533,-0.7352591680390114,0.8072751317048774,-1.5952889899416631,1.0329616356530018,0
1571238580500,-0.4130999462410638,-0.5401649371305552,0.7373953231687541,-0.03113634288722303,1.0490536021410186,0
1571238580750,0.06577477034385075,-0.24752359076787114,1.0518544615813086,-0.9820268052443697,1.0490536021410186,0
1571238581000,-1.4143834445549759,-0.2800392959192805,0.7723352274368158,-0.8282672339052883,1.024915652408993,0
1571238581250,-1.7191219005635578,0.07763346074622228,1.191614078653555,0.4915447081994235,1.0168696691649841,0
1571238581500,-1.6320537702753917,0.27272769165467836,1.2265539829216165,1.3317248961435573,1.0208934460674146,0
1571238581750,-0.15189555537656493,0.43530621741172504,0.6675155146326309,3.24636140658037,1.0088236859209756,0
1571238582000,-0.06482742508839867,0.20769628135185966,0.842215035972939,1.2584818880139397,0.9987673847866042,0
1571238582250,-0.1083614902324818,0.1751805762004503,0.9470347487771238,-0.03621091619874388,1.0048014795793976,0
1571238582500,-0.36956588109698063,0.07763346074622228,1.3663135999938631,0.6801496829442815,1.0088236859209756,0
1571238582750,-0.9355087279700615,0.11014916589763163,1.2614938871896781,-1.9055991479411625,0.98870951309138,0
1571238583000,-1.1967131188345603,0.20769628135185966,1.2964337914577397,0.41906288606653413,0.9987673847866042,0
1571238583250,-0.7178384022496457,0.11014916589763163,1.1217342701174318,0.5846631284658309,0.9987673847866042,0
1571238583500,-0.50016807652923,0.1751805762004503,1.0867943658493702,-0.3695258065438044,0.9907214015425952,0
1571238583750,-0.50016807652923,0.1751805762004503,1.0867943658493702,0.42845084669284766,0.9866991952010171,0
1571238584000,-0.5872362068173963,0.11014916589763163,1.1217342701174318,2.6615168324275933,0.9846873067498015,0
1571238584250,-0.5437021416733132,0.3052433968060877,1.1217342701174318,1.7744814175737504,0.9826754182985866,0
1571238584500,-0.6743043371055626,0.14266487104904096,1.1566741743854934,0.10114086809975353,0.9786532119570082,0
1571238584750,-0.7613724673937289,-0.1499764753136431,1.1566741743854934,-1.031250166366122,0.9766413235057932,0
1571238585000,-0.7178384022496457,0.27272769165467836,1.0518544615813086,-3.531069555843146,0.9726191171642146,0
1571238585250,-0.7613724673937289,0.045117755594812944,1.1566741743854934,-3.560079199940674,0.9645731339202063,0
1571238585500,-0.6743043371055626,0.045117755594812944,1.1217342701174318,-0.6578461468600467,0.9605493570177761,0
1571238585750,-0.7613724673937289,0.0126020504434036,1.1217342701174318,-0.3027951674973054,0.9484811674321891,0
1571238586000,-0.8484405976818952,0.0126020504434036,1.1566741743854934,0.04904191543480623,0.9404351841881802,0
1571238586250,-0.9355087279700615,-0.05242935985941508,1.191614078653555,1.91682319896191,0.9404351841881802,0
1571238586500,-0.804906532537812,-0.11746077016223377,1.2265539829216165,0.6751596858546193,0.9323892009441715,0
1571238586750,-0.5437021416733132,-0.05242935985941508,0.9819746530451854,0.94115190360017,0.9323892009441715,0
1571238587000,-0.5437021416733132,0.045117755594812944,1.0867943658493702,-0.7551933782193883,0.9323892009441715,0
1571238587250,-0.6743043371055626,0.045117755594812944,1.1217342701174318,0.8498095839927948,0.9303788830538083,0
1571238587500,-0.5872362068173963,0.045117755594812944,1.1217342701174318,-0.4113910363638513,0.9504930558834039,0
1571238587750,-0.5437021416733132,0.0126020504434036,1.0867943658493702,1.598985757216988,0.9464692789809738,0
1571238588000,-0.6307702719614795,0.07763346074622228,1.0518544615813086,0.2245375757915686,0.9344010893953871,0
1571238588250,-0.6743043371055626,0.0126020504434036,1.1217342701174318,0.41026695899323135,0.9223328998098002,0
1571238588500,-0.7613724673937289,0.0126020504434036,1.1566741743854934,-0.15597084635063568,0.9203210113585845,0
1571238588750,-0.7178384022496457,0.0126020504434036,1.1217342701174318,-1.0216930532960908,0.9183091229073697,0
1571238589000,-0.6743043371055626,0.0126020504434036,1.1217342701174318,-0.033927358208559494,0.9062409333217826,0
1571238589250,-0.7178384022496457,0.045117755594812944,1.1217342701174318,-1.0995031774060773,0.9082528217729975,0
1571238589500,-0.9355087279700615,-0.01991365470800574,1.2265539829216165,0.014027359585312444,0.9022187269802041,0
1571238589750,-0.5872362068173963,0.045117755594812944,1.0518544615813086,-0.2627060383362907,0.9042290448705677,0
1571238590000,-0.7613724673937289,-0.01991365470800574,1.1217342701174318,0.5268129927144933,0.898194950077774,0
1571238590250,-0.6743043371055626,0.0126020504434036,1.1217342701174318,-0.5397777411453286,0.898194950077774,0
1571238590500,-0.7613724673937289,0.0126020504434036,1.1217342701174318,0.4996640254978568,0.896183061626559,0
1571238590750,-0.7178384022496457,0.045117755594812944,1.1217342701174318,-0.48725590737108787,0.8921608552849807,0
1571238591000,-0.7178384022496457,-0.01991365470800574,1.1217342701174318,0.4279433893616956,0.896183061626559,0
1571238591250,-0.804906532537812,0.0126020504434036,1.1566741743854934,-0.23927842488143616,0.886126760492187,0
1571238591500,-0.6743043371055626,0.0126020504434036,1.1217342701174318,0.6101205712452938,0.9022187269802041,0
1571238591750,-0.7178384022496457,0.0126020504434036,1.1217342701174318,-0.21906470785721147,0.9042290448705677,0
1571238592000,-0.8484405976818952,0.0126020504434036,1.1566741743854934,0.5737527958460612,0.896183061626559,0
1571238592250,-0.804906532537812,-0.01991365470800574,1.1566741743854934,-0.3247004089587036,0.886126760492187,0
1571238592500,-0.7613724673937289,0.0126020504434036,1.1217342701174318,0.38929205597227856,0.8780807772481783,0
1571238592750,-0.8484405976818952,0.0126020504434036,1.1566741743854934,-0.48734048359294657,0.8800926656993936,0
1571238593000,-0.804906532537812,0.0126020504434036,1.1566741743854934,0.4863009824441853,0.872046682455385,0
1571238593250,-0.804906532537812,0.0126020504434036,1.1566741743854934,-0.5606680679444227,0.8700347940041697,0
1571238593500,-0.6743043371055626,0.0126020504434036,1.0867943658493702,0.34573530171505795,0.8700347940041697,0
1571238593750,-0.7613724673937289,0.0126020504434036,1.1217342701174318,-0.7034327304418756,0.8901489668337654,0
1571238594000,-0.7613724673937289,-0.05242935985941508,1.1566741743854934,0.3925905286247671,0.8901489668337654,0
1571238594250,-0.7613724673937289,-0.01991365470800574,1.1217342701174318,-0.8304662156736139,0.8780807772481783,0
1571238594500,-0.7613724673937289,0.0126020504434036,1.1217342701174318,0.1620357478380036,0.8619888107601612,0
1571238594750,-0.804906532537812,0.0126020504434036,1.1566741743854934,-0.7628052381866693,0.8640006992113765,0
1571238595000,-0.8484405976818952,0.0126020504434036,1.1217342701174318,0.47226132961564427,0.8519325096257894,0
1571238595250,-0.8919746628259783,-0.01991365470800574,1.1566741743854934,-0.6004188922180025,0.8579666044185831,0
1571238595500,-0.06482742508839867,-1.0604162195531048,1.9602919725509103,0.8939583718030262,0.8519325096257894,0
1571238595750,-1.0661109234023107,1.5083244874082333,0.10847704634364527,-0.43101271983506523,0.8479087327233592,0
1571238596000,-1.8932581611398904,-0.1499764753136431,1.016914557313247,0.9169631041485873,0.8700347940041697,0
1571238596250,-1.4143834445549759,-0.05242935985941508,1.1566741743854934,0.1410608448170508,0.8760688887969631,0
1571238596500,-1.7191219005635578,-0.1499764753136431,0.842215035972939,0.0711163093399219,0.8619888107601612,0
1571238596750,-1.1967131188345603,-0.05242935985941508,0.9470347487771238,0.03254955217236351,0.8479087327233592,0
1571238597000,-1.457917509699059,-0.11746077016223377,0.9819746530451854,-0.004833137889173346,0.8479087327233592,0
1571238597250,-1.4143834445549759,-0.05242935985941508,1.1217342701174318,0.5260518067177652,0.845898414832996,0
1571238597500,-1.5014515748431423,-0.3450707062220992,1.0867943658493702,-0.16662745030482945,0.8418746379305655,0
1571238597750,-1.762655965707641,-0.18249218046505244,1.0518544615813086,0.40375458991011287,0.859978492869798,0
1571238598000,-1.5014515748431423,-0.18249218046505244,1.0867943658493702,-0.09270783240034254,0.845898414832996,0
1571238598250,-1.370849379410893,-0.4426178216763272,1.191614078653555,-0.8474660362672087,0.8438865263817804,0
1571238598500,-1.8932581611398904,-0.18249218046505244,1.016914557313247,0.12253865222999974,0.845898414832996,0
1571238598750,-2.02386035657214,-0.18249218046505244,1.016914557313247,-0.7003879864549631,0.8398627494793507,0
1571238599000,-0.6307702719614795,-0.11746077016223377,1.3663135999938631,0.4956043668486402,0.8378524315889871,0
1571238599250,0.5881835520728484,0.7604632689258184,-0.031282570728601154,-0.23208944602344828,0.8298064483449785,0
1571238599500,1.4588648549545111,1.475808782256824,-0.3457417091411556,0.8764510938782792,0.8479087327233592,0
1571238599750,-0.36956588109698063,1.475808782256824,0.3530563762200765,0.36307342719608754,0.8559547159673675,0
1571238600000,0.6317176172169315,1.280714551348368,0.9819746530451854,0.6698313838775224,0.8519325096257894,0
1571238600250,-0.1083614902324818,0.8580103843800464,0.9470347487771238,1.086284700309666,0.8499206211745741,0
1571238600500,-1.3273153142668097,0.9880732049856839,1.2614938871896781,0.7802879296249594,0.8398627494793507,0
1571238600750,0.5881835520728484,0.9555574998342745,0.14341695061170687,-4.203196790954082,0.8318183367961934,0
1571238601000,1.763603310963093,0.43530621741172504,0.21329675914783008,-2.34167414784452,0.833828654686557,0
1571238601250,0.9364560732255135,0.7604632689258184,0.14341695061170687,1.201477514481189,0.8277945598937636,0
1571238601500,1.067058268657763,0.6954318586229997,-0.06622247499666276,0.1913836968229658,0.8257842420034001,0
1571238601750,0.9799901383695966,0.630400448320181,0.1783568548797685,0.9560373186472977,0.819748576649755,0
1571238602000,0.9364560732255135,0.6629161534715904,0.10847704634364527,-0.718148993045286,0.8217604651009699,0
1571238602250,1.110592333801846,0.6629161534715904,0.07353714207558366,0.35123275613587224,0.8177382587593914,0
1571238602500,0.8929220080814304,0.8254946792286371,0.3181164719520149,-0.43101271983506523,0.819748576649755,0
1571238602750,-2.72040539887747,2.0285757698307827,0.2831765676839533,0.14833439989689734,0.819748576649755,0
1571238603000,-2.3285988125807218,1.768450128619508,0.3181164719520149,-0.46458947991296146,0.8378524315889871,0
1571238603250,-1.8061900308517242,2.061091474982192,-0.031282570728601154,0.044136494567002756,0.8378524315889871,0
1571238603500,-1.7191219005635578,2.19115429558783,-0.13610228353278597,-0.2500196050574886,0.8418746379305655,0
1571238603750,-1.1967131188345603,1.8009658337709173,0.49281599329232295,0.2373085852922294,0.8358405431377722,0
1571238604000,-1.109644988546394,2.8414683986160165,-0.3806816134092172,0.9721913770223057,0.8257842420034001,0
1571238604250,-1.6320537702753917,2.19115429558783,0.003657333539460452,0.879411261643333,0.8298064483449785,0
1571238604500,-2.02386035657214,2.288701411042058,-0.031282570728601154,0.7450196451098895,0.799634403820159,0
1571238604750,-2.2415306822925554,2.0285757698307827,0.14341695061170687,-0.6060854990825341,0.8137144818569613,0
1571238605000,-2.2415306822925554,2.1586385904364205,0.038597237807522056,-1.3771669137681257,0.8398627494793507,0
1571238605250,-2.4592010080129714,2.1586385904364205,0.2831765676839533,-1.0694786186462455,0.8318183367961934,0
1571238605500,-2.1979966171484726,2.0285757698307827,0.10847704634364527,0.5235990962838634,0.8217604651009699,0
1571238605750,-2.2415306822925554,1.9960600646793734,-0.031282570728601154,0.1315037317470199,0.8177382587593914,0
1571238606000,-2.2850647474366386,1.9960600646793734,0.14341695061170687,0.4012173032543525,0.819748576649755,0
1571238606250,-2.1544625520043894,2.061091474982192,0.038597237807522056,0.015634307800627377,0.8157263703081766,0
1571238606500,-1.8932581611398904,1.5083244874082333,-0.7300806560898333,0.24145282016330474,0.8277945598937636,0
1571238606750,1.415330789810428,2.223670000739239,-1.5686383585233117,-0.43854000358048784,0.8277945598937636,0
1571238607000,0.6752516823610146,1.6383873080138707,-1.4288787414510653,0.36628732362671734,0.8519325096257894,0
1571238607250,1.0235242035136798,1.6058716028624613,-1.4288787414510653,-0.6085382095164359,0.8539428275161526,0
1571238607500,0.6317176172169315,1.8334815389223267,-0.10116237926472436,0.18461759907427136,0.8398627494793507,0
1571238607750,-0.4566340113851469,0.8580103843800464,0.7024554189006925,0.4160181420796216,0.8660125876625914,0
1571238608000,-0.06482742508839867,1.118136025591321,1.016914557313247,0.1848713277398474,0.8660125876625914,0
1571238608250,-0.6307702719614795,0.8580103843800464,1.0518544615813086,-0.39346087732981105,0.8760688887969631,0
1571238608500,-1.2837812491227265,0.7929789740772277,1.2265539829216165,-0.9772059605984249,0.872046682455385,0
1571238608750,-0.9790427931141445,0.8254946792286371,1.0867943658493702,1.2112883562167958,0.8519325096257894,0
1571238609000,-1.0661109234023107,0.7604632689258184,1.191614078653555,-0.37020241631867384,0.8519325096257894,0
1571238609250,-0.8484405976818952,0.8254946792286371,0.842215035972939,0.5153106265417128,0.8479087327233592,0
1571238609500,0.7187857475050978,1.475808782256824,0.3181164719520149,-0.2841038224665369,0.8398627494793507,0
1571238609750,1.1541263989459292,1.3457459616511867,-0.5903210390175868,0.4989874157229874,0.8277945598937636,0
1571238610000,0.9799901383695966,1.963544359527964,-0.6951407518217716,-0.314804991001238,0.8298064483449785,0
1571238610250,0.06577477034385075,1.5408401925596427,0.003657333539460452,-0.12027968072627246,0.811702593405746,0
1571238610500,0.41404729149651587,0.43530621741172504,0.9120948445090622,-0.05574802344809911,0.8036581807225895,0
1571238610750,-1.0225768582582277,-0.4751335268277365,1.2964337914577397,1.8674306853964406,0.8157263703081766,0
1571238611000,-1.0661109234023107,0.20769628135185966,1.0518544615813086,-1.6610047143258582,0.8237723535521851,0
1571238611250,-0.8484405976818952,0.07763346074622228,1.0518544615813086,-1.7204617982925106,0.8318183367961934,0
1571238611500,-0.804906532537812,0.14266487104904096,1.191614078653555,1.095841813379697,0.8217604651009699,0
1571238611750,-0.8919746628259783,0.20769628135185966,1.1217342701174318,1.5278571546338378,0.8277945598937636,0
1571238612000,-0.6743043371055626,0.20769628135185966,1.1217342701174318,2.8986685585193337,0.8257842420034001,0
1571238612250,-0.50016807652923,0.240211986503269,1.0867943658493702,0.48012691824850157,0.8277945598937636,0
1571238612500,-0.5437021416733132,0.20769628135185966,1.1217342701174318,-1.0737920059610382,0.833828654686557,0
1571238612750,-0.5872362068173963,0.11014916589763163,1.1217342701174318,-1.9540613230661867,0.7453259801241658,0
1571238613000,-0.5872362068173963,0.37027480710890637,1.0867943658493702,-0.8901770283058424,0.8298064483449785,0
1571238613250,-0.5872362068173963,0.11014916589763163,1.1217342701174318,-2.021214843221979,0.8237723535521851,0
1571238613500,-0.6307702719614795,0.11014916589763163,1.1217342701174318,-0.9847332443438476,0.819748576649755,0
1571238613750,-0.6307702719614795,0.11014916589763163,1.1217342701174318,-0.2578006174684872,0.8157263703081766,0
1571238614000,-0.6743043371055626,0.11014916589763163,1.1217342701174318,0.09665832834124345,0.8177382587593914,0
1571238614250,-0.7613724673937289,0.07763346074622228,1.1566741743854934,-0.9299278525794225,0.811702593405746,0
1571238614500,-0.7613724673937289,0.0126020504434036,1.1217342701174318,-0.1943684510744767,0.8137144818569613,0
1571238614750,-0.9355087279700615,0.045117755594812944,1.1566741743854934,1.596363894339369,0.8096922755153829,0
1571238615000,-0.8919746628259783,0.07763346074622228,1.1566741743854934,1.1610500804327395,0.8036581807225895,0
1571238615250,-0.7178384022496457,0.11014916589763163,1.1217342701174318,1.1480253422665028,0.8036581807225895,0
1571238615500,-0.8484405976818952,0.07763346074622228,1.1566741743854934,0.79179029579774,0.8016462922713743,0
1571238615750,-0.8484405976818952,0.07763346074622228,1.2265539829216165,1.0593048855367468,0.7956121974785809,0
1571238616000,-0.9355087279700615,0.11014916589763163,1.1217342701174318,-0.40124188974080965,0.799634403820159,0
1571238616250,-0.9790427931141445,0.11014916589763163,1.1566741743854934,0.31038244097812945,0.793600309027366,0
1571238616500,-1.0225768582582277,0.07763346074622228,1.1566741743854934,-1.0279516937136333,0.7835424373321422,0
1571238616750,-0.9355087279700615,0.07763346074622228,1.1566741743854934,0.36459579918954377,0.7835424373321422,0
1571238617000,-0.9790427931141445,0.07763346074622228,1.1566741743854934,-0.5070467432860192,0.7835424373321422,0
1571238617250,-1.0225768582582277,0.0126020504434036,1.191614078653555,0.7390993095797819,0.781532119441779,0
1571238617500,-1.0661109234023107,0.07763346074622228,1.1217342701174318,-0.4457289824384757,0.7775083425393485,0
1571238617750,-1.109644988546394,0.07763346074622228,1.191614078653555,0.7484872702060954,0.7835424373321422,0
1571238618000,-1.0661109234023107,0.045117755594812944,1.1566741743854934,-0.039763117516808465,0.7754980246489853,0
1571238618250,-1.4143834445549759,0.11014916589763163,1.0518544615813086,0.6348168280280286,0.7734861361977701,0
1571238618500,-1.1531790536904771,0.0126020504434036,1.2265539829216165,0.005316008733868335,0.7714742477465552,0
1571238618750,-0.9790427931141445,0.045117755594812944,1.191614078653555,-0.1821894751268267,0.7634282645025465,0
1571238619000,-1.0661109234023107,0.045117755594812944,1.1566741743854934,-0.2469748610705761,0.7674520414049764,0
1571238619250,-1.0661109234023107,-0.01991365470800574,1.191614078653555,-0.8405307860747969,0.761417946612183,0
1571238619500,-1.0225768582582277,0.045117755594812944,1.191614078653555,-0.09693664349327658,0.7654401529537614,0
1571238619750,-1.0661109234023107,0.045117755594812944,1.1566741743854934,-0.9453207249577023,0.7573941697097529,0
1571238620000,-1.109644988546394,0.0126020504434036,1.191614078653555,0.6513091912904714,0.7634282645025465,0
1571238620250,-1.0661109234023107,0.045117755594812944,1.1566741743854934,-0.8174414775073772,0.7573941697097529,0
1571238620500,-0.9790427931141445,0.07763346074622228,1.1566741743854934,0.287462284854427,0.7573941697097529,0
1571238620750,-1.0661109234023107,0.0126020504434036,1.191614078653555,-0.6555625888698624,0.7533719633681745,0
1571238621000,-0.9790427931141445,0.07763346074622228,1.1566741743854934,0.6587518988140352,0.7513600749169596,0
1571238621250,-0.9790427931141445,0.0126020504434036,1.191614078653555,-0.39117731933962663,0.7533719633681745,0
1571238621500,-0.9790427931141445,0.045117755594812944,1.1566741743854934,0.7655716670215489,0.7513600749169596,0
1571238621750,-0.9355087279700615,0.045117755594812944,1.1566741743854934,-0.3955752828762781,0.7453259801241658,0
1571238622000,-0.8919746628259783,0.045117755594812944,1.1566741743854934,0.7816411491746982,0.7453259801241658,0
1571238622250,-0.9790427931141445,0.0126020504434036,1.1566741743854934,-0.3633517423481207,0.7453259801241658,0
1571238622500,-1.0225768582582277,0.045117755594812944,1.1566741743854934,0.801009103980336,0.7392918853313725,0
1571238622750,-1.0225768582582277,0.045117755594812944,1.1566741743854934,-0.3482971748572755,0.7372799968801572,0
1571238623000,-0.9790427931141445,0.0126020504434036,1.1566741743854934,0.8890529509352227,0.735268108428942,0
1571238623250,-1.0225768582582277,0.045117755594812944,1.1566741743854934,-0.35895377881146934,0.7372799968801572,0
1571238623500,-0.9355087279700615,0.07763346074622228,1.1566741743854934,0.5845785522439723,0.7292340136361487,0
1571238623750,-1.0225768582582277,0.0126020504434036,1.191614078653555,-0.5601606106132706,0.7332577905385789,0
1571238624000,-1.4143834445549759,-0.6377120525847833,1.1566741743854934,0.42853542291470637,0.731245902087364,0
1571238624250,-2.110928486860306,1.5083244874082333,0.1783568548797685,-0.6358563291767898,0.7252118072945702,0
1571238624500,0.06577477034385075,0.7279475637744091,1.471133312798048,0.21607995360570054,0.7191777125017769,0
1571238624750,-0.6743043371055626,0.6954318586229997,1.191614078653555,-0.9082763397836001,0.7191777125017769,0
1571238625000,0.022240705199767605,1.0856203204399117,0.3530563762200765,-0.4365947504777382,0.7151539355993464,0
1571238625250,0.10930883548793388,1.378261666802596,0.8072751317048774,-1.188054481692116,0.709119840806553,0
1571238625500,0.5881835520728484,1.18316743589414,0.5976357060965077,1.6767113051051157,0.7131436177089832,0
1571238625750,0.6317176172169315,1.2481988461969586,0.003657333539460452,-0.5522104457585546,0.7071079523553382,0
1571238626000,0.8493879429373472,1.3457459616511867,-0.06622247499666276,0.49188301308685817,0.7071079523553382,0
1571238626250,0.9364560732255135,1.3132302564997773,0.10847704634364527,0.1178869600277723,0.7071079523553382,0
1571238626500,0.8493879429373472,1.18316743589414,-0.17104218780084757,0.6716074845365546,0.7030857460137594,0
1571238626750,1.3282626595222617,1.378261666802596,-1.0095998902343262,-0.08340444799588767,0.705097634464975,0
1571238627000,1.3282626595222617,1.3132302564997773,-1.3240590286468805,0.23316435042115405,0.705097634464975,0
1571238627250,1.3282626595222617,1.18316743589414,-1.0794796987704494,0.01233583514813883,0.7131436177089832,0
1571238627500,1.067058268657763,1.18316743589414,-1.0794796987704494,-0.38500325514394296,0.7071079523553382,0
1571238627750,1.371796724666345,1.3457459616511867,-0.17104218780084757,1.3110037217881805,0.7131436177089832,0
1571238628000,-0.5437021416733132,0.6629161534715904,0.7723352274368158,0.2939746539375454,0.697051651220966,0
1571238628250,-0.9790427931141445,1.020588910137093,1.2614938871896781,0.13158830796887858,0.697051651220966,0
1571238628500,-1.1967131188345603,0.8905260895314557,0.9819746530451854,-1.5966422094914021,0.6950397627697511,0
1571238628750,-0.9355087279700615,0.5653690380173624,1.3313736957258016,-1.7917595533193784,0.682971573184164,0
1571238629000,0.5881835520728484,1.9310286543765547,-0.66020084755371,-1.1272441781757245,0.6809596847329488,0
1571238629250,0.5011154217846822,1.5083244874082333,-0.9047801774301413,1.1020158775753806,0.6910175564281723,0
1571238629500,-0.1083614902324818,2.1586385904364205,-1.0095998902343262,-1.5875925537525233,0.7010738575625445,0
1571238629750,-0.50016807652923,1.2156831410455493,1.0867943658493702,0.5313801086948621,0.6930278743185359,0
1571238630000,-0.15189555537656493,1.020588910137093,0.8072751317048774,1.730163477319802,0.6930278743185359,0
1571238630250,-0.9355087279700615,1.2156831410455493,0.842215035972939,3.3536040558971774,0.6910175564281723,0
1571238630500,-1.109644988546394,0.7604632689258184,1.2614938871896781,-1.2755908713158504,0.682971573184164,0
1571238630750,-0.3260318159528975,0.9880732049856839,1.191614078653555,0.415933565857763,0.6769374783913704,0
1571238631000,-0.8919746628259783,1.118136025591321,0.9470347487771238,0.4279433893616956,0.6729137014889404,0
1571238631250,-0.19542962052064808,1.18316743589414,1.0867943658493702,0.6061454888179358,0.6668796066961469,0
1571238631500,1.2411945292340956,1.118136025591321,0.9470347487771238,-1.855191719713389,0.6628574003545684,0
1571238631750,-0.19542962052064808,0.6954318586229997,0.3879962804881381,-2.033055514282194,0.6668796066961469,0
1571238632000,-0.19542962052064808,0.6629161534715904,0.7373953231687541,-0.4634899890287986,0.678947796281734,0
1571238632250,1.4588648549545111,1.5408401925596427,-0.24092199633697078,-0.22397012872501493,0.682971573184164,0
1571238632500,1.1541263989459292,0.9880732049856839,-0.3457417091411556,-0.7201788223698944,0.670901813037725,0
1571238632750,1.067058268657763,0.9880732049856839,-0.48550132621340203,1.4863302297012255,0.6648677182449314,0
1571238633000,0.9799901383695966,1.0856203204399117,-0.45056142194534043,0.22893553932822,0.6628574003545684,0
1571238633250,0.8493879429373472,1.0856203204399117,-0.2758619006050324,0.1814037026436415,0.668891495147362,0
1571238633500,0.7623198126491809,1.0856203204399117,-0.10116237926472436,-0.1152051074147516,0.6648677182449314,0
1571238633750,0.7187857475050978,1.1506517307427304,-0.031282570728601154,0.18292607463709773,0.6608455119033534,0
1571238634000,0.8929220080814304,1.0856203204399117,0.003657333539460452,-1.1872932956953877,0.6527995286593448,0
1571238634250,0.7623198126491809,1.1506517307427304,0.07353714207558366,-0.6163192219274345,0.6467654338665513,0
1571238634500,0.7187857475050978,1.118136025591321,0.07353714207558366,-1.2231536137634682,0.6387194506225425,0
1571238634750,0.6752516823610146,1.2481988461969586,0.003657333539460452,0.17269235179219738,0.6427416569641209,0
1571238635000,0.6317176172169315,1.2481988461969586,0.07353714207558366,-0.550265192655805,0.644753545415336,0
1571238635250,0.5881835520728484,1.280714551348368,0.10847704634364527,0.3204470113793125,0.6407313390737578,0
1571238635500,0.8058538777932641,1.378261666802596,-0.13610228353278597,-0.29882008506994734,0.6427416569641209,0
1571238635750,0.45758135664059896,1.2156831410455493,0.3879962804881381,0.21794063048659154,0.6346972442809642,0
1571238636000,0.5011154217846822,1.2481988461969586,0.3530563762200765,-0.9034554951376554,0.6346972442809642,0
1571238636250,0.5011154217846822,1.0531046152885024,0.4578760890242613,0.25989043652849714,0.6367075621713274,0
1571238636500,0.5446494869287652,1.0856203204399117,0.3879962804881381,-0.38948579490245305,0.6306734673785339,0
1571238636750,0.15284290063201703,0.9880732049856839,0.6675155146326309,0.6539310541680904,0.6346972442809642,0
1571238637000,0.28344509606426643,1.0856203204399117,0.5976357060965077,-0.29890466129180604,0.6346972442809642,0
1571238637250,0.45758135664059896,0.9880732049856839,0.6325756103645693,0.8335709493959281,0.6246393725857404,0
1571238637500,0.45758135664059896,0.9230417946828652,0.5976357060965077,0.23189570709327384,0.6326853558297489,0
1571238637750,0.41404729149651587,0.9230417946828652,0.5626958018284461,0.7657408194652662,0.6306734673785339,0
1571238638000,0.3269791612083496,0.9880732049856839,0.5976357060965077,-0.33002871093580055,0.6306734673785339,0
1571238638250,0.28344509606426643,0.8254946792286371,0.7373953231687541,0.7709845452205044,0.6226274841345253,0
1571238638500,0.45758135664059896,1.0531046152885024,0.2831765676839533,-0.2545021448159987,0.620617166244162,0
1571238638750,0.7623198126491809,1.118136025591321,0.10847704634364527,0.4354706731071181,0.6186052777929468,0
1571238639000,0.45758135664059896,0.9555574998342745,0.4229361847561997,0.030688875291472534,0.620617166244162,0
1571238639250,0.28344509606426643,0.9880732049856839,0.3879962804881381,0.012927868701149594,0.6165933893417318,0
1571238639500,0.8493879429373472,1.118136025591321,0.07353714207558366,0.3093675263158253,0.6105592945489384,0
1571238639750,0.9364560732255135,1.0531046152885024,0.038597237807522056,-0.29712856063277376,0.6085474060977234,0
1571238640000,0.9364560732255135,1.0856203204399117,-0.031282570728601154,0.10486222186153549,0.6045251997561449,0
1571238640250,1.1976604640900124,1.0856203204399117,-0.24092199633697078,-1.0854635245775361,0.6486218367934337,0
1571238640500,0.9364560732255135,1.0531046152885024,-0.17104218780084757,0.2939746539375454,0.6466099483422182,0
1571238640750,0.9364560732255135,1.0856203204399117,-0.17104218780084757,-0.7509645671264542,0.6466099483422182,0
1571238641000,1.110592333801846,1.118136025591321,-0.3457417091411556,0.28001957733086313,0.6445980598910033,0
1571238641250,1.0235242035136798,1.0856203204399117,-0.3457417091411556,-0.8130435139707257,0.6385639650982098,0
1571238641500,0.9799901383695966,1.118136025591321,-0.2758619006050324,0.2965965168151645,0.6445980598910033,0
1571238641750,1.2847285943781785,1.0531046152885024,-0.3806816134092172,-0.4217939116524691,0.6445980598910033,0
1571238642000,1.2847285943781785,0.9880732049856839,-0.3806816134092172,0.6637418959036974,0.6466099483422182,0
1571238642250,1.1541263989459292,1.0531046152885024,-0.3457417091411556,-0.2439301170836636,0.6445980598910033,0
1571238642500,1.1976604640900124,1.0856203204399117,-0.3806816134092172,0.7360545655928693,0.6385639650982098,0
1571238642750,0.9799901383695966,1.1506517307427304,-0.3806816134092172,0.06519597380981425,0.6385639650982098,0
1571238643000,1.110592333801846,1.0531046152885024,-0.24092199633697078,0.12397644800159731,0.6345417587566315,0
1571238643250,0.9799901383695966,1.0856203204399117,-0.24092199633697078,-0.6183490512520429,0.6345417587566315,0
1571238643500,0.9799901383695966,1.118136025591321,-0.2059820920689092,-0.25365638259741186,0.6325298703054163,0
1571238643750,1.067058268657763,1.118136025591321,-0.13610228353278597,-0.031390071552799076,0.6345417587566315,0
1571238644000,1.1976604640900124,1.0531046152885024,-0.310801804873094,0.33271056354882117,0.6325298703054163,0
1571238644250,1.067058268657763,1.0531046152885024,-0.2059820920689092,0.39495866283681014,0.6285060934029861,0
1571238644500,1.110592333801846,1.0531046152885024,-0.24092199633697078,-0.36783428210663077,0.6244838870614077,0
1571238644750,0.9799901383695966,1.118136025591321,-0.24092199633697078,0.13674745750225809,0.6264957755126227,0
1571238645000,1.067058268657763,1.118136025591321,-0.310801804873094,-0.9872705309996079,0.6244838870614077,0
1571238645250,1.067058268657763,1.0531046152885024,-0.310801804873094,0.18935386749835745,0.6224719986101925,0
1571238645500,1.067058268657763,1.0856203204399117,-0.310801804873094,-0.8823960158948438,0.6204616807198292,0
1571238645750,1.1976604640900124,1.0856203204399117,-0.3806816134092172,0.3168102338393892,0.6144260153661838,0
1571238646000,1.2411945292340956,1.0531046152885024,-0.4156215176772788,-0.6907462971630735,0.616437903817399,0
1571238646250,1.0235242035136798,1.0856203204399117,-0.2758619006050324,0.48283335734797933,0.6144260153661838,0
1571238646500,1.110592333801846,1.0856203204399117,-0.2059820920689092,-0.6344185334051922,0.6144260153661838,0
1571238646750,0.9799901383695966,1.0531046152885024,-0.17104218780084757,0.31875548694213884,0.616437903817399,0
1571238647000,0.7623198126491809,1.0856203204399117,0.003657333539460452,-1.0369167732306535,0.6104038090246056,0
1571238647250,0.8493879429373472,1.0531046152885024,0.038597237807522056,0.11382730137855564,0.6043697142318121,0
1571238647500,0.9799901383695966,1.0856203204399117,-0.10116237926472436,-0.8866248269877779,0.6023578257805972,0
1571238647750,0.9799901383695966,1.1506517307427304,-0.13610228353278597,0.49687301017652036,0.5983356194390185,0
1571238648000,1.067058268657763,1.118136025591321,-0.2059820920689092,-0.4225550976491972,0.5983356194390185,0
1571238648250,1.067058268657763,1.118136025591321,-0.13610228353278597,0.6292347973853556,0.5983356194390185,0
1571238648500,0.9364560732255135,1.1506517307427304,-0.13610228353278597,-0.3360336226877669,0.5902896361950101,0
1571238648750,0.9364560732255135,1.118136025591321,-0.06622247499666276,0.4819875951293925,0.5943118425365882,0
1571238649000,0.8493879429373472,1.18316743589414,-0.031282570728601154,-0.5561009519640538,0.5943118425365882,0
1571238649250,0.8929220080814304,1.18316743589414,-0.06622247499666276,0.4512864265946915,0.5943118425365882,0
1571238649500,0.9799901383695966,1.118136025591321,0.003657333539460452,-0.28604907556928655,0.5882777477437947,0
1571238649750,0.8493879429373472,1.1506517307427304,0.038597237807522056,0.6667020636687512,0.5902896361950101,0
1571238650000,0.8493879429373472,1.118136025591321,0.07353714207558366,-0.2391092724377188,0.5842555414022166,0
1571238650250,0.8929220080814304,1.1506517307427304,-0.031282570728601154,0.6367620811307781,0.5882777477437947,0
1571238650500,0.7623198126491809,1.118136025591321,0.10847704634364527,-0.31370550011707515,0.5882777477437947,0
1571238650750,0.8929220080814304,1.020588910137093,0.14341695061170687,0.6233144618552481,0.5822436529510011,0
1571238651000,0.6317176172169315,0.5003376277145437,0.4578760890242613,-0.41147561258570997,0.7009183720382115,0
1571238651250,0.8493879429373472,0.5978847431687717,0.3879962804881381,0.4821567475731099,0.704942148940642,0
1571238651500,0.8929220080814304,0.5653690380173624,0.3530563762200765,-0.716034587498819,0.6808041992086162,0
1571238651750,0.2399110309201833,0.6629161534715904,0.5626958018284461,0.1152650971501532,0.6647122327205988,0
1571238652000,-1.6320537702753917,0.8254946792286371,1.191614078653555,-0.022424992035778923,0.6506321546837968,0
1571238652250,-0.4566340113851469,0.8580103843800464,1.1217342701174318,1.3132027035565061,0.6466099483422182,0
1571238652500,-0.7613724673937289,0.8580103843800464,1.0867943658493702,-0.2297213118114052,0.6486218367934337,0
1571238652750,-0.7613724673937289,0.7279475637744091,1.0518544615813086,1.070130641934658,0.6466099483422182,0
1571238653000,-0.5872362068173963,0.7604632689258184,1.0867943658493702,-0.46112185481675555,0.6466099483422182,0
1571238653250,-0.6743043371055626,0.7604632689258184,1.0518544615813086,0.7519548953023013,0.6425861714397882,0
1571238653500,-0.5437021416733132,0.6629161534715904,1.1217342701174318,-0.44581355866033434,0.6345417587566315,0
1571238653750,-0.7613724673937289,0.6954318586229997,1.0518544615813086,0.9767584930026745,0.6325298703054163,0
1571238654000,0.28344509606426643,0.6629161534715904,0.5626958018284461,-1.1047469031613153,0.6305179818542012,0
1571238654250,1.2411945292340956,1.1506517307427304,-0.8698402731620797,0.8384763702637317,0.6224719986101925,0
1571238654500,1.1541263989459292,1.2156831410455493,-0.9746599859662645,-1.0625433684538337,0.6425861714397882,0
1571238654750,1.4588648549545111,1.118136025591321,-1.1842994115746341,0.6639956245692734,0.6506321546837968,0
1571238655000,1.3282626595222617,1.2156831410455493,-1.4288787414510653,-0.4722013398802427,0.6506321546837968,0
1571238655250,1.415330789810428,1.2156831410455493,-0.9047801774301413,0.5690165274219751,0.6627019148302356,0
1571238655500,2.1554098972598412,1.18316743589414,-0.66020084755371,1.2380990185459977,0.6647122327205988,0
1571238655750,0.3705132263524327,0.7929789740772277,0.7723352274368158,-0.914957861310436,0.6285060934029861,0
1571238656000,0.28344509606426643,0.6629161534715904,0.842215035972939,0.424391188043631,0.6305179818542012,0
1571238656250,0.5881835520728484,0.5653690380173624,0.6325756103645693,-2.5391596258845395,0.6325298703054163,0
1571238656500,-0.28249775080881434,1.378261666802596,0.10847704634364527,-3.528616845409245,0.6365520766469946,0
1571238656750,0.15284290063201703,1.2481988461969586,1.191614078653555,-0.9286592092515422,0.6204616807198292,0
1571238657000,-0.6307702719614795,0.6629161534715904,1.016914557313247,2.048677528839593,0.6204616807198292,0
1571238657250,0.022240705199767605,0.7279475637744091,0.9819746530451854,0.1131506916036862,0.6104038090246056,0
1571238657500,0.5011154217846822,0.8905260895314557,0.3181164719520149,1.4090275629223914,0.6063816026830271,0
1571238657750,1.3282626595222617,1.0531046152885024,-0.7300806560898333,-0.8269985905774081,0.6043697142318121,0
1571238658000,1.371796724666345,0.8905260895314557,-0.8349003688940181,2.1033983443821596,0.6083919205733906,0
1571238658250,1.371796724666345,0.8905260895314557,-0.8349003688940181,0.28340262620521034,0.6063816026830271,0
1571238658500,1.2847285943781785,0.9555574998342745,-0.9746599859662645,2.074473276506491,0.6083919205733906,0
1571238658750,1.371796724666345,0.9880732049856839,-0.9746599859662645,1.1501397478129698,0.6063816026830271,0
1571238659000,1.415330789810428,1.0531046152885024,-1.1842994115746341,0.38261053444544274,0.6043697142318121,0
1571238659250,1.2847285943781785,1.118136025591321,-1.2541792201107573,-1.780172610924739,0.6043697142318121,0
1571238659500,1.2411945292340956,1.0856203204399117,-1.1493595073065725,0.0391464974773406,0.5963237309878036,0
1571238659750,1.1976604640900124,1.0856203204399117,-1.114419603038511,-1.4678326236006314,0.5983356194390185,0
1571238660000,1.1976604640900124,1.118136025591321,-1.3589989329149421,-0.7911382725093274,0.5923015246462252,0
1571238660250,1.371796724666345,1.0531046152885024,-1.0095998902343262,-1.1158263882248025,0.5943118425365882,0
1571238660500,1.2847285943781785,1.118136025591321,-0.9047801774301413,0.7142339003533298,0.5943118425365882,0
1571238660750,1.1976604640900124,1.0856203204399117,-0.5553811347495252,-0.508146234170182,0.5923015246462252,0
1571238661000,-0.021293359944315533,0.7604632689258184,1.016914557313247,0.8516702608736858,0.5762095581582076,0
1571238661250,0.6752516823610146,0.9230417946828652,0.4578760890242613,-0.20468675014123577,0.5862658592925798,0
1571238661500,0.5881835520728484,0.9230417946828652,0.5277558975603845,-1.090538097889057,0.5862658592925798,0
1571238661750,0.5011154217846822,0.9555574998342745,0.5277558975603845,-2.447817306277164,0.5822436529510011,0
1571238662000,0.7187857475050978,0.9880732049856839,0.3879962804881381,-0.050165992805426184,0.5802317644997862,0
1571238662250,-0.06482742508839867,0.9555574998342745,0.9120948445090622,-1.0147578031036792,0.5802317644997862,0
1571238662500,0.41404729149651587,0.9555574998342745,0.5626958018284461,1.4247587401881059,0.5762095581582076,0
1571238662750,0.3269791612083496,0.8254946792286371,0.6325756103645693,-0.2308208026955681,0.5782214466094231,0
1571238663000,0.45758135664059896,0.8905260895314557,0.5626958018284461,1.1552143211244905,0.5802317644997862,0
1571238663250,0.15284290063201703,0.8254946792286371,0.7024554189006925,-0.34931208951957976,0.5782214466094231,0
1571238663500,0.06577477034385075,1.0531046152885024,0.5626958018284461,0.6496176668532977,0.5762095581582076,0
1571238663750,-0.1083614902324818,1.0531046152885024,0.8072751317048774,-1.19228329278505,0.5701754633654141,0
1571238664000,0.022240705199767605,0.8905260895314557,0.7723352274368158,-0.12493137292849989,0.5882777477437947,0
1571238664250,0.19637696577610014,0.7279475637744091,0.8072751317048774,-1.219009378892393,0.5963237309878036,0
1571238664500,0.3269791612083496,0.6954318586229997,0.7723352274368158,0.5844939760221136,0.6083919205733906,0
1571238664750,-0.1083614902324818,1.0531046152885024,0.7373953231687541,1.3351079450179044,0.5983356194390185,0
1571238665000,0.3269791612083496,0.9880732049856839,0.7723352274368158,0.5317184135822968,0.5862658592925798,0
1571238665250,-0.5437021416733132,1.3132302564997773,0.4578760890242613,-1.9728372443188138,0.5782214466094231,0
1571238665500,-0.23896368566473122,1.118136025591321,0.9470347487771238,-2.054622450856158,0.5741976697069927,0
1571238665750,0.5446494869287652,1.0531046152885024,0.5626958018284461,-1.7516704241583638,0.5721857812557777,0
1571238666000,0.3269791612083496,1.020588910137093,0.5277558975603845,0.01351990225416036,0.5661516864629842,0
1571238666250,0.6752516823610146,1.280714551348368,0.3181164719520149,0.9982408533547794,0.5661516864629842,0
1571238666500,0.7623198126491809,1.1506517307427304,0.24823666341589168,0.3524168232418938,0.5601175916701906,0
1571238666750,0.8493879429373472,1.0856203204399117,0.1783568548797685,0.6244139527394108,0.564141368572621,0
1571238667000,0.6752516823610146,1.1506517307427304,0.21329675914783008,0.15197117743682062,0.5581057032189756,0
1571238667250,0.7187857475050978,1.118136025591321,0.14341695061170687,0.3865856168728008,0.5560953853286121,0
1571238667500,0.45758135664059896,1.18316743589414,0.21329675914783008,-0.15842355678453743,0.5560953853286121,0
1571238667750,0.5446494869287652,1.3132302564997773,0.4578760890242613,0.36197393631192465,0.5500612905358186,0
1571238668000,-0.3260318159528975,1.4107773719540053,0.5976357060965077,-0.27302433740304977,0.5480494020846036,0
1571238668250,-0.1083614902324818,1.378261666802596,0.7024554189006925,0.9920667891590956,0.5500612905358186,0
1571238668500,0.06577477034385075,1.378261666802596,0.5976357060965077,-0.2133135247708212,0.5440256251821732,0
1571238668750,0.06577477034385075,1.378261666802596,0.5626958018284461,0.6958808602099961,0.54201530729181,0
1571238669000,0.022240705199767605,1.378261666802596,0.5626958018284461,-0.33375006469758245,0.540003418840595,0
1571238669250,0.2399110309201833,1.3132302564997773,0.49281599329232295,0.8152179092525944,0.54201530729181,0
1571238669500,0.2399110309201833,1.2481988461969586,0.5277558975603845,-0.4157889999005027,0.540003418840595,0
1571238669750,0.45758135664059896,1.2156831410455493,0.49281599329232295,0.4155106847484695,0.5359812124990165,0
1571238670000,0.28344509606426643,1.2481988461969586,0.5277558975603845,-0.5124596214849747,0.5359812124990165,0
1571238670250,0.10930883548793388,1.280714551348368,0.5976357060965077,0.3009099041299572,0.5339693240478015,0
1571238670500,0.10930883548793388,1.280714551348368,0.5976357060965077,-0.8035709771225535,0.5359812124990165,0
1571238670750,0.15284290063201703,1.2481988461969586,0.5976357060965077,0.04768869588506734,0.5299455471453711,0
1571238671000,0.06577477034385075,1.2481988461969586,0.6325756103645693,-0.9241766694930321,0.5299455471453711,0
1571238671250,-0.1083614902324818,1.3132302564997773,0.6675155146326309,0.40967492544022055,0.5299455471453711,0
1571238671500,-0.06482742508839867,1.280714551348368,0.7024554189006925,-0.10277240280152555,0.5239114523525776,0
1571238671750,0.022240705199767605,1.2481988461969586,0.6675155146326309,0.8703616059044542,0.527935229255008,0
1571238672000,-0.06482742508839867,1.3132302564997773,0.7024554189006925,-0.02107177248604003,0.5198892460109995,0
1571238672250,-0.28249775080881434,1.3457459616511867,0.7373953231687541,0.45830625300896194,0.5198892460109995,0
1571238672500,-0.36956588109698063,1.3457459616511867,0.7373953231687541,0.13750864349898623,0.5178773575597841,0
1571238672750,-0.28249775080881434,1.3132302564997773,0.7024554189006925,0.6207771751994875,0.5198892460109995,0
1571238673000,-0.19542962052064808,1.280714551348368,0.7024554189006925,-0.018872790717714336,0.5198892460109995,0
1571238673250,0.022240705199767605,1.280714551348368,0.6675155146326309,-0.9675642713065353,0.513855151218206,0
1571238673500,0.06577477034385075,1.3132302564997773,0.6325756103645693,-0.17669202070601245,0.5158654691085692,0
1571238673750,-0.06482742508839867,1.4107773719540053,0.6325756103645693,-0.5988119440026876,0.5118432627669907,0
1571238674000,0.28344509606426643,1.3132302564997773,0.49281599329232295,0.484778610450729,0.5098313743157757,0
1571238674250,0.3705132263524327,1.2156831410455493,0.5626958018284461,-0.7271986487841648,0.5098313743157757,0
1571238674500,0.19637696577610014,1.18316743589414,0.5626958018284461,0.08718579149307122,0.5058091679741971,0
1571238674750,0.3269791612083496,1.18316743589414,0.5277558975603845,-0.6674878361519363,0.5037972795229821,0
1571238675000,0.19637696577610014,1.1506517307427304,0.5626958018284461,0.5963346470823289,0.5058091679741971,0
1571238675250,0.45758135664059896,1.2156831410455493,0.4229361847561997,-0.21686572608888577,0.5017853910717671,0
1571238675500,0.3705132263524327,1.18316743589414,0.4578760890242613,0.788322670701534,0.5037972795229821,0
1571238675750,0.5011154217846822,1.2156831410455493,0.3879962804881381,-0.10201121680479742,0.5017853910717671,0
1571238676000,0.6317176172169315,1.18316743589414,0.24823666341589168,0.9195849670262064,0.5017853910717671,0
1571238676250,0.6317176172169315,1.2156831410455493,0.21329675914783008,-0.14810525771777838,0.5017853910717671,0
1571238676500,0.41404729149651587,1.2481988461969586,0.14341695061170687,0.5029624981503453,0.49776318473018866,0
1571238676750,0.8493879429373472,1.280714551348368,-0.031282570728601154,0.2676714489394958,0.49776318473018866,0
1571238677000,0.8929220080814304,1.3457459616511867,-0.4156215176772788,-0.8259836759151038,0.49977507318140374,0
1571238677250,1.0235242035136798,1.3132302564997773,-0.6951407518217716,0.20728402653239777,0.5058091679741971,0
1571238677500,1.1541263989459292,1.3132302564997773,-0.8698402731620797,-0.30888465547113036,0.49776318473018866,0
1571238677750,1.110592333801846,1.2481988461969586,-0.7999604646259565,1.7515612614500482,0.49977507318140374,0
1571238678000,1.1976604640900124,1.1506517307427304,-0.9047801774301413,-0.5073850481734539,0.49977507318140374,0
1571238678250,1.1541263989459292,1.2481988461969586,-0.9397200816982029,-0.6155580359307063,0.49776318473018866,0
1571238678500,1.1541263989459292,1.2481988461969586,-0.9746599859662645,-0.36428208078856616,0.49977507318140374,0
1571238678750,1.2411945292340956,1.280714551348368,-1.0445397945023878,0.521061809628103,0.4957512962789736,0
1571238679000,1.5023989200985943,1.2156831410455493,-0.7999604646259565,0.11441933493156639,0.4957512962789736,0
1571238679250,-0.3260318159528975,1.0531046152885024,0.8771549402410006,0.028320741079429477,0.49977507318140374,0
1571238679500,-1.0661109234023107,1.18316743589414,0.9819746530451854,-0.2671040018729421,0.4897172014861801,0
1571238679750,-1.0225768582582277,0.8905260895314557,1.1217342701174318,0.42024695317255567,0.5017853910717671,0
1571238680000,-0.7178384022496457,1.0531046152885024,1.0518544615813086,-1.0437674472012066,0.49977507318140374,0
1571238680250,-0.8484405976818952,1.020588910137093,1.0518544615813086,-0.84611281671747,0.5017853910717671,0
1571238680500,-0.5872362068173963,1.0856203204399117,1.016914557313247,1.2532381622587014,0.49977507318140374,0
1571238680750,-0.28249775080881434,1.3132302564997773,0.7723352274368158,1.1922587062985928,0.4957512962789736,0
1571238681000,-0.4130999462410638,1.280714551348368,0.7723352274368158,1.6429653925835022,0.4957512962789736,0
1571238681250,-0.3260318159528975,1.280714551348368,0.7373953231687541,1.499185815423745,0.4897172014861801,0
1571238681500,-0.7178384022496457,0.8580103843800464,1.0867943658493702,-1.4033855425443167,0.4897172014861801,0
1571238681750,-0.8919746628259783,0.9880732049856839,1.0867943658493702,0.3885308699755504,0.4897172014861801,0
1571238682000,-0.804906532537812,1.020588910137093,1.0518544615813086,1.5794486499676328,0.49776318473018866,0
1571238682250,-0.6307702719614795,0.9880732049856839,1.0518544615813086,0.7851087742709041,0.49172908993739517,0
1571238682500,-0.06482742508839867,1.4432930771054147,0.7024554189006925,-3.455542989723344,0.4856949951446016,0
1571238682750,-0.28249775080881434,1.2156831410455493,0.8072751317048774,-0.13491136710782423,0.48167121824217146,0
1571238683000,0.3269791612083496,1.1506517307427304,0.5976357060965077,1.3578589486978896,0.48167121824217146,0
1571238683250,0.5881835520728484,1.2156831410455493,0.003657333539460452,0.7423977822322704,0.4736252349981627,0
1571238683500,1.0235242035136798,1.280714551348368,-0.48550132621340203,-1.1433982365507325,0.465580822315006,0
1571238683750,1.110592333801846,1.4107773719540053,-0.8349003688940181,1.261864936888287,0.46356893386379094,0
1571238684000,1.110592333801846,1.2481988461969586,-0.9746599859662645,-2.678118358398352,0.465580822315006,0
1571238684250,1.1541263989459292,1.18316743589414,-0.7650205603578949,0.6195931080934661,0.46960302865658443,0
1571238684500,1.0235242035136798,1.18316743589414,-0.4156215176772788,1.2413974911984862,0.4716149171077995,0
1571238684750,1.067058268657763,1.18316743589414,-0.5553811347495252,0.11213577694138202,0.465580822315006,0
1571238685000,1.067058268657763,1.118136025591321,-0.48550132621340203,-0.9166493857476095,0.46155704541257603,0
1571238685250,1.110592333801846,1.0856203204399117,-0.5204412304814636,-0.46061439748560346,0.46155704541257603,0
1571238685500,1.3282626595222617,1.0531046152885024,-0.66020084755371,-0.2276069062649382,0.45753483907099757,0
1571238685750,1.110592333801846,1.0531046152885024,-0.66020084755371,-0.4447986439980302,0.45552295061978254,0
1571238686000,1.1541263989459292,1.0531046152885024,-1.0794796987704494,0.2437363781534891,0.45552295061978254,0
1571238686250,1.110592333801846,1.18316743589414,-1.463818645719127,-0.038663626632645616,0.45753483907099757,0
1571238686500,1.1541263989459292,1.1506517307427304,-1.3939388371830037,0.16854811692112204,0.45552295061978254,0
1571238686750,1.2411945292340956,1.18316743589414,-1.1493595073065725,0.06426563536936876,0.449488855826989,0
1571238687000,1.110592333801846,1.3457459616511867,-1.5686383585233117,1.1929353160734624,0.4515007442782041,0
1571238687250,1.067058268657763,1.280714551348368,-1.2541792201107573,0.18123455019992413,0.4474769673757736,0
1571238687500,1.067058268657763,1.3132302564997773,-1.1493595073065725,0.054708522299337835,0.44345476103419545,0
1571238687750,1.1976604640900124,1.280714551348368,-0.9746599859662645,-0.8108445322024,0.4394309841317652,0
1571238688000,1.067058268657763,1.118136025591321,-0.6252609432856484,-0.45579355283965867,0.4394309841317652,0
1571238688250,1.1541263989459292,1.280714551348368,-0.8698402731620797,-0.9418530998614963,0.44345476103419545,0
1571238688500,0.8058538777932641,1.118136025591321,-0.06622247499666276,0.21887096892703703,0.44345476103419545,0
1571238688750,0.9799901383695966,1.0856203204399117,0.10847704634364527,0.6081753181425441,0.45351106216856707,0
1571238689000,0.8493879429373472,1.2156831410455493,-0.06622247499666276,0.3692474913917712,0.449488855826989,0
1571238689250,0.8058538777932641,1.1506517307427304,0.24823666341589168,-0.7229698376912309,0.44546507892455867,0
1571238689500,0.6317176172169315,1.280714551348368,0.07353714207558366,-0.4367639029214555,0.4474769673757736,0
1571238689750,0.6752516823610146,1.280714551348368,0.14341695061170687,-0.11249866831527383,0.44546507892455867,0
1571238690000,-0.19542962052064808,1.3457459616511867,0.5626958018284461,1.4244204353006713,0.44546507892455867,0
1571238690250,-0.021293359944315533,1.3457459616511867,0.5976357060965077,-0.9378780174341383,0.44144287258298004,0
1571238690500,-0.15189555537656493,1.3132302564997773,0.6325756103645693,1.1864229469903438,0.4394309841317652,0
1571238690750,0.022240705199767605,1.3132302564997773,0.5976357060965077,-0.07959851801224704,0.44144287258298004,0
1571238691000,-0.1083614902324818,1.280714551348368,0.5976357060965077,0.641582925776723,0.43742066624140197,0
1571238691250,0.06577477034385075,1.280714551348368,0.5976357060965077,-0.5390165551486005,0.4394309841317652,0
1571238691500,0.10930883548793388,1.2481988461969586,0.5976357060965077,0.48596267755675054,0.43742066624140197,0
1571238691750,0.19637696577610014,1.2481988461969586,0.5626958018284461,-0.21458216809870137,0.43742066624140197,0
1571238692000,-0.021293359944315533,1.2481988461969586,0.6325756103645693,-0.03705667841733068,0.43138500088775655,0
1571238692250,0.19637696577610014,1.280714551348368,0.5976357060965077,0.33262598732696247,0.4293746829973932,0
1571238692500,0.10930883548793388,1.118136025591321,0.5976357060965077,0.09944934366257992,0.4293746829973932,0
1571238692750,0.3269791612083496,1.18316743589414,0.4229361847561997,0.8977643017866667,0.42535090609496307,0
1571238693000,0.28344509606426643,1.2156831410455493,0.4229361847561997,-0.3581925928147412,0.4213286997533846,0
1571238693250,0.3269791612083496,1.0531046152885024,0.6325756103645693,0.38523239732306186,0.42334058820459985,0
1571238693500,0.41404729149651587,1.18316743589414,0.3879962804881381,-0.3576851354835891,0.42334058820459985,0
1571238693750,0.5881835520728484,1.18316743589414,0.3530563762200765,0.46710218008226473,0.41730492285095444,0
1571238694000,0.2399110309201833,1.2156831410455493,0.4229361847561997,-0.6940447698155621,0.4193168113021695,0
1571238694250,0.2399110309201833,1.18316743589414,0.5626958018284461,0.5753597440613761,0.4193168113021695,0
1571238694500,0.3705132263524327,1.1506517307427304,0.5626958018284461,0.21438842916852693,0.41529460496059106,0
1571238694750,0.3269791612083496,1.18316743589414,0.49281599329232295,-0.08890190241670191,0.41529460496059106,0
1571238695000,0.2399110309201833,1.2156831410455493,0.5277558975603845,-1.2810883257366645,0.41328271650937604,0
1571238695250,0.15284290063201703,1.2481988461969586,0.5626958018284461,-0.10886189077535055,0.41529460496059106,0
1571238695500,-0.36956588109698063,1.378261666802596,0.6675155146326309,-0.5014647126433462,0.41328271650937604,0
1571238695750,-0.6307702719614795,1.5408401925596427,0.6325756103645693,0.4964501290672269,0.41730492285095444,0
1571238696000,-0.6743043371055626,1.4107773719540053,0.7373953231687541,-0.12992137001816204,0.4193168113021695,0
1571238696250,-0.7178384022496457,1.4107773719540053,0.7723352274368158,0.7924669055726093,0.41127082805816095,0
1571238696500,-0.5872362068173963,1.4107773719540053,0.8072751317048774,-0.5305589329627324,0.41328271650937604,0
1571238696750,-0.6307702719614795,1.4432930771054147,0.7723352274368158,0.2538855247765308,0.41127082805816095,0
1571238697000,-0.36956588109698063,1.3457459616511867,0.8072751317048774,-0.30068076195083837,0.41328271650937604,0
1571238697250,-0.23896368566473122,1.2156831410455493,0.8072751317048774,1.114110277301172,0.41529460496059106,0
1571238697500,-0.06482742508839867,1.2156831410455493,0.6675155146326309,-0.02200211092648552,0.4072486217165825,0
1571238697750,0.10930883548793388,1.2156831410455493,0.6675155146326309,0.7970340215529781,0.40322484481415216,0
1571238698000,0.28344509606426643,1.2481988461969586,0.5277558975603845,-0.47736048941362225,0.4052367332653674,0
1571238698250,0.41404729149651587,1.2481988461969586,0.4578760890242613,0.6307571693788119,0.40121452692378895,0
1571238698500,0.41404729149651587,1.2156831410455493,0.4578760890242613,-0.46255965058835313,0.40121452692378895,0
1571238698750,0.41404729149651587,1.2481988461969586,0.4229361847561997,0.22335350868554707,0.40121452692378895,0
1571238699000,0.28344509606426643,1.18316743589414,0.5626958018284461,-0.969509524409285,0.3992026384725739,0
1571238699250,0.2399110309201833,1.2481988461969586,0.5277558975603845,0.5906680402177973,0.397190750021359,0
1571238699500,0.15284290063201703,1.2156831410455493,0.5277558975603845,-0.717641535714134,0.397190750021359,0
1571238699750,0.022240705199767605,1.280714551348368,0.5626958018284461,0.13742406727712755,0.397190750021359,0
1571238700000,0.2399110309201833,1.280714551348368,0.5277558975603845,-0.8875551654282233,0.39518043213099546,0
1571238700250,0.022240705199767605,1.2481988461969586,0.5976357060965077,0.24847264657757526,0.397190750021359,0
1571238700500,0.28344509606426643,1.280714551348368,0.4229361847561997,-0.5508572262088156,0.3911566552285653,0
1571238700750,0.3705132263524327,1.3457459616511867,0.3879962804881381,0.7862082651550669,0.3911566552285653,0
1571238701000,0.3269791612083496,1.4107773719540053,0.3181164719520149,0.023584472655343358,0.3911566552285653,0
1571238701250,0.2399110309201833,1.5408401925596427,0.3181164719520149,0.49687301017652036,0.3891447667773502,0
1571238701500,-0.15189555537656493,1.5083244874082333,0.6325756103645693,0.5913446499926668,0.3831106719845567,0
1571238701750,-0.36956588109698063,1.6383873080138707,0.842215035972939,0.05335530274959895,0.38713444888698706,0
1571238702000,-0.7178384022496457,1.7034187183166893,0.49281599329232295,-0.3574314068180131,0.39316854367978055,0
1571238702250,-0.7178384022496457,1.7034187183166893,0.6325756103645693,-0.9830417199066739,0.37908846564297827,0
1571238702500,-0.8919746628259783,1.6058716028624613,0.6675155146326309,-0.4555398241740826,0.3851225604357718,0
1571238702750,-0.1083614902324818,1.475808782256824,0.49281599329232295,-0.891107366746288,0.3811003540941935,0
1571238703000,0.7187857475050978,1.3457459616511867,-0.13610228353278597,0.3980034068237226,0.3770765771917632,0
1571238703250,0.7187857475050978,1.378261666802596,-0.4156215176772788,-0.4842957396060341,0.3811003540941935,0
1571238703500,0.8929220080814304,1.3132302564997773,-0.3806816134092172,0.6952888266569852,0.37908846564297827,0
1571238703750,0.8929220080814304,1.3132302564997773,-0.310801804873094,0.45001778326681124,0.37908846564297827,0
1571238704000,0.9799901383695966,1.280714551348368,-0.310801804873094,1.5833391561731323,0.3730543708501848,0
1571238704250,0.9799901383695966,1.280714551348368,-0.24092199633697078,-0.31235228056733627,0.3770765771917632,0
1571238704500,0.8929220080814304,1.3132302564997773,-0.3457417091411556,-0.35396378172180715,0.3750646887405481,0
1571238704750,0.7187857475050978,1.4432930771054147,-0.3806816134092172,-1.3121277991588003,0.3730543708501848,0
1571238705000,0.8493879429373472,1.5083244874082333,-0.48550132621340203,0.14139914970448553,0.3710424823989697,0
1571238705250,1.0235242035136798,1.378261666802596,-0.48550132621340203,-0.8933063485146138,0.3710424823989697,0
1571238705500,0.9364560732255135,1.4432930771054147,-0.4156215176772788,0.5207235047406683,0.3750646887405481,0
1571238705750,1.110592333801846,1.4107773719540053,-0.48550132621340203,-0.1503042394861041,0.3690305939477546,0
1571238706000,1.067058268657763,1.378261666802596,-0.6951407518217716,0.6830252744874766,0.3710424823989697,0
1571238706250,0.9364560732255135,1.5083244874082333,-0.48550132621340203,-0.9427834383019419,0.3710424823989697,0
1571238706500,0.3269791612083496,1.67090301316528,-0.10116237926472436,0.3879388364225396,0.36702027605739124,0
1571238706750,0.19637696577610014,1.6058716028624613,0.2831765676839533,-0.29949669484481684,0.3690305939477546,0
1571238707000,-0.1083614902324818,1.4432930771054147,0.3879962804881381,1.5841003421698603,0.36702027605739124,0
1571238707250,-0.23896368566473122,1.4432930771054147,0.5626958018284461,-0.6284981978750845,0.36702027605739124,0
1571238707500,0.28344509606426643,1.3457459616511867,0.4229361847561997,-0.2868948377878734,0.36299649915496107,0
1571238707750,0.022240705199767605,1.4107773719540053,0.4229361847561997,-0.13186662312091169,0.360984610703746,0
1571238708000,0.10930883548793388,1.3132302564997773,0.49281599329232295,1.161726690207609,0.36500838760617615,0
1571238708250,0.3269791612083496,1.4432930771054147,0.3879962804881381,-0.017942452277268848,0.36299649915496107,0
1571238708500,0.10930883548793388,1.4432930771054147,0.3879962804881381,0.9299032660929655,0.35897429281338267,0
1571238708750,0.022240705199767605,1.5083244874082333,0.3879962804881381,0.08397189506244136,0.3549505159109525,0
1571238709000,0.7187857475050978,1.3132302564997773,0.24823666341589168,0.9340475009640408,0.35897429281338267,0
1571238709250,0.45758135664059896,1.3132302564997773,0.3181164719520149,-0.5917075413665585,0.3549505159109525,0
1571238709500,0.6752516823610146,1.2156831410455493,0.24823666341589168,0.9171322565923046,0.3529401980205891,0
1571238709750,0.8493879429373472,1.3457459616511867,-0.24092199633697078,-0.4266147562984139,0.3529401980205891,0
1571238710000,0.8493879429373472,1.4107773719540053,-0.24092199633697078,0.7050996683925922,0.3529401980205891,0
1571238710250,0.7623198126491809,1.3457459616511867,-0.310801804873094,-0.27522331917137544,0.35092830956937404,0
1571238710500,1.0235242035136798,1.3457459616511867,-0.8698402731620797,0.8562373768540545,0.3469045326669439,0
1571238710750,1.110592333801846,1.4107773719540053,-1.2192393158426957,0.4435054141836928,0.3549505159109525,0
1571238711000,1.110592333801846,1.280714551348368,-1.2541792201107573,0.9841166243043797,0.3529401980205891,0
1571238711250,1.110592333801846,1.3132302564997773,-1.289119124378819,-0.10201121680479742,0.3569624043621676,0
1571238711500,1.0235242035136798,1.280714551348368,-1.2192393158426957,0.8273123089783857,0.35897429281338267,0
1571238711750,1.110592333801846,1.280714551348368,-1.114419603038511,0.1061308651894157,0.3569624043621676,0
1571238712000,1.067058268657763,1.3132302564997773,-1.0794796987704494,-0.9553852953588854,0.3529401980205891,0
1571238712250,1.067058268657763,1.280714551348368,-1.0445397945023878,-0.24460672685853302,0.3569624043621676,0
1571238712500,1.110592333801846,1.2481988461969586,-1.0445397945023878,-1.9561757286126538,0.3549505159109525,0
1571238712750,1.1541263989459292,1.2481988461969586,-1.114419603038511,-0.8239538465904955,0.3469045326669439,0
1571238713000,1.110592333801846,1.2481988461969586,-1.114419603038511,-1.3713311544598767,0.3529401980205891,0
1571238713250,1.067058268657763,1.280714551348368,-1.1493595073065725,0.3749986744781615,0.3469045326669439,0
1571238713500,1.1541263989459292,1.3132302564997773,-0.9047801774301413,-0.1178269702923707,0.34891642111815896,0
1571238713750,1.1541263989459292,1.280714551348368,-0.7300806560898333,0.41365000786757855,0.3469045326669439,0
1571238714000,0.9799901383695966,1.280714551348368,-0.66020084755371,-0.5503497688776636,0.3448942147765807,0
1571238714250,1.067058268657763,1.3132302564997773,-0.9746599859662645,-0.06141463031263071,0.3469045326669439,0
1571238714500,1.067058268657763,1.3132302564997773,-1.0794796987704494,-1.4260519700024432,0.3388601199837872,0
1571238714750,1.1976604640900124,1.3132302564997773,-1.0445397945023878,1.1679007544032927,0.3448942147765807,0
1571238715000,0.9364560732255135,1.475808782256824,-1.0445397945023878,0.23739316151408807,0.34891642111815896,0
1571238715250,0.8493879429373472,1.475808782256824,-1.0794796987704494,2.099930719285954,0.3469045326669439,0
1571238715500,0.8929220080814304,1.573355897711052,-1.1493595073065725,0.1621203240598623,0.3469045326669439,0
1571238715750,0.8493879429373472,1.475808782256824,-1.2192393158426957,1.0782499592330912,0.3448942147765807,0
1571238716000,0.9364560732255135,1.475808782256824,-1.1493595073065725,-0.1288218791339992,0.3448942147765807,0
1571238716250,0.9364560732255135,1.4432930771054147,-1.2192393158426957,0.7692930207833307,0.3469045326669439,0
1571238716500,1.0235242035136798,1.4107773719540053,-1.289119124378819,-1.0146732268818204,0.34288232632536547,0
1571238716750,0.9799901383695966,1.3457459616511867,-1.2541792201107573,0.27037788803897356,0.3408704378741504,0
1571238717000,1.067058268657763,1.3457459616511867,-1.114419603038511,-1.078612850606983,0.33684823153257193,0
1571238717250,1.1541263989459292,1.3457459616511867,-1.0445397945023878,0.3272976853498656,0.3408704378741504,0
1571238717500,1.1976604640900124,1.280714551348368,-1.0794796987704494,-0.6270604021034869,0.3388601199837872,0
1571238717750,1.110592333801846,1.2481988461969586,-1.1493595073065725,-0.587309577829907,0.3388601199837872,0
1571238718000,1.110592333801846,1.2156831410455493,-1.2541792201107573,-0.980335280807196,0.33684823153257193,0
1571238718250,1.110592333801846,1.3132302564997773,-1.2541792201107573,-0.4632362603632226,0.33483634308135685,0
1571238718500,1.110592333801846,1.280714551348368,-1.2541792201107573,0.513111644773387,0.33483634308135685,0
1571238718750,1.067058268657763,1.280714551348368,-1.2541792201107573,0.513365373438963,0.33081413673977844,0
1571238719000,1.110592333801846,1.2481988461969586,-1.2541792201107573,0.784601316939752,0.33081413673977844,0
1571238719250,1.1976604640900124,1.280714551348368,-1.1842994115746341,-0.13837899220403013,0.3288022482885635,0
1571238719500,1.067058268657763,1.3132302564997773,-1.1842994115746341,-0.9252761603771951,0.33081413673977844,0
1571238719750,1.067058268657763,1.280714551348368,-1.1842994115746341,-0.8412073958496664,0.3247800419469849,0
1571238720000,1.110592333801846,1.2481988461969586,-1.114419603038511,-0.8324114687763636,0.33282445463014176,0
1571238720250,1.1541263989459292,1.280714551348368,-1.1493595073065725,0.021385490887017664,0.32276815349577,0
1571238720500,1.1976604640900124,1.2481988461969586,-1.1842994115746341,-0.9509027556003753,0.3267903598373483,0
1571238720750,1.110592333801846,1.280714551348368,-1.1493595073065725,0.30209397123597875,0.3167340587029765,0
1571238721000,1.1541263989459292,1.280714551348368,-1.114419603038511,-1.2544468158511801,0.3187443765933397,0
1571238721250,1.1541263989459292,1.2481988461969586,-1.0794796987704494,0.5710463567465833,0.32075626504455473,0
1571238721500,1.110592333801846,1.2481988461969586,-0.9746599859662645,-0.9300970050231397,0.32075626504455473,0
1571238721750,1.1541263989459292,1.280714551348368,-0.9047801774301413,0.7304725349501965,0.32075626504455473,0
1571238722000,1.1976604640900124,1.2481988461969586,-0.7999604646259565,-0.7787901441179601,0.3167340587029765,0
1571238722250,1.0235242035136798,1.2481988461969586,-0.5903210390175868,0.7133881381347429,0.3187443765933397,0
1571238722500,1.1541263989459292,1.2156831410455493,-0.5903210390175868,-0.5802051751937779,0.31472217025176125,0
1571238722750,1.1976604640900124,1.18316743589414,-0.6951407518217716,0.8968339633462212,0.31472217025176125,0
1571238723000,1.2411945292340956,1.2156831410455493,-0.9047801774301413,-0.5681953516898453,0.3187443765933397,0
1571238723250,1.3282626595222617,1.18316743589414,-0.9746599859662645,0.8616502550530101,0.31271028180054616,0
1571238723500,1.371796724666345,1.118136025591321,-0.9047801774301413,-0.338909214230962,0.31271028180054616,0
1571238723750,1.110592333801846,1.280714551348368,-1.0095998902343262,0.7851933504927628,0.31069996391018295,0
1571238724000,1.1541263989459292,1.280714551348368,-1.0445397945023878,-0.3342575220287346,0.3046642985565376,0
1571238724250,0.9364560732255135,1.2481988461969586,-0.45056142194534043,0.7559299777296592,0.3046642985565376,0
1571238724500,1.0235242035136798,1.280714551348368,-0.4156215176772788,-0.9400769992024641,0.3046642985565376,0
1571238724750,1.067058268657763,1.280714551348368,-0.4156215176772788,0.04185293657681838,0.30064209221495913,0
1571238725000,0.9364560732255135,1.280714551348368,-0.4156215176772788,-1.2631581667026244,0.29863020376374405,0
1571238725250,1.067058268657763,1.280714551348368,-0.66020084755371,-0.3257998998428665,0.3046642985565376,0
1571238725500,0.8058538777932641,1.1506517307427304,-0.17104218780084757,-0.4622213457009184,0.3046642985565376,0
1571238725750,0.9799901383695966,1.2156831410455493,-0.17104218780084757,0.20178657211158355,0.2946079974221656,0
1571238726000,0.8493879429373472,1.18316743589414,-0.10116237926472436,0.2646267049525833,0.30064209221495913,0
1571238726250,1.2411945292340956,1.2481988461969586,-0.7650205603578949,0.7634572614750819,0.3026539806661742,0
1571238726500,1.2411945292340956,1.18316743589414,-1.0095998902343262,-1.3643113280456063,0.29863020376374405,0
1571238726750,1.371796724666345,1.2156831410455493,-1.114419603038511,-0.4068239203834826,0.2946079974221656,0
1571238727000,1.0235242035136798,1.3457459616511867,-1.114419603038511,0.33710852708547256,0.29259610897095056,0
1571238727250,1.110592333801846,1.2481988461969586,-1.2541792201107573,0.7307262636157724,0.29259610897095056,0
1571238727500,1.2411945292340956,1.2481988461969586,-1.2192393158426957,-0.12433933937548912,0.29259610897095056,0
1571238727750,1.110592333801846,1.280714551348368,-1.2541792201107573,0.11475763981900113,0.2905842205197355,0
1571238728000,1.1976604640900124,1.3132302564997773,-1.3939388371830037,-1.1747760148603028,0.2885739026293721,0
1571238728250,1.1541263989459292,1.3132302564997773,-1.0095998902343262,-0.19673658528651977,0.2885739026293721,0
1571238728500,1.067058268657763,1.280714551348368,-0.48550132621340203,-1.2027707442955262,0.286562014178157,0
1571238728750,1.0235242035136798,1.3132302564997773,-0.48550132621340203,0.37060071094151015,0.286562014178157,0
1571238729000,1.067058268657763,1.2156831410455493,-0.48550132621340203,-0.41646560967537216,0.286562014178157,0
1571238729250,0.9364560732255135,1.280714551348368,-0.4156215176772788,0.05301699786216423,0.27851603093414845,0
1571238729500,1.0235242035136798,1.2481988461969586,-0.4156215176772788,-1.6045923743461181,0.28455012572694194,0
1571238729750,1.067058268657763,1.2156831410455493,-0.3806816134092172,0.9797186607677284,0.2885739026293721,0
1571238730000,0.9799901383695966,0.9880732049856839,-0.06622247499666276,0.6422595355515924,0.28455012572694194,0
1571238730250,0.8058538777932641,0.9555574998342745,0.1783568548797685,1.4781263361809334,0.2946079974221656,0
1571238730500,0.45758135664059896,0.7929789740772277,0.5626958018284461,-0.07968309423410573,0.2966198858733807,0
1571238730750,0.5011154217846822,0.7279475637744091,0.6325756103645693,0.8539538188638701,0.3046642985565376,0
1571238731000,0.3705132263524327,0.7604632689258184,0.5976357060965077,-0.2105225094494847,0.3046642985565376,0
1571238731250,0.41404729149651587,0.7604632689258184,0.5976357060965077,1.2761583183824041,0.3046642985565376,0
1571238731500,0.3705132263524327,0.7279475637744091,0.6675155146326309,-0.3882171515745728,0.3066761870077526,0
1571238731750,0.5011154217846822,0.6954318586229997,0.5976357060965077,0.8395758611478944,0.3026539806661742,0
1571238732000,1.0235242035136798,0.8580103843800464,0.07353714207558366,-0.5472204486688924,0.3026539806661742,0
1571238732250,1.1541263989459292,0.9230417946828652,-0.310801804873094,0.7139801716877537,0.30064209221495913,0
1571238732500,1.1976604640900124,0.8905260895314557,-0.3457417091411556,-0.3576005592617304,0.2966198858733807,0
1571238732750,1.2847285943781785,0.8580103843800464,-0.3457417091411556,1.0381608300720766,0.2946079974221656,0
1571238733000,1.110592333801846,0.8905260895314557,-0.4156215176772788,-0.20680115568770277,0.29259610897095056,0
1571238733250,1.1976604640900124,0.9230417946828652,-0.45056142194534043,0.5938819366484271,0.286562014178157,0
1571238733500,1.1976604640900124,0.9555574998342745,-0.5553811347495252,-1.011121025563756,0.28253980783657856,0
1571238733750,1.110592333801846,0.9230417946828652,-0.45056142194534043,0.3727996927098358,0.28253980783657856,0
1571238734000,1.067058268657763,0.9555574998342745,-0.2758619006050324,-0.38415749292535617,0.27851603093414845,0
1571238734250,1.2411945292340956,0.9880732049856839,-0.45056142194534043,0.11932475579936987,0.27851603093414845,0
1571238734500,1.1541263989459292,0.9230417946828652,-0.24092199633697078,-1.6119505056478232,0.27851603093414845,0
1571238734750,1.0235242035136798,0.8905260895314557,-0.031282570728601154,-0.5391011313704591,0.27650414248293337,0
1571238735000,1.110592333801846,0.8905260895314557,-0.13610228353278597,-0.8506799326978386,0.27650414248293337,0
1571238735250,1.067058268657763,0.8905260895314557,-0.06622247499666276,-0.057524124107131404,0.27449382459257016,0
1571238735500,1.110592333801846,0.9555574998342745,-0.17104218780084757,-0.2447758793022504,0.27650414248293337,0
1571238735750,1.1541263989459292,0.9230417946828652,-0.2758619006050324,0.07052427578691113,0.27449382459257016,0
1571238736000,1.110592333801846,0.9230417946828652,-0.24092199633697078,-0.8856944885473325,0.2724819361413549,0
1571238736250,1.1976604640900124,0.9555574998342745,-0.48550132621340203,-0.03232040999324456,0.2724819361413549,0
1571238736500,1.1976604640900124,0.9880732049856839,-0.5553811347495252,-0.9481963165008974,0.26845972979977667,0
1571238736750,1.3282626595222617,0.9230417946828652,-0.5553811347495252,0.48841538799065226,0.2724819361413549,0
1571238737000,1.3282626595222617,0.9555574998342745,-0.8698402731620797,-0.7892775956284366,0.26845972979977667,0
1571238737250,1.110592333801846,0.9555574998342745,-0.6951407518217716,0.5526933166032496,0.2704700476901398,0
1571238737500,1.415330789810428,0.9230417946828652,-0.7999604646259565,-0.4315201771662173,0.2604137465557679,0
1571238737750,1.1976604640900124,1.118136025591321,-0.7650205603578949,0.810566217050367,0.26443595289734634,0
1571238738000,0.7623198126491809,1.3457459616511867,-0.7999604646259565,-0.03511142531458103,0.26845972979977667,0
1571238738250,1.2411945292340956,1.3457459616511867,-1.0445397945023878,1.1255280672520938,0.2664478413485614,0
1571238738500,1.1541263989459292,1.378261666802596,-1.4987585499871885,-0.9266293799269338,0.26845972979977667,0
1571238738750,1.067058268657763,1.280714551348368,-1.3589989329149421,0.4852014915600224,0.2664478413485614,0
1571238739000,1.110592333801846,1.280714551348368,-1.289119124378819,0.7577060783886916,0.26443595289734634,0
1571238739250,1.067058268657763,1.3132302564997773,-1.3939388371830037,1.5620259482647447,0.26242406444613126,0
1571238739500,1.110592333801846,1.3132302564997773,-1.3240590286468805,-0.9380471698778557,0.26443595289734634,0
1571238739750,1.1976604640900124,1.280714551348368,-1.289119124378819,-0.23961672976887086,0.26242406444613126,0
1571238740000,1.067058268657763,1.2156831410455493,-1.3939388371830037,-0.69353731248441,0.26242406444613126,0
1571238740250,1.2847285943781785,1.1506517307427304,-1.3589989329149421,0.9046995519790786,0.2563899696533377,0
1571238740500,1.2847285943781785,1.0856203204399117,-1.114419603038511,-0.49689759666297745,0.2604137465557679,0
1571238740750,1.2411945292340956,1.0856203204399117,-0.9047801774301413,0.7759745423101666,0.25840185810455296,0
1571238741000,1.2411945292340956,1.0531046152885024,-0.7650205603578949,-1.2962274694493685,0.25840185810455296,0
1571238741250,1.2411945292340956,1.0856203204399117,-0.7999604646259565,-0.8638738233077928,0.25840185810455296,0
1571238741500,1.2411945292340956,1.0856203204399117,-0.7999604646259565,-1.8253363133972746,0.2604137465557679,0
1571238741750,1.1541263989459292,1.118136025591321,-0.7999604646259565,0.2302887588779589,0.2543796517629744,0
1571238742000,1.2847285943781785,1.18316743589414,-1.2192393158426957,-0.3204715978657696,0.2563899696533377,0
1571238742250,0.9799901383695966,1.1506517307427304,-1.1842994115746341,0.8535309377545768,0.2543796517629744,0
1571238742500,1.0235242035136798,1.280714551348368,-1.3939388371830037,0.5456734901889791,0.2503558748605442,0
1571238742750,0.9799901383695966,1.280714551348368,-1.2541792201107573,0.5936282079828511,0.2543796517629744,0
1571238743000,1.0235242035136798,1.2481988461969586,-1.2541792201107573,0.17641370555397934,0.24834398640932914,0
1571238743250,1.2847285943781785,1.118136025591321,-1.5686383585233117,0.48680843977533733,0.24834398640932914,0
1571238743500,1.371796724666345,1.118136025591321,-1.2192393158426957,-0.7343030514202941,0.24230989161653563,0
1571238743750,1.1976604640900124,1.18316743589414,-0.9397200816982029,-0.5023950510837917,0.24432178006775068,0
1571238744000,1.2411945292340956,1.3132302564997773,-0.8698402731620797,-0.9681563048595461,0.24230989161653563,0
1571238744250,1.3282626595222617,1.1506517307427304,-0.7300806560898333,-0.614881426155837,0.24230989161653563,0
1571238744500,1.110592333801846,1.0856203204399117,-0.66020084755371,-1.3619431938335633,0.24432178006775068,0
1571238744750,1.110592333801846,1.18316743589414,-0.5553811347495252,-0.2922231397649703,0.23828768527495717,0
1571238745000,1.110592333801846,1.1506517307427304,-0.7650205603578949,-1.3247296562157438,0.24230989161653563,0
1571238745250,1.1976604640900124,1.0531046152885024,-0.7999604646259565,1.1790648156886387,0.23828768527495717,0
1571238745500,1.2411945292340956,1.0856203204399117,-0.9047801774301413,-0.5610063728318573,0.23627579682374208,0
1571238745750,1.371796724666345,1.020588910137093,-1.0445397945023878,0.7795267436282312,0.23828768527495717,0
1571238746000,1.2411945292340956,1.0856203204399117,-1.0445397945023878,-0.1104688389906655,0.23828768527495717,0
1571238746250,1.2411945292340956,1.118136025591321,-1.0794796987704494,1.9014303265836303,0.23828768527495717,0
1571238746500,1.371796724666345,1.2481988461969586,-1.289119124378819,0.49205216553057557,0.23627579682374208,0
1571238746750,1.067058268657763,1.4107773719540053,-0.9746599859662645,0.7094130557073849,0.24029957372617242,0
1571238747000,0.9799901383695966,1.4432930771054147,-1.2541792201107573,-0.8529634906880231,0.23426390837252703,0
1571238747250,1.0235242035136798,1.2156831410455493,-1.2192393158426957,0.4951814857393467,0.23225359048216365,0
1571238747500,1.2411945292340956,1.0531046152885024,-0.9746599859662645,0.3373622557510486,0.23627579682374208,0
1571238747750,1.1976604640900124,1.2481988461969586,-0.9746599859662645,1.0822250416604493,0.23426390837252703,0
1571238748000,1.0235242035136798,1.378261666802596,-1.2541792201107573,-1.0338720292437409,0.23426390837252703,0
1571238748250,1.067058268657763,1.5083244874082333,-1.1842994115746341,-0.3697795352093804,0.23024170203094857,0
1571238748500,1.1976604640900124,1.4432930771054147,-1.1493595073065725,-0.845013325833307,0.22621949568937014,0
1571238748750,0.8493879429373472,1.5408401925596427,-1.0095998902343262,0.8189392630143764,0.22621949568937014,0
1571238749000,0.9799901383695966,1.4107773719540053,-0.7999604646259565,0.49196758930871687,0.23225359048216365,0
1571238749250,1.110592333801846,1.280714551348368,-1.114419603038511,1.3216603257423742,0.23225359048216365,0
1571238749500,1.1541263989459292,1.0856203204399117,-0.8349003688940181,-0.4792211662945132,0.22621949568937014,0
1571238749750,1.1541263989459292,1.118136025591321,-0.8349003688940181,0.42244593494088134,0.21012752920135297,0
1571238750000,1.1976604640900124,1.2481988461969586,-0.9746599859662645,-1.44229060459931,0.22621949568937014,0
1571238750250,1.067058268657763,1.378261666802596,-1.0095998902343262,0.21684113960242868,0.22420760723815505,0
1571238750500,1.0235242035136798,1.3132302564997773,-1.0794796987704494,-1.4235992595685416,0.22621949568937014,0
1571238750750,1.1541263989459292,1.280714551348368,-1.1842994115746341,0.2764673760127985,0.22621949568937014,0
1571238751000,1.1541263989459292,1.2156831410455493,-1.0794796987704494,-0.3713019072028367,0.22621949568937014,0
1571238751250,1.2411945292340956,1.1506517307427304,-1.114419603038511,0.9604352821839491,0.22420760723815505,0
1571238751500,1.1976604640900124,1.18316743589414,-1.0445397945023878,0.5721458476307462,0.22420760723815505,0
1571238751750,1.110592333801846,1.2156831410455493,-1.0445397945023878,-0.03511142531458103,0.21817351244536154,0
1571238752000,1.1976604640900124,1.2156831410455493,-1.0794796987704494,0.09276782213574415,0.2201854008965768,0
1571238752250,1.1541263989459292,1.18316743589414,-1.114419603038511,-0.2854570420162758,0.2201854008965768,0
1571238752500,1.1541263989459292,1.1506517307427304,-1.114419603038511,0.28297974509591695,0.2201854008965768,0
1571238752750,1.110592333801846,1.118136025591321,-1.0095998902343262,0.25067162834590095,0.22219571878694,0
1571238753000,1.1976604640900124,1.0531046152885024,-0.48550132621340203,0.23680112796107733,0.21616162399414648,0
1571238753250,1.2847285943781785,1.0856203204399117,-0.5553811347495252,-0.06242954497493488,0.2201854008965768,0
1571238753500,1.371796724666345,1.020588910137093,-0.3806816134092172,-1.1680944933334672,0.21213941765256822,0
1571238753750,1.2411945292340956,1.0856203204399117,-0.3806816134092172,-0.16265236787747145,0.21213941765256822,0
1571238754000,1.2411945292340956,1.118136025591321,-0.7999604646259565,-1.0980653816344796,0.2141497355429314,0
1571238754250,1.2411945292340956,1.020588910137093,-0.45056142194534043,0.685816289808813,0.2141497355429314,0
1571238754500,0.6317176172169315,1.0856203204399117,-0.48550132621340203,0.02747497886084267,0.21213941765256822,0
1571238754750,1.110592333801846,0.9230417946828652,-0.24092199633697078,0.3445512346090364,0.21213941765256822,0
1571238755000,1.0235242035136798,1.020588910137093,-0.031282570728601154,-0.4824350627251431,0.21213941765256822,0
1571238755250,0.9799901383695966,1.0531046152885024,-0.4156215176772788,1.317177785983864,0.2081156407501379,0
1571238755500,1.2411945292340956,1.1506517307427304,-0.7300806560898333,-0.3760381756269228,0.21012752920135297,0
1571238755750,1.371796724666345,1.1506517307427304,-0.9397200816982029,0.2896612666227527,0.20409343440855962,0
1571238756000,1.067058268657763,1.1506517307427304,-0.6951407518217716,-0.3848341027002256,0.2081156407501379,0
1571238756250,1.2411945292340956,1.118136025591321,-0.6252609432856484,1.1822787121192686,0.21012752920135297,0
1571238756500,1.1541263989459292,1.0856203204399117,-0.48550132621340203,0.174383876229371,0.2061037522989228,0
1571238756750,1.110592333801846,1.0856203204399117,-0.4156215176772788,0.3474268261522316,0.20409343440855962,0
1571238757000,1.1541263989459292,1.0856203204399117,-0.310801804873094,-1.5382000401870537,0.1980593396157661,0
1571238757250,1.067058268657763,0.9880732049856839,-0.17104218780084757,0.0562308942927941,0.2000696575061293,0
1571238757500,1.1976604640900124,1.18316743589414,-0.7650205603578949,-0.7409845729471298,0.20208154595734437,0
1571238757750,1.067058268657763,1.18316743589414,-0.6252609432856484,0.7553379441766486,0.20208154595734437,0
1571238758000,1.1976604640900124,1.18316743589414,-0.7650205603578949,-0.675268848562935,0.20208154595734437,0
1571238758250,1.1976604640900124,1.0856203204399117,-0.66020084755371,0.5992948148473827,0.2000696575061293,0
1571238758500,1.1541263989459292,1.18316743589414,-0.7300806560898333,-0.2411391017623271,0.2000696575061293,0
1571238758750,1.1976604640900124,1.118136025591321,-0.66020084755371,-0.18455760933886975,0.1980593396157661,0
1571238759000,1.1541263989459292,1.118136025591321,-0.66020084755371,0.3390537801882222,0.19604745116455086,0
1571238759250,1.1976604640900124,1.0856203204399117,-0.6252609432856484,-0.21559708276100556,0.1980593396157661,0
1571238759500,1.1541263989459292,1.118136025591321,-0.6252609432856484,0.5145494405449845,0.1920236742621207,0
1571238759750,1.1541263989459292,1.0856203204399117,-0.5903210390175868,-0.45325626618389825,0.19604745116455086,0
1571238760000,1.110592333801846,1.118136025591321,-0.6252609432856484,0.882878886739539,0.19403556271333594,0
1571238760250,1.1541263989459292,1.1506517307427304,-0.6252609432856484,-0.5243848687670487,0.19403556271333594,0
1571238760500,1.110592333801846,1.020588910137093,-0.48550132621340203,0.6944430644383984,0.1920236742621207,0
1571238760750,1.110592333801846,1.118136025591321,-0.5204412304814636,-0.8353716365414174,0.1920236742621207,0
1571238761000,1.110592333801846,1.118136025591321,-0.48550132621340203,0.4591520152275488,0.19604745116455086,0
1571238761250,1.0235242035136798,1.118136025591321,-0.5204412304814636,-0.7864865803071,0.1920236742621207,0
1571238761500,1.2411945292340956,1.1506517307427304,-0.6252609432856484,-0.17973676469292493,0.19604745116455086,0
1571238761750,1.1541263989459292,1.118136025591321,-0.5903210390175868,-1.1081299520356624,0.1920236742621207,0
1571238762000,1.1541263989459292,1.1506517307427304,-0.6951407518217716,-0.11901103739839224,0.19403556271333594,0
1571238762250,1.110592333801846,1.0531046152885024,-0.5204412304814636,-0.6158117645962824,0.1920236742621207,0
1571238762500,1.1541263989459292,1.0531046152885024,-0.5204412304814636,0.424391188043631,0.19001335637175734,0
1571238762750,1.2847285943781785,1.0856203204399117,-0.6252609432856484,-1.0445286331979347,0.18800146792054243,0
1571238763000,1.2847285943781785,1.2481988461969586,-0.7650205603578949,0.36755596695459763,0.19001335637175734,0
1571238763250,1.5023989200985943,1.18316743589414,-0.8349003688940181,-0.6023641453207522,0.19604745116455086,0
1571238763500,1.067058268657763,1.118136025591321,-0.13610228353278597,0.38963036085971325,0.1920236742621207,0
1571238763750,0.8493879429373472,1.118136025591321,0.14341695061170687,-0.7229698376912309,0.19001335637175734,0
1571238764000,1.067058268657763,0.8905260895314557,0.2831765676839533,0.6056380314867837,0.1920236742621207,0
1571238764250,0.8929220080814304,1.0856203204399117,0.038597237807522056,-0.11266782075899119,0.19001335637175734,0
1571238764500,0.6752516823610146,1.0856203204399117,0.1783568548797685,-0.7285518683339037,0.19001335637175734,0
1571238764750,0.6752516823610146,1.0531046152885024,0.21329675914783008,-0.8989729553791453,0.18598957946932718,0
1571238765000,0.7623198126491809,1.0856203204399117,0.14341695061170687,1.4829471808268782,0.18598957946932718,0
1571238765250,0.8058538777932641,1.0856203204399117,0.1783568548797685,-0.073255301372846,0.18397926157896383,0
1571238765500,0.6752516823610146,1.0856203204399117,0.21329675914783008,0.9420822420406154,0.18397926157896383,0
1571238765750,0.6752516823610146,1.0856203204399117,0.2831765676839533,-0.3214865125280738,0.18397926157896383,0
1571238766000,0.6752516823610146,1.0856203204399117,0.2831765676839533,0.8345012878363737,0.18598957946932718,0
1571238766250,0.6317176172169315,1.1506517307427304,0.21329675914783008,-0.6035482124267737,0.18397926157896383,0
1571238766500,0.5881835520728484,1.118136025591321,0.3181164719520149,0.5877078724527434,0.1819673731277489,0
1571238766750,0.7187857475050978,1.118136025591321,0.24823666341589168,-0.46247507436649443,0.17995548467653366,0
1571238767000,0.6317176172169315,1.18316743589414,0.1783568548797685,0.48105725668894705,0.17995548467653366,0
1571238767250,0.5881835520728484,1.18316743589414,0.24823666341589168,-0.7681335401637663,0.17995548467653366,0
1571238767500,0.7187857475050978,1.2481988461969586,0.10847704634364527,0.10460849319595944,0.1759332783349554,0
1571238767750,0.6752516823610146,1.2156831410455493,0.21329675914783008,-0.7439447407121837,0.17392138988374015,0
1571238768000,0.7187857475050978,1.2156831410455493,0.14341695061170687,-0.11638917452077313,0.17794359622531858,0
1571238768250,0.6317176172169315,1.18316743589414,0.1783568548797685,-0.2429997786432181,0.17190950143252506,0
1571238768500,0.5881835520728484,1.1506517307427304,0.24823666341589168,-0.08687207309209358,0.1759332783349554,0
1571238768750,1.0235242035136798,1.0856203204399117,0.14341695061170687,0.2110899565160384,0.17392138988374015,0
1571238769000,0.8058538777932641,1.1506517307427304,0.21329675914783008,-0.22303979028456944,0.17392138988374015,0
1571238769250,0.5011154217846822,1.280714551348368,0.2831765676839533,0.637100386018213,0.1759332783349554,0
1571238769500,0.5446494869287652,1.2156831410455493,0.3181164719520149,-0.14210034596581206,0.16989918354216188,0
1571238769750,0.41404729149651587,1.3132302564997773,0.3530563762200765,0.4660872654199606,0.17392138988374015,0
1571238770000,0.41404729149651587,1.2481988461969586,0.3879962804881381,-0.7660191346172993,0.17794359622531858,0
1571238770250,0.8929220080814304,1.18316743589414,0.21329675914783008,0.07145461422735662,0.1819673731277489,0
1571238770500,0.6317176172169315,1.118136025591321,0.24823666341589168,-0.6242693867821505,0.17190950143252506,0
1571238770750,0.9799901383695966,1.0531046152885024,0.21329675914783008,0.042444970129829146,0.17190950143252506,0
1571238771000,0.3705132263524327,1.0531046152885024,0.5976357060965077,-0.6801742694307384,0.16989918354216188,0
1571238771250,0.10930883548793388,1.0856203204399117,0.6675155146326309,0.3095366787595427,0.1759332783349554,0
1571238771500,0.06577477034385075,1.2156831410455493,0.5976357060965077,-0.9583454631239391,0.17794359622531858,0
1571238771750,0.6752516823610146,1.1506517307427304,0.2831765676839533,0.08228037062526775,0.17190950143252506,0
1571238772000,0.8058538777932641,1.118136025591321,0.4229361847561997,-0.7110445904091569,0.17392138988374015,0
1571238772250,0.022240705199767605,1.1506517307427304,0.4229361847561997,1.0606581050864856,0.16989918354216188,0
1571238772500,1.3282626595222617,1.118136025591321,-0.5553811347495252,0.34285971017186284,0.17392138988374015,0
1571238772750,1.1976604640900124,1.118136025591321,-0.45056142194534043,-0.7495267713548566,0.16587540663973155,0
1571238773000,1.110592333801846,1.1506517307427304,-0.6252609432856484,0.43572440177269417,0.16587540663973155,0
1571238773250,1.2411945292340956,1.118136025591321,-0.9047801774301413,0.46075896344286366,0.15984131184693803,0
1571238773500,1.2847285943781785,1.1506517307427304,-0.9397200816982029,1.1990248040472873,0.15782942339572295,0
1571238773750,1.1541263989459292,1.2156831410455493,-0.9397200816982029,-1.0003798453877035,0.15782942339572295,0
1571238774000,1.1976604640900124,1.2481988461969586,-0.6252609432856484,-1.1976115947621468,0.1558191055053596,0
1571238774250,1.2847285943781785,1.280714551348368,-0.45056142194534043,1.5688766222352977,0.15984131184693803,0
1571238774500,0.9799901383695966,1.2481988461969586,-0.48550132621340203,-0.7310891549896642,0.14777312226135117,0
1571238774750,1.1541263989459292,1.2481988461969586,-0.45056142194534043,-0.5994039775556984,0.15380721705414452,0
1571238775000,1.3282626595222617,1.18316743589414,-0.6252609432856484,-0.7781981105649494,0.15380721705414452,0
1571238775250,1.0235242035136798,1.2156831410455493,-0.66020084755371,-1.835823764907751,0.1558191055053596,0
1571238775500,1.110592333801846,1.280714551348368,-0.9047801774301413,0.4316647431234775,0.15782942339572295,0
1571238775750,1.1976604640900124,1.1506517307427304,-0.3806816134092172,-0.7451288078182052,0.15380721705414452,0
1571238776000,1.067058268657763,1.1506517307427304,-0.17104218780084757,0.9628879926178509,0.1558191055053596,0
1571238776250,0.8929220080814304,1.18316743589414,-0.2059820920689092,-0.8449287496114484,0.15380721705414452,0
1571238776500,1.110592333801846,1.118136025591321,-0.2758619006050324,0.5385690875528499,0.15179532860292944,0
1571238776750,1.067058268657763,1.1506517307427304,-0.3457417091411556,-1.7457500886282562,0.15380721705414452,0
1571238777000,1.110592333801846,1.1506517307427304,-0.3806816134092172,0.7852779267146214,0.14978344015171435,0
1571238777250,1.110592333801846,1.0856203204399117,-0.3457417091411556,-0.23894011999400142,0.15380721705414452,0
1571238777500,1.067058268657763,1.1506517307427304,-0.66020084755371,1.2151788624222952,0.14978344015171435,0
1571238777750,1.1976604640900124,1.18316743589414,-1.0445397945023878,-0.5228624967735924,0.1558191055053596,0
1571238778000,1.1541263989459292,1.18316743589414,-1.2541792201107573,0.27536788512863564,0.1558191055053596,0
1571238778250,1.2411945292340956,1.2156831410455493,-1.3240590286468805,-0.1457371235057353,0.15380721705414452,0
1571238778500,1.067058268657763,1.18316743589414,-1.3589989329149421,1.1248514574772241,0.15380721705414452,0
1571238778750,1.110592333801846,1.1506517307427304,-1.3240590286468805,0.6666174874468924,0.15179532860292944,0
1571238779000,1.1541263989459292,1.2156831410455493,-1.1493595073065725,-0.7598450704216156,0.1558191055053596,0
1571238779250,0.8929220080814304,1.118136025591321,-1.2192393158426957,0.04092259813637289,0.15782942339572295,0
1571238779500,1.2411945292340956,1.0856203204399117,-0.9746599859662645,-0.9537783471435703,0.15984131184693803,0
1571238779750,1.2847285943781785,1.1506517307427304,-1.0794796987704494,0.17658285799769669,0.15782942339572295,0
1571238780000,1.2411945292340956,1.18316743589414,-1.1842994115746341,-0.9385546272090078,0.15179532860292944,0
1571238780250,1.2847285943781785,1.18316743589414,-1.1842994115746341,0.08828528237723407,0.15782942339572295,0
1571238780500,0.9799901383695966,1.475808782256824,-1.114419603038511,0.17548336711353385,0.14978344015171435,0
1571238780750,0.6752516823610146,1.7359344234680987,-1.2541792201107573,1.5219368191037301,0.15380721705414452,0
1571238781000,0.7623198126491809,1.7034187183166893,-1.289119124378819,-0.3718939407558474,0.15380721705414452,0
1571238781250,1.110592333801846,1.6383873080138707,-1.2541792201107573,0.3084371878753798,0.15179532860292944,0
1571238781500,0.8058538777932641,1.6383873080138707,-1.289119124378819,-1.4928671852708009,0.15380721705414452,0
1571238781750,0.8493879429373472,1.5083244874082333,-1.1493595073065725,0.23832349995453359,0.14978344015171435,0
1571238782000,1.110592333801846,1.3132302564997773,-1.0794796987704494,-0.9742457928333711,0.15179532860292944,0
1571238782250,0.06577477034385075,1.378261666802596,-0.6951407518217716,-0.3774759713985204,0.14777312226135117,0
1571238782500,0.8493879429373472,1.118136025591321,0.07353714207558366,-1.3415603243656211,0.14978344015171435,0
1571238782750,0.8058538777932641,1.118136025591321,0.10847704634364527,-0.8845104214413109,0.1397271390173424,0
1571238783000,0.8058538777932641,1.118136025591321,0.21329675914783008,0.6067375223709466,0.14374934535892084,0
1571238783250,0.6752516823610146,1.020588910137093,0.2831765676839533,-0.20925386612160451,0.14374934535892084,0
1571238783500,0.5881835520728484,1.0531046152885024,0.3879962804881381,-1.555876470555518,0.14576123381013592,0
1571238783750,0.6317176172169315,1.118136025591321,0.2831765676839533,1.2394522380957367,0.14374934535892084,0
1571238784000,0.5446494869287652,1.020588910137093,0.3879962804881381,2.042672617087627,0.13771525056612732,0
1571238784250,0.6317176172169315,1.020588910137093,0.24823666341589168,0.7544921819580617,0.14576123381013592,0
1571238784500,0.5011154217846822,1.0531046152885024,0.3530563762200765,1.6191994742412128,0.1397271390173424,0
1571238784750,0.5011154217846822,1.0856203204399117,0.3879962804881381,0.3204470113793125,0.1397271390173424,0
1571238785000,0.41404729149651587,1.020588910137093,0.3879962804881381,1.2853771265650002,0.14777312226135117,0
1571238785250,0.28344509606426643,1.020588910137093,0.4229361847561997,-0.02851448000960393,0.14374934535892084,0
1571238785500,1.110592333801846,1.118136025591321,-0.10116237926472436,0.9606890108495252,0.14374934535892084,0
1571238785750,1.1541263989459292,1.1506517307427304,-0.2059820920689092,0.006161770952455141,0.13369304422454906,0
1571238786000,0.9364560732255135,1.18316743589414,-0.13610228353278597,1.1423587354019713,0.13369304422454906,0
1571238786250,1.110592333801846,1.18316743589414,-0.06622247499666276,0.14816524745318,0.13369304422454906,0
1571238786500,0.8058538777932641,1.18316743589414,0.003657333539460452,0.971599343469295,0.1316811557733338,0
1571238786750,0.9364560732255135,1.2156831410455493,-0.10116237926472436,-0.20612454591283333,0.1316811557733338,0
1571238787000,0.6752516823610146,1.18316743589414,0.21329675914783008,0.277397714453244,0.1316811557733338,0
1571238787250,0.7187857475050978,1.0856203204399117,0.24823666341589168,-0.6104834626191856,0.13570336211491224,0
1571238787500,0.9364560732255135,1.1506517307427304,-0.13610228353278597,-0.2987355088480887,0.13369304422454906,0
1571238787750,0.8493879429373472,1.1506517307427304,-0.10116237926472436,-0.5583845099542382,0.1256470609805403,0
1571238788000,0.9799901383695966,1.0531046152885024,-0.06622247499666276,0.32755141401544163,0.1256470609805403,0
1571238788250,0.7187857475050978,1.118136025591321,-0.031282570728601154,-0.23454215645735002,0.12162328407811014,0
1571238788500,1.0235242035136798,1.4107773719540053,-0.9397200816982029,0.404262047241265,0.1256470609805403,0
1571238788750,0.3269791612083496,1.768450128619508,-0.7650205603578949,-0.010922625862998355,0.1316811557733338,0
1571238789000,0.3705132263524327,1.9310286543765547,-0.4156215176772788,0.3884462937536917,0.13369304422454906,0
1571238789250,0.5446494869287652,1.7034187183166893,-0.031282570728601154,0.013435326032301678,0.13771525056612732,0
1571238789500,0.3705132263524327,1.8985129492251454,-0.48550132621340203,2.4466086526846857,0.13771525056612732,0
1571238789750,0.5011154217846822,1.963544359527964,-0.7650205603578949,-0.7246613621284045,0.13369304422454906,0
1571238790000,0.10930883548793388,1.8985129492251454,-0.8698402731620797,-1.8028390383828656,0.1316811557733338,0
1571238790250,0.8493879429373472,1.8985129492251454,-1.3589989329149421,-1.1089757142542493,0.12966926732211873,0
1571238790500,1.1541263989459292,1.573355897711052,-1.0445397945023878,-1.1593831424820231,0.12765894943175554,0
1571238790750,0.8493879429373472,1.18316743589414,-0.6252609432856484,-0.8837492354445827,0.11961296618774678,0
1571238791000,1.8506714412512595,1.3457459616511867,-0.7999604646259565,0.3563073294473931,0.12162328407811014,0
1571238791250,-0.23896368566473122,1.8334815389223267,-0.17104218780084757,1.1545377113496214,0.11760107773653188,0
1571238791500,-0.23896368566473122,2.061091474982192,-0.3457417091411556,0.06781783668743335,0.12162328407811014,0
1571238791750,0.10930883548793388,2.0285757698307827,0.003657333539460452,0.2796812724434284,0.1256470609805403,0
1571238792000,-0.19542962052064808,1.963544359527964,0.07353714207558366,0.2532934912235201,0.09748690490693608,0
1571238792250,0.9799901383695966,1.3132302564997773,0.24823666341589168,1.4430272041095809,0.12966926732211873,0
1571238792500,0.5011154217846822,0.37027480710890637,0.7024554189006925,-0.016166351618236555,0.1256470609805403,0
1571238792750,0.15284290063201703,0.8580103843800464,0.8072751317048774,0.4316647431234775,0.12765894943175554,0
1571238793000,0.3269791612083496,0.8905260895314557,0.7373953231687541,0.11611085936874001,0.1316811557733338,0
1571238793250,0.28344509606426643,0.8254946792286371,0.7373953231687541,0.8285809523062659,0.12966926732211873,0
1571238793500,0.2399110309201833,0.8580103843800464,0.7024554189006925,-0.838162651862754,0.1316811557733338,0
1571238793750,0.15284290063201703,0.7929789740772277,0.7373953231687541,0.5977724428539264,0.12765894943175554,0
1571238794000,0.28344509606426643,0.9230417946828652,0.7024554189006925,-0.05329531301419737,0.1316811557733338,0
1571238794250,0.15284290063201703,0.9880732049856839,0.6675155146326309,0.6499559717407324,0.12966926732211873,0
1571238794500,0.28344509606426643,0.9555574998342745,0.6675155146326309,-0.46856456234031946,0.13369304422454906,0
1571238794750,0.2399110309201833,0.9555574998342745,0.6675155146326309,0.4492565972700831,0.12765894943175554,0
1571238795000,0.15284290063201703,0.9555574998342745,0.6325756103645693,-0.43972407068650937,0.1256470609805403,0
1571238795250,0.2399110309201833,0.9555574998342745,0.6675155146326309,0.4497640546012352,0.12363517252932539,0
1571238795500,0.06577477034385075,0.8905260895314557,0.7373953231687541,-0.5586382386198143,0.12162328407811014,0
1571238795750,-0.06482742508839867,1.0531046152885024,0.6325756103645693,0.16626455893093764,0.1256470609805403,0
1571238796000,0.3269791612083496,0.9880732049856839,0.49281599329232295,-0.6664729214896321,0.12162328407811014,0
1571238796250,1.4588648549545111,1.18316743589414,-0.2758619006050324,0.30657651099448885,0.12162328407811014,0
1571238796500,-0.3260318159528975,1.5083244874082333,0.1783568548797685,-0.6213092190170967,0.11961296618774678,0
1571238796750,0.5011154217846822,1.378261666802596,0.038597237807522056,0.8159790952493226,0.11760107773653188,0
1571238797000,0.3269791612083496,1.4107773719540053,0.2831765676839533,0.7089901745980915,0.11961296618774678,0
1571238797250,0.28344509606426643,1.2481988461969586,0.2831765676839533,0.5901605828866452,0.11558918928531663,0
1571238797500,0.19637696577610014,1.280714551348368,0.49281599329232295,-2.0218914529968486,0.11558918928531663,0
1571238797750,0.2399110309201833,1.3457459616511867,0.3181164719520149,-0.6933681600406926,0.11961296618774678,0
1571238798000,1.3282626595222617,1.3132302564997773,-0.031282570728601154,-1.118871132211715,0.11357887139495326,0
1571238798250,0.19637696577610014,0.9880732049856839,0.5626958018284461,0.23527875596762104,0.11156698294373836,0
1571238798500,0.5881835520728484,0.9555574998342745,0.3879962804881381,-0.6920995167128123,0.11558918928531663,0
1571238798750,0.7187857475050978,1.0531046152885024,0.10847704634364527,0.10224035898391638,0.11357887139495326,0
1571238799000,0.3269791612083496,0.9880732049856839,0.5277558975603845,0.08608630060890837,0.10955509449252311,0
1571238799250,0.5011154217846822,0.9880732049856839,0.5277558975603845,-0.45985321148887537,0.11156698294373836,0
1571238799500,0.6317176172169315,0.9880732049856839,0.4578760890242613,0.35842173499386004,0.10955509449252311,0
1571238799750,0.5011154217846822,0.9555574998342745,0.4229361847561997,0.22436842334785126,0.10553288815094485,0
1571238800000,0.5011154217846822,0.9880732049856839,0.4229361847561997,0.7500096421995516,0.10754320604130803,0
1571238800250,0.6752516823610146,0.9555574998342745,0.3530563762200765,-0.013967369849910857,0.10754320604130803,0
1571238800500,0.8058538777932641,0.9880732049856839,0.2831765676839533,0.8018548661989229,0.11156698294373836,0
1571238800750,0.8493879429373472,0.9555574998342745,0.3879962804881381,-0.22210945184412398,0.1035209996997296,0
1571238801000,0.41404729149651587,0.8905260895314557,0.7024554189006925,0.6582444414828831,0.10754320604130803,0
1571238801250,0.06577477034385075,0.9230417946828652,0.7723352274368158,-0.2386863913284254,0.09949879335815133,0
1571238801500,0.15284290063201703,0.8905260895314557,0.7373953231687541,0.30623820610705416,0.10754320604130803,0
1571238801750,0.10930883548793388,0.9230417946828652,0.7024554189006925,-0.8316502827796355,0.10754320604130803,0
1571238802000,1.1976604640900124,0.3052433968060877,0.3181164719520149,0.07407647710497572,0.1035209996997296,0
1571238802250,-0.5437021416733132,1.2481988461969586,0.6675155146326309,-0.43752508891818365,0.1035209996997296,0
1571238802500,3.4178977864382527,-0.05242935985941508,1.8205323554786639,0.1345484757339324,0.11357887139495326,0
1571238802750,0.06577477034385075,-0.995384809250286,0.9470347487771238,-0.3877096942434208,0.10955509449252311,0
1571238803000,-0.4130999462410638,-0.7352591680390114,0.5626958018284461,-0.5439219760164039,0.11156698294373836,0
1571238803250,-0.021293359944315533,-1.1254476298559235,0.6675155146326309,-0.1831198135672722,0.11156698294373836,0
1571238803500,1.067058268657763,-0.5726806422819646,1.0518544615813086,0.5905834639959385,0.10754320604130803,0
1571238803750,-1.370849379410893,0.630400448320181,1.016914557313247,0.5130270685515284,0.10754320604130803,0
1571238804000,-0.5437021416733132,0.14266487104904096,1.5060732170661095,-0.17373185294095864,0.1035209996997296,0
1571238804250,-1.1531790536904771,0.6629161534715904,1.0867943658493702,-0.06775784695203176,0.05926887713810819,0
1571238804500,-1.109644988546394,0.6954318586229997,1.1217342701174318,-0.917579724188055,0.09949879335815133,0
1571238804750,-1.109644988546394,0.7604632689258184,1.1217342701174318,0.5087136812367357,0.10553288815094485,0
1571238805000,-0.7613724673937289,0.5978847431687717,1.0867943658493702,-0.041708370619558115,0.09748690490693608,0
1571238805250,-0.9355087279700615,0.4027905122603157,1.1566741743854934,-0.24832808062031497,0.09949879335815133,0
1571238805500,-0.9355087279700615,0.33775910195749703,1.1217342701174318,0.6165483641065534,0.09748690490693608,0
1571238805750,-1.109644988546394,0.5978847431687717,1.191614078653555,0.12871271642568344,0.09748690490693608,0
1571238806000,-0.6743043371055626,0.5003376277145437,0.9470347487771238,-0.606931261301121,0.10150911124851451,0
1571238806250,-0.7178384022496457,0.4027905122603157,0.9819746530451854,-0.1848959142263045,0.095475016455721,0
1571238806500,2.1989439624039244,0.7929789740772277,-0.310801804873094,-0.05456395634207758,0.095475016455721,0
1571238806750,1.2847285943781785,0.8254946792286371,-0.3806816134092172,0.6959654364318546,0.09145281011414257,0
1571238807000,0.6752516823610146,0.9555574998342745,0.1783568548797685,0.9183163236983262,0.09145281011414257,0
1571238807250,0.45758135664059896,0.8580103843800464,0.5277558975603845,0.2879697421855791,0.09346312800450592,0
1571238807500,0.41404729149651587,0.7279475637744091,0.5976357060965077,0.25007959479289016,0.08944092166292748,0
1571238807750,0.5446494869287652,0.6954318586229997,0.5277558975603845,-0.3418693819960158,0.095475016455721,0
1571238808000,0.7623198126491809,0.6629161534715904,0.3530563762200765,-1.9570214908312404,0.09145281011414257,0
1571238808250,0.45758135664059896,0.7604632689258184,0.6325756103645693,0.2622585707405402,0.09346312800450592,0
1571238808500,0.45758135664059896,0.6954318586229997,0.6325756103645693,0.2598058603066385,0.09145281011414257,0
1571238808750,0.5446494869287652,0.7279475637744091,0.5626958018284461,0.5154797789854301,0.0874290332117124,0
1571238809000,0.45758135664059896,0.6954318586229997,0.5976357060965077,-0.151911187701419,0.08944092166292748,0
1571238809250,0.5011154217846822,0.7279475637744091,0.5626958018284461,0.6919057777826381,0.0874290332117124,0
1571238809500,0.41404729149651587,0.7604632689258184,0.5976357060965077,-0.36039157458306686,0.08541871532134905,0
1571238809750,0.7187857475050978,0.7604632689258184,0.49281599329232295,0.7015474670745276,0.08944092166292748,0
1571238810000,0.6317176172169315,0.7604632689258184,0.4578760890242613,-0.3359490464659082,0.0874290332117124,0
1571238810250,0.7187857475050978,0.7929789740772277,0.4229361847561997,0.5659717834350625,0.08944092166292748,0
1571238810500,0.9364560732255135,0.7604632689258184,0.2831765676839533,0.19180657793225922,0.0874290332117124,0
1571238810750,0.7187857475050978,0.7279475637744091,0.3879962804881381,0.3263673469094201,0.0874290332117124,0
1571238811000,0.6317176172169315,0.7929789740772277,0.3181164719520149,-0.905908205571557,0.08944092166292748,0
1571238811250,0.8929220080814304,0.7279475637744091,0.4229361847561997,-0.08129004244942066,0.0874290332117124,0
1571238811500,0.7187857475050978,0.7279475637744091,0.4229361847561997,-0.6149660023776957,0.08944092166292748,0
1571238811750,0.6752516823610146,0.7604632689258184,0.4578760890242613,-0.2765765387211144,0.08541871532134905,0
1571238812000,0.6317176172169315,0.7279475637744091,0.49281599329232295,-0.33298887870085436,0.0874290332117124,0
1571238812250,0.5881835520728484,0.7604632689258184,0.49281599329232295,-0.2469748610705761,0.08541871532134905,0
1571238812500,0.5881835520728484,0.7604632689258184,0.4578760890242613,-0.5722550103390619,0.08139493841891889,0
1571238812750,0.8493879429373472,0.7279475637744091,0.3530563762200765,-0.09253867995662518,0.07536084362612537,0
1571238813000,0.7187857475050978,0.6629161534715904,0.2831765676839533,0.20170199588972484,0.07536084362612537,0
1571238813250,0.8058538777932641,0.9880732049856839,-0.24092199633697078,0.05462394607747916,0.08944092166292748,0
1571238813500,1.1976604640900124,0.9555574998342745,-0.17104218780084757,-0.3817047824914544,0.09346312800450592,0
1571238813750,0.9799901383695966,0.9230417946828652,-0.10116237926472436,0.1620357478380036,0.09748690490693608,0
1571238814000,1.1541263989459292,0.8905260895314557,-0.17104218780084757,-0.49740505399412954,0.09748690490693608,0
1571238814250,1.371796724666345,0.8580103843800464,-0.310801804873094,0.4440974477367036,0.10150911124851451,0
1571238814500,0.6317176172169315,1.020588910137093,-0.13610228353278597,-0.33078989693252864,0.09949879335815133,0
1571238814750,0.8929220080814304,0.9230417946828652,0.14341695061170687,0.6162100592191189,0.1035209996997296,0
1571238815000,0.7187857475050978,0.9880732049856839,0.4229361847561997,-0.8385855329720473,0.09346312800450592,0
1571238815250,-0.28249775080881434,1.2156831410455493,0.6675155146326309,-0.7074923890910924,0.09748690490693608,0
1571238815500,-0.28249775080881434,0.9880732049856839,0.9120948445090622,-2.0165631510197515,0.095475016455721,0
1571238815750,-1.7191219005635578,0.33775910195749703,0.9470347487771238,-1.5234837775836434,0.09145281011414257,0
1571238816000,-1.8932581611398904,0.045117755594812944,1.0867943658493702,-1.5078371765397875,0.09346312800450592,0
1571238816250,-2.2850647474366386,-0.01991365470800574,0.9470347487771238,0.9079134484097084,0.09346312800450592,0
1571238816500,-1.9367922262839736,-0.2150078856164618,1.0518544615813086,0.6811645976065855,0.08944092166292748,0
1571238816750,-2.415666942868888,-0.2150078856164618,0.8072751317048774,2.133845784251285,0.09145281011414257,0
1571238817000,-1.6320537702753917,-0.24752359076787114,1.1566741743854934,0.2529551863360853,0.09145281011414257,0
1571238817250,-2.067394421716223,-0.18249218046505244,1.1217342701174318,-1.6138111825287142,0.09145281011414257,0
1571238817500,-2.067394421716223,0.07763346074622228,0.842215035972939,-0.7395467771755322,0.08944092166292748,0
1571238817750,-2.1544625520043894,0.14266487104904096,1.191614078653555,1.7637402373976983,0.09145281011414257,0
1571238818000,-1.5449856399872253,0.0126020504434036,1.1566741743854934,-3.177879253361296,0.09145281011414257,0
1571238818250,-2.110928486860306,0.1751805762004503,1.0867943658493702,-0.42323170742406657,0.09145281011414257,0
1571238818500,-2.1544625520043894,0.240211986503269,1.0867943658493702,-0.5437528235726865,0.09145281011414257,0
1571238818750,-2.3285988125807218,0.11014916589763163,0.8771549402410006,-0.3342575220287346,0.0874290332117124,0
1571238819000,-2.1544625520043894,-0.11746077016223377,1.016914557313247,-0.007455000766792446,0.09145281011414257,0
1571238819250,-0.36956588109698063,1.118136025591321,0.8072751317048774,0.7856162316020562,0.0874290332117124,0
1571238819500,-0.15189555537656493,0.5978847431687717,0.7723352274368158,0.3387154753007875,0.07938304996770382,0
1571238819750,0.5011154217846822,0.7279475637744091,0.7024554189006925,-0.20198031104175798,0.08139493841891889,0
1571238820000,-1.6755878354194749,1.0856203204399117,1.016914557313247,0.32585988957826806,0.07536084362612537,0
1571238820250,-2.676871333733387,0.14266487104904096,1.0518544615813086,-0.058708191213152926,0.08340682687013397,0
1571238820500,-2.7639394640215533,0.045117755594812944,1.191614078653555,1.0103352530805707,0.08340682687013397,0
1571238820750,-2.1544625520043894,0.4027905122603157,0.8771549402410006,-0.6528561497703845,0.07938304996770382,0
1571238821000,-0.1083614902324818,1.8985129492251454,0.07353714207558366,1.5014693734139293,0.07938304996770382,0
1571238821250,0.2399110309201833,1.9310286543765547,-0.10116237926472436,1.1435428025079928,0.06932674883333186,0
1571238821500,-2.9380757245978852,1.865997244073736,-0.10116237926472436,-1.7875307422264444,0.07536084362612537,0
1571238821750,1.371796724666345,0.8580103843800464,0.6325756103645693,-1.8083364928036798,0.06932674883333186,0
1571238822000,-0.5872362068173963,0.7604632689258184,0.7723352274368158,1.094234865164382,0.0713386372845471,0
1571238822250,0.6317176172169315,0.630400448320181,0.7373953231687541,1.6482091183387404,0.07938304996770382,0
1571238822500,0.5446494869287652,0.630400448320181,0.7024554189006925,-3.2039287296937693,0.06932674883333186,0
1571238822750,0.3705132263524327,0.7604632689258184,0.8072751317048774,-0.05109633124587167,0.0713386372845471,0
1571238823000,0.3269791612083496,0.4678219225631344,0.842215035972939,-0.4632362603632226,0.07536084362612537,0
1571238823250,-0.15189555537656493,0.6629161534715904,0.8771549402410006,1.320137953748918,0.0713386372845471,0
1571238823500,-0.06482742508839867,0.6954318586229997,0.9819746530451854,-0.07037970982965086,0.0713386372845471,0
1571238823750,-0.6743043371055626,0.6629161534715904,1.191614078653555,0.25075620456775966,0.07536084362612537,0
1571238824000,-0.3260318159528975,0.6954318586229997,1.0867943658493702,0.5825487229193639,0.07938304996770382,0
1571238824250,-0.4130999462410638,0.9230417946828652,0.842215035972939,0.3865856168728008,0.08139493841891889,0
1571238824500,-0.3260318159528975,0.630400448320181,1.0518544615813086,0.014196512029029804,0.0733489551749103,0
1571238824750,-0.4130999462410638,0.6954318586229997,1.1217342701174318,0.16702574492766578,0.07536084362612537,0
1571238825000,-0.4566340113851469,0.8254946792286371,1.0518544615813086,0.12896644509125949,0.06932674883333186,0
1571238825250,0.3269791612083496,0.7279475637744091,1.1217342701174318,-0.46712676656872193,0.0713386372845471,0
1571238825500,0.28344509606426643,0.630400448320181,0.49281599329232295,-1.4033855425443167,0.06530454249175359,0
1571238825750,0.28344509606426643,0.7604632689258184,0.5976357060965077,-0.5639665405969112,0.06731486038211679,0
1571238826000,0.15284290063201703,0.8905260895314557,0.5976357060965077,0.6037773546058928,0.06329265404053852,0
1571238826250,0.5011154217846822,0.8254946792286371,0.5277558975603845,0.2529551863360853,0.061280765589323265,0
1571238826500,0.5446494869287652,0.7279475637744091,0.5626958018284461,0.3985108641548747,0.06530454249175359,0
1571238826750,0.5881835520728484,0.6629161534715904,0.5976357060965077,-0.1454833948401593,0.06329265404053852,0
1571238827000,0.15284290063201703,0.6954318586229997,0.8771549402410006,-0.5663346748089543,0.06530454249175359,0
1571238827250,-0.50016807652923,1.18316743589414,1.016914557313247,0.9044458233135025,0.05926887713810819,0
1571238827500,-1.370849379410893,0.7929789740772277,1.2964337914577397,0.0020175360813797887,0.06329265404053852,0
1571238827750,-1.457917509699059,0.7929789740772277,1.1217342701174318,0.8629188983808903,0.06932674883333186,0
1571238828000,-1.0661109234023107,0.532853332865953,1.3663135999938631,0.09530510879150457,0.06530454249175359,0
1571238828250,-1.2402471839786433,0.5653690380173624,1.3663135999938631,1.0271659212304483,0.06530454249175359,0
1571238828500,-1.1967131188345603,0.6629161534715904,1.2964337914577397,0.6267820869514539,0.06530454249175359,0
1571238828750,-1.457917509699059,1.0856203204399117,0.7723352274368158,0.1923140352634113,0.06329265404053852,0
1571238829000,-1.5449856399872253,0.8254946792286371,1.0518544615813086,-2.499239649167242,0.06731486038211679,0
1571238829250,-1.8932581611398904,0.7279475637744091,1.191614078653555,0.9295649612055307,0.06530454249175359,0
1571238829500,-1.0661109234023107,1.118136025591321,0.8072751317048774,0.23307977419929538,0.06329265404053852,0
1571238829750,1.110592333801846,1.5408401925596427,-0.6252609432856484,1.1581744888895447,0.057258559247745,0
1571238830000,1.110592333801846,1.6383873080138707,-1.114419603038511,0.14994134811221227,0.05323478234531485,0
1571238830250,1.371796724666345,1.280714551348368,-1.0445397945023878,-0.872585174159237,0.05926887713810819,0
1571238830500,1.3282626595222617,1.3132302564997773,-1.0445397945023878,-2.0574134661774943,0.057258559247745,0
1571238830750,0.9799901383695966,1.4432930771054147,-0.6951407518217716,1.7363375415154856,0.061280765589323265,0
1571238831000,-2.676871333733387,1.2481988461969586,0.3181164719520149,1.8782564417943517,0.05323478234531485,0
1571238831250,0.5011154217846822,0.4678219225631344,0.8072751317048774,-0.7075769653129509,0.05122289389409959,0
1571238831500,1.1541263989459292,0.6954318586229997,0.3879962804881381,-1.5501252874691278,0.05122289389409959,0
1571238831750,0.5881835520728484,0.5978847431687717,0.7024554189006925,-0.8374860420878845,0.05323478234531485,0
1571238832000,0.5011154217846822,0.5978847431687717,0.5976357060965077,-2.058766685727233,0.05323478234531485,0
1571238832250,0.5881835520728484,0.5978847431687717,0.5626958018284461,0.46152014943959185,0.05323478234531485,0
1571238832500,0.5881835520728484,0.5978847431687717,0.5277558975603845,-0.008469915429096616,0.049212576003736234,0
1571238832750,0.5011154217846822,0.5978847431687717,0.5626958018284461,0.704084753730288,0.047200687552521325,0
1571238833000,0.45758135664059896,0.630400448320181,0.5976357060965077,-0.3217402411936498,0.047200687552521325,0
1571238833250,0.5881835520728484,0.5978847431687717,0.5626958018284461,0.4391074506470415,0.049212576003736234,0
1571238833500,0.6317176172169315,0.630400448320181,0.5626958018284461,-0.1944530272963354,0.047200687552521325,0
1571238833750,0.6317176172169315,0.5978847431687717,0.5626958018284461,0.28213398287733016,0.047200687552521325,0
1571238834000,0.5881835520728484,0.630400448320181,0.5626958018284461,-0.2881634811157536,0.049212576003736234,0
1571238834250,0.6752516823610146,0.5978847431687717,0.5277558975603845,0.13936932037987718,0.045188799101306076,0
1571238834500,0.6317176172169315,0.5978847431687717,0.5277558975603845,-0.5995731299994157,0.04317848121094271,0
1571238834750,0.7623198126491809,0.630400448320181,0.49281599329232295,0.18715488573003178,0.04317848121094271,0
1571238835000,0.5446494869287652,0.6629161534715904,0.5277558975603845,-0.8333418072168091,0.047200687552521325,0
1571238835250,0.5881835520728484,0.630400448320181,0.5626958018284461,0.32281514559135555,0.04317848121094271,0
1571238835500,0.5881835520728484,0.630400448320181,0.5626958018284461,-0.535971811161688,0.045188799101306076,0
1571238835750,-0.06482742508839867,0.6954318586229997,0.8771549402410006,0.5244448585024503,0.04317848121094271,0
1571238836000,1.0235242035136798,0.9880732049856839,0.5976357060965077,-0.32072532653134567,0.03915470430851256,0
1571238836250,0.3269791612083496,1.0856203204399117,0.7373953231687541,0.4535699845848758,0.037142815857297486,0
1571238836500,-0.9790427931141445,0.9880732049856839,0.8771549402410006,-0.24629825129570662,0.037142815857297486,0
1571238836750,-0.19542962052064808,0.7279475637744091,1.2614938871896781,0.5890610920024822,0.04317848121094271,0
1571238837000,0.5881835520728484,1.0531046152885024,0.2831765676839533,0.7748750514260038,0.03915470430851256,0
1571238837250,1.2847285943781785,1.020588910137093,-0.3806816134092172,0.3016710901266854,0.035132497966934295,0
1571238837500,1.1541263989459292,0.8905260895314557,-0.4156215176772788,-1.014504074438103,0.035132497966934295,0
1571238837750,1.1541263989459292,0.9230417946828652,-0.3457417091411556,-0.38838630401829016,0.03915470430851256,0
1571238838000,1.1541263989459292,1.0856203204399117,-0.3457417091411556,0.5461809475201312,0.037142815857297486,0
1571238838250,1.1976604640900124,1.0856203204399117,-0.3806816134092172,0.4393611793126175,0.035132497966934295,0
1571238838500,1.1976604640900124,1.118136025591321,-0.24092199633697078,0.04743496721949131,0.04116659275972781,0
1571238838750,1.2847285943781785,1.0856203204399117,-0.3457417091411556,-1.7728144796230338,0.03915470430851256,0
1571238839000,1.2411945292340956,1.0856203204399117,-0.6252609432856484,0.20609995942637624,0.035132497966934295,0
1571238839250,1.067058268657763,1.18316743589414,-0.5553811347495252,-0.22676114404635142,0.033120609515719046,0
1571238839500,1.110592333801846,1.0531046152885024,-0.45056142194534043,-0.3402624337807009,0.035132497966934295,0
1571238839750,0.8929220080814304,1.18316743589414,-0.3806816134092172,-1.3016403476483238,0.031108721064503967,0
1571238840000,1.067058268657763,1.18316743589414,-0.6252609432856484,0.5479570481791635,0.031108721064503967,0
1571238840250,1.1541263989459292,1.1506517307427304,-0.6951407518217716,-1.148303657418536,0.037142815857297486,0
1571238840500,1.2411945292340956,1.18316743589414,-0.310801804873094,0.41770966651679525,0.04116659275972781,0
1571238840750,0.9799901383695966,1.2156831410455493,-0.24092199633697078,0.4550077803564734,0.03915470430851256,0
1571238841000,0.8493879429373472,1.2156831410455493,-0.10116237926472436,0.9010627744391553,0.03915470430851256,0
1571238841250,0.7187857475050978,1.2156831410455493,-0.031282570728601154,-1.2954662834526403,0.035132497966934295,0
1571238841500,-0.19542962052064808,1.020588910137093,0.6325756103645693,-2.3786339567967634,0.033120609515719046,0
1571238841750,0.5881835520728484,0.8254946792286371,0.3879962804881381,-2.0119114588175244,0.031108721064503967,0
1571238842000,0.6317176172169315,0.7929789740772277,0.4578760890242613,-0.0496585354742741,0.025074626271710452,0
1571238842250,0.8493879429373472,0.6954318586229997,0.3879962804881381,0.1414837259263442,0.031108721064503967,0
1571238842500,0.8058538777932641,0.7604632689258184,0.3181164719520149,0.4155106847484695,0.031108721064503967,0
1571238842750,0.7623198126491809,0.7604632689258184,0.3181164719520149,1.854405947230204,0.033120609515719046,0
1571238843000,0.7187857475050978,0.7604632689258184,0.3530563762200765,0.8352624738331018,0.02909840317414078,0
1571238843250,0.8929220080814304,0.7929789740772277,0.1783568548797685,1.4005699407365233,0.027086514722925528,0
1571238843500,0.8929220080814304,0.7929789740772277,0.14341695061170687,-0.20832352768115903,0.027086514722925528,0
1571238843750,0.8493879429373472,0.7929789740772277,0.1783568548797685,0.7617657370379082,0.027086514722925528,0
1571238844000,0.9364560732255135,0.7604632689258184,0.14341695061170687,-0.542315027801089,0.027086514722925528,0
1571238844250,0.9799901383695966,0.7279475637744091,0.14341695061170687,0.32924293845261526,0.025074626271710452,0
1571238844500,0.8929220080814304,0.7604632689258184,0.1783568548797685,-0.5193948716773865,0.02909840317414078,0
1571238844750,0.9364560732255135,0.7604632689258184,0.14341695061170687,0.0544547936337618,0.023062737820495373,0
1571238845000,0.8929220080814304,0.7604632689258184,0.14341695061170687,-0.5056935237362803,0.023062737820495373,0
1571238845250,0.8929220080814304,0.7929789740772277,0.14341695061170687,0.060459705385728126,0.025074626271710452,0
1571238845500,0.9364560732255135,0.7604632689258184,0.10847704634364527,-0.7243230572409697,0.025074626271710452,0
1571238845750,0.9799901383695966,0.7604632689258184,0.07353714207558366,-0.07520055447559566,0.025074626271710452,0
1571238846000,0.9364560732255135,0.7929789740772277,0.07353714207558366,-0.776422009905917,0.019040531478916933,0
1571238846250,1.067058268657763,0.7604632689258184,0.10847704634364527,-0.028091598900310526,0.025074626271710452,0
1571238846500,1.0235242035136798,0.7604632689258184,0.10847704634364527,-0.7622977808555172,0.021052419930132012,0
1571238846750,0.8929220080814304,0.7929789740772277,0.14341695061170687,0.00480855140271625,0.019040531478916933,0
1571238847000,1.0235242035136798,0.7604632689258184,0.07353714207558366,-0.6597913999627965,0.021052419930132012,0
1571238847250,0.9799901383695966,0.7604632689258184,0.10847704634364527,-0.02191753470462684,0.021052419930132012,0
1571238847500,0.8929220080814304,0.7929789740772277,0.10847704634364527,-0.6560700462010145,0.017028643027701858,0
1571238847750,0.9799901383695966,0.7604632689258184,0.10847704634364527,-0.1091156194409266,0.017028643027701858,0
1571238848000,0.9364560732255135,0.7604632689258184,0.10847704634364527,-0.3038946583814682,0.019040531478916933,0
1571238848250,0.8493879429373472,0.7929789740772277,0.10847704634364527,-0.10818528100048111,0.021052419930132012,0
1571238848500,0.9799901383695966,0.7929789740772277,0.038597237807522056,0.2272440148910464,0.015018325137338496,0
1571238848750,1.067058268657763,0.8254946792286371,0.003657333539460452,-0.05135005991144772,0.017028643027701858,0
1571238849000,0.19637696577610014,0.7929789740772277,0.5277558975603845,0.5784890642701472,0.013006436686123593,0
1571238849250,-0.23896368566473122,1.18316743589414,1.1217342701174318,-0.013798217406193495,0.013006436686123593,0
1571238849500,-1.0661109234023107,0.6629161534715904,0.7723352274368158,0.6281353065011928,0.017028643027701858,0
1571238849750,-1.1531790536904771,0.43530621741172504,1.1566741743854934,-0.07283242026355259,0.017028643027701858,0
1571238850000,-1.6755878354194749,0.1751805762004503,1.0518544615813086,0.8880380362729184,0.019040531478916933,0
1571238850250,-1.6320537702753917,-0.2800392959192805,1.1566741743854934,0.7505170995307037,0.017028643027701858,0
1571238850500,0.2399110309201833,0.045117755594812944,0.9120948445090622,-1.0033400131527572,0.021052419930132012,0
1571238850750,0.10930883548793388,1.2481988461969586,0.14341695061170687,-0.06141463031263071,0.01099454823490834,0
1571238851000,0.7187857475050978,1.6383873080138707,-0.3806816134092172,-0.22921385448025314,0.01099454823490834,0
1571238851250,0.10930883548793388,1.865997244073736,0.1783568548797685,-0.27336264229048446,0.017028643027701858,0
1571238851500,-1.5449856399872253,0.11014916589763163,0.9819746530451854,0.20931385585700613,0.021052419930132012,0
1571238851750,-1.8497240959958072,-0.24752359076787114,1.2265539829216165,1.5438420605651284,0.017028643027701858,0
1571238852000,-2.2415306822925554,-0.1499764753136431,1.0518544615813086,0.04236039390797046,0.013006436686123593,0
1571238852250,-1.0661109234023107,-0.5076492319791459,1.191614078653555,-2.1819096647534724,0.013006436686123593,0
1571238852500,-1.1531790536904771,-0.18249218046505244,1.016914557313247,-2.033140090504053,0.017028643027701858,0
1571238852750,-0.9790427931141445,-0.18249218046505244,1.016914557313247,-0.2915465299901008,0.013006436686123593,0
1571238853000,-0.15189555537656493,-0.24752359076787114,0.8771549402410006,-0.6968357851368985,0.013006436686123593,0
1571238853250,-0.23896368566473122,-0.31255500107068984,1.016914557313247,0.5237682487275808,0.017028643027701858,0
1571238853500,-0.15189555537656493,-0.01991365470800574,0.7723352274368158,-0.08839444508554983,0.017028643027701858,0
1571238853750,1.1541263989459292,0.7929789740772277,-0.4156215176772788,1.0033154266663002,0.013006436686123593,0
1571238854000,0.8058538777932641,1.4107773719540053,-0.4156215176772788,-0.3012727955038491,0.0069723418933300765,0
1571238854250,0.5881835520728484,1.865997244073736,-1.0794796987704494,-0.3366256562407776,0.013006436686123593,0
1571238854500,0.5446494869287652,1.9310286543765547,-0.8349003688940181,-0.5119521641538226,0.013006436686123593,0
1571238854750,0.7623198126491809,1.6383873080138707,-0.10116237926472436,1.9271414980286692,0.01099454823490834,0
1571238855000,-0.9355087279700615,0.8580103843800464,0.7024554189006925,1.118592817059682,0.01099454823490834,0
1571238855250,-2.5027350731570546,0.11014916589763163,0.8771549402410006,-2.875096379107219,0.013006436686123593,0
1571238855500,-2.372132877724805,0.27272769165467836,1.0867943658493702,-2.641581430555402,0.019040531478916933,0
1571238855750,-1.5885197051313085,0.5653690380173624,0.5976357060965077,-0.5151660605844525,0.01099454823490834,0
1571238856000,1.3282626595222617,1.378261666802596,0.5277558975603845,1.5634637440363424,0.01099454823490834,0
1571238856250,-1.370849379410893,1.4107773719540053,-0.06622247499666276,2.711670531989791,0.008984230344545154,0
1571238856500,-1.370849379410893,0.1751805762004503,1.5410131213341711,-0.49334539534491284,0.013006436686123593,0
1571238856750,-1.6320537702753917,-0.2800392959192805,1.1217342701174318,-2.0777117594235777,0.01099454823490834,0
1571238857000,-1.8497240959958072,-0.05242935985941508,0.9120948445090622,0.7985563935464344,0.0069723418933300765,0
1571238857250,-1.5885197051313085,-0.1499764753136431,0.9819746530451854,-0.19496048462748747,0.0069723418933300765,0
1571238857500,-0.6743043371055626,0.6954318586229997,1.4012535042619247,-0.3060090639279352,0.004960453442114825,0
1571238857750,0.7187857475050978,1.378261666802596,-0.2059820920689092,-0.5190565667899518,0.0029485649908997467,0
1571238858000,0.8929220080814304,1.67090301316528,-0.5903210390175868,0.702224076849397,0.0009382471005365606,0
1571238858250,1.4588648549545111,1.67090301316528,-0.48550132621340203,0.26335806162470304,0.004960453442114825,0
1571238858500,0.19637696577610014,1.118136025591321,-0.17104218780084757,1.0904289351807412,0.0029485649908997467,0
1571238858750,0.8929220080814304,1.118136025591321,-0.6252609432856484,2.0428417695313446,0.0069723418933300765,0
1571238859000,-2.807473529165636,1.280714551348368,-0.17104218780084757,1.2406363052017584,-0.0010736413506786916,0
1571238859250,-1.7191219005635578,-0.4751335268277365,1.1217342701174318,-2.23975980050481,0.004960453442114825,0
1571238859500,-2.1979966171484726,-0.5401649371305552,0.8072751317048774,-0.014051946071769537,0.0009382471005365606,0
1571238859750,-1.762655965707641,-0.6377120525847833,0.9470347487771238,1.1436273787298514,0.0009382471005365606,0
1571238860000,-1.8061900308517242,-0.897837693796058,0.9819746530451854,-2.5709602853034035,0.0009382471005365606,0
1571238860250,-0.06482742508839867,1.378261666802596,0.10847704634364527,-1.3976343594579266,-0.0010736413506786916,0
1571238860500,0.3269791612083496,1.9310286543765547,-0.2059820920689092,-0.711298319074733,-0.0030855298018937693,0
1571238860750,-0.6743043371055626,2.061091474982192,0.3181164719520149,0.6268666631733126,-0.0010736413506786916,0
1571238861000,0.7623198126491809,2.061091474982192,-0.031282570728601154,0.4669330276385474,-0.007107736143472033,0
1571238861250,0.10930883548793388,1.865997244073736,-0.24092199633697078,1.8388439224082065,-0.007107736143472033,0
1571238861500,-0.021293359944315533,1.865997244073736,-0.17104218780084757,0.9394603791629963,-0.005097418253108847,0
1571238861750,-0.23896368566473122,1.7034187183166893,-0.06622247499666276,-2.4737822063877792,-0.007107736143472033,0
1571238862000,1.371796724666345,1.0531046152885024,0.24823666341589168,-1.07497607306706,-0.007107736143472033,0
1571238862250,1.1541263989459292,0.8580103843800464,0.2831765676839533,3.4494289152630624,-0.007107736143472033,0
1571238862500,1.1541263989459292,0.6629161534715904,0.10847704634364527,0.8234218027728865,-0.011131513045902363,0
1571238862750,1.110592333801846,0.630400448320181,-0.031282570728601154,-3.4991843202024238,-0.009119624594687285,0
1571238863000,1.1541263989459292,0.630400448320181,-0.17104218780084757,-2.6635712482386587,-0.011131513045902363,0
1571238863250,1.110592333801846,0.630400448320181,-0.10116237926472436,0.10689205118614382,-0.011131513045902363,0
1571238863500,1.1976604640900124,0.630400448320181,-0.2059820920689092,-0.43955491824279197,-0.011131513045902363,0
1571238863750,1.1541263989459292,0.630400448320181,-0.13610228353278597,1.2943422060820204,-0.01314183093626555,0
1571238864000,1.1541263989459292,0.630400448320181,-0.17104218780084757,0.05521597963048993,-0.01314183093626555,0
1571238864250,1.1541263989459292,0.630400448320181,-0.17104218780084757,0.5370467155593937,-0.0151537193874808,0
1571238864500,1.1541263989459292,0.5978847431687717,-0.10116237926472436,0.18157285508735885,-0.01314183093626555,0
1571238864750,1.1976604640900124,0.6629161534715904,-0.2059820920689092,0.0649422451442382,-0.0151537193874808,0
1571238865000,1.1976604640900124,0.5978847431687717,-0.2059820920689092,0.5076141903525727,-0.0151537193874808,0
1571238865250,1.2411945292340956,0.6629161534715904,-0.310801804873094,-0.22058707985066772,-0.0151537193874808,0
1571238865500,1.1541263989459292,0.5978847431687717,-0.10116237926472436,0.7130498332473082,-0.019177496289910955,0
1571238865750,1.110592333801846,0.630400448320181,-0.06622247499666276,-0.30583991148421785,-0.0151537193874808,0
1571238866000,1.110592333801846,0.5978847431687717,-0.031282570728601154,0.5815338082570598,-0.017165607838695706,0
1571238866250,1.067058268657763,0.630400448320181,0.003657333539460452,-0.5149969081407352,-0.0151537193874808,0
1571238866500,1.110592333801846,0.630400448320181,-0.06622247499666276,0.2852633030861013,-0.0151537193874808,0
1571238866750,1.110592333801846,0.6629161534715904,-0.06622247499666276,-0.2582234985777806,-0.02118781418027432,0
1571238867000,1.110592333801846,0.630400448320181,-0.06622247499666276,-0.06217581630935884,-0.0151537193874808,0
1571238867250,1.1541263989459292,0.630400448320181,-0.06622247499666276,-0.3499041230725905,-0.02118781418027432,0
1571238867500,1.067058268657763,0.630400448320181,-0.031282570728601154,-0.27708399605226647,-0.019177496289910955,0
1571238867750,1.067058268657763,0.630400448320181,0.003657333539460452,-0.24460672685853302,-0.025211591082704474,0
1571238868000,1.110592333801846,0.630400448320181,-0.031282570728601154,0.031619213731918026,-0.02319970263148922,0
1571238868250,1.067058268657763,0.630400448320181,-0.031282570728601154,-0.2049404788068118,-0.017165607838695706,0
1571238868500,1.067058268657763,0.6629161534715904,0.003657333539460452,0.1414837259263442,-0.02319970263148922,0
1571238868750,1.110592333801846,0.630400448320181,-0.031282570728601154,-0.3188646496504547,-0.02118781418027432,0
1571238869000,1.067058268657763,0.630400448320181,0.003657333539460452,-0.14624458083688743,-0.02319970263148922,0
1571238869250,1.067058268657763,0.630400448320181,0.003657333539460452,-0.6772141016656846,-0.027221908973067834,0
1571238869500,1.067058268657763,0.630400448320181,0.003657333539460452,-0.030375156890494904,-0.03124568587549799,0
1571238869750,1.067058268657763,0.630400448320181,0.003657333539460452,-0.7741384519157326,-0.02118781418027432,0
1571238870000,1.067058268657763,0.630400448320181,-0.031282570728601154,0.07297698622081288,-0.027221908973067834,0
1571238870250,1.1541263989459292,0.6629161534715904,-0.06622247499666276,-0.8065311448876074,-0.025211591082704474,0
1571238870500,1.1976604640900124,0.630400448320181,-0.10116237926472436,0.21362724317179882,-0.02319970263148922,0
1571238870750,1.110592333801846,0.5978847431687717,-0.06622247499666276,-0.6095531241787401,-0.027221908973067834,0
1571238871000,1.110592333801846,0.6629161534715904,-0.06622247499666276,0.4507789692635394,-0.025211591082704474,0
1571238871250,1.1541263989459292,0.630400448320181,-0.031282570728601154,-0.32757600050189883,-0.027221908973067834,0
1571238871500,1.067058268657763,0.630400448320181,-0.031282570728601154,0.6652642678971535,-0.025211591082704474,0
1571238871750,1.0235242035136798,0.6629161534715904,0.003657333539460452,-0.3013573717257078,-0.029233797424282736,0
1571238872000,1.1541263989459292,0.630400448320181,-0.06622247499666276,0.45204761259141957,-0.029233797424282736,0
1571238872250,1.110592333801846,0.630400448320181,-0.031282570728601154,-0.5456980766754361,-0.03124568587549799,0
1571238872500,1.067058268657763,0.630400448320181,0.003657333539460452,0.09496680390406985,-0.029233797424282736,0
1571238872750,1.0235242035136798,0.6629161534715904,0.003657333539460452,-0.4150278139037746,-0.029233797424282736,0
1571238873000,1.110592333801846,0.630400448320181,0.003657333539460452,-0.12256323871645683,-0.035267892217076255,0
1571238873250,1.067058268657763,0.630400448320181,0.003657333539460452,-0.01954940049258378,-0.025211591082704474,0
1571238873500,1.0235242035136798,0.630400448320181,0.038597237807522056,-0.07553885936303037,-0.03124568587549799,0
1571238873750,1.067058268657763,0.6629161534715904,0.003657333539460452,0.196627422578204,-0.035267892217076255,0
1571238874000,1.067058268657763,0.6629161534715904,0.003657333539460452,-0.23784062910983858,-0.03325600376586117,0
1571238874250,1.067058268657763,0.630400448320181,0.038597237807522056,0.2920294008347958,-0.03325600376586117,0
1571238874500,1.0235242035136798,0.630400448320181,0.038597237807522056,-0.08932478352599534,-0.029233797424282736,0
1571238874750,0.9799901383695966,0.630400448320181,0.038597237807522056,0.44485863373343176,-0.03325600376586117,0
1571238875000,1.0235242035136798,0.630400448320181,0.07353714207558366,-0.1563937274599291,-0.03124568587549799,0
1571238875250,0.6752516823610146,0.7279475637744091,0.1783568548797685,0.4792811560299148,-0.03124568587549799,0
1571238875500,0.8929220080814304,0.6629161534715904,0.2831765676839533,-0.11004595788137209,-0.03325600376586117,0
1571238875750,0.8929220080814304,0.630400448320181,0.1783568548797685,0.3925905286247671,-0.03124568587549799,0
1571238876000,1.0235242035136798,0.630400448320181,0.1783568548797685,-0.119603070951403,-0.03124568587549799,0
1571238876250,1.0235242035136798,0.630400448320181,0.14341695061170687,0.14867270478433206,-0.029233797424282736,0
1571238876500,0.9364560732255135,0.630400448320181,0.14341695061170687,0.22191571291394951,-0.035267892217076255,0
1571238876750,0.9364560732255135,0.6629161534715904,0.1783568548797685,-0.7150196728365149,-0.035267892217076255,0
1571238877000,1.0235242035136798,0.630400448320181,0.14341695061170687,-0.1278915406935537,-0.03325600376586117,0
1571238877250,0.9799901383695966,0.630400448320181,0.14341695061170687,-0.762636085742952,-0.03325600376586117,0
1571238877500,0.9799901383695966,0.630400448320181,0.1783568548797685,0.030519722847755174,-0.03325600376586117,0
1571238877750,0.9364560732255135,0.630400448320181,0.21329675914783008,-0.72559170056885,-0.035267892217076255,0
1571238878000,0.9364560732255135,0.630400448320181,0.1783568548797685,0.20339352032689845,-0.035267892217076255,0
1571238878250,0.8058538777932641,0.5978847431687717,0.3879962804881381,-0.6499805582271895,-0.037279780668291504,0
1571238878500,0.3269791612083496,0.8254946792286371,0.7723352274368158,0.20313979166132243,-0.03929166911950658,0
1571238878750,0.28344509606426643,1.0531046152885024,0.8771549402410006,-0.6383090396106915,-0.037279780668291504,0
1571238879000,-0.6307702719614795,1.4107773719540053,0.6675155146326309,-0.011514659416009118,-0.04130198700986977,0
1571238879250,-0.4130999462410638,1.18316743589414,0.9819746530451854,-0.5639665405969112,-0.03124568587549799,0
1571238879500,-0.23896368566473122,1.18316743589414,0.8072751317048774,-0.1450605137308659,-0.02118781418027432,0
1571238879750,-0.19542962052064808,1.118136025591321,0.842215035972939,0.7064528879423311,0.015018325137338496,0
1571238880000,0.022240705199767605,1.118136025591321,0.8072751317048774,0.12566797243877093,0.05122289389409959,0
1571238880250,-0.021293359944315533,1.0856203204399117,0.8072751317048774,0.8050687626295527,0.07737273207734062,0
1571238880500,-0.19542962052064808,1.0531046152885024,0.7373953231687541,-0.4957135295569559,0.10150911124851451,0
1571238880750,-0.15189555537656493,1.118136025591321,0.7723352274368158,0.5032162268159214,0.11156698294373836,0
1571238881000,0.06577477034385075,1.0531046152885024,0.842215035972939,-0.39083901445219194,0.10955509449252311,0
1571238881250,-0.021293359944315533,1.020588910137093,0.8771549402410006,0.5788273691575819,0.11558918928531663,0
1571238881500,-0.15189555537656493,1.0531046152885024,0.842215035972939,-0.23192029357973093,0.10955509449252311,0
1571238881750,-0.19542962052064808,1.18316743589414,0.7373953231687541,0.736392870480304,0.10553288815094485,0
1571238882000,0.41404729149651587,1.020588910137093,0.5976357060965077,-0.20993047589647393,0.09748690490693608,0
1571238882250,0.5011154217846822,0.9555574998342745,0.5626958018284461,0.47818166514575194,0.10150911124851451,0
1571238882500,0.6752516823610146,0.8905260895314557,0.4229361847561997,-0.5940756755786014,0.09346312800450592,0
1571238882750,0.5881835520728484,0.7929789740772277,0.6325756103645693,0.641582925776723,0.0874290332117124,0
1571238883000,0.41404729149651587,0.7604632689258184,0.5976357060965077,-0.05904649610058765,0.08340682687013397,0
1571238883250,0.5011154217846822,0.8254946792286371,0.3879962804881381,0.29177567216921974,0.07938304996770382,0
1571238883500,0.8058538777932641,1.020588910137093,0.24823666341589168,-0.5541556988613042,0.0733489551749103,0
1571238883750,-0.3260318159528975,1.0531046152885024,0.6675155146326309,1.092120459617915,0.06932674883333186,0
1571238884000,-0.36956588109698063,1.020588910137093,0.8771549402410006,0.23680112796107733,0.06932674883333186,0
1571238884250,-0.9790427931141445,1.18316743589414,0.9470347487771238,0.5223304529559832,0.07536084362612537,0
1571238884500,-0.28249775080881434,1.118136025591321,0.9470347487771238,-0.631289213196421,0.06530454249175359,0
1571238884750,-0.19542962052064808,1.0531046152885024,0.7024554189006925,1.6455872554611213,0.06329265404053852,0
1571238885000,0.15284290063201703,1.020588910137093,0.5626958018284461,1.2539993482554297,0.05524667079652975,0
1571238885250,-0.4130999462410638,0.8905260895314557,0.842215035972939,-0.6473586953495704,0.05524667079652975,0
1571238885500,0.3705132263524327,1.020588910137093,0.49281599329232295,-6.114027371407254,0.05122289389409959,0
1571238885750,-0.06482742508839867,1.1506517307427304,0.7373953231687541,-0.7617057473025066,0.05122289389409959,0
1571238886000,-0.1083614902324818,1.0856203204399117,0.7723352274368158,1.3960028247561544,0.047200687552521325,0
1571238886250,-0.15189555537656493,1.020588910137093,0.8771549402410006,1.3091430449072896,0.045188799101306076,0
1571238886500,0.06577477034385075,1.020588910137093,0.8072751317048774,0.7214228792113175,0.04317848121094271,0
1571238886750,0.10930883548793388,1.0856203204399117,0.7373953231687541,0.15104083899637513,0.03915470430851256,0
1571238887000,0.5011154217846822,1.020588910137093,0.4229361847561997,0.9569676570877431,0.04116659275972781,0
1571238887250,0.7623198126491809,0.8254946792286371,0.3530563762200765,-0.8061082637783139,0.033120609515719046,0
1571238887500,0.6752516823610146,0.8580103843800464,0.24823666341589168,0.289322961735318,0.03915470430851256,0
1571238887750,0.9799901383695966,0.5978847431687717,0.21329675914783008,-0.1266228973656735,0.035132497966934295,0
1571238888000,0.8058538777932641,0.630400448320181,0.24823666341589168,-0.5140665697002896,0.037142815857297486,0
1571238888250,1.0235242035136798,0.5978847431687717,0.3530563762200765,0.1235535668923039,0.03915470430851256,0
1571238888500,0.5446494869287652,0.4027905122603157,0.4229361847561997,0.04836530565993679,0.031108721064503967,0
1571238888750,0.7187857475050978,0.532853332865953,0.4229361847561997,0.7961036831125325,0.02909840317414078,0
1571238889000,1.763603310963093,0.43530621741172504,-0.24092199633697078,-0.07875275579366024,0.02909840317414078,0
1571238889250,-0.5872362068173963,1.18316743589414,0.7373953231687541,0.5285890933735256,0.027086514722925528,0
1571238889500,-0.804906532537812,0.8580103843800464,1.4361934085299863,-0.6276524356564978,0.02909840317414078,0
1571238889750,-0.06482742508839867,0.9555574998342745,0.8771549402410006,1.0637028490733982,0.023062737820495373,0
1571238890000,-0.021293359944315533,0.9880732049856839,0.7723352274368158,0.412465940761557,0.025074626271710452,0
1571238890250,0.19637696577610014,0.9555574998342745,0.7024554189006925,0.6486873284128523,0.025074626271710452,0
1571238890500,0.19637696577610014,0.8905260895314557,0.7024554189006925,-0.5919612700321344,0.023062737820495373,0
1571238890750,0.2399110309201833,0.8905260895314557,0.7373953231687541,0.5581061948022051,0.021052419930132012,0
1571238891000,0.19637696577610014,0.8905260895314557,0.7373953231687541,-0.21001505211833263,0.023062737820495373,0
1571238891250,0.2399110309201833,0.9230417946828652,0.7024554189006925,0.61485683966938,0.019040531478916933,0
1571238891500,-0.021293359944315533,0.9230417946828652,0.8072751317048774,-0.40826171615508017,0.017028643027701858,0
1571238891750,0.06577477034385075,0.8905260895314557,0.842215035972939,0.6316875078192574,0.015018325137338496,0
1571238892000,0.022240705199767605,0.9230417946828652,1.0867943658493702,-0.3066856737028047,0.015018325137338496,0
1571238892250,-0.1083614902324818,1.18316743589414,0.7373953231687541,0.5241911298368742,0.017028643027701858,0
1571238892500,-0.36956588109698063,1.0531046152885024,0.8771549402410006,-0.48480319693718615,0.013006436686123593,0
1571238892750,-0.28249775080881434,0.9880732049856839,0.9120948445090622,0.18360268441196717,0.01099454823490834,0
1571238893000,-0.23896368566473122,0.9555574998342745,0.8771549402410006,-0.7491038902455632,0.013006436686123593,0
1571238893250,-0.19542962052064808,1.0856203204399117,0.8771549402410006,0.1830106508589564,0.008984230344545154,0
1571238893500,-0.021293359944315533,1.18316743589414,0.7723352274368158,-0.18396557578585898,0.008984230344545154,0
1571238893750,-0.3260318159528975,1.2156831410455493,0.7024554189006925,-0.51212131659754,0.01099454823490834,0
1571238894000,0.06577477034385075,0.9555574998342745,0.8771549402410006,-0.46399744635995066,0.004960453442114825,0
1571238894250,-0.28249775080881434,0.8254946792286371,0.9470347487771238,-0.8205707977161483,0.004960453442114825,0
1571238894500,-0.1083614902324818,0.8580103843800464,0.9819746530451854,0.46236591165817864,0.01099454823490834,0
1571238894750,-0.3260318159528975,0.8905260895314557,0.9470347487771238,-0.4935991240104889,0.0069723418933300765,0
1571238895000,-0.15189555537656493,0.9230417946828652,0.9819746530451854,1.0038228839974523,0.0069723418933300765,0
1571238895250,-0.23896368566473122,0.9880732049856839,0.8771549402410006,0.1673640498151005,0.0069723418933300765,0
1571238895500,-0.15189555537656493,0.9555574998342745,0.8771549402410006,0.509136562346029,0.004960453442114825,0
1571238895750,-0.021293359944315533,1.0856203204399117,0.8072751317048774,-0.393207148664235,0.0069723418933300765,0
1571238896000,0.28344509606426643,0.8580103843800464,0.8771549402410006,-0.306601097480946,0.0069723418933300765,0
1571238896250,1.0235242035136798,0.8580103843800464,0.21329675914783008,-0.17288609072237182,0.0009382471005365606,0
1571238896500,1.2411945292340956,0.9880732049856839,-0.24092199633697078,-0.393207148664235,0.0029485649908997467,0
1571238896750,0.19637696577610014,1.1506517307427304,0.1783568548797685,0.589399396889917,-0.0010736413506786916,0
1571238897000,0.9799901383695966,0.5978847431687717,0.6325756103645693,-0.15487135546647285,-0.007107736143472033,0
1571238897250,0.6752516823610146,0.5003376277145437,0.5976357060965077,1.0520313304569002,-0.0030855298018937693,0
1571238897500,0.7187857475050978,0.532853332865953,0.6325756103645693,0.09445934657291775,-0.005097418253108847,0
1571238897750,0.5011154217846822,0.8905260895314557,0.5277558975603845,0.5525241641595323,-0.0030855298018937693,0
1571238898000,1.110592333801846,1.0856203204399117,0.003657333539460452,-0.5218475821112882,-0.007107736143472033,0
1571238898250,0.8058538777932641,1.4107773719540053,-0.45056142194534043,0.5720612714088875,-0.01314183093626555,0
1571238898500,0.5881835520728484,0.9880732049856839,-0.3457417091411556,-0.20282607326034477,-0.007107736143472033,0
1571238898750,-1.9803262914280568,-0.702743462887602,1.0518544615813086,0.8998787073331337,-0.009119624594687285,0
1571238899000,-2.2850647474366386,-0.41010211652491785,1.2964337914577397,0.026798369085973224,-0.0030855298018937693,0
1571238899250,-2.1979966171484726,-0.4426178216763272,0.8771549402410006,1.807719872764212,-0.01314183093626555,0
1571238899500,-2.5462691383011373,-0.18249218046505244,0.9470347487771238,0.08185748951597434,-0.009119624594687285,0
1571238899750,-1.6320537702753917,-0.3450707062220992,0.7024554189006925,-1.718770273855337,-0.01314183093626555,0
1571238900000,-2.1979966171484726,-0.6377120525847833,0.7024554189006925,-0.6721395283541637,-0.017165607838695706,0
1571238900250,-1.8932581611398904,-0.31255500107068984,1.191614078653555,1.2169549630813277,-0.01314183093626555,0
1571238900500,-1.2402471839786433,-0.1499764753136431,0.9819746530451854,-0.3619139465765231,-0.01314183093626555,0
1571238900750,-1.6755878354194749,0.4678219225631344,1.0867943658493702,0.8765356701001379,-0.0151537193874808,0
1571238901000,-1.0225768582582277,1.1506517307427304,1.1217342701174318,-0.45427118084620244,-0.0151537193874808,0
1571238901250,-0.36956588109698063,1.2156831410455493,0.7024554189006925,0.3848940924356271,-0.009119624594687285,0
1571238901500,-0.23896368566473122,1.118136025591321,0.7024554189006925,-1.216387516014774,-0.009119624594687285,0
1571238901750,-0.3260318159528975,0.9555574998342745,0.8771549402410006,0.6499559717407324,-0.011131513045902363,0
1571238902000,-0.36956588109698063,0.8580103843800464,1.016914557313247,0.40502323323799316,-0.009119624594687285,0
1571238902250,-0.1083614902324818,0.8580103843800464,0.9120948445090622,1.1556372022337842,-0.007107736143472033,0
1571238902500,-0.4566340113851469,0.8254946792286371,1.0518544615813086,-0.34364548265504813,-0.0151537193874808,0
1571238902750,-0.4566340113851469,0.7604632689258184,1.016914557313247,0.414072888976872,-0.0151537193874808,0
1571238903000,-0.4130999462410638,0.7929789740772277,1.016914557313247,0.17480675733866438,-0.0151537193874808,0
1571238903250,-0.28249775080881434,0.8905260895314557,0.842215035972939,0.7855316553801975,-0.01314183093626555,0
1571238903500,-0.3260318159528975,0.8580103843800464,0.9819746530451854,0.004554822737140209,-0.0151537193874808,0
1571238903750,0.10930883548793388,0.7929789740772277,0.9120948445090622,0.8781426183154528,-0.019177496289910955,0
1571238904000,-0.06482742508839867,0.7604632689258184,0.9120948445090622,-0.14438390395599643,-0.017165607838695706,0
1571238904250,-0.23896368566473122,0.8580103843800464,1.016914557313247,0.8283272236406899,-0.017165607838695706,0
1571238904500,-0.5872362068173963,0.8254946792286371,0.9120948445090622,-0.05388734656720814,-0.011131513045902363,0
1571238904750,-0.7613724673937289,0.630400448320181,1.1217342701174318,0.8095513023880628,-0.0151537193874808,0
1571238905000,-0.5872362068173963,1.1506517307427304,0.9120948445090622,-0.14979678215495199,-0.017165607838695706,0
1571238905250,-0.5437021416733132,1.0531046152885024,0.842215035972939,0.62830445894491,-0.019177496289910955,0
1571238905500,-0.36956588109698063,0.630400448320181,1.1566741743854934,-0.2706562031910067,-0.0151537193874808,0
1571238905750,-0.36956588109698063,1.020588910137093,0.7373953231687541,0.9853006914104012,-0.019177496289910955,0
1571238906000,-0.8484405976818952,0.9230417946828652,1.1566741743854934,0.279258391334135,-0.02118781418027432,0
1571238906250,-0.28249775080881434,0.9230417946828652,0.9819746530451854,0.9201770005792171,-0.019177496289910955,0
1571238906500,-0.19542962052064808,1.020588910137093,0.9819746530451854,-1.1132045253471834,-0.02118781418027432,0
1571238906750,-0.3260318159528975,0.5978847431687717,1.0867943658493702,0.15315524454284216,-0.025211591082704474,0
1571238907000,-0.021293359944315533,0.6629161534715904,0.9120948445090622,-0.8384163805283299,-0.02118781418027432,0
1571238907250,-0.19542962052064808,0.6954318586229997,0.8771549402410006,1.241482067420345,-0.02118781418027432,0
1571238907500,-0.15189555537656493,0.6954318586229997,0.8771549402410006,0.16321981494402513,-0.025211591082704474,0
1571238907750,-0.06482742508839867,0.630400448320181,0.9120948445090622,-0.27124823674401743,-0.02319970263148922,0
1571238908000,0.022240705199767605,0.6954318586229997,0.9120948445090622,-0.42915204295417425,-0.029233797424282736,0
1571238908250,0.022240705199767605,0.6954318586229997,0.8771549402410006,0.5257980780521891,-0.02319970263148922,0
1571238908500,0.10930883548793388,0.6954318586229997,0.9120948445090622,-0.7249996670158392,-0.029233797424282736,0
1571238908750,-0.23896368566473122,0.6954318586229997,0.9470347487771238,0.0684944464623028,-0.027221908973067834,0
1571238909000,0.15284290063201703,0.7604632689258184,0.7723352274368158,-0.843152648952416,-0.025211591082704474,0
1571238909250,-0.36956588109698063,0.6954318586229997,0.9470347487771238,-0.003395342117575774,-0.03124568587549799,0
1571238909500,-0.15189555537656493,0.6954318586229997,0.9120948445090622,-0.0811208900057033,-0.025211591082704474,0
1571238909750,-0.021293359944315533,0.7279475637744091,0.842215035972939,0.23375638397416482,-0.029233797424282736,0
1571238910000,0.022240705199767605,0.630400448320181,0.9470347487771238,0.1779360775474356,-0.025211591082704474,0
1571238910250,-0.15189555537656493,0.630400448320181,0.9120948445090622,-0.8434063776179921,-0.029233797424282736,0
1571238910500,-0.1083614902324818,0.6629161534715904,0.9470347487771238,-0.15182661147956034,-0.03325600376586117,0
1571238910750,-0.1083614902324818,0.6629161534715904,0.8771549402410006,0.17277692801405606,-0.03124568587549799,0
1571238911000,-0.28249775080881434,0.5003376277145437,1.016914557313247,1.028011683449035,-0.027221908973067834,0
1571238911250,-0.3260318159528975,0.7279475637744091,0.9470347487771238,0.11653374047803342,-0.027221908973067834,0
1571238911500,-0.19542962052064808,0.6954318586229997,0.9470347487771238,0.7359699893710107,-0.029233797424282736,0
1571238911750,-0.5872362068173963,0.6954318586229997,1.0867943658493702,-0.4308435673913479,-0.027221908973067834,0
1571238912000,-0.3260318159528975,0.6629161534715904,1.016914557313247,0.2452587501469454,-0.03124568587549799,0
1571238912250,-1.7191219005635578,0.37027480710890637,0.9120948445090622,-0.19496048462748747,-0.027221908973067834,0
1571238912500,-0.804906532537812,0.5653690380173624,1.1566741743854934,0.8332326445084934,-0.019177496289910955,0
1571238912750,-0.36956588109698063,0.6629161534715904,1.0518544615813086,-0.1759308347092843,-0.0151537193874808,0
1571238913000,-0.06482742508839867,0.7604632689258184,0.9120948445090622,0.5400068833244475,-0.017165607838695706,0
1571238913250,0.3269791612083496,0.7279475637744091,0.7373953231687541,-0.12383188204433704,-0.01314183093626555,0
1571238913500,0.28344509606426643,0.7279475637744091,0.7373953231687541,0.4645648934265043,-0.019177496289910955,0
1571238913750,0.19637696577610014,0.6954318586229997,0.7723352274368158,-0.4751615076452965,-0.019177496289910955,0
1571238914000,0.15284290063201703,0.6954318586229997,0.842215035972939,0.35461580501021944,-0.019177496289910955,0
1571238914250,0.19637696577610014,0.6954318586229997,0.8072751317048774,0.5818721131444945,-0.025211591082704474,0
1571238914500,0.06577477034385075,0.6954318586229997,0.8771549402410006,-0.2438455408618049,-0.03124568587549799,0
1571238914750,-0.1083614902324818,0.5653690380173624,0.9120948445090622,-0.07232496293240051,-0.025211591082704474,0
1571238915000,-0.3260318159528975,0.5653690380173624,1.016914557313247,-0.01709669005868204,-0.02118781418027432,0
1571238915250,-0.06482742508839867,0.5978847431687717,1.0518544615813086,0.1944284408098783,-0.02319970263148922,0
1571238915500,-0.4130999462410638,0.6954318586229997,0.9819746530451854,0.43868456953774804,-0.019177496289910955,0
1571238915750,-0.8919746628259783,0.7279475637744091,1.1217342701174318,0.4951814857393467,-0.029233797424282736,0
1571238916000,-0.9355087279700615,0.5653690380173624,1.1566741743854934,0.030604299069613854,-0.037279780668291504,0
1571238916250,1.067058268657763,0.9880732049856839,0.3879962804881381,-0.6482890337900158,-0.03124568587549799,0
1571238916500,1.067058268657763,0.8254946792286371,0.21329675914783008,-1.034886943906045,-0.03929166911950658,0
1571238916750,0.9364560732255135,0.8580103843800464,0.003657333539460452,0.6025087112780125,-0.035267892217076255,0
1571238917000,1.0235242035136798,0.8254946792286371,-0.10116237926472436,0.488753692878087,-0.037279780668291504,0
1571238917250,1.0235242035136798,0.8580103843800464,0.10847704634364527,0.11560340203758793,-0.03929166911950658,0
1571238917500,0.8929220080814304,0.8254946792286371,0.038597237807522056,0.2706316167045496,-0.037279780668291504,0
1571238917750,1.0235242035136798,0.8905260895314557,0.1783568548797685,-0.4066547679397652,-0.0453257639123001,0
1571238918000,0.8493879429373472,0.8580103843800464,0.14341695061170687,-0.17618456337486038,-0.04130198700986977,0
1571238918250,0.8058538777932641,0.9230417946828652,0.038597237807522056,-0.09659833860584187,-0.04331387546108502,0
1571238918500,0.8493879429373472,0.8580103843800464,0.21329675914783008,0.32679022801871355,-0.04331387546108502,0
1571238918750,0.8493879429373472,0.8580103843800464,0.1783568548797685,0.18165743130921752,-0.04331387546108502,0
1571238919000,0.7187857475050978,0.8905260895314557,0.2831765676839533,0.580941774704049,-0.05135985870509344,0
1571238919250,0.6752516823610146,0.7929789740772277,0.3879962804881381,-0.6712091899137183,-0.04331387546108502,0
1571238919500,0.7187857475050978,0.8580103843800464,0.24823666341589168,0.4079834010030469,-0.04130198700986977,0
1571238919750,1.2411945292340956,0.7604632689258184,-0.10116237926472436,-0.47482320275786183,-0.035267892217076255,0
1571238920000,1.110592333801846,0.7604632689258184,-0.10116237926472436,0.2543929821076829,-0.037279780668291504,0
1571238920250,0.8058538777932641,0.8580103843800464,0.003657333539460452,-0.8866248269877779,-0.04331387546108502,0
1571238920500,0.7623198126491809,1.18316743589414,0.14341695061170687,0.42109271539114246,-0.035267892217076255,0
1571238920750,0.6752516823610146,1.0856203204399117,0.21329675914783008,-0.2486663855077497,-0.0453257639123001,0
1571238921000,0.5881835520728484,1.0531046152885024,0.2831765676839533,0.8177551959083549,-0.06543993674189573,0
1571238921250,0.6752516823610146,1.0531046152885024,0.3530563762200765,-0.41088357903269923,-0.07147403153468924,0
1571238921500,0.6317176172169315,1.020588910137093,0.2831765676839533,0.6237373429645414,-0.07147403153468924,0
1571238921750,0.8058538777932641,0.9880732049856839,0.24823666341589168,-0.2720939989626043,-0.0754978084371194,0
1571238922000,0.7623198126491809,0.9880732049856839,0.3530563762200765,0.24238315860375023,-0.07952001477869783,0
1571238922250,0.7623198126491809,0.9555574998342745,0.3530563762200765,-0.20849268012487637,-0.08153190322991291,0
1571238922500,0.7623198126491809,0.9880732049856839,0.2831765676839533,-0.8478889173765022,-0.08153190322991291,0
1571238922750,0.7623198126491809,0.9880732049856839,0.2831765676839533,0.22250774646696028,-0.07952001477869783,0
1571238923000,0.6752516823610146,0.9230417946828652,0.3181164719520149,-0.7655962535080059,-0.08555410957149134,0
1571238923250,0.5446494869287652,0.9880732049856839,0.21329675914783008,0.5297731604795471,-0.0835422211202761,0
1571238923500,0.8058538777932641,0.9555574998342745,0.24823666341589168,0.12456848155460808,-0.0835422211202761,0
1571238923750,0.7187857475050978,0.8905260895314557,0.24823666341589168,0.6839556129279221,-0.08957631591306961,0
1571238924000,0.5446494869287652,0.9230417946828652,0.2831765676839533,0.4358089779945529,-0.08153190322991291,0
1571238924250,0.7187857475050978,0.9555574998342745,0.3530563762200765,-0.913604641760697,-0.08756599802270626,0
1571238924500,0.5881835520728484,0.9555574998342745,0.24823666341589168,0.44223677085581264,-0.08756599802270626,0
1571238924750,0.8058538777932641,0.9230417946828652,0.3181164719520149,-0.39253053888936557,-0.09158820436428487,0
1571238925000,0.7623198126491809,0.9555574998342745,0.21329675914783008,0.7064528879423311,-0.08756599802270626,0
1571238925250,1.110592333801846,0.7929789740772277,0.21329675914783008,-0.20832352768115903,-0.0754978084371194,0
1571238925500,0.7187857475050978,0.7604632689258184,0.49281599329232295,0.3566456343348278,-0.06141773040031728,0
1571238925750,0.06577477034385075,0.9230417946828652,0.6325756103645693,-0.3238546467401168,-0.055382065046672056,0
1571238926000,0.5881835520728484,0.9880732049856839,0.5277558975603845,-1.0796277652692872,-0.05739395349788696,0
1571238926250,0.5011154217846822,1.0856203204399117,0.4229361847561997,-0.10226494547037347,-0.05337174715630869,0
1571238926500,0.6752516823610146,0.9555574998342745,0.3879962804881381,-0.6369558200609526,-0.05940584194910221,0
1571238926750,0.7187857475050978,0.9880732049856839,0.2831765676839533,1.2778498428195775,-0.05940584194910221,0
1571238927000,0.6752516823610146,0.9555574998342745,0.2831765676839533,-0.3203024454220523,-0.06141773040031728,0
1571238927250,0.6317176172169315,0.8905260895314557,0.2831765676839533,0.05479309852119652,-0.06141773040031728,0
1571238927500,0.6752516823610146,0.8254946792286371,0.4578760890242613,-0.25500960214715074,-0.05739395349788696,0
1571238927750,-0.4130999462410638,0.6954318586229997,0.8072751317048774,0.33744683197290726,-0.05940584194910221,0
1571238928000,0.022240705199767605,0.8580103843800464,0.7024554189006925,0.4387691457596067,-0.05940584194910221,0
1571238928250,-0.1083614902324818,0.6629161534715904,0.8771549402410006,0.6700005363212397,-0.06141773040031728,0
1571238928500,-0.7613724673937289,0.6629161534715904,1.2265539829216165,1.1795722730197906,-0.05739395349788696,0
1571238928750,-0.8919746628259783,0.7929789740772277,1.3313736957258016,-0.40597815816489574,-0.05739395349788696,0
1571238929000,-1.0661109234023107,0.7604632689258184,1.0867943658493702,0.1192401795775112,-0.06141773040031728,0
1571238929250,-1.2402471839786433,0.8580103843800464,1.1566741743854934,-0.3631825899044034,-0.06342804829068047,0
1571238929500,-1.2837812491227265,0.6629161534715904,1.1217342701174318,0.2930443154970999,-0.06141773040031728,0
1571238929750,-1.0225768582582277,0.6629161534715904,1.3313736957258016,-1.128428245281746,-0.05739395349788696,0
1571238930000,-0.8919746628259783,0.630400448320181,1.0867943658493702,-0.07553885936303037,-0.06543993674189573,0
1571238930250,-0.7178384022496457,0.5978847431687717,1.1217342701174318,-0.2708253556347241,-0.05940584194910221,0
1571238930500,-0.6743043371055626,0.5978847431687717,1.191614078653555,1.0313947323233823,-0.06342804829068047,0
1571238930750,-0.6307702719614795,0.6629161534715904,1.0867943658493702,-0.5430762137978171,-0.05940584194910221,0
1571238931000,-0.5437021416733132,0.630400448320181,1.0867943658493702,0.44764964905476823,-0.06141773040031728,0
1571238931250,-0.50016807652923,0.630400448320181,1.1217342701174318,-0.6362792102860831,-0.0674518251931108,0
1571238931500,-0.5872362068173963,0.630400448320181,1.016914557313247,0.4271822033649675,-0.06342804829068047,0
1571238931750,-0.4566340113851469,0.5978847431687717,1.016914557313247,-0.38415749292535617,-0.0674518251931108,0
1571238932000,-0.6307702719614795,0.630400448320181,1.1217342701174318,0.2735917844696034,-0.06543993674189573,0
1571238932250,-1.0661109234023107,0.7279475637744091,1.1217342701174318,-0.21618911631401633,-0.06543993674189573,0
1571238932500,-0.15189555537656493,0.7929789740772277,1.1217342701174318,0.5084599525711596,-0.0674518251931108,0
1571238932750,-0.23896368566473122,0.7279475637744091,0.9819746530451854,0.015972612688062097,-0.0674518251931108,0
1571238933000,-0.28249775080881434,0.7604632689258184,1.016914557313247,0.6536773255025143,-0.0674518251931108,0
1571238933250,-0.4130999462410638,0.630400448320181,1.0518544615813086,-0.2728551849593324,-0.0674518251931108,0
1571238933500,0.022240705199767605,0.7279475637744091,0.9470347487771238,1.017947113047852,-0.06946214308347398,0
1571238933750,0.022240705199767605,0.6954318586229997,0.8072751317048774,-0.4275450947388594,-0.06543993674189573,0
1571238934000,0.06577477034385075,0.6629161534715904,0.7723352274368158,0.277397714453244,-0.07147403153468924,0
1571238934250,0.3269791612083496,0.6629161534715904,0.6675155146326309,-0.8010336904667932,-0.06946214308347398,0
1571238934500,0.3269791612083496,0.6954318586229997,1.0867943658493702,0.46828624718828626,-0.07348591998590431,0
1571238934750,0.022240705199767605,0.9230417946828652,0.5976357060965077,-0.5087382677231927,-0.06946214308347398,0
1571238935000,0.6317176172169315,0.8580103843800464,0.5976357060965077,0.5979415952976438,-0.06946214308347398,0
1571238935250,0.6752516823610146,0.7604632689258184,0.3879962804881381,-0.8416302769589599,-0.0674518251931108,0
1571238935500,0.6752516823610146,0.6629161534715904,0.3181164719520149,-0.5379170642644376,-0.07952001477869783,0
1571238935750,0.8929220080814304,0.630400448320181,0.21329675914783008,-0.4123213748042968,-0.07750812632748258,0
1571238936000,1.1976604640900124,0.6629161534715904,0.2831765676839533,0.14038423504218137,-0.08153190322991291,0
1571238936250,0.28344509606426643,0.6954318586229997,0.1783568548797685,-0.9384700509871492,-0.06946214308347398,0
1571238936500,0.6752516823610146,0.7604632689258184,0.5277558975603845,0.47454488760582864,-0.06543993674189573,0
1571238936750,0.8493879429373472,0.8254946792286371,0.07353714207558366,-1.0462201576351084,-0.06342804829068047,0
1571238937000,0.9799901383695966,0.8905260895314557,-0.10116237926472436,0.20643826431381096,-0.06342804829068047,0
1571238937250,0.9364560732255135,0.7604632689258184,0.10847704634364527,-0.2438455408618049,-0.0674518251931108,0
1571238937500,0.3269791612083496,0.630400448320181,0.6325756103645693,0.5437282370862294,-0.06543993674189573,0
1571238937750,-0.9355087279700615,0.5978847431687717,1.3313736957258016,-1.46664855649461,-0.0754978084371194,0
1571238938000,-0.1083614902324818,0.6629161534715904,1.2614938871896781,0.09369816057618964,-0.06141773040031728,0
1571238938250,0.15284290063201703,0.532853332865953,1.0518544615813086,-0.5449368906787081,-0.06543993674189573,0
1571238938500,0.8493879429373472,0.5978847431687717,0.14341695061170687,0.434455758444814,-0.06946214308347398,0
1571238938750,0.5446494869287652,0.532853332865953,0.7723352274368158,-0.7364174569667611,-0.07348591998590431,0
1571238939000,-0.50016807652923,0.7929789740772277,0.8072751317048774,2.5044587884360237,-0.0754978084371194,0
1571238939250,-0.6743043371055626,0.8580103843800464,0.8072751317048774,-2.1567059506395854,-0.07147403153468924,0
1571238939500,-1.0225768582582277,0.27272769165467836,1.5060732170661095,-1.134517733255571,-0.07147403153468924,0
1571238939750,-1.8932581611398904,0.4027905122603157,1.2265539829216165,-0.49512149600394517,-0.07348591998590431,0
1571238940000,-1.8497240959958072,0.27272769165467836,1.0867943658493702,0.1864782759551623,-0.07348591998590431,0
1571238940250,-2.1544625520043894,0.07763346074622228,1.2614938871896781,-0.24240774509020732,-0.0835422211202761,0
1571238940500,-1.0661109234023107,0.1751805762004503,1.191614078653555,0.3267056517968548,-0.0835422211202761,0
1571238940750,-1.762655965707641,0.045117755594812944,1.0518544615813086,-1.0756526828419293,-0.09963418760829329,0
1571238941000,-2.067394421716223,-0.08494506501082442,1.1566741743854934,0.1567920220827654,-0.09963418760829329,0
1571238941250,-1.8497240959958072,0.1751805762004503,1.2964337914577397,0.2927060106096652,-0.11170237719388032,0
1571238941500,-0.23896368566473122,0.4678219225631344,1.0518544615813086,0.35021784147356805,-0.09360009281549977,0
1571238941750,0.3269791612083496,0.7604632689258184,0.6325756103645693,0.1257525486606296,-0.0754978084371194,0
1571238942000,0.8929220080814304,0.7604632689258184,0.5626958018284461,-0.0929615610659186,-0.07147403153468924,0
1571238942250,-0.3260318159528975,0.9555574998342745,0.7024554189006925,0.25117908567705305,-0.06946214308347398,0
1571238942500,-0.7613724673937289,0.8254946792286371,0.7723352274368158,0.25067162834590095,-0.06543993674189573,0
1571238942750,-0.6307702719614795,0.4027905122603157,1.3313736957258016,0.35673021055668647,-0.0674518251931108,0
1571238943000,-0.7613724673937289,0.5003376277145437,1.2265539829216165,-0.2132289485489625,-0.07147403153468924,0
1571238943250,-1.1531790536904771,0.4678219225631344,1.0867943658493702,0.25802975964760616,-0.07147403153468924,0
1571238943500,-1.5014515748431423,0.5003376277145437,1.016914557313247,-0.127806964471695,-0.08957631591306961,0
1571238943750,-1.5014515748431423,0.4678219225631344,1.2265539829216165,-0.7833572600983288,-0.119748360437889,0
1571238944000,-1.457917509699059,0.37027480710890637,1.191614078653555,-0.1581698281189614,-0.06946214308347398,0
1571238944250,-1.109644988546394,0.43530621741172504,1.2265539829216165,0.714149324131471,-0.06342804829068047,0
1571238944500,-1.1531790536904771,0.43530621741172504,1.191614078653555,-0.2994121186229581,-0.06141773040031728,0
1571238944750,-1.0225768582582277,0.43530621741172504,1.2265539829216165,1.4224751821979218,-0.06543993674189573,0
1571238945000,-0.23896368566473122,1.0531046152885024,0.7723352274368158,-0.18286608490169615,-0.0674518251931108,0
1571238945250,-0.19542962052064808,0.630400448320181,0.9470347487771238,0.6002251532878282,-0.06543993674189573,0
1571238945500,0.28344509606426643,0.8580103843800464,0.7723352274368158,-0.704109340216745,-0.07147403153468924,0
1571238945750,0.2399110309201833,1.18316743589414,0.5626958018284461,0.4877387782157829,-0.06946214308347398,0
1571238946000,0.10930883548793388,1.18316743589414,0.5626958018284461,-0.1721249047256437,-0.07348591998590431,0
1571238946250,0.06577477034385075,1.1506517307427304,0.5626958018284461,0.7902679238042836,-0.07750812632748258,0
1571238946500,-0.06482742508839867,1.1506517307427304,0.7373953231687541,-0.2674423067603768,-0.07348591998590431,0
1571238946750,0.022240705199767605,1.2156831410455493,0.7024554189006925,0.5298577367014058,-0.07952001477869783,0
1571238947000,-0.06482742508839867,1.0531046152885024,0.5277558975603845,-0.4237391647552187,-0.0754978084371194,0
1571238947250,-0.021293359944315533,1.18316743589414,0.7373953231687541,0.01834074690010516,-0.08153190322991291,0
1571238947500,-0.06482742508839867,1.118136025591321,0.8072751317048774,-0.859560435993,-0.08555410957149134,0
1571238947750,-0.3260318159528975,1.0856203204399117,0.8771549402410006,-0.011514659416009118,-0.07952001477869783,0
1571238948000,-0.36956588109698063,1.0531046152885024,0.9120948445090622,-0.2534026539318358,-0.0835422211202761,0
1571238948250,-0.4130999462410638,1.118136025591321,0.9120948445090622,0.12177746623327163,-0.07952001477869783,0
1571238948500,-0.36956588109698063,1.1506517307427304,1.0518544615813086,-0.256531974140607,-0.08153190322991291,0
1571238948750,-0.5437021416733132,1.118136025591321,0.9120948445090622,-0.6164883743711519,-0.0835422211202761,0
1571238949000,-0.5872362068173963,1.1506517307427304,0.9120948445090622,0.43521694444154213,-0.0835422211202761,0
1571238949250,-0.5872362068173963,1.1506517307427304,0.9819746530451854,-0.012444997856454606,-0.08756599802270626,0
1571238949500,-0.50016807652923,1.18316743589414,0.9120948445090622,0.5238528249494394,-0.0835422211202761,0
1571238949750,-0.8484405976818952,1.0856203204399117,1.016914557313247,-0.1427769557406815,-0.08957631591306961,0
1571238950000,-0.6743043371055626,1.1506517307427304,1.016914557313247,0.6950350979914092,-0.08756599802270626,0
1571238950250,-0.19542962052064808,1.118136025591321,0.7723352274368158,-0.47279337343325345,-0.08555410957149134,0
1571238950500,-0.15189555537656493,1.0531046152885024,1.016914557313247,0.31105905075299894,-0.09158820436428487,0
1571238950750,0.10930883548793388,0.9880732049856839,0.7373953231687541,-0.46957947700262365,-0.08756599802270626,0
1571238951000,0.28344509606426643,0.9880732049856839,0.6675155146326309,0.5263055353833412,-0.09360009281549977,0
1571238951250,0.41404729149651587,0.8905260895314557,0.5976357060965077,0.31799430094541076,-0.08756599802270626,0
1571238951500,0.10930883548793388,0.9555574998342745,0.6325756103645693,-0.42492323186124026,-0.08957631591306961,0
1571238951750,0.5446494869287652,0.8580103843800464,0.6675155146326309,-0.41485866146005723,-0.09360009281549977,0
1571238952000,0.19637696577610014,0.7604632689258184,0.8072751317048774,-0.19056252109083607,-0.09158820436428487,0
1571238952250,0.06577477034385075,0.7279475637744091,0.8771549402410006,0.5387382399965672,-0.09360009281549977,0
1571238952500,0.45758135664059896,0.7604632689258184,0.7024554189006925,-0.36056072702678427,-0.09360009281549977,0
1571238952750,0.5446494869287652,0.9555574998342745,0.7024554189006925,0.41043611143694875,-0.08957631591306961,0
1571238953000,0.28344509606426643,1.118136025591321,1.016914557313247,0.036355482156004135,-0.09561198126671502,0
1571238953250,-0.4566340113851469,1.280714551348368,0.49281599329232295,0.9120576832807838,-0.09561198126671502,0
1571238953500,-0.23896368566473122,1.573355897711052,0.5626958018284461,0.26987043070782146,-0.09561198126671502,0
1571238953750,-0.6743043371055626,1.67090301316528,0.49281599329232295,0.907236838634839,-0.09360009281549977,0
1571238954000,-0.6307702719614795,1.8334815389223267,0.49281599329232295,-0.1218020527197287,-0.09561198126671502,0
1571238954250,-1.0661109234023107,1.9310286543765547,0.3879962804881381,1.0856080905347965,-0.08957631591306961,0
1571238954500,-1.1531790536904771,1.963544359527964,0.4229361847561997,-0.1725477858349371,-0.09963418760829329,0
1571238954750,-1.1531790536904771,1.9960600646793734,0.3181164719520149,-0.2873177188971668,-0.10365639394987172,0
1571238955000,-1.1967131188345603,2.0285757698307827,0.3181164719520149,-0.9563156337993308,-0.09561198126671502,0
1571238955250,-1.3273153142668097,2.0285757698307827,0.2831765676839533,0.16398100094075327,-0.09762229915707821,0
1571238955500,-1.370849379410893,2.0285757698307827,0.3181164719520149,-0.48285794383443653,-0.09762229915707821,0
1571238955750,-1.1967131188345603,2.0285757698307827,0.3530563762200765,0.1892692912764988,-0.09762229915707821,0
1571238956000,-1.3273153142668097,2.0285757698307827,0.3530563762200765,-0.6702788514732728,-0.10164607605950854,0
1571238956250,-1.3273153142668097,2.061091474982192,0.24823666341589168,0.05335530274959895,-0.09561198126671502,0
1571238956500,-1.4143834445549759,2.0285757698307827,0.2831765676839533,-0.6386473444981262,-0.09762229915707821,0
1571238956750,-1.6320537702753917,2.0285757698307827,0.2831765676839533,0.07170834289293267,-0.09561198126671502,0
1571238957000,-1.457917509699059,2.0285757698307827,0.3181164719520149,-0.5473050248907512,-0.10164607605950854,0
1571238957250,-1.3273153142668097,2.0285757698307827,0.3879962804881381,0.032972433281656915,-0.09561198126671502,0
1571238957500,-1.4143834445549759,2.0285757698307827,0.3181164719520149,-0.38897833757130096,-0.09762229915707821,0
1571238957750,-1.4143834445549759,2.0285757698307827,0.24823666341589168,0.16347354360960117,-0.10164607605950854,0
1571238958000,-1.109644988546394,1.963544359527964,0.4578760890242613,0.20762233141983247,-0.09963418760829329,0
1571238958250,-0.804906532537812,1.8334815389223267,0.5626958018284461,-0.3079543170306849,-0.09963418760829329,0
1571238958500,-0.9355087279700615,1.67090301316528,0.7723352274368158,0.37449121714700945,-0.10164607605950854,0
1571238958750,-0.6307702719614795,1.378261666802596,0.6675155146326309,-0.07951394179038837,-0.10164607605950854,0
1571238959000,-1.0225768582582277,0.9555574998342745,1.1217342701174318,0.6835327318186286,-0.1056682824010868,0
1571238959250,-0.7178384022496457,0.532853332865953,0.9819746530451854,-0.1292447602432926,-0.09963418760829329,0
1571238959500,-0.19542962052064808,0.9555574998342745,0.842215035972939,0.6039465070496101,-0.10164607605950854,0
1571238959750,-0.19542962052064808,0.240211986503269,1.016914557313247,-0.33070532071067,-0.08957631591306961,0
1571238960000,-0.5872362068173963,-1.1254476298559235,0.49281599329232295,0.9979871246892034,-0.09762229915707821,0
1571238960250,-0.021293359944315533,-0.897837693796058,0.7024554189006925,0.14139914970448553,-0.09561198126671502,0
1571238960500,-0.06482742508839867,-0.995384809250286,0.21329675914783008,0.5804343173728969,-0.09963418760829329,0
1571238960750,-0.3260318159528975,-1.0929319247045142,0.49281599329232295,0.16305066250030778,-0.09963418760829329,0
1571238961000,-0.4130999462410638,-0.897837693796058,0.3530563762200765,0.9956189904771603,-0.09561198126671502,0
1571238961250,-0.3260318159528975,-1.2555104504615608,0.3530563762200765,0.05648462295837013,-0.09963418760829329,0
1571238961500,-0.4566340113851469,-1.0604162195531048,0.3530563762200765,0.9238137781191404,-0.09561198126671502,0
1571238961750,-0.4130999462410638,-1.1904790401587422,0.3181164719520149,-0.17796066403389266,-0.09963418760829329,0
1571238962000,-0.5437021416733132,-1.1254476298559235,0.3530563762200765,0.6575678317080137,-0.10164607605950854,0
1571238962250,-0.4566340113851469,-1.1579633350073328,0.3181164719520149,-0.3779834287296725,-0.09762229915707821,0
1571238962500,-0.4566340113851469,-1.1254476298559235,0.3879962804881381,0.3815956197831386,-0.10365639394987172,0
1571238962750,-0.50016807652923,-1.1579633350073328,0.3879962804881381,-0.5000269168717487,-0.10164607605950854,0
1571238963000,-0.5437021416733132,-1.0604162195531048,0.4229361847561997,0.3010790565736746,-0.10164607605950854,0
1571238963250,-0.19542962052064808,-0.7677748731904207,0.4229361847561997,-0.5573695952919341,-0.10365639394987172,0
1571238963500,0.15284290063201703,-0.9303533989474674,0.2831765676839533,0.27714398578766797,-0.10164607605950854,0
1571238963750,-0.021293359944315533,-0.8328062834932394,0.5626958018284461,-0.49833539243457503,-0.10365639394987172,0
1571238964000,-0.19542962052064808,-0.80029057834183,0.3879962804881381,0.3076760018786517,-0.10164607605950854,0
1571238964250,-0.06482742508839867,-1.2229947453101515,0.10847704634364527,-0.5827424618495384,-0.10969205930351704,0
1571238964500,-0.23896368566473122,-0.995384809250286,0.7024554189006925,0.2166719871587113,-0.10768017085230205,0
1571238964750,-0.36956588109698063,-0.80029057834183,0.4229361847561997,-0.6202097281329338,-0.10164607605950854,0
1571238965000,-0.021293359944315533,-0.8653219886446487,0.49281599329232295,0.3475114023740903,-0.10164607605950854,0
1571238965250,-0.1083614902324818,-0.7352591680390114,0.5976357060965077,-0.17719947803716454,-0.10768017085230205,0
1571238965500,0.10930883548793388,-0.702743462887602,0.4229361847561997,0.7129652570254494,-0.10365639394987172,0
1571238965750,0.28344509606426643,-0.7352591680390114,1.0867943658493702,0.061728348713608334,-0.10969205930351704,0
1571238966000,-1.109644988546394,0.7929789740772277,0.842215035972939,0.7653179383559728,0.07536084362612537,0
1571238966250,0.5446494869287652,0.33775910195749703,1.2614938871896781,-0.3941374871046805,-0.22836677839072744,0
1571238966500,-0.19542962052064808,0.9230417946828652,0.9819746530451854,0.3781279946869327,-0.22244105229671138,0
1571238966750,-0.36956588109698063,1.0531046152885024,1.0518544615813086,-0.7318503409863923,0.012898067987346046,0
1571238967000,-0.28249775080881434,0.6954318586229997,0.9819746530451854,0.657990712817307,0.016920274328924484,0
1571238967250,-0.6307702719614795,0.8905260895314557,1.0518544615813086,0.2596367078629211,0.018932162780139563,0
1571238967500,0.10930883548793388,1.1506517307427304,0.7373953231687541,0.5230916389527114,0.014909956438561299,0
1571238967750,-0.021293359944315533,1.18316743589414,0.6675155146326309,-0.648796491121168,0.014909956438561299,0
1571238968000,-0.021293359944315533,1.118136025591321,0.8771549402410006,0.4013864556980699,0.010886179536130969,0
1571238968250,-0.19542962052064808,1.118136025591321,0.842215035972939,-1.7374616188861054,0.012898067987346046,0
1571238968500,-0.9355087279700615,1.118136025591321,0.842215035972939,0.6164637878846949,0.012898067987346046,0
1571238968750,-0.6307702719614795,0.9555574998342745,0.9470347487771238,-0.17584625848742566,0.002840196292122374,0
1571238969000,0.8058538777932641,1.2156831410455493,0.4229361847561997,0.8274814614221032,0.010886179536130969,0
1571238969250,-1.2402471839786433,1.118136025591321,1.016914557313247,-0.5809663611905059,0.010886179536130969,0
1571238969500,-0.5437021416733132,1.5083244874082333,0.7373953231687541,0.44900286860450705,0.00887429108491589,0
1571238969750,-1.370849379410893,0.6954318586229997,0.842215035972939,-0.7710937079288201,0.002840196292122374,0
1571238970000,-1.0225768582582277,0.630400448320181,1.2265539829216165,-0.11808069895794675,-0.001182010049456064,0
1571238970250,-0.6743043371055626,0.6954318586229997,1.191614078653555,-0.6420303933724734,0.0008298784017591881,0
1571238970500,-0.7613724673937289,0.6954318586229997,1.1217342701174318,0.755168791732931,0.004852084743337452,0
1571238970750,-0.7613724673937289,0.7279475637744091,1.191614078653555,-0.45799253460798434,0.002840196292122374,0
1571238971000,-0.8919746628259783,0.630400448320181,1.191614078653555,0.768193529899168,0.0008298784017591881,0
1571238971250,-0.9790427931141445,0.6954318586229997,0.9120948445090622,-0.5752151781041157,-0.001182010049456064,0
1571238971500,-0.4566340113851469,0.5653690380173624,1.0867943658493702,0.006161770952455141,-0.003193898500671142,0
1571238971750,-0.36956588109698063,0.7279475637744091,0.9470347487771238,-0.6548014028731343,-0.003193898500671142,0
1571238972000,-0.15189555537656493,0.5978847431687717,0.9819746530451854,0.13429474706835637,-0.003193898500671142,0
1571238972250,0.022240705199767605,0.6629161534715904,0.9120948445090622,-0.157746947009668,-0.001182010049456064,0
1571238972500,0.2399110309201833,0.6954318586229997,0.7723352274368158,-0.18777150576949964,-0.00520578695188622,0
1571238972750,0.10930883548793388,0.6629161534715904,0.842215035972939,-0.2512882483853688,-0.00520578695188622,0
1571238973000,0.022240705199767605,0.630400448320181,0.8771549402410006,-0.20079624393573645,-0.003193898500671142,0
1571238973250,0.06577477034385075,0.630400448320181,0.8771549402410006,-0.31751143010071575,-0.00520578695188622,0
1571238973500,0.10930883548793388,0.6629161534715904,0.8072751317048774,0.16947845536156753,-0.00721610484224958,0
1571238973750,0.3269791612083496,0.7604632689258184,0.8072751317048774,-0.7353179660825981,-0.00721610484224958,0
1571238974000,-0.8484405976818952,0.6954318586229997,1.1566741743854934,0.33753140819476596,-0.009227993293464484,0
1571238974250,-1.2837812491227265,0.9555574998342745,0.9819746530451854,-0.2569548552499004,-0.00520578695188622,0
1571238974500,-0.7178384022496457,0.6954318586229997,1.0518544615813086,0.9661864652703394,-0.009227993293464484,0
1571238974750,-0.4566340113851469,0.6629161534715904,1.0518544615813086,0.05462394607747916,-0.00721610484224958,0
1571238975000,-0.5437021416733132,0.6954318586229997,1.0867943658493702,-1.2236610710946203,-0.009227993293464484,0
1571238975250,-0.5437021416733132,0.8580103843800464,0.842215035972939,0.3338946306548427,-0.011239881744679735,0
1571238975500,-0.5437021416733132,0.7279475637744091,1.0518544615813086,-0.2150050492079948,-0.015262088086257999,0
1571238975750,-0.4130999462410638,0.6954318586229997,1.0867943658493702,0.5018630072661825,-0.015262088086257999,0
1571238976000,-0.5437021416733132,0.6954318586229997,0.9819746530451854,0.49348996130217315,-0.013250199635043097,0
1571238976250,-0.5437021416733132,0.6629161534715904,1.0518544615813086,-0.11985679961697905,-0.013250199635043097,0
1571238976500,-0.4566340113851469,0.7279475637744091,1.016914557313247,0.1349713568432258,-0.015262088086257999,0
1571238976750,-0.4130999462410638,0.6954318586229997,1.0518544615813086,-0.8115211419772695,-0.021296182879051516,0
1571238977000,-0.50016807652923,0.7279475637744091,0.9819746530451854,-0.13592628177012836,-0.015262088086257999,0
1571238977250,-0.4566340113851469,0.6954318586229997,1.016914557313247,-0.7760837050184823,-0.01727397653747325,0
1571238977500,-0.50016807652923,0.6954318586229997,1.016914557313247,0.6934281497760942,-0.01727397653747325,0
1571238977750,-0.4130999462410638,0.6954318586229997,1.0867943658493702,-0.42094814943388226,-0.01928586498868833,0
1571238978000,-0.4130999462410638,0.6954318586229997,1.0518544615813086,0.4787736986987627,-0.01928586498868833,0
1571238978250,-0.36956588109698063,0.6629161534715904,1.0518544615813086,-0.1988509908329868,-0.021296182879051516,0
1571238978500,-0.4130999462410638,0.630400448320181,1.0518544615813086,0.5343402764599159,-0.01727397653747325,0
1571238978750,-0.36956588109698063,0.6629161534715904,1.0518544615813086,-0.13076713223674885,-0.01928586498868833,0
1571238979000,-0.50016807652923,0.630400448320181,1.0518544615813086,0.5591211094645093,-0.021296182879051516,0
1571238979250,-0.36956588109698063,0.5978847431687717,1.1217342701174318,-0.23581079978523026,-0.01727397653747325,0
1571238979500,-0.6307702719614795,0.7279475637744091,0.9470347487771238,0.4336945724480859,-0.02330807133026677,0
1571238979750,-0.06482742508839867,0.5653690380173624,0.9470347487771238,0.32611361824384405,-0.01928586498868833,0
1571238980000,-0.021293359944315533,0.5978847431687717,0.9819746530451854,-0.47778337052291564,-0.02330807133026677,0
1571238980250,0.10930883548793388,0.630400448320181,0.8771549402410006,0.43420202977923794,-0.02330807133026677,0
1571238980500,-0.3260318159528975,0.5978847431687717,0.9819746530451854,-0.5144048745877243,-0.025319959781481844,0
1571238980750,-0.23896368566473122,0.5978847431687717,0.9819746530451854,0.07086258067434587,-0.02330807133026677,0
1571238981000,-0.19542962052064808,0.6629161534715904,0.9819746530451854,-0.31057617990830394,-0.02330807133026677,0
1571238981250,-0.15189555537656493,0.5978847431687717,0.9470347487771238,0.8521777182048379,-0.02330807133026677,0
1571238981500,0.022240705199767605,0.5978847431687717,0.9819746530451854,0.1668565924839484,-0.02330807133026677,0
1571238981750,-0.15189555537656493,0.5978847431687717,0.9819746530451854,-0.9273059897018033,-0.02733027767184503,0
1571238982000,-0.3260318159528975,0.5653690380173624,0.9819746530451854,0.35038699391728545,-0.029342166123060284,0
1571238982250,-0.15189555537656493,0.532853332865953,0.9470347487771238,-0.021325501151616074,-0.02733027767184503,0
1571238982500,-0.19542962052064808,0.5653690380173624,0.9470347487771238,0.5760363538362455,-0.025319959781481844,0
1571238982750,-0.1083614902324818,0.532853332865953,1.016914557313247,0.06705665069070521,-0.029342166123060284,0
1571238983000,-0.36956588109698063,0.5003376277145437,0.9819746530451854,-1.0499415113968902,-0.02733027767184503,0
1571238983250,-0.19542962052064808,0.5653690380173624,1.016914557313247,0.24872637524315128,-0.02733027767184503,0
1571238983500,-0.23896368566473122,0.532853332865953,0.9819746530451854,-0.3594612361426214,-0.029342166123060284,0
1571238983750,-0.1083614902324818,0.5653690380173624,0.9819746530451854,0.48849996421251096,-0.029342166123060284,0
1571238984000,-0.23896368566473122,0.532853332865953,0.9819746530451854,0.053947336302609714,-0.025319959781481844,0
1571238984250,-0.23896368566473122,0.532853332865953,0.9120948445090622,0.11095170983536048,-0.029342166123060284,0
1571238984500,-0.15189555537656493,0.532853332865953,0.9819746530451854,-0.0391710839637977,-0.029342166123060284,0
1571238984750,-0.06482742508839867,0.5978847431687717,0.9470347487771238,-0.2991583899573821,-0.029342166123060284,0
1571238985000,-0.1083614902324818,0.5978847431687717,0.9470347487771238,0.113996453822273,-0.03336594302549044,0
1571238985250,-0.28249775080881434,0.4678219225631344,0.9120948445090622,-0.514235722144007,-0.029342166123060284,0
1571238985500,-0.15189555537656493,0.43530621741172504,0.9470347487771238,0.0728078337770955,-0.03135405457427536,0
1571238985750,-0.06482742508839867,0.5653690380173624,0.9120948445090622,-0.6401697164915824,-0.03135405457427536,0
1571238986000,-0.15189555537656493,0.532853332865953,0.9470347487771238,0.355799872116241,-0.03336594302549044,0
1571238986250,0.10930883548793388,0.5653690380173624,0.842215035972939,-0.4972359015504122,-0.03336594302549044,0
1571238986500,0.10930883548793388,0.532853332865953,0.842215035972939,0.14190660703563762,-0.0353762609158538,0
1571238986750,0.15284290063201703,0.532853332865953,0.8771549402410006,-0.6882935867291717,-0.03738814936706888,0
1571238987000,0.10930883548793388,0.5978847431687717,0.7723352274368158,0.4915447081994235,-0.0353762609158538,0
1571238987250,0.3705132263524327,0.6629161534715904,0.7373953231687541,0.052763269196588185,-0.03336594302549044,0
1571238987500,0.8058538777932641,0.7929789740772277,0.2831765676839533,0.8221531594450062,-0.03336594302549044,0
1571238987750,0.7623198126491809,0.7929789740772277,0.49281599329232295,-0.07300157270726997,-0.03738814936706888,0
1571238988000,0.8493879429373472,0.9230417946828652,0.07353714207558366,0.030773451513331218,-0.03940003781828395,0
1571238988250,0.8929220080814304,0.9555574998342745,0.003657333539460452,0.16930930291785015,-0.04141035570864732,0
1571238988500,1.3282626595222617,0.9555574998342745,-0.7650205603578949,0.36146647898077255,-0.03940003781828395,0
1571238988750,1.0235242035136798,0.8905260895314557,-0.7999604646259565,0.4734453967216658,-0.0353762609158538,0
1571238989000,1.3282626595222617,0.8580103843800464,-0.7999604646259565,-0.26558162987948586,-0.03738814936706888,0
1571238989250,1.1541263989459292,0.8905260895314557,-0.5903210390175868,0.708059836157646,-0.03336594302549044,0
1571238989500,0.9364560732255135,0.8905260895314557,-0.2059820920689092,-0.6490502197867439,-0.03940003781828395,0
1571238989750,0.9799901383695966,0.7929789740772277,-0.031282570728601154,-0.6632590250590022,-0.03940003781828395,0
1571238990000,1.0235242035136798,0.7604632689258184,0.003657333539460452,-1.3618586176117045,-0.04141035570864732,0
1571238990250,0.9364560732255135,0.7929789740772277,0.07353714207558366,-0.24528333663340246,-0.04342224415986239,0
1571238990500,0.9364560732255135,0.7604632689258184,0.14341695061170687,-1.9254745600779526,-0.04342224415986239,0
1571238990750,0.8058538777932641,0.7604632689258184,0.1783568548797685,0.3151187094022156,-0.04342224415986239,0
1571238991000,0.8493879429373472,0.7604632689258184,0.21329675914783008,0.7094976319292436,-0.04342224415986239,0
1571238991250,0.8493879429373472,0.7604632689258184,0.24823666341589168,1.4245895877443888,-0.04543413261107747,0
1571238991500,0.7623198126491809,0.7604632689258184,0.2831765676839533,0.5286736695953843,-0.04342224415986239,0
1571238991750,0.8493879429373472,0.7604632689258184,0.24823666341589168,0.883132615405115,-0.04744602106229255,0
1571238992000,0.8929220080814304,0.7604632689258184,0.2831765676839533,0.25896009808805165,-0.04543413261107747,0
1571238992250,0.7623198126491809,0.7604632689258184,0.3181164719520149,-0.10784697611304639,-0.04342224415986239,0
1571238992500,0.7623198126491809,0.7279475637744091,0.3181164719520149,0.1265983108792164,-0.04543413261107747,0
1571238992750,0.8058538777932641,0.7279475637744091,0.3181164719520149,-0.41215222236057947,-0.04543413261107747,0
1571238993000,0.8058538777932641,0.7279475637744091,0.3879962804881381,0.20821436497284324,-0.04744602106229255,0
1571238993250,0.7623198126491809,0.7279475637744091,0.3879962804881381,-0.7268603438967302,-0.04543413261107747,0
1571238993500,0.7623198126491809,0.6954318586229997,0.3879962804881381,0.4590674390056901,-0.04744602106229255,0
1571238993750,0.7623198126491809,0.7279475637744091,0.3879962804881381,-0.5281062225288307,-0.049456338952655735,0
1571238994000,0.6752516823610146,0.7279475637744091,0.3879962804881381,0.41762509029493655,-0.04543413261107747,0
1571238994250,0.7187857475050978,0.7279475637744091,0.3879962804881381,-0.5221013107768644,-0.04744602106229255,0
1571238994500,0.6752516823610146,0.7279475637744091,0.4229361847561997,0.3946203579493754,-0.04543413261107747,0
1571238994750,0.7187857475050978,0.7279475637744091,0.4229361847561997,-0.4192566249967086,-0.04744602106229255,0
1571238995000,0.6317176172169315,0.7279475637744091,0.4578760890242613,0.4026550990259501,-0.049456338952655735,0
1571238995250,0.6752516823610146,0.7279475637744091,0.49281599329232295,-0.34364548265504813,-0.049456338952655735,0
1571238995500,0.5881835520728484,0.7929789740772277,0.49281599329232295,0.3574068203315559,-0.05146822740387099,0
1571238995750,0.5446494869287652,0.6954318586229997,0.49281599329232295,-0.28266602669493934,-0.05146822740387099,0
1571238996000,0.5011154217846822,0.7279475637744091,0.5626958018284461,0.2988800748053489,-0.05146822740387099,0
1571238996250,0.5446494869287652,0.7604632689258184,0.5626958018284461,-0.3091383841367064,-0.049456338952655735,0
1571238996500,0.06577477034385075,0.7929789740772277,0.5976357060965077,0.22496045690086203,-0.053480115855086066,0
1571238996750,0.5881835520728484,0.8905260895314557,0.21329675914783008,-0.3847495264783669,-0.053480115855086066,0
1571238997000,1.110592333801846,0.8580103843800464,-0.031282570728601154,0.16694116870580708,-0.053480115855086066,0
1571238997250,2.1989439624039244,0.8905260895314557,-0.3806816134092172,-0.41773425300325234,-0.057502322196664506,0
1571238997500,0.6752516823610146,1.2481988461969586,-0.24092199633697078,0.34285971017186284,-0.05549043374544925,0
1571238997750,0.10930883548793388,1.280714551348368,0.24823666341589168,-0.03764871197034145,-0.057502322196664506,0
1571238998000,-0.06482742508839867,1.2481988461969586,0.6675155146326309,0.9201770005792171,-0.053480115855086066,0
1571238998250,-0.6743043371055626,1.2156831410455493,0.8771549402410006,-0.6317120943057144,-0.057502322196664506,0
1571238998500,-1.2402471839786433,1.118136025591321,1.0518544615813086,-0.13212035178648773,-0.057502322196664506,0
1571238998750,-1.8061900308517242,1.0531046152885024,1.0518544615813086,-0.2790292491550161,-0.06353641698945785,0
1571238999000,-1.8932581611398904,0.8254946792286371,0.9819746530451854,-0.22041792740695035,-0.06152609909909466,0
1571238999250,-1.9367922262839736,0.7929789740772277,1.016914557313247,-1.2364320805952813,-0.06152609909909466,0
1571238999500,-0.9790427931141445,0.7279475637744091,1.0518544615813086,-0.038832779076362976,-0.05951421064787958,0
1571238999750,0.15284290063201703,0.7279475637744091,0.7373953231687541,-0.262367733448856,-0.05951421064787958,0
1571239000000,0.5011154217846822,0.7929789740772277,0.2831765676839533,0.23206485953699119,-0.05951421064787958,0
1571239000250,1.3282626595222617,0.8580103843800464,0.5976357060965077,0.1258371248824883,-0.05951421064787958,0
1571239000500,0.8058538777932641,0.43530621741172504,0.6325756103645693,0.5996331197348174,-0.06152609909909466,0
1571239000750,-0.15189555537656493,0.1751805762004503,1.0867943658493702,0.5394994259932954,-0.06152609909909466,0
1571239001000,-1.1531790536904771,0.4678219225631344,1.2265539829216165,-0.9845640919001301,-0.06152609909909466,0
1571239001250,-0.9355087279700615,-0.1499764753136431,1.1566741743854934,-1.8210229260824817,-0.06957051178225136,0
1571239001500,0.3269791612083496,-0.6702277577361927,0.2831765676839533,-1.6500098054842296,-0.05951421064787958,0
1571239001750,0.022240705199767605,-0.7677748731904207,0.4229361847561997,0.1638964247188946,-0.05951421064787958,0
1571239002000,-0.28249775080881434,-0.5076492319791459,0.5976357060965077,0.43665474021313966,-0.05951421064787958,0
1571239002250,-0.28249775080881434,-0.6377120525847833,0.7373953231687541,2.534229618530279,-0.057502322196664506,0
1571239002500,-0.36956588109698063,-0.7677748731904207,0.7723352274368158,1.0575287848777144,-0.05951421064787958,0
1571239002750,-0.6307702719614795,-0.995384809250286,0.7723352274368158,1.5630408629270487,-0.053480115855086066,0
1571239003000,-1.0225768582582277,-1.0279005144016955,0.5626958018284461,-0.6252843014444547,-0.05549043374544925,0
1571239003250,-0.28249775080881434,-1.0604162195531048,0.6325756103645693,0.8443121295719805,-0.053480115855086066,0
1571239003500,0.7623198126491809,-0.2800392959192805,1.3663135999938631,-0.056932090554120636,-0.05146822740387099,0
1571239003750,1.676535180674927,1.1506517307427304,-0.7650205603578949,0.07365359599568233,-0.05549043374544925,0
1571239004000,0.8058538777932641,1.6383873080138707,-1.0095998902343262,-0.6644430921650238,-0.04141035570864732,0
1571239004250,0.45758135664059896,2.093607180133602,-1.463818645719127,0.8959882011276344,-0.02330807133026677,0
1571239004500,0.28344509606426643,1.768450128619508,-0.9746599859662645,0.4315801669016189,-0.009227993293464484,0
1571239004750,0.8929220080814304,0.6629161534715904,-1.987917209740051,1.362003183568965,-0.021296182879051516,0
1571239005000,1.8506714412512595,1.18316743589414,-0.9397200816982029,2.0166231407551534,-0.03336594302549044,0
1571239005250,2.939023069853338,0.0126020504434036,1.2614938871896781,0.6358317426903327,-0.049456338952655735,0
1571239005500,-0.06482742508839867,-0.80029057834183,0.5976357060965077,-0.12154832405415265,-0.04744602106229255,0
1571239005750,0.3705132263524327,-0.6702277577361927,0.6325756103645693,-1.4045696096503384,-0.04342224415986239,0
1571239006000,0.022240705199767605,-0.6377120525847833,0.5277558975603845,-5.425069468146441,-0.04744602106229255,0
1571239006250,0.06577477034385075,-0.7677748731904207,0.3530563762200765,-3.168152987847548,-0.04744602106229255,0
1571239006500,0.10930883548793388,-0.7352591680390114,0.7024554189006925,-0.19496048462748747,-0.04543413261107747,0
1571239006750,-0.23896368566473122,-0.5726806422819646,0.5277558975603845,0.9659327366047633,-0.04744602106229255,0
1571239007000,0.19637696577610014,-1.0279005144016955,0.21329675914783008,1.206213782905275,-0.04744602106229255,0
1571239007250,0.022240705199767605,-0.8653219886446487,0.5277558975603845,1.556105612734637,-0.04744602106229255,0
1571239007500,-0.19542962052064808,-0.6702277577361927,0.4578760890242613,0.03280328083793955,-0.04744602106229255,0
1571239007750,-0.021293359944315533,-1.1254476298559235,0.3530563762200765,1.1336473845505273,-0.049456338952655735,0
1571239008000,0.10930883548793388,-0.6051963474333739,0.6675155146326309,0.14139914970448553,-0.049456338952655735,0
1571239008250,-0.28249775080881434,-0.7352591680390114,0.3530563762200765,1.2363229178869655,-0.04744602106229255,0
1571239008500,-0.15189555537656493,-1.0929319247045142,0.5277558975603845,0.30716854454749964,-0.049456338952655735,0
1571239008750,-0.28249775080881434,-0.6377120525847833,0.5976357060965077,1.1036228257906955,-0.04744602106229255,0
1571239009000,-0.15189555537656493,-0.9303533989474674,0.4229361847561997,-0.11537425985846897,-0.05146822740387099,0
1571239009250,-0.23896368566473122,-1.0604162195531048,0.6675155146326309,0.8859236307264514,-0.05146822740387099,0
1571239009500,-0.15189555537656493,-0.6702277577361927,0.6675155146326309,-0.2391092724377188,-0.049456338952655735,0
1571239009750,-0.15189555537656493,-0.9628691040988767,0.3530563762200765,0.8116657079345299,-0.05146822740387099,0
1571239010000,-0.23896368566473122,-0.80029057834183,0.6675155146326309,-0.22819893981794898,-0.049456338952655735,0
1571239010250,-0.28249775080881434,-0.7352591680390114,0.5277558975603845,0.6327024224815616,-0.053480115855086066,0
1571239010500,-0.1083614902324818,-0.9303533989474674,0.3879962804881381,-0.04695209637479632,-0.05146822740387099,0
1571239010750,-0.1083614902324818,-0.897837693796058,0.4578760890242613,0.6709308747616852,-0.053480115855086066,0
1571239011000,-0.15189555537656493,-0.702743462887602,0.5626958018284461,-0.2841038224665369,-0.053480115855086066,0
1571239011250,-0.19542962052064808,-0.9628691040988767,0.4229361847561997,0.6216229374180744,-0.053480115855086066,0
1571239011500,-0.19542962052064808,-1.0929319247045142,0.4578760890242613,-0.14962762971123464,-0.05549043374544925,0
1571239011750,-0.1083614902324818,-0.6051963474333739,0.7024554189006925,0.5679170365378121,-0.05549043374544925,0
1571239012000,-0.15189555537656493,-0.80029057834183,0.4229361847561997,-0.2639746816641709,-0.05549043374544925,0
1571239012250,0.022240705199767605,-1.0279005144016955,0.3530563762200765,0.5559072130338796,-0.05146822740387099,0
1571239012500,-0.15189555537656493,-0.7352591680390114,0.7723352274368158,-0.2010499726013125,-0.057502322196664506,0
1571239012750,-0.28249775080881434,-0.8328062834932394,0.4578760890242613,0.28289516887405824,-0.053480115855086066,0
1571239013000,-0.06482742508839867,-0.897837693796058,0.3181164719520149,-0.09761325326814602,-0.057502322196664506,0
1571239013250,-0.15189555537656493,-0.702743462887602,0.6325756103645693,0.2597212840847798,-0.057502322196664506,0
1571239013500,-0.15189555537656493,-0.7352591680390114,0.6325756103645693,-0.34931208951957976,-0.05951421064787958,0
1571239013750,-0.15189555537656493,-0.9303533989474674,0.4578760890242613,0.09200663613901602,-0.05951421064787958,0
1571239014000,0.022240705199767605,-1.0279005144016955,0.3530563762200765,-0.15233406881071243,-0.057502322196664506,0
1571239014250,-0.06482742508839867,-0.5726806422819646,0.7024554189006925,0.16457303449376404,-0.05951421064787958,0
1571239014500,-0.19542962052064808,-0.8328062834932394,0.4229361847561997,-0.236402833338241,-0.053480115855086066,0
1571239014750,0.10930883548793388,-1.1254476298559235,0.3181164719520149,0.456699304793647,-0.05951421064787958,0
1571239015000,-0.15189555537656493,-0.7352591680390114,0.6675155146326309,-0.054986837451370986,-0.05549043374544925,0
1571239015250,-0.1083614902324818,-0.6702277577361927,0.4229361847561997,0.44468948128971436,-0.05951421064787958,0
1571239015500,-0.021293359944315533,-0.9303533989474674,0.3530563762200765,0.16355811983145987,-0.06152609909909466,0
1571239015750,-0.23896368566473122,-0.80029057834183,0.7373953231687541,0.554976874593434,-0.06353641698945785,0
1571239016000,-0.15189555537656493,-0.7677748731904207,0.4229361847561997,-0.21102996678063682,-0.06152609909909466,0
1571239016250,0.06577477034385075,-0.8328062834932394,0.3879962804881381,0.6732144327518695,-0.06152609909909466,0
1571239016500,-0.06482742508839867,-0.897837693796058,0.5277558975603845,-0.01574347050894315,-0.06152609909909466,0
1571239016750,-0.19542962052064808,-0.80029057834183,0.5277558975603845,0.3570685154441212,-0.06152609909909466,0
1571239017000,-0.1083614902324818,-0.8328062834932394,0.3181164719520149,-0.026738379350571637,-0.06353641698945785,0
1571239017250,-0.15189555537656493,-0.995384809250286,0.49281599329232295,0.21210487117834256,-0.06353641698945785,0
1571239017500,-0.15189555537656493,-0.7352591680390114,0.7373953231687541,-0.16324440143048222,-0.06353641698945785,0
1571239017750,-0.06482742508839867,-0.80029057834183,0.3181164719520149,-0.2676960354259528,-0.0655483054406731,0
1571239018000,0.10930883548793388,-0.8328062834932394,0.5626958018284461,0.20288606299574638,-0.0655483054406731,0
1571239018250,-0.021293359944315533,-0.6377120525847833,0.5976357060965077,-0.459937787710734,-0.0655483054406731,0
1571239018500,-0.1083614902324818,-0.897837693796058,0.4229361847561997,0.016480070019214182,-0.06756019389188818,0
1571239018750,0.06577477034385075,-1.0929319247045142,0.3181164719520149,-0.31319804278592306,-0.06957051178225136,0
1571239019000,-0.06482742508839867,-0.6377120525847833,0.6325756103645693,0.13446389951207371,-0.06756019389188818,0
1571239019250,-0.15189555537656493,-0.80029057834183,0.3530563762200765,0.38125731489570386,-0.06756019389188818,0
1571239019500,-0.06482742508839867,-1.0929319247045142,0.3530563762200765,0.704338482395864,-0.06957051178225136,0
1571239019750,-0.021293359944315533,-0.7352591680390114,0.7373953231687541,-0.17846812136504475,-0.0655483054406731,0
1571239020000,-0.15189555537656493,-0.9303533989474674,0.3530563762200765,-0.6292593838718127,-0.0655483054406731,0
1571239020250,-0.06482742508839867,-0.995384809250286,0.3879962804881381,-0.027753294012875802,-0.06353641698945785,0
1571239020500,-0.06482742508839867,-0.6051963474333739,0.7024554189006925,-0.48962404158313094,-0.06957051178225136,0
1571239020750,-0.15189555537656493,-0.8653219886446487,0.4229361847561997,0.23544790841133845,-0.06957051178225136,0
1571239021000,0.10930883548793388,-1.0929319247045142,0.2831765676839533,0.007599566724052711,-0.06957051178225136,0
1571239021250,-0.06482742508839867,-0.702743462887602,0.6675155146326309,0.4871467446627721,-0.06756019389188818,0
1571239021500,-0.1083614902324818,-0.8653219886446487,0.4229361847561997,-0.055325142338805706,-0.07158240023346661,0
1571239021750,0.022240705199767605,-0.995384809250286,0.3879962804881381,-0.3652969954508704,-0.06957051178225136,0
1571239022000,0.022240705199767605,-0.6702277577361927,0.6325756103645693,0.07517596798913857,-0.06957051178225136,0
1571239022250,-0.1083614902324818,-0.8653219886446487,0.3879962804881381,-0.3914310480052027,-0.07158240023346661,0
1571239022500,-0.06482742508839867,-0.9628691040988767,0.49281599329232295,0.556837551474325,-0.07158240023346661,0
1571239022750,-0.021293359944315533,-0.702743462887602,0.5626958018284461,-0.02555431224455011,-0.0735942886846817,0
1571239023000,-0.1083614902324818,-0.897837693796058,0.3879962804881381,-0.5019721699744983,-0.06957051178225136,0
1571239023250,0.19637696577610014,-0.9303533989474674,0.5976357060965077,0.21997045981119986,-0.07158240023346661,0
1571239023500,-0.15189555537656493,-0.41010211652491785,1.7506525469425407,-0.2956061886393175,-0.07761649502626013,0
1571239023750,-0.50016807652923,0.9555574998342745,-0.45056142194534043,0.3461581828243514,-0.0655483054406731,0
1571239024000,-2.7639394640215533,-1.2229947453101515,0.7373953231687541,0.04642005255718714,-0.07560617713589676,0
1571239024250,-3.0251438548860516,-0.6051963474333739,0.7373953231687541,0.6868312044711171,-0.0735942886846817,0
1571239024500,-2.415666942868888,-0.5076492319791459,0.9120948445090622,1.9230818393794527,-0.07560617713589676,0
1571239024750,-2.415666942868888,-0.3450707062220992,0.7723352274368158,-0.04331531883487305,-0.0735942886846817,0
1571239025000,-2.372132877724805,-0.3450707062220992,0.7373953231687541,-0.9050624433529704,-0.07560617713589676,0
1571239025250,-2.807473529165636,-0.41010211652491785,0.7024554189006925,-1.1676716122241737,-0.07560617713589676,0
1571239025500,-2.4592010080129714,-0.3775864113735085,0.8771549402410006,0.3589291923250122,-0.07560617713589676,0
1571239025750,-3.3298823108946336,-0.5076492319791459,0.3879962804881381,-0.8653961953012491,-0.07962838347747503,0
1571239026000,-3.721688897191382,-0.4426178216763272,0.21329675914783008,0.21641825849313528,-0.0735942886846817,0
1571239026250,-3.4169504411828,-0.5076492319791459,0.2831765676839533,-0.43278882049409756,-0.07560617713589676,0
1571239026500,-3.0251438548860516,-0.7352591680390114,0.5976357060965077,-0.8895004185309731,-0.07158240023346661,0
1571239026750,-2.1979966171484726,-0.6702277577361927,0.07353714207558366,0.8085363877257586,-0.07761649502626013,0
1571239027000,1.1976604640900124,1.7034187183166893,-0.06622247499666276,-1.7992022608429423,-0.08164027192869028,0
1571239027250,0.10930883548793388,1.7034187183166893,0.5277558975603845,0.47107726250962273,-0.07962838347747503,0
1571239027500,0.2399110309201833,2.093607180133602,-0.7650205603578949,0.09395188924176567,-0.08566247827026854,0
1571239027750,0.10930883548793388,2.1586385904364205,-0.7300806560898333,1.356167424260716,-0.07962838347747503,0
1571239028000,-0.5872362068173963,1.6383873080138707,-0.3806816134092172,1.0681008126100495,-0.08164027192869028,0
1571239028250,1.067058268657763,2.093607180133602,-1.813217688399743,0.060121400498293405,-0.08566247827026854,0
1571239028500,0.5881835520728484,1.7359344234680987,-1.638518167059435,0.33093446288978884,-0.08365058981905364,0
1571239028750,-0.19542962052064808,1.9310286543765547,-0.031282570728601154,-1.809351407465984,-0.0876743667214838,0
1571239029000,0.3705132263524327,0.3052433968060877,1.4012535042619247,0.11052882872606709,-0.08566247827026854,0
1571239029250,-0.7613724673937289,0.7279475637744091,0.842215035972939,-0.2523877392695317,-0.07962838347747503,0
1571239029500,-0.50016807652923,0.7929789740772277,1.1566741743854934,-0.6049860081983713,-0.08164027192869028,0
1571239029750,-0.5437021416733132,0.9880732049856839,0.7723352274368158,-0.2482435043984563,-0.09169657306306206,0
1571239030000,-0.28249775080881434,0.7604632689258184,1.0518544615813086,-0.48116641939726285,-0.09169657306306206,0
1571239030250,-0.6307702719614795,0.5003376277145437,1.0518544615813086,1.6291794684205372,-0.09370846151427732,0
1571239030500,-0.06482742508839867,0.6629161534715904,0.9470347487771238,-1.9207382916538664,-0.09370846151427732,0
1571239030750,-0.36956588109698063,0.630400448320181,0.9819746530451854,0.31579531917708503,-0.08365058981905364,0
1571239031000,-0.4566340113851469,0.6629161534715904,1.016914557313247,0.637607843349365,-0.08164027192869028,0
1571239031250,-0.15189555537656493,-0.24752359076787114,0.9120948445090622,0.7254825378605343,-0.08566247827026854,0
1571239031500,-2.110928486860306,-0.3450707062220992,3.3578881432733745,0.09513595634778721,0.09536664775694363,0
1571239031750,0.41404729149651587,-0.995384809250286,0.4229361847561997,-0.8828188970041373,-0.06152609909909466,0
1571239032000,0.3269791612083496,-0.6051963474333739,0.4578760890242613,0.1874931906174665,-0.06957051178225136,0
1571239032250,0.10930883548793388,-0.702743462887602,0.3181164719520149,-0.8116902944209868,-0.07158240023346661,0
1571239032500,0.15284290063201703,-1.1254476298559235,0.3530563762200765,1.6612338565049771,-0.07560617713589676,0
1571239032750,0.3705132263524327,-0.5726806422819646,0.49281599329232295,-1.6879845290987772,-0.08365058981905364,0
1571239033000,0.41404729149651587,-0.6377120525847833,0.3181164719520149,1.003907460219311,-0.08365058981905364,0
1571239033250,0.5446494869287652,-0.5726806422819646,0.3879962804881381,-0.7000496815675283,-0.08365058981905364,0
1571239033500,0.5446494869287652,-0.6377120525847833,0.24823666341589168,0.5248677396117436,-0.08365058981905364,0
1571239033750,0.7187857475050978,-0.6377120525847833,0.038597237807522056,-0.14734407172105027,-0.07962838347747503,0
1571239034000,0.5011154217846822,-0.3450707062220992,0.5277558975603845,0.8273123089783857,-0.08365058981905364,0
1571239034250,0.41404729149651587,-0.5726806422819646,0.3530563762200765,-0.2154279303172882,-0.08566247827026854,0
1571239034500,0.5881835520728484,-0.7352591680390114,0.21329675914783008,0.8331480682866348,-0.08566247827026854,0
1571239034750,0.2399110309201833,-0.6051963474333739,0.49281599329232295,-0.043146166391155684,-0.08566247827026854,0
1571239035000,0.3269791612083496,-0.5076492319791459,0.3181164719520149,0.6533390206150796,-0.08566247827026854,0
1571239035250,0.5881835520728484,-0.7677748731904207,0.10847704634364527,-0.047121248818513685,-0.08365058981905364,0
1571239035500,0.45758135664059896,-0.4751335268277365,0.49281599329232295,-0.007624153210509807,-0.0876743667214838,0
1571239035750,0.3705132263524327,-0.5401649371305552,0.3181164719520149,0.09970307232815596,-0.0876743667214838,0
1571239036000,0.5881835520728484,-0.7677748731904207,0.14341695061170687,-0.7500342286860087,-0.0876743667214838,0
1571239036250,0.3269791612083496,-0.5076492319791459,0.49281599329232295,0.26386551895585514,-0.08566247827026854,0
1571239036500,0.28344509606426643,-0.5726806422819646,0.3530563762200765,-0.4442066104450194,-0.0876743667214838,0
1571239036750,0.5011154217846822,-0.7677748731904207,0.1783568548797685,0.5356089197877961,-0.08968625517269888,0
1571239037000,0.28344509606426643,-0.6051963474333739,0.49281599329232295,0.024514811095788847,-0.08968625517269888,0
1571239037250,0.28344509606426643,-0.6377120525847833,0.3530563762200765,0.06654919335955313,-0.08968625517269888,0
1571239037500,0.41404729149651587,-0.8328062834932394,0.1783568548797685,0.02231582932746315,-0.08968625517269888,0
1571239037750,0.19637696577610014,-0.6051963474333739,0.5277558975603845,-0.4887782793645441,-0.08968625517269888,0
1571239038000,0.28344509606426643,-0.6051963474333739,0.3530563762200765,-0.10793155233490508,-0.08968625517269888,0
1571239038250,0.5011154217846822,-0.80029057834183,0.14341695061170687,-0.4595994828232993,-0.09169657306306206,0
1571239038500,0.3705132263524327,-0.6051963474333739,0.49281599329232295,0.544658575526675,-0.09169657306306206,0
1571239038750,0.28344509606426643,-0.6702277577361927,0.2831765676839533,-0.2442684219710983,-0.09169657306306206,0
1571239039000,0.45758135664059896,-0.8328062834932394,0.1783568548797685,0.38709307420395284,-0.08968625517269888,0
1571239039250,0.3705132263524327,-0.5401649371305552,0.5277558975603845,0.025698878201810375,-0.0876743667214838,0
1571239039500,0.3269791612083496,-0.6051963474333739,0.3181164719520149,-0.5736082298888008,-0.09370846151427732,0
1571239039750,0.45758135664059896,-0.7352591680390114,0.2831765676839533,0.22394554223855784,-0.09370846151427732,0
1571239040000,0.3269791612083496,-0.6377120525847833,0.4229361847561997,-0.4475896593193667,-0.09370846151427732,0
1571239040250,0.28344509606426643,-0.6377120525847833,0.3181164719520149,0.32281514559135555,-0.09572034996549239,0
1571239040500,0.45758135664059896,-0.7352591680390114,0.24823666341589168,-0.06657377984601023,-0.09572034996549239,0
1571239040750,0.3269791612083496,-0.6051963474333739,0.4229361847561997,0.6788810396164011,-0.09572034996549239,0
1571239041000,0.3269791612083496,-0.5401649371305552,0.2831765676839533,-0.18058252691151175,-0.09572034996549239,0
1571239041250,0.5881835520728484,-0.7352591680390114,0.14341695061170687,0.6738064663048804,-0.09572034996549239,0
1571239041500,0.3269791612083496,-0.6051963474333739,0.4578760890242613,0.016057188909920778,-0.09370846151427732,0
1571239041750,0.3269791612083496,-0.6051963474333739,0.3181164719520149,-0.08315071933031164,-0.09370846151427732,0
1571239042000,0.5011154217846822,-0.7677748731904207,0.14341695061170687,0.05115632098127325,-0.09572034996549239,0
1571239042250,0.2399110309201833,-0.5726806422819646,0.4578760890242613,-0.3662273338913159,-0.09572034996549239,0
1571239042500,0.3705132263524327,-0.5726806422819646,0.3530563762200765,-0.010076863644411547,-0.09773066785585557,0
1571239042750,0.45758135664059896,-0.702743462887602,0.3181164719520149,-0.4053015483900263,-0.09773066785585557,0
1571239043000,0.3705132263524327,-0.6702277577361927,0.3530563762200765,0.5285045171516669,-0.09773066785585557,0
1571239043250,0.41404729149651587,-0.5401649371305552,0.3879962804881381,-0.41798798166882845,-0.09773066785585557,0
1571239043500,0.5011154217846822,-0.6051963474333739,0.21329675914783008,0.3912373090750282,-0.09773066785585557,0
1571239043750,0.45758135664059896,-0.6702277577361927,0.3181164719520149,0.010813463154682576,-0.09974255630707084,0
1571239044000,0.5011154217846822,-0.4751335268277365,0.3530563762200765,0.49196758930871687,-0.09974255630707084,0
1571239044250,0.6752516823610146,-0.6702277577361927,0.10847704634364527,-0.18963218265039058,-0.1017544447582859,0
1571239044500,0.45758135664059896,-0.5076492319791459,0.4229361847561997,0.5106589343394853,-0.09773066785585557,0
1571239044750,0.45758135664059896,-0.5401649371305552,0.2831765676839533,-0.38204308737888915,-0.1017544447582859,0
1571239045000,0.6317176172169315,-0.702743462887602,0.10847704634364527,-0.49994234064988996,-0.10376633320950099,0
1571239045250,0.45758135664059896,-0.4426178216763272,0.3879962804881381,-0.024031940251093856,-0.09974255630707084,0
1571239045500,0.5446494869287652,-0.3450707062220992,0.24823666341589168,-0.6223241336794009,-0.10376633320950099,0
1571239045750,0.8058538777932641,-0.5076492319791459,0.21329675914783008,0.12296153333929315,-0.10376633320950099,0
1571239046000,0.5446494869287652,-0.4426178216763272,0.3181164719520149,-0.3636900472355554,-0.10577665109986435,0
1571239046250,0.6752516823610146,-0.2800392959192805,0.2831765676839533,0.18504048018356475,-0.10577665109986435,0
1571239046500,0.6317176172169315,-0.5401649371305552,0.2831765676839533,-0.38255054471004124,-0.10778853955107942,0
1571239046750,0.45758135664059896,-0.5726806422819646,0.3879962804881381,0.5685936463126816,-0.10778853955107942,0
1571239047000,0.45758135664059896,-0.5076492319791459,0.3879962804881381,-0.3558244586026981,-0.10376633320950099,0
1571239047250,-1.2837812491227265,-0.01991365470800574,2.0301717810870334,0.39470493417123415,-0.10577665109986435,0
1571239047500,-0.5437021416733132,0.33775910195749703,0.3530563762200765,-0.06175293520006543,-0.1178464112463031,0
1571239047750,-1.4143834445549759,0.532853332865953,1.2964337914577397,0.6381998769023758,-0.10778853955107942,0
1571239048000,-1.762655965707641,1.4107773719540053,0.6675155146326309,0.45094812170725673,-0.10577665109986435,0
1571239048250,-1.5449856399872253,0.6954318586229997,0.6675155146326309,2.31686872835347,-0.10778853955107942,0
1571239048500,-1.5449856399872253,0.37027480710890637,1.2964337914577397,-1.3144113571489848,-0.09974255630707084,0
1571239048750,-1.9367922262839736,1.18316743589414,0.4578760890242613,0.9540074893226894,-0.1017544447582859,0
1571239049000,0.6317176172169315,1.0531046152885024,0.5976357060965077,-0.7866557327508175,-0.1098004280022945,0
1571239049250,0.7623198126491809,0.5978847431687717,-0.3457417091411556,-0.10615545167587279,-0.10778853955107942,0
1571239049500,1.4588648549545111,0.532853332865953,-0.2059820920689092,0.26724856783020234,-0.1098004280022945,0
1571239049750,0.41404729149651587,0.6954318586229997,0.6675155146326309,0.3529242805730458,-0.11181074589265787,0
1571239050000,-0.021293359944315533,0.7929789740772277,0.7373953231687541,-0.11765781784865335,-0.1098004280022945,0
1571239050250,-0.19542962052064808,0.7279475637744091,0.9120948445090622,0.8602970355032712,-0.1098004280022945,0
1571239050500,-0.15189555537656493,0.7604632689258184,0.8072751317048774,-1.0760755639512227,-0.11382263434387285,0
1571239050750,0.06577477034385075,0.7279475637744091,0.8771549402410006,0.15273236343354873,-0.10778853955107942,0
1571239051000,-0.021293359944315533,0.6954318586229997,0.8771549402410006,-0.23437300401363265,-0.11181074589265787,0
1571239051250,-0.021293359944315533,0.7279475637744091,0.8771549402410006,-0.8303816394517554,-0.10778853955107942,0
1571239051500,-0.021293359944315533,0.6954318586229997,0.8771549402410006,0.13700118616783413,-0.1098004280022945,0
1571239051750,0.022240705199767605,0.7604632689258184,0.8771549402410006,-0.6672341074863603,-0.1098004280022945,0
1571239052000,0.022240705199767605,0.7604632689258184,0.8771549402410006,0.7479798128749433,-0.1098004280022945,0
1571239052250,0.022240705199767605,0.7604632689258184,0.8072751317048774,0.045066833007448244,-0.10577665109986435,0
1571239052500,-0.3260318159528975,0.7604632689258184,1.016914557313247,0.08574799572147365,-0.10577665109986435,0
1571239052750,-0.5872362068173963,0.8580103843800464,1.016914557313247,0.25709942120716067,-0.10577665109986435,0
1571239053000,-0.6743043371055626,0.8580103843800464,0.9819746530451854,-0.5363946922709814,-0.10376633320950099,0
1571239053250,-0.6743043371055626,0.8580103843800464,1.016914557313247,1.4590121100408717,-0.10577665109986435,0
1571239053500,0.15284290063201703,0.7279475637744091,0.9819746530451854,1.1671395684065646,-0.10778853955107942,0
1571239053750,-0.15189555537656493,0.7279475637744091,0.8072751317048774,-0.6870249434012916,-0.1098004280022945,0
1571239054000,-0.06482742508839867,0.8254946792286371,0.9120948445090622,-0.36614275766945714,-0.10778853955107942,0
1571239054250,-0.1083614902324818,0.8254946792286371,0.9470347487771238,-1.1255526537385507,-0.1098004280022945,0
1571239054500,0.10930883548793388,0.7929789740772277,0.842215035972939,0.7683626823428853,-0.10577665109986435,0
1571239054750,0.022240705199767605,0.6954318586229997,0.8771549402410006,-0.25661655036246567,-0.10778853955107942,0
1571239055000,0.2399110309201833,0.630400448320181,0.7373953231687541,0.7982180886589996,-0.1017544447582859,0
1571239055250,0.19637696577610014,0.630400448320181,0.8072751317048774,-0.2412236779841858,-0.09974255630707084,0
1571239055500,-0.021293359944315533,0.7279475637744091,0.8072751317048774,-0.010584320975563631,-0.09773066785585557,0
1571239055750,0.022240705199767605,0.6629161534715904,0.8771549402410006,-0.959698682673678,-0.09572034996549239,0
1571239056000,-0.1083614902324818,0.7279475637744091,0.8771549402410006,0.4758981071555675,-0.09974255630707084,0
1571239056250,0.10930883548793388,0.6629161534715904,0.8771549402410006,-0.05439480389836022,-0.09773066785585557,0
1571239056500,0.15284290063201703,0.630400448320181,0.8771549402410006,0.3370239508636139,-0.1017544447582859,0
1571239056750,0.10930883548793388,0.6629161534715904,0.8771549402410006,0.36840172917318437,-0.09773066785585557,0
1571239057000,0.06577477034385075,0.6629161534715904,0.842215035972939,-0.12814526935912976,-0.10376633320950099,0
1571239057250,0.022240705199767605,0.6954318586229997,0.842215035972939,0.3366856459761791,-0.09974255630707084,0
1571239057500,0.10930883548793388,0.6629161534715904,0.8771549402410006,-0.8785055096893446,-0.1017544447582859,0
1571239057750,0.10930883548793388,0.630400448320181,0.842215035972939,0.16017507095711264,-0.1017544447582859,0
1571239058000,0.022240705199767605,0.6629161534715904,0.842215035972939,-0.17584625848742566,-0.09974255630707084,0
1571239058250,0.06577477034385075,0.6629161534715904,0.842215035972939,0.7869694511517951,-0.1017544447582859,0
1571239058500,0.10930883548793388,0.6629161534715904,0.842215035972939,-0.16958761806988326,-0.09773066785585557,0
1571239058750,0.10930883548793388,0.630400448320181,0.8771549402410006,0.5727378811837569,-0.1017544447582859,0
1571239059000,0.06577477034385075,0.6629161534715904,0.842215035972939,0.14216033570121367,-0.10577665109986435,0
1571239059250,0.022240705199767605,0.6954318586229997,0.842215035972939,-0.6060009228606755,-0.10577665109986435,0
1571239059500,0.10930883548793388,0.6629161534715904,0.8771549402410006,0.09851900522213443,-0.10376633320950099,0
1571239059750,0.10930883548793388,0.630400448320181,0.842215035972939,-0.449619488643975,-0.10577665109986435,0
1571239060000,0.06577477034385075,0.6629161534715904,0.842215035972939,0.5240219773931568,-0.10577665109986435,0
1571239060250,0.06577477034385075,0.6629161534715904,0.842215035972939,0.024853115983223567,-0.10376633320950099,0
1571239060500,0.06577477034385075,0.630400448320181,0.842215035972939,-0.576991278763148,-0.10778853955107942,0
1571239060750,0.06577477034385075,0.630400448320181,0.842215035972939,0.10139459676532958,-0.10778853955107942,0
1571239061000,0.10930883548793388,0.6954318586229997,0.8072751317048774,-0.5068775908423018,-0.10778853955107942,0
1571239061250,0.022240705199767605,0.6629161534715904,0.842215035972939,0.440545246418639,-0.10778853955107942,0
1571239061500,0.10930883548793388,0.6629161534715904,0.8771549402410006,-0.13491136710782423,-0.1098004280022945,0
1571239061750,0.10930883548793388,0.6629161534715904,0.842215035972939,-0.2863028042348626,-0.1098004280022945,0
1571239062000,0.06577477034385075,0.6954318586229997,0.842215035972939,0.18893098638906408,-0.11382263434387285,0
1571239062250,0.10930883548793388,0.6629161534715904,0.8771549402410006,-0.8729234790466717,-0.1098004280022945,0
1571239062500,0.10930883548793388,0.6629161534715904,0.8771549402410006,0.6453888557603636,-0.11181074589265787,0
1571239062750,0.022240705199767605,0.6954318586229997,0.8072751317048774,-0.03857905041078693,-0.1098004280022945,0
1571239063000,0.06577477034385075,0.6629161534715904,0.842215035972939,0.32526785602525726,-0.11181074589265787,0
1571239063250,-0.19542962052064808,0.6629161534715904,0.7723352274368158,0.35461580501021944,-0.11181074589265787,0
1571239063500,0.06577477034385075,0.630400448320181,0.9120948445090622,-0.8197250354975615,-0.11583452279508802,0
1571239063750,0.15284290063201703,0.630400448320181,0.9819746530451854,0.7926360580163266,-0.11583452279508802,0
1571239064000,-0.15189555537656493,0.7279475637744091,0.9470347487771238,0.2420448537163155,-0.11181074589265787,0
1571239064250,-0.50016807652923,0.5978847431687717,0.7723352274368158,-0.3839037642597801,-0.11583452279508802,0
1571239064500,0.10930883548793388,0.630400448320181,0.9819746530451854,0.03280328083793955,-0.1178464112463031,0
1571239064750,0.06577477034385075,0.6954318586229997,1.016914557313247,-0.45181847041230067,-0.11985672913666637,0
1571239065000,0.8493879429373472,0.7279475637744091,0.4229361847561997,0.7664174292401358,-0.12589082392945988,0
1571239065250,-0.06482742508839867,0.9230417946828652,0.6325756103645693,0.19341352614757412,-0.12589082392945988,0
1571239065500,0.8929220080814304,0.6954318586229997,0.9120948445090622,0.24086078661029398,-0.12388050603909662,0
1571239065750,0.6752516823610146,0.8254946792286371,0.3530563762200765,-0.5626133210471722,-0.12388050603909662,0
1571239066000,0.6752516823610146,0.9555574998342745,0.14341695061170687,0.4598286250024182,-0.12790271238067505,0
1571239066250,1.1976604640900124,0.9230417946828652,-0.13610228353278597,0.2010253861148554,-0.12991460083189005,0
1571239066500,1.3282626595222617,0.9230417946828652,-0.9397200816982029,-0.6237619294509984,-0.12991460083189005,0
1571239066750,0.8929220080814304,1.18316743589414,-0.7300806560898333,0.3196012491607257,-0.1339368071734684,0
1571239067000,0.28344509606426643,1.1506517307427304,-1.0095998902343262,-0.7051242548790493,-0.1339368071734684,0
1571239067250,-0.23896368566473122,1.18316743589414,0.2831765676839533,0.8286655285281247,-0.1319264892831053,0
1571239067500,0.6752516823610146,1.118136025591321,0.3181164719520149,0.564787716329041,-0.1319264892831053,0
1571239067750,0.9799901383695966,1.0531046152885024,0.07353714207558366,0.35918292099058824,-0.1339368071734684,0
1571239068000,1.5023989200985943,0.8254946792286371,-0.3806816134092172,-1.160990090697338,-0.1319264892831053,0
1571239068250,0.28344509606426643,0.9555574998342745,0.10847704634364527,-2.4023152989171943,-0.12790271238067505,0
1571239068500,0.5446494869287652,0.7929789740772277,0.5626958018284461,0.42684389847753273,-0.12991460083189005,0
1571239068750,0.3269791612083496,0.7604632689258184,0.6675155146326309,0.30691481588192354,-0.12388050603909662,0
1571239069000,0.3705132263524327,0.7279475637744091,0.7024554189006925,0.9817484900923367,-0.12991460083189005,0
1571239069250,0.6317176172169315,0.7604632689258184,0.5976357060965077,0.054031912524468394,-0.12388050603909662,0
1571239069500,-0.23896368566473122,0.33775910195749703,0.8072751317048774,0.5662255121006385,-0.12991460083189005,0
1571239069750,-0.15189555537656493,0.630400448320181,0.842215035972939,0.18816980039233594,-0.12589082392945988,0
1571239070000,-0.4130999462410638,0.5978847431687717,0.8072751317048774,-0.8665802624072707,-0.12388050603909662,0
1571239070250,0.3705132263524327,0.5003376277145437,0.7373953231687541,0.23654739929550128,-0.12790271238067505,0
1571239070500,0.3269791612083496,0.532853332865953,0.7373953231687541,0.1655033729342095,-0.12388050603909662,0
1571239070750,0.15284290063201703,0.5978847431687717,0.8072751317048774,0.5208926571843856,-0.11985672913666637,0
1571239071000,0.45758135664059896,0.5003376277145437,0.7723352274368158,-0.039763117516808465,-0.1178464112463031,0
1571239071250,0.19637696577610014,0.5653690380173624,0.9120948445090622,0.9695695141446866,-0.10577665109986435,0
1571239071500,-0.021293359944315533,0.630400448320181,0.842215035972939,-0.22523877205289516,-0.0876743667214838,0
1571239071750,0.022240705199767605,0.5978847431687717,0.9120948445090622,-1.1092294429198253,-0.0735942886846817,0
1571239072000,-0.15189555537656493,0.5978847431687717,1.0867943658493702,0.01233583514813883,-0.0655483054406731,0
1571239072250,-0.3260318159528975,0.630400448320181,0.8771549402410006,-0.411221883920134,-0.057502322196664506,0
1571239072500,0.10930883548793388,0.5653690380173624,1.0518544615813086,0.6620503714665238,-0.05146822740387099,0
1571239072750,0.10930883548793388,0.5653690380173624,1.0518544615813086,-0.04881277325568729,-0.05549043374544925,0
1571239073000,-0.1083614902324818,0.630400448320181,0.9819746530451854,-0.6224932861231183,-0.057502322196664506,0
1571239073250,-0.28249775080881434,0.5978847431687717,0.9819746530451854,0.2447512928157933,-0.06353641698945785,0
1571239073500,-0.36956588109698063,0.6629161534715904,0.9120948445090622,-0.511867587931964,-0.06957051178225136,0
1571239073750,-0.7178384022496457,0.5978847431687717,0.8771549402410006,0.4092520443309272,-0.07158240023346661,0
1571239074000,-0.50016807652923,0.6954318586229997,1.0867943658493702,-0.6766220681126738,-0.07761649502626013,0
1571239074250,-0.3260318159528975,0.6629161534715904,0.9819746530451854,0.6700005363212397,-0.07560617713589676,0
1571239074500,-0.28249775080881434,0.5978847431687717,0.9819746530451854,-0.22270148539713475,-0.08164027192869028,0
1571239074750,-0.1083614902324818,0.5003376277145437,0.9819746530451854,-0.08653376820465887,-0.08164027192869028,0
1571239075000,-0.1083614902324818,0.5978847431687717,0.9120948445090622,0.3171485387268239,-0.08164027192869028,0
1571239075250,0.06577477034385075,0.5978847431687717,0.9120948445090622,-0.1283144218028471,-0.08566247827026854,0
1571239075500,-0.06482742508839867,0.532853332865953,0.9470347487771238,1.0291957505550564,-0.08566247827026854,0
1571239075750,-0.1083614902324818,0.5978847431687717,0.9819746530451854,0.12439932911089072,-0.08968625517269888,0
1571239076000,-0.1083614902324818,0.5653690380173624,0.9470347487771238,-0.36132191302351235,-0.08365058981905364,0
1571239076250,-0.19542962052064808,0.5653690380173624,0.9470347487771238,-0.0746085209225849,-0.08566247827026854,0
1571239076500,-0.23896368566473122,0.532853332865953,1.0867943658493702,-1.249456818761518,-0.08566247827026854,0
1571239076750,-0.9790427931141445,0.630400448320181,0.9120948445090622,0.6088519279174136,-0.08968625517269888,0
1571239077000,0.6317176172169315,0.6954318586229997,0.3530563762200765,-0.13567255310455234,-0.09572034996549239,0
1571239077250,0.6752516823610146,0.532853332865953,0.3879962804881381,0.7291193154004575,-0.09773066785585557,0
1571239077500,0.5446494869287652,0.5003376277145437,0.5626958018284461,-0.17796066403389266,-0.09773066785585557,0
1571239077750,0.7623198126491809,0.5003376277145437,0.49281599329232295,0.22132367936093875,-0.09773066785585557,0
1571239078000,0.5881835520728484,0.5003376277145437,0.5976357060965077,0.5905834639959385,-0.1017544447582859,0
1571239078250,0.6317176172169315,0.630400448320181,0.2831765676839533,-0.6276524356564978,-0.09974255630707084,0
1571239078500,0.6752516823610146,0.5978847431687717,0.49281599329232295,0.007937871611487434,-0.09974255630707084,0
1571239078750,0.5881835520728484,0.5978847431687717,0.5626958018284461,-0.9585991917895151,-0.1017544447582859,0
1571239079000,0.7623198126491809,0.532853332865953,0.4229361847561997,0.5382307826654152,-0.09974255630707084,0
1571239079250,0.7187857475050978,0.532853332865953,0.4578760890242613,0.2723231411417231,-0.1017544447582859,0
1571239079500,0.6752516823610146,0.5978847431687717,0.4229361847561997,-0.01954940049258378,-0.09974255630707084,0
1571239079750,0.7187857475050978,0.5653690380173624,0.4229361847561997,-0.20113454882317117,-0.1017544447582859,0
1571239080000,0.7623198126491809,0.5653690380173624,0.4229361847561997,0.1498567718903536,-0.10376633320950099,0
1571239080250,0.7623198126491809,0.5978847431687717,0.3879962804881381,0.1874931906174665,-0.09974255630707084,0
1571239080500,0.7187857475050978,0.5653690380173624,0.4229361847561997,-0.8010336904667932,-0.10376633320950099,0
1571239080750,0.6752516823610146,0.5653690380173624,0.4229361847561997,0.5059226659153991,-0.1017544447582859,0
1571239081000,0.41404729149651587,0.5978847431687717,0.4229361847561997,-0.11410561653058876,-0.10376633320950099,0
1571239081250,1.1541263989459292,0.27272769165467836,0.2831765676839533,0.6973186559815936,-0.10778853955107942,0
1571239081500,1.110592333801846,1.67090301316528,-0.13610228353278597,0.04658920500090449,-0.10778853955107942,0
1571239081750,-0.6307702719614795,0.14266487104904096,0.038597237807522056,-0.49909657843130323,-0.10778853955107942,0
1571239082000,-1.109644988546394,-0.80029057834183,1.191614078653555,-0.015066860734073708,-0.07962838347747503,0
1571239082250,-0.021293359944315533,-1.1254476298559235,0.4229361847561997,-0.34575988820151515,-0.09773066785585557,0
1571239082500,-0.23896368566473122,-0.995384809250286,0.7024554189006925,0.37076986338522744,-0.09974255630707084,0
1571239082750,-0.6307702719614795,-0.8328062834932394,0.4578760890242613,-0.03638006864246123,-0.10376633320950099,0
1571239083000,-0.36956588109698063,-0.05242935985941508,1.5759530256022327,0.6890301862394429,-0.10376633320950099,0
1571239083250,1.0235242035136798,0.27272769165467836,0.3530563762200765,0.5880461773401782,-0.09370846151427732,0
1571239083500,0.06577477034385075,-0.2800392959192805,0.4229361847561997,-1.4598824587459154,-0.11181074589265787,0
1571239083750,-0.50016807652923,-1.3855732710671982,-0.13610228353278597,0.16093625695384076,-0.0353762609158538,0
1571239084000,-1.1531790536904771,-1.4831203865214262,-0.031282570728601154,-0.21475132054241874,0.23214522178338629,0
1571239084250,-1.1967131188345603,-1.5481517968242449,-0.031282570728601154,0.8867693929450382,-0.2908295540295068,0
1571239084500,-1.3273153142668097,-1.5481517968242449,0.1783568548797685,0.24356722570977177,-0.1781889297350899,0
1571239084750,1.371796724666345,-1.0604162195531048,0.2831765676839533,1.5204144471102738,-0.8057583465983914,0
1571239085000,0.3269791612083496,-0.05242935985941508,-0.17104218780084757,1.3394213323326971,-0.6227173321199639,0
1571239085250,0.6752516823610146,0.07763346074622228,0.49281599329232295,-0.5564392568514887,0.002840196292122374,0
1571239085500,0.9364560732255135,1.020588910137093,-0.2758619006050324,-2.0147870503607193,-0.05146822740387099,0
1571239085750,0.3269791612083496,-0.1499764753136431,0.24823666341589168,-3.4324536811559248,-0.04744602106229255,0
1571239086000,0.28344509606426643,-0.08494506501082442,0.3879962804881381,0.7317411782780766,0.2884655339305949,0
1571239086250,-0.4566340113851469,0.6954318586229997,0.9819746530451854,0.23401011263974086,-0.12186861758788153,0
1571239086500,-1.2402471839786433,0.7279475637744091,1.3313736957258016,0.17810522999115294,-0.009227993293464484,0
1571239086750,-2.02386035657214,0.37027480710890637,0.8771549402410006,-0.49994234064988996,-0.0353762609158538,0
1571239087000,-1.8497240959958072,-0.31255500107068984,1.2964337914577397,1.1552143211244905,0.08732066451293503,0
1571239087250,-2.2850647474366386,-0.24752359076787114,1.1566741743854934,-1.2148651440213176,0.18990498767298014,0
1571239087500,1.0235242035136798,0.3052433968060877,0.07353714207558366,0.11052882872606709,0.03904633560973519,0
1571239087750,0.3269791612083496,0.7604632689258184,0.7024554189006925,0.4878233544376415,0.2160532552953691,0
1571239088000,1.5894670503867605,1.0531046152885024,0.7723352274368158,0.19772691346236687,0.19593908246577366,0
1571239088250,0.7187857475050978,1.3457459616511867,0.14341695061170687,-0.19259235041544442,0.24019120502739488,0
1571239088500,-0.8919746628259783,1.4107773719540053,-0.7300806560898333,0.6591747799233286,-0.7856441737687958,0
1571239088750,1.415330789810428,2.4512799367991045,-1.3939388371830037,0.7166866107872314,-0.8946803609082253,0
1571239089000,-1.5449856399872253,3.459266796492794,-2.686715295101283,0.6683090118840661,-0.8946803609082253,0
1571239089250,-2.1544625520043894,2.386248526496286,-1.463818645719127,1.618607440688202,-0.8946803609082253,0
1571239089500,-3.2863482457505504,0.6629161534715904,-1.3939388371830037,-2.1383529104962515,-0.8866343776642167,0
1571239089750,-1.3273153142668097,1.573355897711052,-1.7083979755955583,0.13031966464099837,-0.8806002828714232,0
1571239090000,0.19637696577610014,-1.2229947453101515,-0.8349003688940181,-1.234402251270673,-0.8725542996274146,0
1571239090250,-0.28249775080881434,1.963544359527964,-2.4770758694929134,0.5122658825548002,-0.8685320932858361,0
1571239090500,-0.7613724673937289,3.6868767325526592,-0.9397200816982029,0.25075620456775966,-0.8685320932858361,0
1571239090750,-1.2402471839786433,1.9310286543765547,0.1783568548797685,0.1153496733720119,-0.864508316383406,0
1571239091000,-2.5898032034452205,0.8580103843800464,0.6675155146326309,0.14850355234061471,-0.8665202048346211,0
1571239091250,-2.6333372685893037,0.7604632689258184,1.2265539829216165,-0.13634916287942178,-0.8624979984930427,0
1571239091500,-2.415666942868888,0.532853332865953,1.191614078653555,-1.1965966800998427,-0.864508316383406,0
1571239091750,-2.4592010080129714,0.33775910195749703,0.8771549402410006,0.5888073633369063,-0.864508316383406,0
1571239092000,-2.3285988125807218,0.9555574998342745,1.0518544615813086,0.09352900813247228,-0.8604861100418276,0
1571239092250,-2.415666942868888,0.7929789740772277,0.9470347487771238,0.19341352614757412,-0.8665202048346211,0
1571239092500,-2.2415306822925554,0.7604632689258184,1.016914557313247,0.027052097751549268,-0.8946803609082253,0
1571239092750,-1.2837812491227265,0.33775910195749703,-1.0794796987704494,0.0006643165316408978,-0.8946803609082253,0
1571239093000,-1.2837812491227265,0.33775910195749703,-1.0794796987704494,0.0006643165316408978,-0.8946803609082253,0
1571239093250,-1.2837812491227265,0.33775910195749703,-1.0794796987704494,0.0006643165316408978,-0.8946803609082253,0
1571239093500,-1.2837812491227265,0.33775910195749703,-1.0794796987704494,0.0006643165316408978,-0.8946803609082253,0
1571239093750,-1.2837812491227265,0.33775910195749703,-1.0794796987704494,0.0006643165316408978,-0.8946803609082253,0
1571239094000,-1.2837812491227265,0.33775910195749703,-1.0794796987704494,0.0006643165316408978,-0.8946803609082253,0
1571239094250,-1.2837812491227265,0.33775910195749703,-1.0794796987704494,0.0006643165316408978,-0.8946803609082253,0
1571239094500,-1.2837812491227265,0.33775910195749703,-1.0794796987704494,0.0006643165316408978,-0.8946803609082253,0
1571239094750,-1.2837812491227265,0.33775910195749703,-1.0794796987704494,0.0006643165316408978,-0.8946803609082253,0
1571239095000,-1.2837812491227265,0.33775910195749703,-1.0794796987704494,0.0006643165316408978,-0.8946803609082253,0
1571239095250,-1.2837812491227265,0.33775910195749703,-1.0794796987704494,0.0006643165316408978,-0.8946803609082253,0
1571239095500,-1.2837812491227265,0.33775910195749703,-1.0794796987704494,0.0006643165316408978,-0.8946803609082253,0
1571239095750,-1.2837812491227265,0.33775910195749703,-1.0794796987704494,0.0006643165316408978,-0.8946803609082253,0
1571239096000,-1.2837812491227265,0.33775910195749703,-1.0794796987704494,0.0006643165316408978,-0.8946803609082253,0
1571239096250,-1.2837812491227265,0.33775910195749703,-1.0794796987704494,0.0006643165316408978,-0.8946803609082253,0
1571239096500,-1.2837812491227265,0.33775910195749703,-1.0794796987704494,0.0006643165316408978,-0.8946803609082253,0
1571239096750,-1.2837812491227265,0.33775910195749703,-1.0794796987704494,0.0006643165316408978,-0.8946803609082253,0
1571239097000,-1.2837812491227265,0.33775910195749703,-1.0794796987704494,0.0006643165316408978,-0.8946803609082253,0
